107.64652136298349 2.1613618347272846e-10
124.73835142429434 2.0131893401677626e-10
144.5439770745928 1.8367652239959824e-10
167.49428760264382 1.639721177745443e-10
194.08858775927794 1.430639129304406e-10
224.90546058357825 1.2186117841868326e-10
260.61535499988975 1.0127142971975199e-10
301.9951720402019 8.212842363236027e-11
349.9451670283576 6.5102597890143e-11
405.50853544838435 5.059731635411733e-11
469.89410860521605 3.870292182656087e-11
544.502652842422 2.9233444003638415e-11
630.9573444801943 2.1840745508301158e-11
731.1390834834186 1.6133558594163154e-11
847.227414140598 1.1769324812977103e-11
981.7479430199863 8.477352387496656e-12
1137.6272858234333 6.028686206339118e-12
1318.25673855641 4.23195664555585e-12
1527.5660582380733 2.932224603970666e-12
1770.1089583174185 2.0081599878895057e-12
2051.1621788255625 1.364453333769925e-12
2376.8402866248734 9.251452218892169e-13
2754.228703338163 6.299953889443536e-13
3191.5378551007584 4.3259136891154327e-13
3698.2817978026587 2.9843166759684977e-13
4285.485203974392 2.0593870488875555e-13
4965.923214503357 1.4222830357900154e-13
5754.399373371565 9.843254978377753e-14
6668.067692136218 6.832141613447929e-14
7726.805850957021 4.7574531369915083e-14
8953.647655495937 3.322476224803093e-14
10375.284158180126 2.324968662944248e-14
12022.644346174131 1.627884368355569e-14
13931.568029453034 1.1386671107634617e-14
16143.585568264869 7.94679283759636e-15
18706.821403658014 5.530100869820263e-15
21677.04104819696 3.8360952462919e-15
25118.86431509582 2.6517345320172867e-15
29107.17118066608 1.8264028107618193e-15
33728.73086588692 1.2536156884668826e-15
39084.089579240244 8.579517324209561e-16
45289.75799036214 5.858807682935385e-16
52480.746024977336 3.9941408080905867e-16
60813.50012787176 2.7183633102355513e-16
70469.30689671452 1.8466545904155148e-16
81658.23713585905 1.2518837023059703e-16
94623.7161365791 8.467035680943883e-17
109647.81961431827 5.711626521241413e-17
127057.41052085393 3.8415362375455836e-17
147231.25024327164 2.575182221724938e-17
170608.23890031208 1.7198822743452614e-17
197696.96401118577 1.1439332406418247e-17
229086.765276777 7.574230260169992e-18
265460.55619755364 4.9905541071789116e-18
307609.6814740705 3.2711062484088347e-18
356451.1334262439 2.132479075228661e-18
413047.50199016096 1.3825980057774375e-18
478630.092322638 8.916563590563707e-19
554625.7129579104 5.722329167717679e-19
642687.7173170194 3.6570323116047857e-19
744731.9739059889 2.3296009936153625e-19
862978.5477669701 1.480833036290965e-19
1000000.0 9.402618329244588e-20
1158777.3561551261 5.967992026600744e-20
1342764.9611378643 3.78780398007017e-20
1555965.631605075 2.404104398461705e-20
1803017.74085957 1.525902946789603e-20
2089296.1308540406 9.685192998762586e-21
2421029.04673618 6.1474765617820305e-21
2805433.637951716 3.9020379085918105e-21
3250872.973854347 2.4767968754803448e-21
3767037.989839093 1.5721399017655312e-21
4365158.322401665 9.979090972799501e-22
5058246.620031147 6.334122011052183e-22
5861381.645140296 4.0204404434598393e-22
6792036.326171856 2.5518104909303654e-22
7870457.896951 1.6195943997042758e-22
9120108.393559115 1.0278800598838034e-22
10568175.092136607 6.523072775102213e-23
12246161.992650514 4.1393376248903064e-23
14190575.216890955 2.6264782147884627e-23
16443717.232149357 1.666390936464394e-23
19054607.179632522 1.0571494232292206e-23
22080047.330189057 6.705777857322963e-24
25585858.86905653 4.253171608725628e-24
29648313.895243514 2.69728036995915e-24
34355794.78998757 1.7103624046748017e-24
39810717.055349775 1.0844244364284348e-24
46131757.4560379 6.874808640082675e-25
53456435.93969714 4.357864504339201e-25
61944107.507678114 2.7621061955654554e-25
71779429.12713616 1.7504992618384855e-25
83176377.11026709 1.1092727487769821e-25
96382902.36239704 7.02857101435095e-26
111686324.77805611 4.452882655069799e-26
129419584.14499864 2.820641089480518e-26
149968483.5502374 1.7863419872237087e-26
173780082.87493762 1.130984773925359e-26
201372424.98623893 7.157687369468128e-27
233345806.22810042 4.5272976373804055e-27
