107.64652136298349 4.5533574953942486e-11
124.73835142429434 4.2562002220977564e-11
144.5439770745928 3.902907161074477e-11
167.49428760264382 3.508240596459426e-11
194.08858775927794 3.088687570832469e-11
224.90546058357825 2.661612025179925e-11
260.61535499988975 2.2442666992543917e-11
301.9951720402019 1.852511049064133e-11
349.9451670283576 1.4992597059729537e-11
405.50853544838435 1.1927118667013894e-11
469.89410860521605 9.355136875336663e-12
544.502652842422 7.252928030423659e-12
630.9573444801943 5.565242912323718e-12
731.1390834834186 4.225666421923317e-12
847.227414140598 3.1731213668149235e-12
981.7479430199863 2.3568490409646778e-12
1137.6272858234333 1.732056599053529e-12
1318.25673855641 1.2598520748707097e-12
1527.5660582380733 9.075549085683273e-13
1770.1089583174185 6.485674077779526e-13
2051.1621788255625 4.612361783614793e-13
2376.8402866248734 3.2777266759665875e-13
2754.228703338163 2.3367893818105385e-13
3191.5378551007584 1.6747204780725576e-13
3698.2817978026587 1.2035361252152798e-13
4285.485203974392 8.651189834079068e-14
4965.923214503357 6.222259256155879e-14
5754.399373371565 4.480833437034373e-14
6668.067692136218 3.231697798926513e-14
7726.805850957021 2.334077356343169e-14
8953.647655495937 1.687271932001344e-14
10375.284158180126 1.2196844061872181e-14
12022.644346174131 8.806331348297496e-15
13931.568029453034 6.3431323552747505e-15
16143.585568264869 4.553604088098504e-15
18706.821403658014 3.2561174813700425e-15
21677.04104819696 2.3183105678490243e-15
25118.86431509582 1.6428559958849262e-15
29107.17118066608 1.1583811134125794e-15
33728.73086588692 8.12578679775365e-16
39084.089579240244 5.670911941909129e-16
45289.75799036214 3.937754973286717e-16
52480.746024977336 2.7201282973532054e-16
60813.50012787176 1.868274402321655e-16
70469.30689671452 1.2749377729368643e-16
81658.23713585905 8.637321408729763e-17
94623.7161365791 5.803810578449181e-17
109647.81961431827 3.8641276419118407e-17
127057.41052085393 2.546328822332848e-17
147231.25024327164 1.6587891291958414e-17
170608.23890031208 1.0669740873286719e-17
197696.96401118577 6.768392841101863e-18
229086.765276777 4.229851995880778e-18
265460.55619755364 2.6021839331206702e-18
307609.6814740705 1.575494215659671e-18
356451.1334262439 9.39312948316902e-19
413047.50199016096 5.523964956720632e-19
478630.092322638 3.2137283179134934e-19
554625.7129579104 1.856745444842252e-19
642687.7173170194 1.0693446352111876e-19
744731.9739059889 6.15395211599099e-20
862978.5477669701 3.541354932703074e-20
1000000.0 2.0378936779706943e-20
1158777.3561551261 1.1727162351044223e-20
1342764.9611378643 6.74849451917347e-21
1555965.631605075 3.8835265959500615e-21
1803017.74085957 2.2348742354396484e-21
2089296.1308540406 1.2861417451891528e-21
2421029.04673618 7.401751581263488e-22
2805433.637951716 4.259809585290753e-22
3250872.973854347 2.451634093507752e-22
3767037.989839093 1.4110084597268565e-22
4365158.322401665 8.121014268955936e-23
5058246.620031147 4.674071088050795e-23
5861381.645140296 2.690181129878991e-23
6792036.326171856 1.5483362763075462e-23
7870457.896951 8.911326659584338e-24
9120108.393559115 5.128707608149225e-24
10568175.092136607 2.9515971087808472e-24
12246161.992650514 1.69857331166267e-24
14190575.216890955 9.774265608915442e-25
16443717.232149357 5.624075739683924e-25
19054607.179632522 3.235787610602969e-25
22080047.330189057 1.861511925976294e-25
25585858.86905653 1.070790110794289e-25
29648313.895243514 6.15874391882672e-26
34355794.78998757 3.5418239796014244e-26
39810717.055349775 2.0366094913620902e-26
46131757.4560379 1.1709413713170667e-26
53456435.93969714 6.731496355425696e-27
61944107.507678114 3.8693814837351345e-27
71779429.12713616 2.223984026530225e-27
83176377.11026709 1.278175642657722e-27
96382902.36239704 7.345626517814254e-28
111686324.77805611 4.221422834841326e-28
129419584.14499864 2.4260154909745855e-28
149968483.5502374 1.39426685987249e-28
173780082.87493762 8.013575825648589e-29
201372424.98623893 4.60617957055732e-29
233345806.22810042 2.6478122706364403e-29
