107.64652136298349 9.606640944338778e-12
124.73835142429434 8.942649694103378e-12
144.5439770745928 8.151856073324253e-12
167.49428760264382 7.268654769307984e-12
194.08858775927794 6.331762151918384e-12
224.90546058357825 5.382234116750891e-12
260.61535499988975 4.461072550516205e-12
301.9951720402019 3.605941192786179e-12
349.9451670283576 2.847066782080905e-12
405.50853544838435 2.202482762242268e-12
469.89410860521605 1.6759448330057775e-12
544.502652842422 1.2586497351452405e-12
630.9573444801943 9.344982985229595e-13
731.1390834834186 6.855487528070277e-13
847.227414140598 4.961938866107063e-13
981.7479430199863 3.5418476695230145e-13
1137.6272858234333 2.492229234517254e-13
1318.25673855641 1.7274809486825123e-13
1527.5660582380733 1.1786813992708407e-13
1770.1089583174185 7.921809452162768e-14
2051.1621788255625 5.2607813505651957e-14
2376.8402866248734 3.471490987317063e-14
2754.228703338163 2.2917191046966812e-14
3191.5378551007584 1.5204608506394962e-14
3698.2817978026587 1.0091658953151845e-14
4285.485203974392 6.659606832046551e-15
4965.923214503357 4.3686512081558005e-15
5754.399373371565 2.851656429272075e-15
6668.067692136218 1.853754701409764e-15
7726.805850957021 1.2007280309533672e-15
8953.647655495937 7.750042613408247e-16
10375.284158180126 4.981520682424703e-16
12022.644346174131 3.184284174095051e-16
13931.568029453034 2.0204148002725106e-16
16143.585568264869 1.2705665136101208e-16
18706.821403658014 7.917550481664096e-17
21677.04104819696 4.8923648015121824e-17
25118.86431509582 2.999184976910181e-17
29107.17118066608 1.8247631374185937e-17
33728.73086588692 1.1023959163992657e-17
39084.089579240244 6.620419625225091e-18
45289.75799036214 3.9611320246910546e-18
52480.746024977336 2.3666753952177683e-18
60813.50012787176 1.4130557188270767e-18
70469.30689671452 8.431964281888086e-19
81658.23713585905 5.029041993845451e-19
94623.7161365791 2.99821779502917e-19
109647.81961431827 1.7868735096880165e-19
127057.41052085393 1.0646482921397607e-19
147231.25024327164 6.342011507293338e-20
170608.23890031208 3.7773009889931616e-20
197696.96401118577 2.249538701936376e-20
229086.765276777 1.3396286338936059e-20
265460.55619755364 7.977627461826271e-21
307609.6814740705 4.750918942707032e-21
356451.1334262439 2.8294878944612542e-21
413047.50199016096 1.6852751208778945e-21
478630.092322638 1.0038458741299206e-21
554625.7129579104 5.979859638885948e-22
642687.7173170194 3.562321029814213e-22
744731.9739059889 2.122183093866671e-22
862978.5477669701 1.2642504445626127e-22
1000000.0 7.53151604118539e-23
1158777.3561551261 4.4867631451459475e-23
1342764.9611378643 2.672932899579705e-23
1555965.631605075 1.5923901340029274e-23
1803017.74085957 9.48678257508342e-24
2089296.1308540406 5.651939308645237e-24
2421029.04673618 3.367329185935171e-24
2805433.637951716 2.006239848864174e-24
3250872.973854347 1.1953320854767918e-24
3767037.989839093 7.121985345794448e-25
4365158.322401665 4.243440737710117e-25
5058246.620031147 2.5283492605673837e-25
5861381.645140296 1.5064487556823706e-25
6792036.326171856 8.975655069834623e-26
7870457.896951 5.347712185951021e-26
9120108.393559115 3.1860685577835787e-26
10568175.092136607 1.898114752726542e-26
12246161.992650514 1.1307452141275936e-26
14190575.216890955 6.735607582297514e-27
16443717.232149357 4.011930971938339e-27
19054607.179632522 2.389406022297747e-27
22080047.330189057 1.4229251571993979e-27
25585858.86905653 8.472786500845573e-28
29648313.895243514 5.044521627965602e-28
34355794.78998757 3.0030454134356315e-28
39810717.055349775 1.787524059277949e-28
46131757.4560379 1.063877183324298e-28
53456435.93969714 6.331168840510325e-29
61944107.507678114 3.767332382631511e-29
71779429.12713616 2.2415490225273332e-29
83176377.11026709 1.3336277667557182e-29
96382902.36239704 7.934178020790886e-30
111686324.77805611 4.720186588536893e-30
129419584.14499864 2.8081101139428764e-30
149968483.5502374 1.670598233623039e-30
173780082.87493762 9.938766509270422e-31
201372424.98623893 5.912711996934795e-31
233345806.22810042 3.5173288895171336e-31
