107.64652136298349 2.2240584237735e-11
124.73835142429434 2.0685881275617968e-11
144.5439770745928 1.8834120257723834e-11
167.49428760264382 1.676637882774461e-11
194.08858775927794 1.4574109800817612e-11
224.90546058357825 1.2354466565849375e-11
260.61535499988975 1.0204606836772768e-11
301.9951720402019 8.213770750004792e-12
349.9451670283576 6.453329281711771e-12
405.50853544838435 4.965202858895863e-12
469.89410860521605 3.756893434224832e-12
544.502652842422 2.805841597210898e-12
630.9573444801943 2.0723775087513094e-12
731.1390834834186 1.5129653848884974e-12
847.227414140598 1.0901992196720522e-12
981.7479430199863 7.751079727236e-13
1137.6272858234333 5.436062938327725e-13
1318.25673855641 3.758771346095579e-13
1527.5660582380733 2.5612444121715465e-13
1770.1089583174185 1.7218079952851754e-13
2051.1621788255625 1.1463534227192033e-13
2376.8402866248734 7.608667469863019e-14
2754.228703338163 5.073473238967594e-14
3191.5378551007584 3.416397270125006e-14
3698.2817978026587 2.3134505768887232e-14
4285.485203974392 1.566699946748385e-14
4965.923214503357 1.0616369630513178e-14
5754.399373371565 7.209552310822105e-15
6668.067692136218 4.912118531069173e-15
7726.805850957021 3.359693427384213e-15
8953.647655495937 2.306428558577878e-15
10375.284158180126 1.587811077130598e-15
12022.644346174131 1.0944767626331082e-15
13931.568029453034 7.54021245391151e-16
16143.585568264869 5.184375767306802e-16
18706.821403658014 3.5549305931811704e-16
21677.04104819696 2.4302429004303485e-16
25118.86431509582 1.6558019816648352e-16
29107.17118066608 1.1242112419144546e-16
33728.73086588692 7.608085379982327e-17
39084.089579240244 5.1356980047685606e-17
45289.75799036214 3.461477078876101e-17
52480.746024977336 2.331363166441504e-17
60813.50012787176 1.5694400568437547e-17
70469.30689671452 1.0560487035934195e-17
81658.23713585905 7.102948047146519e-18
94623.7161365791 4.7754457075346765e-18
109647.81961431827 3.209286424551903e-18
127057.41052085393 2.1558276107138826e-18
147231.25024327164 1.4474855626494932e-18
170608.23890031208 9.713677990027919e-19
197696.96401118577 6.514581377062764e-19
229086.765276777 4.365908589374196e-19
265460.55619755364 2.9233853531009205e-19
307609.6814740705 1.95543289202635e-19
356451.1334262439 1.306319622026675e-19
413047.50199016096 8.713452585711492e-20
478630.092322638 5.801347548900789e-20
554625.7129579104 3.8539546061116947e-20
642687.7173170194 2.5535376240839302e-20
744731.9739059889 1.6866798555660864e-20
862978.5477669701 1.1100777474148153e-20
1000000.0 7.275458109804493e-21
1158777.3561551261 4.7456049676709174e-21
1342764.9611378643 3.078733433969243e-21
1555965.631605075 1.9852877230301478e-21
1803017.74085957 1.2716839529240673e-21
2089296.1308540406 8.087367639823674e-22
2421029.04673618 5.104350084010589e-22
2805433.637951716 3.196804971782277e-22
3250872.973854347 1.987102019546711e-22
3767037.989839093 1.2266698377005523e-22
4365158.322401665 7.528733486576618e-23
5058246.620031147 4.6011180067357356e-23
5861381.645140296 2.8046837227171833e-23
6792036.326171856 1.7077054603864908e-23
7870457.896951 1.0394812741263131e-23
9120108.393559115 6.32697808767534e-24
10568175.092136607 3.850827707809295e-24
12246161.992650514 2.343607035105867e-24
14190575.216890955 1.4262098662883876e-24
16443717.232149357 8.678511373615064e-25
19054607.179632522 5.280386881751089e-25
22080047.330189057 3.212485368678586e-25
25585858.86905653 1.9541975291574922e-25
29648313.895243514 1.1886269535782166e-25
34355794.78998757 7.22889049055708e-26
39810717.055349775 4.395891978274788e-26
46131757.4560379 2.6728431786685464e-26
53456435.93969714 1.6250035011679628e-26
61944107.507678114 9.878569010818355e-27
71779429.12713616 6.004799221960925e-27
83176377.11026709 3.6498414900828365e-27
96382902.36239704 2.2183342189680844e-27
111686324.77805611 1.3482261416352137e-27
129419584.14499864 8.193773062783372e-28
149968483.5502374 4.97953246353026e-28
173780082.87493762 3.0259858890210173e-28
201372424.98623893 1.8386452029059801e-28
233345806.22810042 1.1169780203063545e-28
