107.64652136298349 6.79242152783075e-11
124.73835142429434 6.380390262971165e-11
144.5439770745928 5.892467290999276e-11
167.49428760264382 5.347776973353594e-11
194.08858775927794 4.7675101292392933e-11
224.90546058357825 4.173834311634537e-11
260.61535499988975 3.588669412353275e-11
301.9951720402019 3.0321977340736744e-11
349.9451670283576 2.5211373215103772e-11
405.50853544838435 2.066828119142771e-11
469.89410860521605 1.6742588322161286e-11
544.502652842422 1.3425127994949742e-11
630.9573444801943 1.0666445067984945e-11
731.1390834834186 8.398513270276891e-12
847.227414140598 6.553445783191992e-12
981.7479430199863 5.070354841892711e-12
1137.6272858234333 3.8920836521025265e-12
1318.25673855641 2.966282024018439e-12
1527.5660582380733 2.2466820702177646e-12
1770.1089583174185 1.6936710156230464e-12
2051.1621788255625 1.273487534222372e-12
2376.8402866248734 9.573039630976613e-13
2754.228703338163 7.207895721998743e-13
3191.5378551007584 5.439691062174062e-13
3698.2817978026587 4.109190431345921e-13
4285.485203974392 3.1034976978675655e-13
4965.923214503357 2.343798507311109e-13
5754.399373371565 1.770284423463407e-13
6668.067692136218 1.3372094868397675e-13
7726.805850957021 1.009888137519683e-13
8953.647655495937 7.62184446907483e-14
10375.284158180126 5.744930480500326e-14
12022.644346174131 4.321511723798136e-14
13931.568029453034 3.242025702715697e-14
16143.585568264869 2.4243825141988035e-14
18706.821403658014 1.8065692968269315e-14
21677.04104819696 1.3411742637681998e-14
25118.86431509582 9.917562170570514e-15
29107.17118066608 7.303779922309687e-15
33728.73086588692 5.356472553034779e-15
39084.089579240244 3.911909805481647e-15
45289.75799036214 2.84485945032182e-15
52480.746024977336 2.0597449040804167e-15
60813.50012787176 1.4841418345883345e-15
70469.30689671452 1.0637341523295373e-15
81658.23713585905 7.579628947889606e-16
94623.7161365791 5.366064804346621e-16
109647.81961431827 3.771962311764516e-16
127057.41052085393 2.630678703174189e-16
147231.25024327164 1.818949594212596e-16
170608.23890031208 1.245869127189414e-16
197696.96401118577 8.446218877419069e-17
229086.765276777 5.662891311860178e-17
265460.55619755364 3.7521604179957295e-17
307609.6814740705 2.4555206962458308e-17
356451.1334262439 1.5867147368570635e-17
413047.50199016096 1.0125352834005358e-17
478630.092322638 6.385632926393762e-18
554625.7129579104 3.985937392326241e-18
642687.7173170194 2.468129039278066e-18
744731.9739059889 1.5202389371809666e-18
862978.5477669701 9.339416633655036e-19
1000000.0 5.733109704757769e-19
1158777.3561551261 3.5190737644843957e-19
1342764.9611378643 2.160088293818769e-19
1555965.631605075 1.3259334558944399e-19
1803017.74085957 8.1391704708607e-20
2089296.1308540406 4.996286302864921e-20
2421029.04673618 3.0670668793087327e-20
2805433.637951716 1.8828129486902874e-20
3250872.973854347 1.1558405061335101e-20
3767037.989839093 7.095670251906738e-21
4365158.322401665 4.3560331450818025e-21
5058246.620031147 2.6741645952166203e-21
5861381.645140296 1.6416501260742075e-21
6792036.326171856 1.0077771981439619e-21
7870457.896951 6.186363108275048e-22
9120108.393559115 3.7974180078823395e-22
10568175.092136607 2.3308731157250807e-22
12246161.992650514 1.4306091730109332e-22
14190575.216890955 8.779921019903918e-23
16443717.232149357 5.387940426441363e-23
19054607.179632522 3.306079066140284e-23
22080047.330189057 2.0284220845882078e-23
25585858.86905653 1.244386311183902e-23
29648313.895243514 7.633118806359504e-24
34355794.78998757 4.681639976576213e-24
39810717.055349775 2.8710690824061125e-24
46131757.4560379 1.7605190776099845e-24
53456435.93969714 1.079424915357596e-24
61944107.507678114 6.617638221435634e-25
71779429.12713616 4.0567452292704014e-25
83176377.11026709 2.486692278391133e-25
96382902.36239704 1.5241967677631882e-25
111686324.77805611 9.341963293062348e-26
129419584.14499864 5.725500804892347e-26
149968483.5502374 3.5088244036030275e-26
173780082.87493762 2.150148765444003e-26
201372424.98623893 1.3173695961483163e-26
233345806.22810042 8.069288766936534e-27
