107.64652136298349 1.7803289041572649e-12
124.73835142429434 1.6701971414443674e-12
144.5439770745928 1.5396109620770656e-12
167.49428760264382 1.393786275173688e-12
194.08858775927794 1.238513639863094e-12
224.90546058357825 1.0798601861268128e-12
260.61535499988975 9.23831733223322e-13
301.9951720402019 7.759548699606494e-13
349.9451670283576 6.407868584690248e-13
405.50853544838435 5.213677421100118e-13
469.89410860521605 4.189465831233146e-13
544.502652842422 3.3311906259095833e-13
630.9573444801943 2.6237607163580394e-13
731.1390834834186 2.0472893908273545e-13
847.227414140598 1.5823981782281642e-13
981.7479430199863 1.2120715714287662e-13
1137.6272858234333 9.206042234824925e-14
1318.25673855641 6.938161063412953e-14
1527.5660582380733 5.1934047959392794e-14
1770.1089583174185 3.8672763244231584e-14
2051.1621788255625 2.8717553207602374e-14
2376.8402866248734 2.1324226225094467e-14
2754.228703338163 1.5870270150416824e-14
3191.5378551007584 1.1849296439355706e-14
3698.2817978026587 8.86170924580788e-15
4285.485203974392 6.629240726271822e-15
4965.923214503357 4.961677949230166e-15
5754.399373371565 3.716594474663815e-15
6668.067692136218 2.786339044913473e-15
7726.805850957021 2.090289128334716e-15
8953.647655495937 1.5684586502067087e-15
10375.284158180126 1.1764256657134317e-15
12022.644346174131 8.813966244992609e-16
13931.568029453034 6.591847227896121e-16
16143.585568264869 4.918973608393941e-16
18706.821403658014 3.6617747588683736e-16
21677.04104819696 2.7191857507065477e-16
25118.86431509582 2.014252623481164e-16
29107.17118066608 1.4885178904005372e-16
33728.73086588692 1.0976097618229464e-16
39084.089579240244 8.078464403195852e-17
45289.75799036214 5.936627123063525e-17
52480.746024977336 4.3568630244890995e-17
60813.50012787176 3.193393859090254e-17
70469.30689671452 2.3376528566110505e-17
81658.23713585905 1.7090930296853865e-17
94623.7161365791 1.2480315951820779e-17
109647.81961431827 9.102992968329685e-18
127057.41052085393 6.632480411949852e-18
147231.25024327164 4.82776088238628e-18
170608.23890031208 3.5111434948111334e-18
197696.96401118577 2.5518083187387955e-18
229086.765276777 1.853587418660409e-18
265460.55619755364 1.3459006920357873e-18
307609.6814740705 9.770382899182027e-19
356451.1334262439 7.091864393464264e-19
413047.50199016096 5.147474877268725e-19
478630.092322638 3.7361963840504926e-19
554625.7129579104 2.7118759388220213e-19
642687.7173170194 1.9683947378760192e-19
744731.9739059889 1.4287437761811393e-19
862978.5477669701 1.0370379000689852e-19
1000000.0 7.52717451950041e-20
1158777.3561551261 5.46343030403722e-20
1342764.9611378643 3.9654588007300364e-20
1555965.631605075 2.878154664176924e-20
1803017.74085957 2.088935192052851e-20
2089296.1308540406 1.5160829133350656e-20
2421029.04673618 1.1002834556656579e-20
2805433.637951716 7.9848329959437e-21
3250872.973854347 5.794316693179581e-21
3767037.989839093 4.204445856497438e-21
4365158.322401665 3.050562916005502e-21
5058246.620031147 2.213145528432307e-21
5861381.645140296 1.605433429894109e-21
6792036.326171856 1.1644479080030756e-21
7870457.896951 8.444730809518261e-22
9120108.393559115 6.1232429578404705e-22
10568175.092136607 4.439135556163585e-22
12246161.992650514 3.217562964109608e-22
14190575.216890955 2.3316158508929145e-22
16443717.232149357 1.6891828527892276e-22
19054607.179632522 1.223412917399648e-22
22080047.330189057 8.857914409407127e-23
25585858.86905653 6.411137177945705e-23
29648313.895243514 4.638358888763053e-23
34355794.78998757 3.3542591450573285e-23
39810717.055349775 2.4244052020012568e-23
46131757.4560379 1.7512925964242725e-23
53456435.93969714 1.2642121473223342e-23
61944107.507678114 9.11895138498699e-24
71779429.12713616 6.5717544422389296e-24
83176377.11026709 4.731157100429864e-24
96382902.36239704 3.401965009544545e-24
111686324.77805611 2.4427687502140768e-24
129419584.14499864 1.751149280331419e-24
149968483.5502374 1.252947342283764e-24
173780082.87493762 8.944814978658083e-25
201372424.98623893 6.369059877492872e-25
233345806.22810042 4.52120520688189e-25
