107.64652136298349 5.4311812945372544e-11
124.73835142429434 5.0649913887818066e-11
144.5439770745928 4.6291538871997806e-11
167.49428760264382 4.142315241959626e-11
194.08858775927794 3.625391850949916e-11
224.90546058357825 3.100497245738764e-11
260.61535499988975 2.5896665574493114e-11
301.9951720402019 2.1131475805251228e-11
349.9451670283576 1.6872941715345568e-11
405.50853544838435 1.3221369162656782e-11
469.89410860521605 1.0202806282692451e-11
544.502652842422 7.777193457475058e-12
630.9573444801943 5.864711376936663e-12
731.1390834834186 4.37370079183475e-12
847.227414140598 3.2225883175597363e-12
981.7479430199863 2.3457998692388913e-12
1137.6272858234333 1.6870585913793097e-12
1318.25673855641 1.1987024053581895e-12
1527.5660582380733 8.416392723306701e-13
1770.1089583174185 5.848391692774297e-13
2051.1621788255625 4.0361677381424427e-13
2376.8402866248734 2.780857337839006e-13
2754.228703338163 1.9232171335803793e-13
3191.5378551007584 1.3393569070627713e-13
3698.2817978026587 9.361968078214721e-14
4285.485203974392 6.543974478762027e-14
4965.923214503357 4.576217769387175e-14
5754.399373371565 3.2047189849083255e-14
6668.067692136218 2.248724394805345e-14
7726.805850957021 1.5811721531067785e-14
8953.647655495937 1.1135612226631968e-14
10375.284158180126 7.846860905141451e-15
12022.644346174131 5.524478112569373e-15
13931.568029453034 3.8797576242126744e-15
16143.585568264869 2.7142782791549264e-15
18706.821403658014 1.8900791275637777e-15
21677.04104819696 1.3092718004331743e-15
25118.86431509582 9.016392742506627e-16
29107.17118066608 6.169674324527667e-16
33728.73086588692 4.193668070266748e-16
39084.089579240244 2.8316121969794893e-16
45289.75799036214 1.8996261630528323e-16
52480.746024977336 1.266185478328627e-16
60813.50012787176 8.381419016341622e-17
70469.30689671452 5.5063584071176506e-17
81658.23713585905 3.588321761642795e-17
94623.7161365791 2.318440776550934e-17
109647.81961431827 1.484756725431958e-17
127057.41052085393 9.42472846744392e-18
147231.25024327164 5.932075135081875e-18
170608.23890031208 3.705528073821649e-18
197696.96401118577 2.300403621119511e-18
229086.765276777 1.4218332197589946e-18
265460.55619755364 8.766114209903803e-19
307609.6814740705 5.39943285140822e-19
356451.1334262439 3.3252894982050443e-19
413047.50199016096 2.0480398082279145e-19
478630.092322638 1.261471476068881e-19
554625.7129579104 7.770351369475336e-20
642687.7173170194 4.786515469840069e-20
744731.9739059889 2.948528999256505e-20
862978.5477669701 1.816322896161263e-20
1000000.0 1.11887537380803e-20
1158777.3561551261 6.892448215932082e-21
1342764.9611378643 4.245908853051586e-21
1555965.631605075 2.6156218505090903e-21
1803017.74085957 1.6113408737624221e-21
2089296.1308540406 9.926784108365975e-22
2421029.04673618 6.115589965015618e-22
2805433.637951716 3.7676969633127944e-22
3250872.973854347 2.3212405176031865e-22
3767037.989839093 1.430107971587291e-22
4365158.322401665 8.810883017557057e-23
5058246.620031147 5.428363252560474e-23
5861381.645140296 3.34436375002845e-23
6792036.326171856 2.0603887842441513e-23
7870457.896951 1.2693208320160469e-23
9120108.393559115 7.819434917244983e-24
10568175.092136607 4.816773074283566e-24
12246161.992650514 2.9669403022476477e-24
14190575.216890955 1.8273778680932644e-24
16443717.232149357 1.1254086225784064e-24
19054607.179632522 6.930270839893304e-25
22080047.330189057 4.267216786121185e-25
25585858.86905653 2.627186859998747e-25
29648313.895243514 1.6172871913076286e-25
34355794.78998757 9.954801426520222e-26
39810717.055349775 6.126716735385243e-26
46131757.4560379 3.7702882933821435e-26
53456435.93969714 2.3199356974905393e-26
61944107.507678114 1.427368400712571e-26
71779429.12713616 8.781322406902494e-27
83176377.11026709 5.401974412820255e-27
96382902.36239704 3.3229081137818736e-27
111686324.77805611 2.0439013384495624e-27
129419584.14499864 1.2571184821502163e-27
149968483.5502374 7.73143791612415e-28
173780082.87493762 4.754403656053437e-28
201372424.98623893 2.9231739166399746e-28
233345806.22810042 1.796757152195726e-28
