107.64652136298349 4.51973896950703e-12
124.73835142429434 4.225801048897677e-12
144.5439770745928 3.876381160190878e-12
167.49428760264382 3.486041520929784e-12
194.08858775927794 3.0710391019873585e-12
224.90546058357825 2.6484894595466133e-12
260.61535499988975 2.2353941000749945e-12
301.9951720402019 1.847382403138523e-12
349.9451670283576 1.4971920361830456e-12
405.50853544838435 1.1929368191683336e-12
469.89410860521605 9.372841837163814e-13
544.502652842422 7.279723851190139e-13
630.9573444801943 5.596304069582119e-13
731.1390834834186 4.2576930476004356e-13
847.227414140598 3.2040128934612916e-13
981.7479430199863 2.3853336434846985e-13
1137.6272858234333 1.7574700191804958e-13
1318.25673855641 1.2819620854549358e-13
1527.5660582380733 9.264146047188456e-14
1770.1089583174185 6.64397100621312e-14
2051.1621788255625 4.743434946347864e-14
2376.8402866248734 3.3850276890637666e-14
2754.228703338163 2.4238221464219722e-14
3191.5378551007584 1.7448238092501163e-14
3698.2817978026587 1.259746720710515e-14
4285.485203974392 9.100632551326261e-15
4965.923214503357 6.5809562649979145e-15
5754.399373371565 4.7667812859584994e-15
6668.067692136218 3.459512472410826e-15
7726.805850957021 2.5155307546326456e-15
8953.647655495937 1.8317893017811026e-15
10375.284158180126 1.3347840784848992e-15
12022.644346174131 9.72301733567047e-16
13931.568029453034 7.0731679665523e-16
16143.585568264869 5.134958722079937e-16
18706.821403658014 3.719056496825986e-16
21677.04104819696 2.6869466851317595e-16
25118.86431509582 1.9363827311157215e-16
29107.17118066608 1.3920703444270684e-16
33728.73086588692 9.985802241632949e-17
39084.089579240244 7.15070232130207e-17
45289.75799036214 5.11419749991104e-17
52480.746024977336 3.6543692837456926e-17
60813.50012787176 2.6089835596169973e-17
70469.30689671452 1.8609287981220372e-17
81658.23713585905 1.3260281692976015e-17
94623.7161365791 9.438318711696178e-18
109647.81961431827 6.709620262148217e-18
127057.41052085393 4.76312701002919e-18
147231.25024327164 3.3759211970568463e-18
170608.23890031208 2.3883458635723144e-18
197696.96401118577 1.6861171508296934e-18
229086.765276777 1.1874752107254574e-18
265460.55619755364 8.339610824814228e-19
307609.6814740705 5.838005618788405e-19
356451.1334262439 4.071607494640036e-19
413047.50199016096 2.8275108906900126e-19
478630.092322638 1.9538893877280992e-19
554625.7129579104 1.3425670107836594e-19
642687.7173170194 9.16546758217235e-20
744731.9739059889 6.21089522726157e-20
862978.5477669701 4.173356154749705e-20
1000000.0 2.777463803233382e-20
1158777.3561551261 1.8284796724597722e-20
1342764.9611378643 1.1890650566043368e-20
1555965.631605075 7.626849780972835e-21
1803017.74085957 4.81761752036744e-21
2089296.1308540406 2.9922540624338515e-21
2421029.04673618 1.8249242566915512e-21
2805433.637951716 1.091800288147937e-21
3250872.973854347 6.405992210096133e-22
3767037.989839093 3.6896260130403707e-22
4365158.322401665 2.0914090279756765e-22
5058246.620031147 1.1716517523855276e-22
5861381.645140296 6.520857472238148e-23
6792036.326171856 3.621072680272481e-23
7870457.896951 2.0102300510561512e-23
9120108.393559115 1.1159498703874292e-23
10568175.092136607 6.194843537287535e-24
12246161.992650514 3.4387228779131655e-24
14190575.216890955 1.9087084790708397e-24
16443717.232149357 1.059380399037802e-24
19054607.179632522 5.879337433993532e-25
22080047.330189057 3.2625981763996056e-25
25585858.86905653 1.8103086278025377e-25
29648313.895243514 1.004364184004819e-25
34355794.78998757 5.571552736378785e-26
39810717.055349775 3.0903350295394975e-26
46131757.4560379 1.7138733133305357e-26
53456435.93969714 9.50379555651567e-27
61944107.507678114 5.269434524171695e-27
71779429.12713616 2.921362404839104e-27
83176377.11026709 1.619457065894522e-27
96382902.36239704 8.976909645691445e-28
111686324.77805611 4.975893067983412e-28
129419584.14499864 2.758146563850807e-28
149968483.5502374 1.5289136016692637e-28
173780082.87493762 8.47588282556843e-29
201372424.98623893 4.6993649255131343e-29
233345806.22810042 2.6058977056777326e-29
