107.64652136298349 5.896061363599559e-11
124.73835142429434 5.4891452576325654e-11
144.5439770745928 5.0045798316863736e-11
167.49428760264382 4.463414972323847e-11
194.08858775927794 3.88934508181555e-11
224.90546058357825 3.3074964496546775e-11
260.61535499988975 2.7429629540020687e-11
301.9951720402019 2.2187970426684938e-11
349.9451670283576 1.7535024317792528e-11
405.50853544838435 1.3581247438253586e-11
469.89410860521605 1.0349761659821429e-11
544.502652842422 7.786861070217972e-12
630.9573444801943 5.794195413602074e-12
731.1390834834186 4.262119097143306e-12
847.227414140598 3.095237606069655e-12
981.7479430199863 2.2186699174589504e-12
1137.6272858234333 1.5694413300264308e-12
1318.25673855641 1.095188640957244e-12
1527.5660582380733 7.537350985745236e-13
1770.1089583174185 5.122320672829417e-13
2051.1621788255625 3.450075018451121e-13
2376.8402866248734 2.3169108698143714e-13
2754.228703338163 1.5619207789204986e-13
3191.5378551007584 1.0616295880303399e-13
3698.2817978026587 7.246537352296047e-14
4285.485203974392 4.942964205668169e-14
4965.923214503357 3.370678889881209e-14
5754.399373371565 2.3007472681165768e-14
6668.067692136218 1.573285296426807e-14
7726.805850957021 1.0781283761661698e-14
8953.647655495937 7.401433409028266e-15
10375.284158180126 5.085054786409133e-15
12022.644346174131 3.490594412112608e-15
13931.568029453034 2.389490575943423e-15
16143.585568264869 1.6286224681255714e-15
18706.821403658014 1.1042148485915348e-15
21677.04104819696 7.443707281406828e-16
25118.86431509582 4.986756733172834e-16
29107.17118066608 3.319247755462461e-16
33728.73086588692 2.1956826510311605e-16
39084.089579240244 1.4448095300639785e-16
45289.75799036214 9.471232291008978e-17
52480.746024977336 6.194164202940371e-17
60813.50012787176 4.044916930402845e-17
70469.30689671452 2.639000702606445e-17
81658.23713585905 1.720890030870627e-17
94623.7161365791 1.1218761091769e-17
109647.81961431827 7.312265529040358e-18
127057.41052085393 4.765370942500809e-18
147231.25024327164 3.1052684486405697e-18
170608.23890031208 2.0233792070767166e-18
197696.96401118577 1.3183993922237228e-18
229086.765276777 8.590565204000127e-19
265460.55619755364 5.597732278845352e-19
307609.6814740705 3.6477541999581253e-19
356451.1334262439 2.3772010533546404e-19
413047.50199016096 1.5492923039026052e-19
478630.092322638 1.0097755717087848e-19
554625.7129579104 6.581650856151693e-20
642687.7173170194 4.2899953743464196e-20
744731.9739059889 2.796309747889666e-20
862978.5477669701 1.8227082186273588e-20
1000000.0 1.1880982903394032e-20
1158777.3561551261 7.744481642021927e-21
1342764.9611378643 5.048220734232568e-21
1555965.631605075 3.290720943326727e-21
1803017.74085957 2.1451151217521905e-21
2089296.1308540406 1.3983521023645682e-21
2421029.04673618 9.115654774832511e-22
2805433.637951716 5.942414856237998e-22
3250872.973854347 3.873822803437766e-22
3767037.989839093 2.525314699014993e-22
4365158.322401665 1.6462169634479127e-22
5058246.620031147 1.0731264390773306e-22
5861381.645140296 6.995245647820354e-23
6792036.326171856 4.5597291379752874e-23
7870457.896951 2.9720398305047726e-23
9120108.393559115 1.9370689364511058e-23
10568175.092136607 1.2624256831830558e-23
12246161.992650514 8.226826068517594e-24
14190575.216890955 5.3606848107364346e-24
16443717.232149357 3.4927358316689814e-24
19054607.179632522 2.2754388100832013e-24
22080047.330189057 1.4822297582831292e-24
25585858.86905653 9.654157786709233e-25
29648313.895243514 6.287237374916751e-25
34355794.78998757 4.0940255768617696e-25
39810717.055349775 2.665541132236241e-25
46131757.4560379 1.7352552492070722e-25
53456435.93969714 1.1294918765302335e-25
61944107.507678114 7.350928702230617e-26
71779429.12713616 4.783396836768849e-26
83176377.11026709 3.112134316403212e-26
96382902.36239704 2.0243986098895707e-26
111686324.77805611 1.3165308336691528e-26
129419584.14499864 8.55925315315869e-27
149968483.5502374 5.562514706656656e-27
173780082.87493762 3.6131160535438346e-27
201372424.98623893 2.3452720690977792e-27
233345806.22810042 1.5209164699970917e-27
