107.64652136298349 1.1210223269639517e-11
124.73835142429434 1.049302467841435e-11
144.5439770745928 9.641124905956235e-12
167.49428760264382 8.689547859109723e-12
194.08858775927794 7.677309098005164e-12
224.90546058357825 6.645406785180139e-12
260.61535499988975 5.634507903825772e-12
301.9951720402019 4.6820049576676356e-12
349.9451670283576 3.8184980696548445e-12
405.50853544838435 3.0638113599804168e-12
469.89410860521605 2.4250641667720613e-12
544.502652842422 1.8977921067008655e-12
630.9573444801943 1.4700649982885558e-12
731.1390834834186 1.127060887544191e-12
847.227414140598 8.548445812306508e-13
981.7479430199863 6.415821968289165e-13
1137.6272858234333 4.766442133624468e-13
1318.25673855641 3.506570669538719e-13
1527.5660582380733 2.556263531094418e-13
1770.1089583174185 1.8494679805433231e-13
2051.1621788255625 1.331668278791093e-13
2376.8402866248734 9.575618039786152e-14
2754.228703338163 6.898443226093037e-14
3191.5378551007584 4.986593197177184e-14
3698.2817978026587 3.6086763143432296e-14
4285.485203974392 2.6086838561630494e-14
4965.923214503357 1.8840944185876615e-14
5754.399373371565 1.3600789276859297e-14
6668.067692136218 9.813720087166403e-15
7726.805850957021 7.075930357431783e-15
8953.647655495937 5.094724725935977e-15
10375.284158180126 3.659254835783005e-15
12022.644346174131 2.6183413078145765e-15
13931.568029453034 1.8638557055621157e-15
16143.585568264869 1.3183151792621162e-15
18706.821403658014 9.25680325325582e-16
21677.04104819696 6.447959910230706e-16
25118.86431509582 4.452254632083786e-16
29107.17118066608 3.045505307979197e-16
33728.73086588692 2.0629791159145598e-16
39084.089579240244 1.383808100518384e-16
45289.75799036214 9.194750894341711e-17
52480.746024977336 6.054318356472444e-17
60813.50012787176 3.951802479732444e-17
70469.30689671452 2.5584907778973583e-17
81658.23713585905 1.6446505483892036e-17
94623.7161365791 1.0512154266114527e-17
109647.81961431827 6.692519639882353e-18
127057.41052085393 4.251235512968023e-18
147231.25024327164 2.6980203681431032e-18
170608.23890031208 1.7118938115211191e-18
197696.96401118577 1.0861478786252418e-18
229086.765276777 6.89128176698388e-19
265460.55619755364 4.372432717310778e-19
307609.6814740705 2.7743942733319987e-19
356451.1334262439 1.7605202813661261e-19
413047.50199016096 1.1172318627606694e-19
478630.092322638 7.090430195580341e-20
554625.7129579104 4.5001084328741793e-20
642687.7173170194 2.856189244416957e-20
744731.9739059889 1.812832786265159e-20
862978.5477669701 1.1506182222853903e-20
1000000.0 7.30309912654311e-21
1158777.3561551261 4.635401791713358e-21
1342764.9611378643 2.9422090923048437e-21
1555965.631605075 1.867526983200677e-21
1803017.74085957 1.1854083933084601e-21
2089296.1308540406 7.524486836853058e-22
2421029.04673618 4.776315500434725e-22
2805433.637951716 3.031901738748582e-22
3250872.973854347 1.9246046748834062e-22
3767037.989839093 1.2217148053188014e-22
4365158.322401665 7.755273574552002e-23
5058246.620031147 4.922889100179531e-23
5861381.645140296 3.1248900409360924e-23
6792036.326171856 1.9835218853699263e-23
7870457.896951 1.2589900791716855e-23
9120108.393559115 7.990720468427227e-24
10568175.092136607 5.071345155264391e-24
12246161.992650514 3.2183201082714406e-24
14190575.216890955 2.0422063703352464e-24
16443717.232149357 1.295776648897632e-24
19054607.179632522 8.220856325627408e-25
22080047.330189057 5.215035466915575e-25
25585858.86905653 3.30786997345341e-25
29648313.895243514 2.097920525779904e-25
34355794.78998757 1.3303885390533308e-25
39810717.055349775 8.435620931620323e-26
46131757.4560379 5.348177013755645e-26
53456435.93969714 3.390363524211244e-26
61944107.507678114 2.149019123472538e-26
71779429.12713616 1.3620378388574707e-26
83176377.11026709 8.631631122245648e-27
96382902.36239704 5.469514636277541e-27
111686324.77805611 3.465374198440229e-27
129419584.14499864 2.195248719289892e-27
149968483.5502374 1.3903603454142329e-27
173780082.87493762 8.803313890757395e-28
201372424.98623893 5.571710788576072e-28
233345806.22810042 3.5243658574285227e-28
