107.64652136298349 2.450785516101082e-10
124.73835142429434 2.287987831763126e-10
144.5439770745928 2.0942098217893728e-10
167.49428760264382 1.877670269093583e-10
194.08858775927794 1.6475621179395158e-10
224.90546058357825 1.4135790932611354e-10
260.61535499988975 1.1853604581309626e-10
301.9951720402019 9.717627147899896e-11
349.9451670283576 7.799724513987207e-11
405.50853544838435 6.144899209333623e-11
469.89410860521605 4.766550103827273e-11
544.502652842422 3.6496655375853614e-11
630.9573444801943 2.7616598932008793e-11
731.1390834834186 2.0640811085728158e-11
847.227414140598 1.522001284052528e-11
981.7479430199863 1.1067488485915416e-11
1137.6272858234333 7.932960110747801e-12
1318.25673855641 5.601292302642866e-12
1527.5660582380733 3.893519028426925e-12
1770.1089583174185 2.665539704484017e-12
2051.1621788255625 1.8012591838080553e-12
2376.8402866248734 1.2062061912962846e-12
2754.228703338163 8.040935286035325e-13
3191.5378551007584 5.351099471799539e-13
3698.2817978026587 3.5397762473954253e-13
4285.485203974392 2.3148499620260677e-13
4965.923214503357 1.4952406385304433e-13
5754.399373371565 9.541287783682072e-14
6668.067692136218 6.015569478924731e-14
7726.805850957021 3.747959803019446e-14
8953.647655495937 2.307820779703567e-14
10375.284158180126 1.4041335492398144e-14
12022.644346174131 8.435301848688236e-15
13931.568029453034 4.998222260555068e-15
16143.585568264869 2.920035278880623e-15
18706.821403658014 1.6849699836278753e-15
21677.04104819696 9.634596627960362e-16
25118.86431509582 5.469339870185911e-16
29107.17118066608 3.0814781785457216e-16
33728.73086588692 1.7204675798839066e-16
39084.089579240244 9.518279873956764e-17
45289.75799036214 5.2329686690537806e-17
52480.746024977336 2.870415575230017e-17
60813.50012787176 1.5730334002089676e-17
70469.30689671452 8.613745828396212e-18
81658.23713585905 4.7136217343909255e-18
94623.7161365791 2.577913248620519e-18
109647.81961431827 1.4091939402624886e-18
127057.41052085393 7.700112761396503e-19
147231.25024327164 4.206096079430524e-19
170608.23890031208 2.2969280682951717e-19
197696.96401118577 1.2540961214597422e-19
229086.765276777 6.846325394411722e-20
265460.55619755364 3.7372669104238376e-20
307609.6814740705 2.0400708286186392e-20
356451.1334262439 1.1136582500160305e-20
413047.50199016096 6.079803027427682e-21
478630.092322638 3.3194476807915988e-21
554625.7129579104 1.81250397909511e-21
642687.7173170194 9.897337532054501e-22
744731.9739059889 5.404665023094188e-22
862978.5477669701 2.951323380494202e-22
1000000.0 1.611602190514579e-22
1158777.3561551261 8.800242588670911e-23
1342764.9611378643 4.805416161435862e-23
1555965.631605075 2.6240407496311776e-23
1803017.74085957 1.432900239719581e-23
2089296.1308540406 7.824729615084843e-24
2421029.04673618 4.272995509888426e-24
2805433.637951716 2.3334898064089655e-24
3250872.973854347 1.2743546201882764e-24
3767037.989839093 6.959609110181025e-25
4365158.322401665 3.800916526589408e-25
5058246.620031147 2.075864858912174e-25
5861381.645140296 1.1337421441440752e-25
6792036.326171856 6.191998422746145e-26
7870457.896951 3.3817757163422303e-26
9120108.393559115 1.8469348029952104e-26
10568175.092136607 1.0086637045313724e-26
12246161.992650514 5.508377892784505e-27
14190575.216890955 3.0080008144880385e-27
16443717.232149357 1.6424921738290363e-27
19054607.179632522 8.967964340644606e-28
22080047.330189057 4.8960301290929665e-28
25585858.86905653 2.6726910785611326e-28
29648313.895243514 1.4588254449543307e-28
34355794.78998757 7.961672054845961e-29
39810717.055349775 4.344592300236686e-29
46131757.4560379 2.3704817409448892e-29
53456435.93969714 1.2932065888456138e-29
61944107.507678114 7.05416643550221e-30
71779429.12713616 3.8474718408059035e-30
83176377.11026709 2.0982864695561532e-30
96382902.36239704 1.1442587827485917e-30
111686324.77805611 6.23975052969885e-31
129419584.14499864 3.4025884170669518e-31
149968483.5502374 1.8555345350618488e-31
173780082.87493762 1.0119638252043442e-31
201372424.98623893 5.519707610206621e-32
233345806.22810042 3.011192820909006e-32
