107.64652136298349 5.033651672586071e-10
124.73835142429434 4.710487796264347e-10
144.5439770745928 4.32640647897406e-10
167.49428760264382 3.8972643929436445e-10
194.08858775927794 3.4407203302763927e-10
224.90546058357825 2.975323729757419e-10
260.61535499988975 2.519466834122594e-10
301.9951720402019 2.090055305438093e-10
349.9451670283576 1.7009219590655039e-10
405.50853544838435 1.361032285089066e-10
469.89410860521605 1.0736138119881615e-10
544.502652842422 8.366582905922645e-11
630.9573444801943 6.447750917132421e-11
731.1390834834186 4.912544530867511e-11
847.227414140598 3.6977600703801495e-11
981.7479430199863 2.7496225663159412e-11
1137.6272858234333 2.019785718227264e-11
1318.25673855641 1.465596385619171e-11
1527.5660582380733 1.0506719083176372e-11
1770.1089583174185 7.449567797320255e-12
2051.1621788255625 5.2366108770433424e-12
2376.8402866248734 3.662071288779813e-12
2754.228703338163 2.556761307990854e-12
3191.5378551007584 1.785559023035363e-12
3698.2817978026587 1.244055439921752e-12
4285.485203974392 8.623044411128918e-13
4965.923214503357 5.948001809709549e-13
5754.399373371565 4.086586807687237e-13
6668.067692136218 2.79879537325801e-13
7726.805850957021 1.9119050044742772e-13
8953.647655495937 1.3031088026908542e-13
10375.284158180126 8.860687618003384e-14
12022.644346174131 6.007473471622404e-14
13931.568029453034 4.058113203331136e-14
16143.585568264869 2.7298352813132213e-14
18706.821403658014 1.8287459851344116e-14
21677.04104819696 1.2203536223115182e-14
25118.86431509582 8.111555815889811e-15
29107.17118066608 5.3696651453497246e-15
33728.73086588692 3.5407366385742608e-15
39084.089579240244 2.3274797552904753e-15
45289.75799036214 1.5271314363844156e-15
52480.746024977336 1.001223248277309e-15
60813.50012787176 6.561326120140132e-16
70469.30689671452 4.298255940326619e-16
81658.23713585905 2.814891352188615e-16
94623.7161365791 1.8430018999105392e-16
109647.81961431827 1.2064474904713746e-16
127057.41052085393 7.896437902727229e-17
147231.25024327164 5.167896170159042e-17
170608.23890031208 3.3820008336905713e-17
197696.96401118577 2.213229717829024e-17
229086.765276777 1.4483888204761846e-17
265460.55619755364 9.478943277271406e-18
307609.6814740705 6.203800418899257e-18
356451.1334262439 4.06052687981619e-18
413047.50199016096 2.657869415266427e-18
478630.092322638 1.739836523593641e-18
554625.7129579104 1.1389412092917625e-18
642687.7173170194 7.456000349748825e-19
744731.9739059889 4.88109145364724e-19
862978.5477669701 3.1954459401513455e-19
1000000.0 2.0919410835975426e-19
1158777.3561551261 1.3695321184452199e-19
1342764.9611378643 8.966045600424648e-20
1555965.631605075 5.869975223887043e-20
1803017.74085957 3.843069255398527e-20
2089296.1308540406 2.5160904570811522e-20
2421029.04673618 1.6473251232387975e-20
2805433.637951716 1.0785387046677e-20
3250872.973854347 7.061441145267246e-21
3767037.989839093 4.623271380489002e-21
4365158.322401665 3.0269180393791164e-21
5058246.620031147 1.9817258803951364e-21
5861381.645140296 1.2974006858325585e-21
6792036.326171856 8.49352608602869e-22
7870457.896951 5.560076839974881e-22
9120108.393559115 3.6395509738939894e-22
10568175.092136607 2.382234451766644e-22
12246161.992650514 1.5591444603218746e-22
14190575.216890955 1.0203498441154628e-22
16443717.232149357 6.676806568094274e-23
19054607.179632522 4.368595852489619e-23
22080047.330189057 2.8580200742906707e-23
25585858.86905653 1.8695473798338666e-23
29648313.895243514 1.2227943490243535e-23
34355794.78998757 7.996768122560064e-24
39810717.055349775 5.2289956034041486e-24
46131757.4560379 3.418717703322116e-24
53456435.93969714 2.234844649292287e-24
61944107.507678114 1.4607209522115698e-24
71779429.12713616 9.545915428563289e-25
83176377.11026709 6.237196969372457e-25
96382902.36239704 4.074451283369554e-25
111686324.77805611 2.660945101498972e-25
129419584.14499864 1.7372395661141784e-25
149968483.5502374 1.1336998175126353e-25
173780082.87493762 7.394221532792889e-26
201372424.98623893 4.8190788277664307e-26
233345806.22810042 3.137680006146518e-26
