107.64652136298349 9.404282407903488e-11
124.73835142429434 8.823458869804433e-11
144.5439770745928 8.134820515913895e-11
167.49428760264382 7.365834496088006e-11
194.08858775927794 6.546989816285233e-11
224.90546058357825 5.710227994516869e-11
260.61535499988975 4.887165329824198e-11
301.9951720402019 4.106896700940479e-11
349.9451670283576 3.3934222693884755e-11
405.50853544838435 2.7627724556070836e-11
469.89410860521605 2.2215694783706424e-11
544.502652842422 1.7677455187834043e-11
630.9573444801943 1.3934170411998301e-11
731.1390834834186 1.0881643391102538e-11
847.227414140598 8.418167845945546e-12
981.7479430199863 6.454302473869935e-12
1137.6272858234333 4.907390336854202e-12
1318.25673855641 3.7027227318522606e-12
1527.5660582380733 2.7750792689525523e-12
1770.1089583174185 2.069294780160377e-12
2051.1621788255625 1.538860425937514e-12
2376.8402866248734 1.1444238402824836e-12
2754.228703338163 8.530438300275934e-13
3191.5378551007584 6.379044676756145e-13
3698.2817978026587 4.778278382627108e-13
4285.485203974392 3.58044842634809e-13
4965.923214503357 2.6844231468071056e-13
5754.399373371565 2.0143904894944743e-13
6668.067692136218 1.5129880706927392e-13
7726.805850957021 1.13720711932311e-13
8953.647655495937 8.5500899535449e-14
10375.284158180126 6.426376078806301e-14
12022.644346174131 4.825318673590654e-14
13931.568029453034 3.617212401408929e-14
16143.585568264869 2.7059646452040136e-14
18706.821403658014 2.0197365481762088e-14
21677.04104819696 1.5040972828431736e-14
25118.86431509582 1.1175458433839138e-14
29107.17118066608 8.285115972604581e-15
33728.73086588692 6.1299549728063096e-15
39084.089579240244 4.527521530846752e-15
45289.75799036214 3.3391053221482757e-15
52480.746024977336 2.459416660521411e-15
60813.50012787176 1.809071534011926e-15
70469.30689671452 1.3288170844159127e-15
81658.23713585905 9.74583087320099e-16
94623.7161365791 7.136252500298631e-16
109647.81961431827 5.216372330709752e-16
127057.41052085393 3.805925849823224e-16
147231.25024327164 2.7713416542057736e-16
170608.23890031208 2.013736131707555e-16
197696.96401118577 1.4599732138202733e-16
229086.765276777 1.0560130250270501e-16
265460.55619755364 7.619675889654292e-17
307609.6814740705 5.4842836335594387e-17
356451.1334262439 3.937403760159941e-17
413047.50199016096 2.8198045497628936e-17
478630.092322638 2.014587016696221e-17
554625.7129579104 1.4360852848667924e-17
642687.7173170194 1.021651387887328e-17
744731.9739059889 7.255789788210291e-18
862978.5477669701 5.146126539747567e-18
1000000.0 3.6463192928227186e-18
1158777.3561551261 2.582046509877404e-18
1342764.9611378643 1.8278353976404642e-18
1555965.631605075 1.2937750130734594e-18
1803017.74085957 9.157308777873948e-19
2089296.1308540406 6.481446072381121e-19
2421029.04673618 4.58742368853222e-19
2805433.637951716 3.246800213841417e-19
3250872.973854347 2.297886186099262e-19
3767037.989839093 1.6262364972233643e-19
4365158.322401665 1.150844789964745e-19
5058246.620031147 8.143722042495273e-20
5861381.645140296 5.762317314727963e-20
6792036.326171856 4.0769374387468605e-20
7870457.896951 2.884216587614431e-20
9120108.393559115 2.04019945481857e-20
10568175.092136607 1.4429856428892105e-20
12246161.992650514 1.0204443541196015e-20
14190575.216890955 7.215184821004033e-21
16443717.232149357 5.100687686502348e-21
19054607.179632522 3.605161504376803e-21
22080047.330189057 2.547569601744327e-21
25585858.86905653 1.7997909549457356e-21
29648313.895243514 1.2711604584717018e-21
34355794.78998757 8.975246946580023e-22
39810717.055349775 6.3349427242827e-22
46131757.4560379 4.469594381998464e-22
53456435.93969714 3.1520778070547063e-22
61944107.507678114 2.221762528331757e-22
71779429.12713616 1.5650623555665921e-22
83176377.11026709 1.1016703658604392e-22
96382902.36239704 7.748184489350053e-23
111686324.77805611 5.443850748875227e-23
129419584.14499864 3.8201924012043136e-23
149968483.5502374 2.6769131886821555e-23
173780082.87493762 1.8725352977090362e-23
201372424.98623893 1.3071490176047e-23
233345806.22810042 9.10215902337425e-24
