107.64652136298349 1.264255157302007e-10
124.73835142429434 1.174726758672892e-10
144.5439770745928 1.0680750951195844e-10
167.49428760264382 9.490055390523935e-11
194.08858775927794 8.228370255188679e-11
224.90546058357825 6.952304564624639e-11
260.61535499988975 5.718546713645101e-11
301.9951720402019 4.579155474619564e-11
349.9451670283576 3.575607808256124e-11
405.50853544838435 2.7318543555389124e-11
469.89410860521605 2.051409639583114e-11
544.502652842422 1.5200733029007114e-11
630.9573444801943 1.1137796015258357e-11
731.1390834834186 8.06516428253177e-12
847.227414140598 5.762094411441933e-12
981.7479430199863 4.059903647484455e-12
1137.6272858234333 2.8199810401332217e-12
1318.25673855641 1.9294962364672622e-12
1527.5660582380733 1.2994700390984734e-12
1770.1089583174185 8.621396317909355e-13
2051.1621788255625 5.656573147573575e-13
2376.8402866248734 3.696232393524951e-13
2754.228703338163 2.426419975813735e-13
3191.5378551007584 1.6101116243118003e-13
3698.2817978026587 1.0749594957463342e-13
4285.485203974392 7.173664341522795e-14
4965.923214503357 4.7872758505784276e-14
5754.399373371565 3.200155949427494e-14
6668.067692136218 2.1455334951556602e-14
7726.805850957021 1.4436819666324507e-14
8953.647655495937 9.748454720427867e-15
10375.284158180126 6.599291319009017e-15
12022.644346174131 4.4706817294224094e-15
13931.568029453034 3.02416628972156e-15
16143.585568264869 2.03868006761216e-15
18706.821403658014 1.3680139919629476e-15
21677.04104819696 9.130273902399954e-16
25118.86431509582 6.055051677249424e-16
29107.17118066608 3.9867294563683847e-16
33728.73086588692 2.604619797905481e-16
39084.089579240244 1.6883862636122046e-16
45289.75799036214 1.0862513898265706e-16
52480.746024977336 6.936474118146183e-17
60813.50012787176 4.393022532922359e-17
70469.30689671452 2.756288666892188e-17
81658.23713585905 1.711246863223848e-17
94623.7161365791 1.0500614909389216e-17
109647.81961431827 6.361483174929574e-18
127057.41052085393 3.80169825428195e-18
147231.25024327164 2.240309560112148e-18
170608.23890031208 1.3022899220243093e-18
197696.96401118577 7.477892427919272e-19
229086.765276777 4.252325018852659e-19
265460.55619755364 2.4028950205391377e-19
307609.6814740705 1.3539069753521587e-19
356451.1334262439 7.623574515677066e-20
413047.50199016096 4.292819580489943e-20
478630.092322638 2.4174859536341527e-20
554625.7129579104 1.3615041654821248e-20
642687.7173170194 7.668265207970472e-21
744731.9739059889 4.319015763897667e-21
862978.5477669701 2.4326014083338566e-21
1000000.0 1.3701002893809555e-21
1158777.3561551261 7.716701197578612e-22
1342764.9611378643 4.346226907042119e-22
1555965.631605075 2.4479226524561437e-22
1803017.74085957 1.3787636576836986e-22
2089296.1308540406 7.765878851439736e-23
2421029.04673618 4.3742271413231557e-23
2805433.637951716 2.4638957100673432e-23
3250872.973854347 1.3878856139352965e-23
3767037.989839093 7.817975959026724e-24
4365158.322401665 4.4039535030550454e-24
5058246.620031147 2.4808288756118353e-24
5861381.645140296 1.3975055459209985e-24
6792036.326171856 7.872442492718819e-25
7870457.896951 4.434662327798666e-25
9120108.393559115 2.498054900912858e-25
10568175.092136607 1.4071127048206737e-25
12246161.992650514 7.925665567950191e-26
14190575.216890955 4.4639261483302145e-26
16443717.232149357 2.5140103388132866e-26
19054607.179632522 1.4157295267082336e-26
22080047.330189057 7.971710358052269e-27
25585858.86905653 4.488239811564414e-27
29648313.895243514 2.526678403660181e-27
34355794.78998757 1.4222320881855632e-27
39810717.055349775 8.004530316325594e-28
46131757.4560379 4.504494891264894e-28
53456435.93969714 2.5345627784824526e-28
61944107.507678114 1.4259704365521157e-28
71779429.12713616 8.021855257426131e-29
83176377.11026709 4.512366236878066e-29
96382902.36239704 2.5381074358583267e-29
111686324.77805611 1.4275947266868746e-29
129419584.14499864 8.029783361555188e-30
149968483.5502374 4.516713228042015e-30
173780082.87493762 2.5408317445107764e-30
201372424.98623893 1.4294745415918944e-30
233345806.22810042 8.043236791527653e-31
