107.64652136298349 5.491073109288889e-12
124.73835142429434 5.145552053220149e-12
144.5439770745928 4.735488314857653e-12
167.49428760264382 4.277504461758331e-12
194.08858775927794 3.790083948639901e-12
224.90546058357825 3.2926191408152075e-12
260.61535499988975 2.8043241275635913e-12
301.9951720402019 2.342871807675713e-12
349.9451670283576 1.922780623433575e-12
405.50853544838435 1.5535993880146885e-12
469.89410860521605 1.2390137715686318e-12
544.502652842422 9.773289859985792e-13
630.9573444801943 7.633167351571654e-13
731.1390834834186 5.902941706748731e-13
847.227414140598 4.5186518895630097e-13
981.7479430199863 3.4250559364936553e-13
1137.6272858234333 2.5718450971832145e-13
1318.25673855641 1.9141196625373614e-13
1527.5660582380733 1.4131470322169579e-13
1770.1089583174185 1.0365547997446113e-13
2051.1621788255625 7.573442981467699e-14
2376.8402866248734 5.528806164010739e-14
2754.228703338163 4.0437524365112014e-14
3191.5378551007584 2.9666626387698455e-14
3698.2817978026587 2.1789526884349023e-14
4285.485203974392 1.5993476022202596e-14
4965.923214503357 1.1733528298518286e-14
5754.399373371565 8.606788835139564e-15
6668.067692136218 6.312254031498667e-15
7726.805850957021 4.627285760323024e-15
8953.647655495937 3.388414730967398e-15
10375.284158180126 2.476278169272494e-15
12022.644346174131 1.8040665770581038e-15
13931.568029453034 1.3087588078337915e-15
16143.585568264869 9.444954455503949e-16
18706.821403658014 6.776005631736421e-16
21677.04104819696 4.829886799987608e-16
25118.86431509582 3.4185071491799297e-16
29107.17118066608 2.401308214118922e-16
33728.73086588692 1.6734326476129077e-16
39084.089579240244 1.1567253866343637e-16
45289.75799036214 7.930013268786597e-17
52480.746024977336 5.390807221022412e-17
60813.50012787176 3.632342505814381e-17
70469.30689671452 2.424917820375757e-17
81658.23713585905 1.6035518045533345e-17
94623.7161365791 1.0504058268186098e-17
109647.81961431827 6.81850923983546e-18
127057.41052085393 4.389823369241867e-18
147231.25024327164 2.806800145542124e-18
170608.23890031208 1.7854495559080995e-18
197696.96401118577 1.1321355859106291e-18
229086.765276777 7.168201121169519e-19
265460.55619755364 4.536882141080231e-19
307609.6814740705 2.8715079276022633e-19
356451.1334262439 1.8175664873542974e-19
413047.50199016096 1.1505360064570292e-19
478630.092322638 7.28345406580007e-20
554625.7129579104 4.611008572263955e-20
642687.7173170194 2.919229502990909e-20
744731.9739059889 1.8481930950233478e-20
862978.5477669701 1.1701164963159543e-20
1000000.0 7.408208590192721e-21
1158777.3561551261 4.690309150270068e-21
1342764.9611378643 2.969584351857947e-21
1555965.631605075 1.8801698415969514e-21
1803017.74085957 1.1904367261983807e-21
2089296.1308540406 7.537432372574816e-22
2421029.04673618 4.772521719881346e-22
2805433.637951716 3.021889456327318e-22
3250872.973854347 1.9134351504102782e-22
3767037.989839093 1.2115770923145364e-22
4365158.322401665 7.671629394894532e-23
5058246.620031147 4.857581679253023e-23
5861381.645140296 3.075704948882127e-23
6792036.326171856 1.9474087271080785e-23
7870457.896951 1.2329711579202511e-23
9120108.393559115 7.805978367812265e-24
10568175.092136607 4.941691799424075e-24
12246161.992650514 3.1281896045640093e-24
14190575.216890955 1.980044873289209e-24
16443717.232149357 1.2531911893590595e-24
19054607.179632522 7.930785180555008e-25
22080047.330189057 5.0184370084088e-25
25585858.86905653 3.1752055258205884e-25
29648313.895243514 2.008744774501644e-25
34355794.78998757 1.2706521597987477e-25
39810717.055349775 8.036702609576888e-26
46131757.4560379 5.0825258073194946e-26
53456435.93969714 3.2139089744842433e-26
61944107.507678114 2.0320849653520185e-26
71779429.12713616 1.2847133198795346e-26
83176377.11026709 8.121329654890012e-27
96382902.36239704 5.133371996667887e-27
111686324.77805611 3.244346055093842e-27
129419584.14499864 2.0501632058866728e-27
149968483.5502374 1.2952863238898322e-27
173780082.87493762 8.181370960559173e-28
201372424.98623893 5.165588482528452e-28
233345806.22810042 3.259686299495643e-28
