107.64652136298349 2.6201169755786773e-12
124.73835142429434 2.444287350540197e-12
144.5439770745928 2.2350422206283046e-12
167.49428760264382 2.0013051218117794e-12
194.08858775927794 1.753079427163424e-12
224.90546058357825 1.5009350635313674e-12
260.61535499988975 1.255400026435407e-12
301.9951720402019 1.0261488871376173e-12
349.9451670283576 8.210049881877659e-13
405.50853544838435 6.447913289698373e-13
469.89410860521605 4.988057651913379e-13
544.502652842422 3.812008992573562e-13
630.9573444801943 2.8822544623212296e-13
731.1390834834186 2.155452542245544e-13
847.227414140598 1.5928557196850835e-13
981.7479430199863 1.1631700828238937e-13
1137.6272858234333 8.394320701056136e-14
1318.25673855641 5.987240223209398e-14
1527.5660582380733 4.2218319282374246e-14
1770.1089583174185 2.947822618688642e-14
2051.1621788255625 2.0452592553335953e-14
2376.8402866248734 1.4172285749513885e-14
2754.228703338163 9.8592259402225e-15
3191.5378551007584 6.9064660024448325e-15
3698.2817978026587 4.856670265673892e-15
4285.485203974392 3.4167381397236533e-15
4965.923214503357 2.4059410050920104e-15
5754.399373371565 1.6974088363931736e-15
6668.067692136218 1.2005085527180117e-15
7726.805850957021 8.5127108454588495e-16
8953.647655495937 6.049484577833479e-16
10375.284158180126 4.3045158056180577e-16
12022.644346174131 3.0629127913782814e-16
13931.568029453034 2.1765293633849645e-16
16143.585568264869 1.5429771758862882e-16
18706.821403658014 1.0906587704703713e-16
21677.04104819696 7.684943658079612e-17
25118.86431509582 5.3964532695213926e-17
29107.17118066608 3.7761353976212125e-17
33728.73086588692 2.6334166250731317e-17
39084.089579240244 1.8310473686716724e-17
45289.75799036214 1.2700342553390852e-17
52480.746024977336 8.790184994333406e-18
60813.50012787176 6.0700497317087015e-18
70469.30689671452 4.180898631036094e-18
81658.23713585905 2.8712674223020018e-18
94623.7161365791 1.9652481851774302e-18
109647.81961431827 1.3399240007887085e-18
127057.41052085393 9.095011524314839e-19
147231.25024327164 6.141654998355935e-19
170608.23890031208 4.1226623564854256e-19
197696.96401118577 2.7483887585250087e-19
229086.765276777 1.8177125773616704e-19
265460.55619755364 1.1912206104720414e-19
307609.6814740705 7.724699609564024e-20
356451.1334262439 4.949043163086332e-20
413047.50199016096 3.1272624989183377e-20
478630.092322638 1.9453477088953485e-20
554625.7129579104 1.1889434100486268e-20
642687.7173170194 7.12523298996008e-21
744731.9739059889 4.179680682372282e-21
862978.5477669701 2.3969780951375083e-21
1000000.0 1.343689443097845e-21
1158777.3561551261 7.37461780564861e-22
1342764.9611378643 3.9780673652581337e-22
1555965.631605075 2.1217391261878597e-22
1803017.74085957 1.126045033139804e-22
2089296.1308540406 5.970280819095384e-23
2421029.04673618 3.1654000929671804e-23
2805433.637951716 1.6783119683718337e-23
3250872.973854347 8.898728806581924e-24
3767037.989839093 4.7183912402721914e-24
4365158.322401665 2.5018986075863e-24
5058246.620031147 1.3266425694712713e-24
5861381.645140296 7.0346752138821165e-25
6792036.326171856 3.730243840707935e-25
7870457.896951 1.9780157180517846e-25
9120108.393559115 1.0488590161456984e-25
10568175.092136607 5.561536649578338e-26
12246161.992650514 2.948881016290502e-26
14190575.216890955 1.563503442802611e-26
16443717.232149357 8.289221665120154e-27
19054607.179632522 4.394362075264308e-27
22080047.330189057 2.3293742480049096e-27
25585858.86905653 1.2346347503358442e-27
29648313.895243514 6.543173223420564e-28
34355794.78998757 3.467248488824417e-28
39810717.055349775 1.8370660860524097e-28
46131757.4560379 9.732089330604116e-29
53456435.93969714 5.155002101351082e-29
61944107.507678114 2.730202380683757e-29
71779429.12713616 1.4458012104506734e-29
83176377.11026709 7.655555446374398e-30
96382902.36239704 4.053302187387655e-30
111686324.77805611 2.1459435498027086e-30
129419584.14499864 1.1361098776479952e-30
149968483.5502374 6.014979995100411e-31
173780082.87493762 3.1847887717229516e-31
201372424.98623893 1.6864834869948556e-31
233345806.22810042 8.932247347430586e-32
