107.64652136298349 1.9086531897873032e-12
124.73835142429434 1.7884270557170263e-12
144.5439770745928 1.6457423894772104e-12
167.49428760264382 1.4863861377092372e-12
194.08858775927794 1.3167928248051787e-12
224.90546058357825 1.1437130477022475e-12
260.61535499988975 9.73834947079595e-13
301.9951720402019 8.133097787772071e-13
349.9451670283576 6.671904162498497e-13
405.50853544838435 5.387996337675608e-13
469.89410860521605 4.2941913684266774e-13
544.502652842422 3.3845755403091116e-13
630.9573444801943 2.6409328629900087e-13
731.1390834834186 2.0399820662804995e-13
847.227414140598 1.5594391669363438e-13
981.7479430199863 1.1800559705809048e-13
1137.6272858234333 8.843035316194295e-14
1318.25673855641 6.565385415926201e-14
1527.5660582380733 4.8326759658588817e-14
1770.1089583174185 3.5321447852372267e-14
2051.1621788255625 2.569765281410835e-14
2376.8402866248734 1.8667267048684605e-14
2754.228703338163 1.3576291851451524e-14
3191.5378551007584 9.897150987945327e-15
3698.2817978026587 7.217407513023872e-15
4285.485203974392 5.254635937608743e-15
4965.923214503357 3.819720414137366e-15
5754.399373371565 2.7730218349402394e-15
6668.067692136218 2.0103716238599805e-15
7726.805850957021 1.454865067728262e-15
8953.647655495937 1.0501664103304415e-15
10375.284158180126 7.552572752379159e-16
12022.644346174131 5.404100018307529e-16
13931.568029453034 3.8413421445375674e-16
16143.585568264869 2.7086965900913333e-16
18706.821403658014 1.8925422446275212e-16
21677.04104819696 1.3087521652731916e-16
25118.86431509582 8.946676035145436e-17
29107.17118066608 6.0382936377397e-17
33728.73086588692 4.018926053815834e-17
39084.089579240244 2.6352655569243874e-17
45289.75799036214 1.7010155451845652e-17
52480.746024977336 1.0798940756629653e-17
60813.50012787176 6.735223928512439e-18
70469.30689671452 4.122941117932259e-18
81658.23713585905 2.476221245720838e-18
94623.7161365791 1.4600438578327625e-18
109647.81961431827 8.468419948504836e-19
127057.41052085393 4.848968903846246e-19
147231.25024327164 2.753991231392792e-19
170608.23890031208 1.5585686390715684e-19
197696.96401118577 8.813101387592976e-20
229086.765276777 4.9828659709844963e-20
265460.55619755364 2.8171639017094925e-20
307609.6814740705 1.5927546323589244e-20
356451.1334262439 9.005478004531373e-21
413047.50199016096 5.0921042848498256e-21
478630.092322638 2.879551943144908e-21
554625.7129579104 1.6284926497994165e-21
642687.7173170194 9.210207611751543e-22
744731.9739059889 5.209096237772754e-22
862978.5477669701 2.9461440283195753e-22
1000000.0 1.666253596033709e-22
1158777.3561551261 9.423807998625505e-23
1342764.9611378643 5.329830242770168e-23
1555965.631605075 3.014429130115143e-23
1803017.74085957 1.7049189668531838e-23
2089296.1308540406 9.642976791662205e-24
2421029.04673618 5.454167187427197e-24
2805433.637951716 3.085005939403035e-24
3250872.973854347 1.7449935519359603e-24
3767037.989839093 9.870537685883337e-25
4365158.322401665 5.583356331285212e-25
5058246.620031147 3.158314183745197e-25
5861381.645140296 1.7865603554953031e-25
6792036.326171856 1.0105992472256837e-25
7870457.896951 5.71656328847586e-26
9120108.393559115 3.2335611231529243e-26
10568175.092136607 1.828993881002573e-26
12246161.992650514 1.0344822120639599e-26
14190575.216890955 5.850700404617215e-27
16443717.232149357 3.308728851475502e-27
19054607.179632522 1.8710155751922207e-27
22080047.330189057 1.0579165476495434e-27
25585858.86905653 5.981066191747606e-28
29648313.895243514 3.3810776243089916e-28
34355794.78998757 1.9110776374592347e-28
39810717.055349775 1.0800567759848472e-28
46131757.4560379 6.103234014526432e-29
53456435.93969714 3.448423635707765e-29
61944107.507678114 1.9481943912557233e-29
71779429.12713616 1.1005289179831363e-29
83176377.11026709 6.216366000445841e-30
96382902.36239704 3.5111432966881755e-30
111686324.77805611 1.983126473841351e-30
129419584.14499864 1.1200994463112327e-30
149968483.5502374 6.326775580479488e-31
173780082.87493762 3.573897740674181e-31
201372424.98623893 2.019049560186213e-31
233345806.22810042 1.1407808010055648e-31
