107.64652136298349 7.581903914032819e-12
124.73835142429434 7.093337389986142e-12
144.5439770745928 6.512785772289721e-12
167.49428760264382 5.8642670831547e-12
194.08858775927794 5.174564048352321e-12
224.90546058357825 4.471845833853213e-12
260.61535499988975 3.784073249764961e-12
301.9951720402019 3.1369539437575964e-12
349.9451670283576 2.5514860125687398e-12
405.50853544838435 2.0411674776565685e-12
469.89410860521605 1.6106572541159465e-12
544.502652842422 1.2565829088980715e-12
630.9573444801943 9.704475783730115e-13
731.1390834834186 7.418360209790591e-13
847.227414140598 5.610433279978167e-13
981.7479430199863 4.1989926172845807e-13
1137.6272858234333 3.111164439422003e-13
1318.25673855641 2.2830764479331786e-13
1527.5660582380733 1.6605689443458523e-13
1770.1089583174185 1.1991536694803945e-13
2051.1621788255625 8.62304786779099e-14
2376.8402866248734 6.198005429683591e-14
2754.228703338163 4.4685019468803934e-14
3191.5378551007584 3.236885630710977e-14
3698.2817978026587 2.350608474774892e-14
4285.485203974392 1.7075760502075803e-14
4965.923214503357 1.2412842751504808e-14
5754.399373371565 9.034320111299123e-15
6668.067692136218 6.584842828774765e-15
7726.805850957021 4.805723852462818e-15
8953.647655495937 3.5100816208652938e-15
10375.284158180126 2.5636746262720493e-15
12022.644346174131 1.8704606878466782e-15
13931.568029453034 1.3618396880660906e-15
16143.585568264869 9.886700488192988e-16
18706.821403658014 7.153797753697336e-16
21677.04104819696 5.157898959556231e-16
25118.86431509582 3.704733540340662e-16
29107.17118066608 2.650502443139426e-16
33728.73086588692 1.888828400418888e-16
39084.089579240244 1.3409762747886026e-16
45289.75799036214 9.48644034729343e-17
52480.746024977336 6.68721639874806e-17
60813.50012787176 4.6958894840393636e-17
70469.30689671452 3.283492752846306e-17
81658.23713585905 2.285033366956408e-17
94623.7161365791 1.5818243016227097e-17
109647.81961431827 1.088639137890665e-17
127057.41052085393 7.443949320885419e-18
147231.25024327164 5.054040512113486e-18
170608.23890031208 3.404936972774665e-18
197696.96401118577 2.2748055273091832e-18
229086.765276777 1.5062758720616985e-18
265460.55619755364 9.881167999894194e-19
307609.6814740705 6.420506263924764e-19
356451.1334262439 4.1327717520803477e-19
413047.50199016096 2.6367338586640686e-19
478630.092322638 1.669203014120128e-19
554625.7129579104 1.0501676723647947e-19
642687.7173170194 6.578981568010044e-20
744731.9739059889 4.112006183617182e-20
862978.5477669701 2.5679331636585578e-20
1000000.0 1.6034461284038115e-20
1158777.3561551261 1.0012142986486315e-20
1342764.9611378643 6.251804755629462e-21
1555965.631605075 3.90383094366472e-21
1803017.74085957 2.4377246995113966e-21
2089296.1308540406 1.5222523822870163e-21
2421029.04673618 9.505976582912883e-22
2805433.637951716 5.936273369777661e-22
3250872.973854347 3.7071201707738747e-22
3767037.989839093 2.315063104001927e-22
4365158.322401665 1.4457382406650048e-22
5058246.620031147 9.028466164503256e-23
5861381.645140296 5.63808931594809e-23
6792036.326171856 3.520784673381302e-23
7870457.896951 2.1985279924561904e-23
9120108.393559115 1.3727920692399346e-23
10568175.092136607 8.571423235530068e-24
12246161.992650514 5.3514517202071794e-24
14190575.216890955 3.340842982848846e-24
16443717.232149357 2.085460128467696e-24
19054607.179632522 1.301682584075458e-24
22080047.330189057 8.123858608779537e-25
25585858.86905653 5.06957022167905e-25
29648313.895243514 3.163223165822905e-25
34355794.78998757 1.973503468478639e-25
39810717.055349775 1.231107048028854e-25
46131757.4560379 7.679010005027744e-26
53456435.93969714 4.7892637875911784e-26
61944107.507678114 2.9866868035382067e-26
71779429.12713616 1.862394363846497e-26
83176377.11026709 1.1612286515403216e-26
96382902.36239704 7.239851337555411e-27
111686324.77805611 4.513424426731716e-27
129419584.14499864 2.8134633770051066e-27
149968483.5502374 1.75356404574608e-27
173780082.87493762 1.0927561141973528e-27
201372424.98623893 6.807810367815546e-28
233345806.22810042 4.239511928169714e-28
