9.999999999999998040e-04 1.277305584603582065e-12
1.141735102476187751e-03 1.372339722039355424e-12
1.303559044226311556e-03 1.474235990577271310e-12
1.488319118943491007e-03 1.583268072126074333e-12
1.699266181784216644e-03 1.700078989295362383e-12
1.940111848193723379e-03 1.825387947250017241e-12
2.215093799812727342e-03 1.957561815266038076e-12
2.529050346523555644e-03 2.099824939072010968e-12
2.887505556555510725e-03 2.253203028548608727e-12
3.296766452514468190e-03 2.415521785241338518e-12
3.764033983501665487e-03 2.585327531170706822e-12
4.297529725877133160e-03 2.768207954400098011e-12
4.906640541968792200e-03 2.962700856650759492e-12
5.602083741998558838e-03 3.167041289937391213e-12
6.396095655250910901e-03 3.383864273725772015e-12
7.302646928395403400e-03 3.614476573550898520e-12
8.337688339138950647e-03 3.854977658827356513e-12
9.519431450301327549e-03 4.106899827211656088e-12
1.086866904242483368e-02 4.368115382423380872e-12
1.240914096293269792e-02 4.639871526942314359e-12
1.416795182895542494e-02 4.919763107862894361e-12
1.617604793331012952e-02 5.202662038610139725e-12
1.846876174479756758e-02 5.496263653692936874e-12
2.108643358330476725e-02 5.787192501745543277e-12
2.407512140809179788e-02 6.077170330893073619e-12
2.748741120799437498e-02 6.360998032711702794e-12
3.138334225236457525e-02 6.628016086550928617e-12
3.583146348254877267e-02 6.877751710875626122e-12
4.091003963111961017e-02 7.108164116800488404e-12
4.670842829054128870e-02 7.306189710244725005e-12
5.332865216080283355e-02 7.480560837461840502e-12
6.088719413973124606e-02 7.591029777972461100e-12
6.951704684061361939e-02 7.670206154542808563e-12
7.937005259840994309e-02 7.705506074028159419e-12
9.061957513698605526e-02 7.700719728849071087e-12
1.034635499053754015e-01 7.651294084402043959e-12
1.181279667537639827e-01 7.577946250673990532e-12
1.348708462269125885e-01 7.479716470039670845e-12
1.539867794379342347e-01 7.373695067692501442e-12
1.758121114015480380e-01 7.256101384892793497e-12
2.007308590276014049e-01 7.140970729839768766e-12
2.291814679020120205e-01 7.024311576237608897e-12
2.616645267407468611e-01 6.907867545009527607e-12
2.987515752527299395e-01 6.755765196099450073e-12
3.410951603860981618e-01 6.608850960695880114e-12
3.894403178975540114e-01 6.417169733371008882e-12
4.446376812631230857e-01 6.194293524893382022e-12
5.076584485817264847e-01 5.929070795818120514e-12
5.796114708143601524e-01 5.632011022638482692e-12
6.617627620266074429e-01 5.313272717741127825e-12
7.555577749173747470e-01 4.985457827298263575e-12
8.626468335719695846e-01 4.673542716077844781e-12
9.849141709290517577e-01 4.390372931546596633e-12
1.124511081875930740e+00 4.150000543356861813e-12
1.283893775301226059e+00 3.956746051442223143e-12
1.465866591112085393e+00 3.804778713090197743e-12
1.673631342619777307e+00 3.679581085775972820e-12
1.910843652473351639e+00 3.582606465129646544e-12
2.181677273372637949e+00 3.492647381419252108e-12
2.490897525284079261e+00 3.414458355619074888e-12
2.843945141287901546e+00 3.334359828157401148e-12
3.247031997324998809e+00 3.253049497173991026e-12
3.707250410209323110e+00 3.176454204617440381e-12
4.232697927005231620e+00 3.104689178364750305e-12
4.832619801440067420e+00 3.034707302512368611e-12
5.517571664225630279e+00 2.964810595248049439e-12
6.299605249474361734e+00 2.894558539884190698e-12
7.192480445068150097e+00 2.820927551115722431e-12
8.211907398007863179e+00 2.745437017927026536e-12
9.375822934589473689e+00 2.665258353990407074e-12
1.070470615902210909e+01 2.582741988779412022e-12
1.222193878344859996e+01 2.497689411685619782e-12
1.395421652937837109e+01 2.406255099696158029e-12
1.593201883914474770e+01 2.312792807324743176e-12
1.819014516196350684e+01 2.215923654511341884e-12
2.076832725055111695e+01 2.115425374046336444e-12
2.371192824166701740e+01 2.011763465079646632e-12
2.707274082090773248e+01 1.904266785794647297e-12
3.090989851547034206e+01 1.794395182222797674e-12
3.529091614908913499e+01 1.681082344324632316e-12
4.029287776595880644e+01 1.565771931772290044e-12
4.600379292517754948e+01 1.449541193770123333e-12
5.252414522972097188e+01 1.332236564916385835e-12
5.996866033632959159e+01 1.214527458701007666e-12
6.846832455445905907e+01 1.097004624832984757e-12
7.817268955155813615e+01 9.806541037215932252e-13
8.925250371598754384e+01 8.657849505666617370e-13
1.019027164764295179e+02 7.529464776030605689e-13
1.163459084388180571e+02 6.448175210441155087e-13
1.328362076940792633e+02 5.401843239934461996e-13
1.516637612041479599e+02 4.405860443013069743e-13
1.731598399403418114e+02 3.482684684651999217e-13
1.977026675990466629e+02 2.627351076075316745e-13
2.257240754510130500e+02 1.860622851072825872e-13
2.577171004164054580e+02 1.197956232421167509e-13
2.942446600537910513e+02 6.558311209071503266e-14
3.359494570995859135e+02 2.699848190824282703e-14
3.835652878284158191e+02 5.975385012700010125e-15
4.379299532050844732e+02 7.628089435751841409e-17
