1.000000000000000000e+02 1.656159691700611472e-12
1.109752496412072134e+02 1.344017268455629524e-12
1.231550603292826196e+02 1.087025257469473797e-12
1.366716356462005990e+02 8.765393568847314198e-13
1.516716888470922413e+02 7.049739844250783059e-13
1.683180353330956791e+02 5.659020869125522580e-13
1.867913599020782840e+02 4.534646010192306535e-13
2.072921779595371845e+02 3.631768093013112021e-13
2.300430119772916839e+02 2.910398744832944091e-13
2.552908068239516410e+02 2.336011648753347539e-13
2.833096101839323637e+02 1.879455070003886035e-13
3.144035471591500368e+02 1.518102949136923213e-13
3.489101213406774491e+02 1.232010249092905189e-13
3.872038781812557318e+02 1.005213320016691007e-13
4.297004704320843871e+02 8.257526181739996291e-14
4.768611697714468960e+02 6.828423635326488356e-14
5.291978735958442712e+02 5.684842711004334909e-14
5.872786613189482523e+02 4.760917232424385323e-14
6.517339604882420190e+02 4.012993185339892370e-14
7.232633896483533817e+02 3.399976068546951263e-14
8.026433522257173081e+02 2.892980153707418804e-14
8.907354638610439679e+02 2.471358236321644299e-14
9.884959046625587007e+02 2.115879749566114220e-14
1.096985797892383971e+03 1.814751670671004070e-14
1.217382727739662187e+03 1.559152961960574193e-14
1.350993521198027793e+03 1.339567793484646672e-14
1.499268432786045423e+03 1.150521598058366197e-14
1.663816886076128640e+03 9.874933831720988230e-15
1.846424942895544291e+03 8.469979427470774411e-15
2.049074689815845886e+03 7.252881658360448187e-15
2.273965752357927613e+03 6.198410765671548943e-15
2.523539170434765765e+03 5.285216620552220126e-15
2.800503894183631019e+03 4.500153371411499107e-15
3.107866187782013640e+03 3.820862749410353911e-15
3.448962260405759935e+03 3.233223018908361220e-15
3.827494478516314757e+03 2.729678809634442282e-15
4.247571552536898707e+03 2.300291469605928364e-15
4.713753134116724141e+03 1.930187408612662656e-15
5.231099308056262998e+03 1.614863206462942933e-15
5.805225516094896193e+03 1.347498606822697989e-15
6.442363508721369726e+03 1.120876047999558301e-15
7.149428986597576113e+03 9.283588975716920376e-16
7.934096665797491369e+03 7.669312778244385586e-16
8.804883581643463913e+03 6.311920798729160144e-16
9.771241535346502133e+03 5.179175573138370982e-16
1.084365968689610963e+04 4.232860888865000886e-16
1.203377840777589154e+04 3.447961087445154074e-16
1.335451562929898682e+04 2.795273713454431551e-16
1.482020705798858762e+04 2.258128650079810458e-16
1.644676177994664249e+04 1.815025711867492277e-16
1.825183494319044257e+04 1.454302546353752337e-16
2.025501939230666540e+04 1.158102764595057058e-16
2.247805833548725059e+04 9.173297027730393166e-17
2.494508135230316839e+04 7.220997979092565276e-17
2.768286630392066581e+04 5.656335380775324761e-17
3.072112998861759115e+04 4.404883877681801221e-17
3.409285069746814406e+04 3.418531570422240998e-17
3.783462617131928710e+04 2.650265961947016193e-17
4.198707084443910571e+04 2.059530362995705100e-17
4.659525668664683326e+04 1.609553374540593185e-17
5.170920242896761192e+04 1.266763667491179294e-17
5.738441648302398244e+04 1.004858644865192689e-17
6.368249944718585903e+04 8.032542123924295575e-18
7.067181273927491566e+04 6.452197994948774604e-18
7.842822061337680498e+04 5.201222133990773973e-18
8.703591361485165544e+04 4.198425319017004891e-18
9.658832241158708348e+04 3.389722616320690478e-18
1.071891319205127511e+05 2.735034469399867661e-18
1.189534067370319535e+05 2.203823599360534530e-18
1.320088400831418112e+05 1.773098346163946548e-18
1.464971398307286145e+05 1.423376862838752531e-18
1.625755666443794908e+05 1.140148513709550902e-18
1.804186409392071655e+05 9.111387970562854898e-19
2.002200371815584658e+05 7.260867742300988701e-19
2.221946860939523904e+05 5.767486046766599206e-19
2.465811075822604180e+05 4.567390589223173673e-19
2.736439997074671555e+05 3.603777460892445038e-19
3.036771118035460822e+05 2.830935168541298599e-19
3.370064329271928291e+05 2.213304807870598245e-19
3.739937302478798083e+05 1.721310450376487914e-19
4.150404757850476308e+05 1.330064704642987046e-19
4.605922041145108524e+05 1.020321082529387103e-19
5.111433483440171112e+05 7.768079584151574412e-20
5.672426068491977639e+05 5.866373424244981827e-20
6.294988990221888525e+05 4.391450272143008977e-20
6.985879746785250027e+05 3.256950396173100113e-20
7.752597488629464060e+05 2.393641283021037608e-20
8.603464416684507160e+05 1.741985727395943803e-20
9.547716114208066138e+05 1.254772101592448826e-20
1.059560179277617019e+06 8.961945773447368982e-21
1.175849554052158026e+06 6.320870301998335184e-21
1.304901978014401859e+06 4.417415690668660125e-21
1.448118227674532915e+06 3.064630646999385354e-21
1.607052818261638284e+06 2.112911559424620890e-21
1.783430876931909472e+06 1.455306235098433423e-21
1.979166867853557458e+06 9.971149790244516148e-22
2.196385372416546568e+06 6.850925896417625683e-22
2.437444150122222025e+06 4.719141201170769552e-22
2.704959730463137385e+06 3.251631569488477045e-22
3.001835813575591892e+06 2.248396520329443940e-22
3.331294787934676744e+06 1.557056002260688283e-22
3.696912707195031922e+06 1.080693180043132306e-22
4.102658105827190448e+06 7.553940942343483163e-23
4.552935074866947718e+06 5.355407847863718349e-23
5.052631065335679799e+06 3.855508927518762264e-23
5.607169938205458224e+06 2.810163116985394703e-23
6.222570836730230600e+06 2.063479274128928761e-23
6.905513520162330940e+06 1.521553857438569792e-23
7.663410868007462472e+06 1.124192723247414269e-23
8.504489341802684590e+06 8.313934555035677005e-24
9.437878277775391936e+06 6.151414793216608416e-24
1.047370897959450819e+07 4.551510640013192117e-24
1.162322468679854274e+07 3.366400993903785897e-24
1.289890261253307760e+07 2.487906154568191109e-24
1.431458937523478456e+07 1.836976848096735092e-24
1.588565129428052530e+07 1.354581211921612616e-24
1.762914118095947802e+07 9.974110410591980497e-25
1.956398343517064676e+07 7.331747089719196361e-25
2.171117945694505423e+07 5.378911340571052666e-25
2.409403560239527002e+07 3.937758946405177557e-25
2.673841615839949250e+07 2.875190751161020246e-25
2.967302408188872784e+07 2.093708713270951082e-25
3.292971255097155273e+07 1.519865631591128441e-25
3.654383070957254618e+07 1.099516111894118681e-25
4.055460735840827972e+07 7.922735962295578467e-26
4.500557675700496882e+07 5.684101327669485940e-26
4.994505115855139494e+07 4.058049123750051988e-26
5.542664520663107187e+07 2.881190073007520431e-26
6.150985788580504060e+07 2.032627155807814822e-26
6.826071834272393584e+07 1.423459530659017228e-26
7.575250258771920204e+07 9.883382798877034744e-27
8.406652885618332028e+07 6.795942330776871456e-27
9.329304026284696162e+07 4.617132155402821388e-27
1.035321843295663744e+08 3.093062842533808196e-27
1.148951000187308788e+08 2.036555899509110400e-27
1.275051240713012964e+08 1.312254177201292086e-27
1.414991297434575856e+08 8.233940158691857576e-28
1.570290124729377627e+08 4.987074119986790903e-28
1.742633386009651124e+08 2.884226566842290803e-28
1.933891750455232263e+08 1.564977529949775480e-28
2.146141197858406007e+08 7.753720997990010585e-29
2.381685551976160705e+08 3.360293080088802341e-29
2.643081486974108517e+08 1.184538037724451172e-29
2.933166278390048146e+08 2.721477412259096601e-30
3.255088599835056663e+08 1.799785043537942939e-33
