1.000000000000000000e+02 1.200639175570900877e-15
1.109752496412072134e+02 1.030185059532060712e-15
1.231550603292826196e+02 8.837213656197490867e-16
1.366716356462005990e+02 7.571458081249721456e-16
1.516716888470922413e+02 6.474446852979905007e-16
1.683180353330956791e+02 5.536795144786527185e-16
1.867913599020782840e+02 4.719470975161060125e-16
2.072921779595371845e+02 4.021269630834460055e-16
2.300430119772916839e+02 3.421145236536430323e-16
2.552908068239516410e+02 2.904228565980154766e-16
2.833096101839323637e+02 2.465245780030629837e-16
3.144035471591500368e+02 2.087104207912957161e-16
3.489101213406774491e+02 1.765288409260259369e-16
3.872038781812557318e+02 1.492223020214973537e-16
4.297004704320843871e+02 1.257872335733395050e-16
4.768611697714468960e+02 1.060368363744750856e-16
5.291978735958442712e+02 8.920154772523859031e-17
5.872786613189482523e+02 7.492946624346161436e-17
6.517339604882420190e+02 6.293226793940200027e-17
7.232633896483533817e+02 5.270455280060464775e-17
8.026433522257173081e+02 4.407136889023881737e-17
8.907354638610439679e+02 3.681166006680696359e-17
9.884959046625587007e+02 3.070636385775566845e-17
1.096985797892383971e+03 2.550707158414128744e-17
1.217382727739662187e+03 2.118583822913181756e-17
1.350993521198027793e+03 1.754443181139082729e-17
1.499268432786045423e+03 1.448764688953643609e-17
1.663816886076128640e+03 1.193627555199043322e-17
1.846424942895544291e+03 9.801111632988205912e-18
2.049074689815845886e+03 8.027025983790703503e-18
2.273965752357927613e+03 6.553578276696413276e-18
2.523539170434765765e+03 5.327965022259214807e-18
2.800503894183631019e+03 4.325127302650098675e-18
3.107866187782013640e+03 3.494376279780651752e-18
3.448962260405759935e+03 2.810965174064693695e-18
3.827494478516314757e+03 2.251319936631582689e-18
4.247571552536898707e+03 1.797107366052793842e-18
4.713753134116724141e+03 1.430390030784635829e-18
5.231099308056262998e+03 1.132216971058250130e-18
5.805225516094896193e+03 8.891478860446081884e-19
6.442363508721369726e+03 6.965662090653026654e-19
7.149428986597576113e+03 5.429805060533060576e-19
7.934096665797491369e+03 4.215557851922400272e-19
8.804883581643463913e+03 3.243821014985197597e-19
9.771241535346502133e+03 2.485156929347050232e-19
1.084365968689610963e+04 1.891263939782377480e-19
1.203377840777589154e+04 1.431023873595816831e-19
1.335451562929898682e+04 1.076505474390619290e-19
1.482020705798858762e+04 8.048470799798982805e-20
1.644676177994664249e+04 5.983669291557961052e-20
1.825183494319044257e+04 4.427823754885218207e-20
2.025501939230666540e+04 3.259402228397647504e-20
2.247805833548725059e+04 2.391999355384232137e-20
2.494508135230316839e+04 1.749499142681295960e-20
2.768286630392066581e+04 1.279473947379869614e-20
3.072112998861759115e+04 9.377550744589207641e-21
3.409285069746814406e+04 6.898998054018896074e-21
3.783462617131928710e+04 5.104262109345120023e-21
4.198707084443910571e+04 3.806319365326829814e-21
4.659525668664683326e+04 2.863468341203007274e-21
5.170920242896761192e+04 2.176886351909295176e-21
5.738441648302398244e+04 1.670796668883215497e-21
6.368249944718585903e+04 1.299022693738507003e-21
7.067181273927491566e+04 1.017514274384078591e-21
7.842822061337680498e+04 7.970392644963775420e-22
8.703591361485165544e+04 6.278313558132087628e-22
9.658832241158708348e+04 4.925398011415622999e-22
1.071891319205127511e+05 3.840206938935963441e-22
1.189534067370319535e+05 2.972226553877683584e-22
1.320088400831418112e+05 2.279943695407321096e-22
1.464971398307286145e+05 1.729411717988242240e-22
1.625755666443794908e+05 1.292538973963100114e-22
1.804186409392071655e+05 9.560729274968094797e-23
2.002200371815584658e+05 6.904619860678681171e-23
2.221946860939523904e+05 4.893299009773203848e-23
2.465811075822604180e+05 3.377782717814861361e-23
2.736439997074671555e+05 2.243043073230303561e-23
3.036771118035460822e+05 1.436405272669441341e-23
3.370064329271928291e+05 8.707613753209405420e-24
3.739937302478798083e+05 4.933176583851382081e-24
4.150404757850476308e+05 2.514501460559022954e-24
4.605922041145108524e+05 1.119460347797996737e-24
5.111433483440171112e+05 4.200905950568374086e-25
5.672426068491977639e+05 1.353736197149865453e-25
6.294988990221888525e+05 4.634979861802392978e-26
6.985879746785250027e+05 2.279879543975448455e-26
7.752597488629464060e+05 1.494891046684387565e-26
8.603464416684507160e+05 1.066016091083400252e-26
9.547716114208066138e+05 7.696535281905774110e-27
1.059560179277617019e+06 5.553084912111943168e-27
1.175849554052158026e+06 3.998238704856249531e-27
1.304901978014401859e+06 2.870449548609367015e-27
1.448118227674532915e+06 2.051980276750294261e-27
1.607052818261638284e+06 1.459176739271060795e-27
1.783430876931909472e+06 1.031757206784121105e-27
1.979166867853557458e+06 7.238158877501205796e-28
2.196385372416546568e+06 5.033633386197017506e-28
2.437444150122222025e+06 3.463862479968520037e-28
2.704959730463137385e+06 2.354652090776647289e-28
3.001835813575591892e+06 1.576990884279425959e-28
3.331294787934676744e+06 1.037305298959377707e-28
3.696912707195031922e+06 6.678458820874912864e-29
4.102658105827190448e+06 4.185441301511370149e-29
4.552935074866947718e+06 2.535605242781111622e-29
5.052631065335679799e+06 1.470299833395956688e-29
5.607169938205458224e+06 8.024940222450578084e-30
6.222570836730230600e+06 4.014142051983131709e-30
6.905513520162330940e+06 1.742748570279601424e-30
7.663410868007462472e+06 5.782762344521348179e-31
8.504489341802684590e+06 9.439453889814083295e-32
