1.000000000000000000e+02 2.810844786184748524e-14
1.109752496412072134e+02 2.416310429649411689e-14
1.231550603292826196e+02 2.081282829256386946e-14
1.366716356462005990e+02 1.796069508063642246e-14
1.516716888470922413e+02 1.551950289223547651e-14
1.683180353330956791e+02 1.342632314085879051e-14
1.867913599020782840e+02 1.162687409945039389e-14
2.072921779595371845e+02 1.007532167445051449e-14
2.300430119772916839e+02 8.734548355135240938e-15
2.552908068239516410e+02 7.573184692316353252e-15
2.833096101839323637e+02 6.565744421516383994e-15
3.144035471591500368e+02 5.690594306533528298e-15
3.489101213406774491e+02 4.929427562626271543e-15
3.872038781812557318e+02 4.268047414333226437e-15
4.297004704320843871e+02 3.692267647848768395e-15
4.768611697714468960e+02 3.191751910048567304e-15
5.291978735958442712e+02 2.756254326323435042e-15
5.872786613189482523e+02 2.378005648318472925e-15
6.517339604882420190e+02 2.049582628493284335e-15
7.232633896483533817e+02 1.764661518884514280e-15
8.026433522257173081e+02 1.517320269185232234e-15
8.907354638610439679e+02 1.303411314033685202e-15
9.884959046625587007e+02 1.118656124113900772e-15
1.096985797892383971e+03 9.588548873688693264e-16
1.217382727739662187e+03 8.209481064307357288e-16
1.350993521198027793e+03 7.022796679101707968e-16
1.499268432786045423e+03 6.000893805162865539e-16
1.663816886076128640e+03 5.124007872366173495e-16
1.846424942895544291e+03 4.371910713136386564e-16
2.049074689815845886e+03 3.727657358895439814e-16
2.273965752357927613e+03 3.175506479252722364e-16
2.523539170434765765e+03 2.704076732362519835e-16
2.800503894183631019e+03 2.301565127353806754e-16
3.107866187782013640e+03 1.958192362919260681e-16
3.448962260405759935e+03 1.665851163316097096e-16
3.827494478516314757e+03 1.416146523500734332e-16
4.247571552536898707e+03 1.203871381109526971e-16
4.713753134116724141e+03 1.023011222984586860e-16
5.231099308056262998e+03 8.690515019174426807e-17
5.805225516094896193e+03 7.377455072639376660e-17
6.442363508721369726e+03 6.261342003211511545e-17
7.149428986597576113e+03 5.310553775680023016e-17
7.934096665797491369e+03 4.499708093787819054e-17
8.804883581643463913e+03 3.810634848314244055e-17
9.771241535346502133e+03 3.223215419943739307e-17
1.084365968689610963e+04 2.723947545660605215e-17
1.203377840777589154e+04 2.299951839762662933e-17
1.335451562929898682e+04 1.939996329909498476e-17
1.482020705798858762e+04 1.634680706229987822e-17
1.644676177994664249e+04 1.376926405726632689e-17
1.825183494319044257e+04 1.159324950977522130e-17
2.025501939230666540e+04 9.756635623349956334e-18
2.247805833548725059e+04 8.213116556746130163e-18
2.494508135230316839e+04 6.915359941452841031e-18
2.768286630392066581e+04 5.821284359817584276e-18
3.072112998861759115e+04 4.900488230470924954e-18
3.409285069746814406e+04 4.124716794558301331e-18
3.783462617131928710e+04 3.470652380997994783e-18
4.198707084443910571e+04 2.918863324120225264e-18
4.659525668664683326e+04 2.453773903449716804e-18
5.170920242896761192e+04 2.061752298108226136e-18
5.738441648302398244e+04 1.731532147832236245e-18
6.368249944718585903e+04 1.453329791391744242e-18
7.067181273927491566e+04 1.219139949553058715e-18
7.842822061337680498e+04 1.022062578081935949e-18
8.703591361485165544e+04 8.562974680295745633e-19
9.658832241158708348e+04 7.169673554738272920e-19
1.071891319205127511e+05 5.998248085936164554e-19
1.189534067370319535e+05 5.014544698955440184e-19
1.320088400831418112e+05 4.188724339203129783e-19
1.464971398307286145e+05 3.495624150284005897e-19
1.625755666443794908e+05 2.914306352410989873e-19
1.804186409392071655e+05 2.427456055565699405e-19
2.002200371815584658e+05 2.019568678683217177e-19
2.221946860939523904e+05 1.678357674129131610e-19
2.465811075822604180e+05 1.393192047096148986e-19
2.736439997074671555e+05 1.155190466511963966e-19
3.036771118035460822e+05 9.568524498741600790e-20
3.370064329271928291e+05 7.918689275230388068e-20
3.739937302478798083e+05 6.547563702149761991e-20
4.150404757850476308e+05 5.410785106606220165e-20
4.605922041145108524e+05 4.468471221402623867e-20
5.111433483440171112e+05 3.688596716870333662e-20
5.672426068491977639e+05 3.042861320387432444e-20
6.294988990221888525e+05 2.508842939281765996e-20
6.985879746785250027e+05 2.067257624709124394e-20
7.752597488629464060e+05 1.702509715746246452e-20
8.603464416684507160e+05 1.401209802380050674e-20
9.547716114208066138e+05 1.152471335743609549e-20
1.059560179277617019e+06 9.471860576480734058e-21
1.175849554052158026e+06 7.778966208348616633e-21
1.304901978014401859e+06 6.383885834513994477e-21
1.448118227674532915e+06 5.234324150885275998e-21
1.607052818261638284e+06 4.288302528098763281e-21
1.783430876931909472e+06 3.510130506869577968e-21
1.979166867853557458e+06 2.870422087111497108e-21
2.196385372416546568e+06 2.344952017645585278e-21
2.437444150122222025e+06 1.913647134865060519e-21
2.704959730463137385e+06 1.559724933756954270e-21
3.001835813575591892e+06 1.269946295747255718e-21
3.331294787934676744e+06 1.032554212951502958e-21
3.696912707195031922e+06 8.383137653890155007e-22
4.102658105827190448e+06 6.796036984112578029e-22
4.552935074866947718e+06 5.499843516011606441e-22
5.052631065335679799e+06 4.444146094774228659e-22
5.607169938205458224e+06 3.583394321600767345e-22
6.222570836730230600e+06 2.882942421609977156e-22
6.905513520162330940e+06 2.313849535301198665e-22
7.663410868007462472e+06 1.852180095488324272e-22
8.504489341802684590e+06 1.477780653841571312e-22
9.437878277775391936e+06 1.175657310544201761e-22
1.047370897959450819e+07 9.315794376372753448e-23
1.162322468679854274e+07 7.348959153631476892e-23
1.289890261253307760e+07 5.770462897536278344e-23
1.431458937523478456e+07 4.507164676675576213e-23
1.588565129428052530e+07 3.498804882524128234e-23
1.762914118095947802e+07 2.697707779626138907e-23
1.956398343517064676e+07 2.064879446529372595e-23
2.171117945694505423e+07 1.568131824986587129e-23
2.409403560239527002e+07 1.179879713980507115e-23
2.673841615839949250e+07 8.785623977440355971e-24
2.967302408188872784e+07 6.460557613393075439e-24
3.292971255097155273e+07 4.677266504737971411e-24
3.654383070957254618e+07 3.327611965879002232e-24
4.055460735840827972e+07 2.320434892994628114e-24
4.500557675700496882e+07 1.582880904579819872e-24
4.994505115855139494e+07 1.048667976871012983e-24
5.542664520663107187e+07 6.645322448050266122e-25
6.150985788580504060e+07 3.872944913998484734e-25
6.826071834272393584e+07 1.883866103591876331e-25
7.575250258771920204e+07 5.815734982666186958e-26
8.406652885618332028e+07 3.512737303398628262e-27
