1.000000000000000000e+02 3.449440197522355288e-11
1.109752496412072134e+02 2.947321361125610236e-11
1.231550603292826196e+02 2.511261105234213703e-11
1.366716356462005990e+02 2.136582995289176326e-11
1.516716888470922413e+02 1.811705812184621082e-11
1.683180353330956791e+02 1.533790141951707685e-11
1.867913599020782840e+02 1.293610153943127756e-11
2.072921779595371845e+02 1.088621987919016615e-11
2.300430119772916839e+02 9.144784093821609563e-12
2.552908068239516410e+02 7.655695607813036802e-12
2.833096101839323637e+02 6.396313554084749398e-12
3.144035471591500368e+02 5.333777809651251633e-12
3.489101213406774491e+02 4.443833108212697276e-12
3.872038781812557318e+02 3.689522146335082838e-12
4.297004704320843871e+02 3.064703638268553517e-12
4.768611697714468960e+02 2.539001316532177053e-12
5.291978735958442712e+02 2.105447177450919661e-12
5.872786613189482523e+02 1.742635983192517989e-12
6.517339604882420190e+02 1.443771649982211537e-12
7.232633896483533817e+02 1.195767920134641652e-12
8.026433522257173081e+02 9.912894800838316578e-13
8.907354638610439679e+02 8.215093705152557716e-13
9.884959046625587007e+02 6.813575115260385653e-13
1.096985797892383971e+03 5.649316771988189912e-13
1.217382727739662187e+03 4.683143506143676373e-13
1.350993521198027793e+03 3.881594048007630520e-13
1.499268432786045423e+03 3.210788455101066234e-13
1.663816886076128640e+03 2.655640902842372012e-13
1.846424942895544291e+03 2.189344244118960535e-13
2.049074689815845886e+03 1.801694649498879887e-13
2.273965752357927613e+03 1.476975262742936468e-13
2.523539170434765765e+03 1.211174678691720454e-13
2.800503894183631019e+03 9.845739948472276402e-14
3.107866187782013640e+03 7.995529185706387832e-14
3.448962260405759935e+03 6.467457480234318234e-14
3.827494478516314757e+03 5.215620517990226369e-14
4.247571552536898707e+03 4.194038116731398061e-14
4.713753134116724141e+03 3.360928145412599166e-14
5.231099308056262998e+03 2.693273918996228224e-14
5.805225516094896193e+03 2.150527361146571798e-14
6.442363508721369726e+03 1.723191844114368231e-14
7.149428986597576113e+03 1.377741292767470571e-14
7.934096665797491369e+03 1.107377776533669635e-14
8.804883581643463913e+03 8.927005957516969402e-15
9.771241535346502133e+03 7.220221026575790897e-15
1.084365968689610963e+04 5.898773567195379736e-15
1.203377840777589154e+04 4.821913349776442028e-15
1.335451562929898682e+04 3.980464714112022604e-15
1.482020705798858762e+04 3.299607868571430070e-15
1.644676177994664249e+04 2.752665643728326455e-15
1.825183494319044257e+04 2.303595657789080242e-15
2.025501939230666540e+04 1.934161131271579142e-15
2.247805833548725059e+04 1.627028133126250516e-15
2.494508135230316839e+04 1.367975229944778815e-15
2.768286630392066581e+04 1.149843071400153366e-15
3.072112998861759115e+04 9.648324098941138643e-16
3.409285069746814406e+04 8.081574893369789356e-16
3.783462617131928710e+04 6.736957060572803596e-16
4.198707084443910571e+04 5.585835878024810638e-16
4.659525668664683326e+04 4.609212657675340235e-16
5.170920242896761192e+04 3.780836691632337929e-16
5.738441648302398244e+04 3.079682139156341454e-16
6.368249944718585903e+04 2.485710243124744676e-16
7.067181273927491566e+04 1.987113996500683015e-16
7.842822061337680498e+04 1.570211714204893304e-16
8.703591361485165544e+04 1.225476643656422518e-16
9.658832241158708348e+04 9.434358120906219076e-17
1.071891319205127511e+05 7.143537162729151600e-17
1.189534067370319535e+05 5.315425509262531996e-17
1.320088400831418112e+05 3.877007648111553562e-17
1.464971398307286145e+05 2.782667396043186519e-17
1.625755666443794908e+05 1.948373031112486880e-17
1.804186409392071655e+05 1.348318819921527114e-17
2.002200371815584658e+05 9.277248125522155842e-18
2.221946860939523904e+05 6.431521196599377633e-18
2.465811075822604180e+05 4.554103437211958357e-18
2.736439997074671555e+05 3.323626425234657252e-18
3.036771118035460822e+05 2.492320637996834669e-18
3.370064329271928291e+05 1.910644515593861395e-18
3.739937302478798083e+05 1.484814622227504989e-18
4.150404757850476308e+05 1.161514362568886085e-18
4.605922041145108524e+05 9.103145146492249436e-19
5.111433483440171112e+05 7.146081003662215579e-19
5.672426068491977639e+05 5.585829663314316604e-19
6.294988990221888525e+05 4.354110517787118095e-19
6.985879746785250027e+05 3.379248434125376923e-19
7.752597488629464060e+05 2.612514071978978863e-19
8.603464416684507160e+05 2.009736560503483854e-19
9.547716114208066138e+05 1.536709335934610654e-19
1.059560179277617019e+06 1.166170659672720404e-19
1.175849554052158026e+06 8.773283523975078560e-20
1.304901978014401859e+06 6.529990221537709808e-20
1.448118227674532915e+06 4.803946137159128991e-20
1.607052818261638284e+06 3.482848021496194041e-20
1.783430876931909472e+06 2.484258116291664149e-20
1.979166867853557458e+06 1.738134921730383741e-20
2.196385372416546568e+06 1.187125272770490611e-20
2.437444150122222025e+06 7.959794460266718189e-21
2.704959730463137385e+06 5.182871951710496090e-21
3.001835813575591892e+06 3.282285876980255908e-21
3.331294787934676744e+06 2.017578476526848676e-21
3.696912707195031922e+06 1.205837524867579799e-21
4.102658105827190448e+06 7.014745479421065142e-22
4.552935074866947718e+06 3.975179122201190311e-22
5.052631065335679799e+06 2.172784815758784075e-22
5.607169938205458224e+06 1.126377082987914396e-22
6.222570836730230600e+06 5.333393426657338020e-23
6.905513520162330940e+06 2.201132699735066594e-23
7.663410868007462472e+06 7.743235940205168290e-24
8.504489341802684590e+06 2.322915713092231460e-24
9.437878277775391936e+06 5.904561122808170993e-25
1.047370897959450819e+07 1.255990006472943762e-25
1.162322468679854274e+07 2.209629533803262830e-26
1.289890261253307760e+07 3.177755091443010604e-27
1.431458937523478456e+07 3.688900397803486176e-28
1.588565129428052530e+07 3.404946326945790217e-29
1.762914118095947802e+07 2.460455590066449422e-30
1.956398343517064676e+07 1.367623257364190029e-31
2.171117945694505423e+07 5.754573337729941858e-33
2.409403560239527002e+07 1.796635385250095974e-34
2.673841615839949250e+07 4.069812233667277572e-36
2.967302408188872784e+07 6.518646567641755202e-38
3.292971255097155273e+07 7.170961915849872701e-40
3.654383070957254618e+07 5.242578543385426861e-42
4.055460735840827972e+07 2.453663822337442731e-44
4.500557675700496882e+07 7.038673890445620089e-47
4.994505115855139494e+07 1.176781411074574861e-49
5.542664520663107187e+07 1.082915191704878118e-52
6.150985788580504060e+07 5.146481598687204639e-56
6.826071834272393584e+07 1.175753141156091838e-59
7.575250258771920204e+07 1.181577268315205373e-63
8.406652885618332028e+07 4.597805290342947070e-68
9.329304026284696162e+07 6.242645414231485702e-73
1.035321843295663744e+08 2.628297937424138169e-78
1.148951000187308788e+08 2.976746122331759388e-84
1.275051240713012964e+08 7.627708478375320770e-91
1.414991297434575856e+08 3.582679681542346777e-98
1.570290124729377627e+08 2.365983341433973620e-106
1.742633386009651124e+08 1.487723506590368502e-115
1.933891750455232263e+08 3.158725979359785681e-130
