1.000000000000000000e+02 1.378173014533148004e-11
1.109752496412072134e+02 1.200684103020421202e-11
1.231550603292826196e+02 1.046074463419857431e-11
1.366716356462005990e+02 9.110930897113295514e-12
1.516716888470922413e+02 7.934546520265892242e-12
1.683180353330956791e+02 6.908649536298024767e-12
1.867913599020782840e+02 6.014274774304397155e-12
2.072921779595371845e+02 5.234042100075298257e-12
2.300430119772916839e+02 4.554348806163087262e-12
2.552908068239516410e+02 3.961934865669849248e-12
2.833096101839323637e+02 3.445400999781705918e-12
3.144035471591500368e+02 2.995158743485309691e-12
3.489101213406774491e+02 2.603067655791833821e-12
3.872038781812557318e+02 2.261411676359469632e-12
4.297004704320843871e+02 1.964038370396646642e-12
4.768611697714468960e+02 1.705234679181834071e-12
5.291978735958442712e+02 1.479802139198402370e-12
5.872786613189482523e+02 1.283753232351269923e-12
6.517339604882420190e+02 1.113180725801082340e-12
7.232633896483533817e+02 9.648646232302796279e-13
8.026433522257173081e+02 8.360845817114505877e-13
8.907354638610439679e+02 7.240049996023713950e-13
9.884959046625587007e+02 6.268029175014503155e-13
1.096985797892383971e+03 5.423157892012733793e-13
1.217382727739662187e+03 4.690713026553092227e-13
1.350993521198027793e+03 4.054670302756829101e-13
1.499268432786045423e+03 3.503523156652329567e-13
1.663816886076128640e+03 3.025373838855205133e-13
1.846424942895544291e+03 2.611588304038656239e-13
2.049074689815845886e+03 2.252992416270483562e-13
2.273965752357927613e+03 1.942558899554825143e-13
2.523539170434765765e+03 1.674016240046280099e-13
2.800503894183631019e+03 1.441921303006950688e-13
3.107866187782013640e+03 1.241091311761425422e-13
3.448962260405759935e+03 1.067757152828059107e-13
3.827494478516314757e+03 9.180373890243043913e-14
4.247571552536898707e+03 7.887940835004792002e-14
4.713753134116724141e+03 6.773170833583354967e-14
5.231099308056262998e+03 5.812829118104184773e-14
5.805225516094896193e+03 4.985010752764817355e-14
6.442363508721369726e+03 4.272112394426485614e-14
7.149428986597576113e+03 3.657949381272779425e-14
7.934096665797491369e+03 3.130786277996004358e-14
8.804883581643463913e+03 2.676852651839718233e-14
9.771241535346502133e+03 2.287573462337853094e-14
1.084365968689610963e+04 1.952875440226617340e-14
1.203377840777589154e+04 1.666206518632781212e-14
1.335451562929898682e+04 1.420170731732502382e-14
1.482020705798858762e+04 1.209630617203140935e-14
1.644676177994664249e+04 1.029166205281303707e-14
1.825183494319044257e+04 8.751092583333159293e-15
2.025501939230666540e+04 7.431652445555646335e-15
2.247805833548725059e+04 6.306588119598954292e-15
2.494508135230316839e+04 5.346493034116800871e-15
2.768286630392066581e+04 4.527710911101076471e-15
3.072112998861759115e+04 3.829942129066019138e-15
3.409285069746814406e+04 3.236922678866455058e-15
3.783462617131928710e+04 2.732097277002568826e-15
4.198707084443910571e+04 2.304093229385848657e-15
4.659525668664683326e+04 1.939913469759428355e-15
5.170920242896761192e+04 1.632259927613478465e-15
5.738441648302398244e+04 1.371198059828284338e-15
6.368249944718585903e+04 1.150304638015138920e-15
7.067181273927491566e+04 9.640223895210425073e-16
7.842822061337680498e+04 8.065531895735203756e-16
8.703591361485165544e+04 6.739732709414121949e-16
9.658832241158708348e+04 5.623546884730620969e-16
1.071891319205127511e+05 4.684124448539320559e-16
1.189534067370319535e+05 3.895819988098285392e-16
1.320088400831418112e+05 3.235700582305033317e-16
1.464971398307286145e+05 2.682259407130740159e-16
1.625755666443794908e+05 2.219446364681834862e-16
1.804186409392071655e+05 1.833399853546976883e-16
2.002200371815584658e+05 1.511728063533636671e-16
2.221946860939523904e+05 1.243205863821271853e-16
2.465811075822604180e+05 1.021339743307362078e-16
2.736439997074671555e+05 8.369068313519208081e-17
3.036771118035460822e+05 6.843042175191290648e-17
3.370064329271928291e+05 5.583387451238414945e-17
3.739937302478798083e+05 4.544435909764223985e-17
4.150404757850476308e+05 3.689771753142989215e-17
4.605922041145108524e+05 2.988236109706720772e-17
5.111433483440171112e+05 2.413875055179493385e-17
5.672426068491977639e+05 1.945402674242375550e-17
6.294988990221888525e+05 1.562331671910160930e-17
6.985879746785250027e+05 1.252294168903448332e-17
7.752597488629464060e+05 9.996371113762186311e-18
8.603464416684507160e+05 7.966295538664855947e-18
9.547716114208066138e+05 6.321699942958083505e-18
1.059560179277617019e+06 5.001782578459385244e-18
1.175849554052158026e+06 3.942535673023256675e-18
1.304901978014401859e+06 3.099027171152437727e-18
1.448118227674532915e+06 2.425219091639486500e-18
1.607052818261638284e+06 1.891427654975650514e-18
1.783430876931909472e+06 1.468485294134036104e-18
1.979166867853557458e+06 1.135690851752518799e-18
2.196385372416546568e+06 8.732490414424190625e-19
2.437444150122222025e+06 6.688147017798221234e-19
2.704959730463137385e+06 5.092076926602300514e-19
3.001835813575591892e+06 3.852849967600072721e-19
3.331294787934676744e+06 2.893778736665624152e-19
3.696912707195031922e+06 2.156491337996927246e-19
4.102658105827190448e+06 1.591760505074908653e-19
4.552935074866947718e+06 1.162678463684677856e-19
5.052631065335679799e+06 8.388977238386076730e-20
5.607169938205458224e+06 5.966137019832003428e-20
6.222570836730230600e+06 4.178822577522898943e-20
6.905513520162330940e+06 2.850703860881748951e-20
7.663410868007462472e+06 1.894696787405055231e-20
8.504489341802684590e+06 1.221807479953329237e-20
9.437878277775391936e+06 7.592390925578591842e-21
1.047370897959450819e+07 4.526686865811990837e-21
1.162322468679854274e+07 2.591786642299795247e-21
1.289890261253307760e+07 1.444009223762716862e-21
1.431458937523478456e+07 7.977740197491842879e-22
1.588565129428052530e+07 4.452163032327717088e-22
1.762914118095947802e+07 2.517447440540795294e-22
1.956398343517064676e+07 1.421577135600047100e-22
2.171117945694505423e+07 7.907633072845378500e-23
2.409403560239527002e+07 4.328766942254330698e-23
2.673841615839949250e+07 2.401579084338373703e-23
2.967302408188872784e+07 1.398682487894370638e-23
3.292971255097155273e+07 8.682003102000421919e-24
3.654383070957254618e+07 5.662906532288257216e-24
4.055460735840827972e+07 3.798661339165430521e-24
4.500557675700496882e+07 2.579816782790186507e-24
4.994505115855139494e+07 1.755086767007156902e-24
5.542664520663107187e+07 1.193622169483248901e-24
6.150985788580504060e+07 8.099452326251494640e-25
6.826071834272393584e+07 5.469779212250202966e-25
7.575250258771920204e+07 3.670219106853813555e-25
8.406652885618332028e+07 2.440923695541070647e-25
9.329304026284696162e+07 1.604890083585199032e-25
1.035321843295663744e+08 1.040005943242155866e-25
1.148951000187308788e+08 6.612648080005474475e-26
1.275051240713012964e+08 4.103465193001995754e-26
1.414991297434575856e+08 2.475027647603110785e-26
1.570290124729377627e+08 1.428855482251919617e-26
1.742633386009651124e+08 7.800695938402749433e-27
1.933891750455232263e+08 3.937436799395897251e-27
2.146141197858406007e+08 1.774120766621757734e-27
2.381685551976160705e+08 6.664318183753008169e-28
2.643081486974108517e+08 1.581223559772913701e-28
2.933166278390048146e+08 4.120430819875635670e-34
3.255088599835056663e+08 2.293352334855938015e-70
3.612342699709430337e+08 1.353565367058073356e-91
4.008806328898465633e+08 1.203123972446039495e-107
4.448782831127585173e+08 2.020648202462147711e-122
4.937047852839003801e+08 4.198456865928344933e-137
5.478901179593944550e+08 1.049803269444339503e-151
