1.000000000000000000e+02 8.937405718817187671e-15
1.109752496412072134e+02 7.982680625792870353e-15
1.231550603292826196e+02 7.126628696029401002e-15
1.366716356462005990e+02 6.361050781328022238e-15
1.516716888470922413e+02 5.675603934776922214e-15
1.683180353330956791e+02 5.062543271982610807e-15
1.867913599020782840e+02 4.513825879173176916e-15
2.072921779595371845e+02 4.022767009929622005e-15
2.300430119772916839e+02 3.583953482502744401e-15
2.552908068239516410e+02 3.191790451005096811e-15
2.833096101839323637e+02 2.840204261531727182e-15
3.144035471591500368e+02 2.526176257288749601e-15
3.489101213406774491e+02 2.246211325621462281e-15
3.872038781812557318e+02 1.995156839122737013e-15
4.297004704320843871e+02 1.771485812097872121e-15
4.768611697714468960e+02 1.571832349676140171e-15
5.291978735958442712e+02 1.393644525075254249e-15
5.872786613189482523e+02 1.234604211742337178e-15
6.517339604882420190e+02 1.092934627003509432e-15
7.232633896483533817e+02 9.665607081457699606e-16
8.026433522257173081e+02 8.542717980682842013e-16
8.907354638610439679e+02 7.541182325012633979e-16
9.884959046625587007e+02 6.651076193479926654e-16
1.096985797892383971e+03 5.861244774692952942e-16
1.217382727739662187e+03 5.158253617854599378e-16
1.350993521198027793e+03 4.537640871447809191e-16
1.499268432786045423e+03 3.984737752570819347e-16
1.663816886076128640e+03 3.497732907787852889e-16
1.846424942895544291e+03 3.065428792933289067e-16
2.049074689815845886e+03 2.684611347217926422e-16
2.273965752357927613e+03 2.348726156281965934e-16
2.523539170434765765e+03 2.052372863370034235e-16
2.800503894183631019e+03 1.791781349036416513e-16
3.107866187782013640e+03 1.562529502337539433e-16
3.448962260405759935e+03 1.361804067951319273e-16
3.827494478516314757e+03 1.185982197451461284e-16
4.247571552536898707e+03 1.032274259828341827e-16
4.713753134116724141e+03 8.975189359774577349e-17
5.231099308056262998e+03 7.799107191755005083e-17
5.805225516094896193e+03 6.774510126585660795e-17
6.442363508721369726e+03 5.881850175627523649e-17
7.149428986597576113e+03 5.100030285307759747e-17
7.934096665797491369e+03 4.420306133209284035e-17
8.804883581643463913e+03 3.830454970562904216e-17
9.771241535346502133e+03 3.315004157717433379e-17
1.084365968689610963e+04 2.868443817847948823e-17
1.203377840777589154e+04 2.478591590159107952e-17
1.335451562929898682e+04 2.141052633442964115e-17
1.482020705798858762e+04 1.846779591921649417e-17
1.644676177994664249e+04 1.592288802179428231e-17
1.825183494319044257e+04 1.370478919210956179e-17
2.025501939230666540e+04 1.179165882524586869e-17
2.247805833548725059e+04 1.012981936225025382e-17
2.494508135230316839e+04 8.695583722416762015e-18
2.768286630392066581e+04 7.457701299240159758e-18
3.072112998861759115e+04 6.386484707193049233e-18
3.409285069746814406e+04 5.465572596039728353e-18
3.783462617131928710e+04 4.672456917275039390e-18
4.198707084443910571e+04 3.992874744330761889e-18
4.659525668664683326e+04 3.409053218324470490e-18
5.170920242896761192e+04 2.908704421990357338e-18
5.738441648302398244e+04 2.480603488206191218e-18
6.368249944718585903e+04 2.114540303165137216e-18
7.067181273927491566e+04 1.801613934967212749e-18
7.842822061337680498e+04 1.534712769974818379e-18
8.703591361485165544e+04 1.306822510090898045e-18
9.658832241158708348e+04 1.112511995657568939e-18
1.071891319205127511e+05 9.467443117017538185e-19
1.189534067370319535e+05 8.054923650167494774e-19
1.320088400831418112e+05 6.850370167516288370e-19
1.464971398307286145e+05 5.824057234570450340e-19
1.625755666443794908e+05 4.949807850559915156e-19
1.804186409392071655e+05 4.205469023877178129e-19
2.002200371815584658e+05 3.571101490608161075e-19
2.221946860939523904e+05 3.031291499176055788e-19
2.465811075822604180e+05 2.572020138903892110e-19
2.736439997074671555e+05 2.180975744075434644e-19
3.036771118035460822e+05 1.848469099757340503e-19
3.370064329271928291e+05 1.565834669783976912e-19
3.739937302478798083e+05 1.325431259862458829e-19
4.150404757850476308e+05 1.121315037086303038e-19
4.605922041145108524e+05 9.478722497237731332e-20
5.111433483440171112e+05 8.008755566381290242e-20
5.672426068491977639e+05 6.762643346827995971e-20
6.294988990221888525e+05 5.708009814502120604e-20
6.985879746785250027e+05 4.815572891198627817e-20
7.752597488629464060e+05 4.061091400359375743e-20
8.603464416684507160e+05 3.423167359628471264e-20
9.547716114208066138e+05 2.884134463444399153e-20
1.059560179277617019e+06 2.428854256053702316e-20
1.175849554052158026e+06 2.044157149451126484e-20
1.304901978014401859e+06 1.719718001410837005e-20
1.448118227674532915e+06 1.445998120226999826e-20
1.607052818261638284e+06 1.215113519083853415e-20
1.783430876931909472e+06 1.020550898940522089e-20
1.979166867853557458e+06 8.566732513322831176e-21
2.196385372416546568e+06 7.186366860470825837e-21
2.437444150122222025e+06 6.024988049389054769e-21
2.704959730463137385e+06 5.048263189252654201e-21
3.001835813575591892e+06 4.227049964172851616e-21
3.331294787934676744e+06 3.536745483970893444e-21
3.696912707195031922e+06 2.957499135623257005e-21
4.102658105827190448e+06 2.471235294026014094e-21
4.552935074866947718e+06 2.063401061574145340e-21
5.052631065335679799e+06 1.721453665301245550e-21
5.607169938205458224e+06 1.435059288613575044e-21
6.222570836730230600e+06 1.195284465582037715e-21
6.905513520162330940e+06 9.946637058695347588e-22
7.663410868007462472e+06 8.269277635014889020e-22
8.504489341802684590e+06 6.868913395663952365e-22
9.437878277775391936e+06 5.698957236773258944e-22
1.047370897959450819e+07 4.722632550395362760e-22
1.162322468679854274e+07 3.909259279481629929e-22
1.289890261253307760e+07 3.231613331382335881e-22
1.431458937523478456e+07 2.667712618677346448e-22
1.588565129428052530e+07 2.198742907449931523e-22
1.762914118095947802e+07 1.809656600502801344e-22
1.956398343517064676e+07 1.486203094479503430e-22
2.171117945694505423e+07 1.218257070888789709e-22
2.409403560239527002e+07 9.963937791742019450e-23
2.673841615839949250e+07 8.128258465777818583e-23
2.967302408188872784e+07 6.613204654117164177e-23
3.292971255097155273e+07 5.362238567945796676e-23
3.654383070957254618e+07 4.333210979976839406e-23
4.055460735840827972e+07 3.484749970697586241e-23
4.500557675700496882e+07 2.789024860659444604e-23
4.994505115855139494e+07 2.223018507515406048e-23
5.542664520663107187e+07 1.757308430470699073e-23
6.150985788580504060e+07 1.376325288948402643e-23
6.826071834272393584e+07 1.075809130514526846e-23
7.575250258771920204e+07 8.234279510794079114e-24
8.406652885618332028e+07 6.256604551459730117e-24
9.329304026284696162e+07 4.650101786406302952e-24
1.035321843295663744e+08 3.394032908347016132e-24
1.148951000187308788e+08 2.409405254328335963e-24
1.275051240713012964e+08 1.654203503319771807e-24
1.414991297434575856e+08 1.087289808234098648e-24
1.570290124729377627e+08 6.745349390622528936e-25
1.742633386009651124e+08 3.874120704016636658e-25
1.933891750455232263e+08 1.990565205420626186e-25
2.146141197858406007e+08 8.663560383033005513e-26
2.381685551976160705e+08 2.949118176813884749e-26
2.643081486974108517e+08 7.488217372612695890e-27
2.933166278390048146e+08 1.395040987540414611e-27
3.255088599835056663e+08 1.849469032929610666e-28
3.612342699709430337e+08 1.665414517352321047e-29
4.008806328898465633e+08 9.595945775192719500e-31
4.448782831127585173e+08 3.246917294545424305e-32
4.937047852839003801e+08 5.582537392311859132e-34
5.478901179593944550e+08 2.687137744355225333e-36
