1.000000000000000000e+02 1.809093820353487499e-12
1.109752496412072134e+02 1.588842848276760593e-12
1.231550603292826196e+02 1.394462104340934296e-12
1.366716356462005990e+02 1.223527390263436594e-12
1.516716888470922413e+02 1.072676515562949476e-12
1.683180353330956791e+02 9.401528203385452336e-13
1.867913599020782840e+02 8.233922372798068509e-13
2.072921779595371845e+02 7.208605204465608827e-13
2.300430119772916839e+02 6.306291621479046259e-13
2.552908068239516410e+02 5.514079019808791291e-13
2.833096101839323637e+02 4.818247620912603764e-13
3.144035471591500368e+02 4.207428409719472931e-13
3.489101213406774491e+02 3.671919526961396590e-13
3.872038781812557318e+02 3.202091636648183579e-13
4.297004704320843871e+02 2.790602337974183690e-13
4.768611697714468960e+02 2.430288620661382405e-13
5.291978735958442712e+02 2.115015058652812391e-13
5.872786613189482523e+02 1.839176251113075721e-13
6.517339604882420190e+02 1.598035498515460865e-13
7.232633896483533817e+02 1.387604239518974136e-13
8.026433522257173081e+02 1.203656046253409749e-13
8.907354638610439679e+02 1.043549225871384579e-13
9.884959046625587007e+02 9.037136628505599032e-14
1.096985797892383971e+03 7.821150900726599120e-14
1.217382727739662187e+03 6.762304224734303407e-14
1.350993521198027793e+03 5.842578949625235615e-14
1.499268432786045423e+03 5.042424744477257076e-14
1.663816886076128640e+03 4.348802986462286767e-14
1.846424942895544291e+03 3.746791393582598898e-14
2.049074689815845886e+03 3.225505196001124663e-14
2.273965752357927613e+03 2.773961352422517104e-14
2.523539170434765765e+03 2.383632131534679245e-14
2.800503894183631019e+03 2.046442305965283570e-14
3.107866187782013640e+03 1.755387959237355196e-14
3.448962260405759935e+03 1.504294616876481059e-14
3.827494478516314757e+03 1.288085529997476284e-14
4.247571552536898707e+03 1.102030081580474883e-14
4.713753134116724141e+03 9.418665571411245018e-15
5.231099308056262998e+03 8.044577859534995534e-15
5.805225516094896193e+03 6.863806439525002839e-15
6.442363508721369726e+03 5.850578524296855115e-15
7.149428986597576113e+03 4.983413376447250960e-15
7.934096665797491369e+03 4.240255797366958180e-15
8.804883581643463913e+03 3.604436561531812158e-15
9.771241535346502133e+03 3.060915402569687664e-15
1.084365968689610963e+04 2.596490696702690775e-15
1.203377840777589154e+04 2.200162401618567649e-15
1.335451562929898682e+04 1.862205874124537446e-15
1.482020705798858762e+04 1.574353422533530936e-15
1.644676177994664249e+04 1.329052610554255737e-15
1.825183494319044257e+04 1.120294997575047094e-15
2.025501939230666540e+04 9.436048850317454367e-16
2.247805833548725059e+04 7.930675468105767224e-16
2.494508135230316839e+04 6.658332720226281365e-16
2.768286630392066581e+04 5.581811724267846519e-16
3.072112998861759115e+04 4.670258573712222777e-16
3.409285069746814406e+04 3.903239200803164278e-16
3.783462617131928710e+04 3.256695214974717422e-16
4.198707084443910571e+04 2.712756717159917554e-16
4.659525668664683326e+04 2.256385146939915615e-16
5.170920242896761192e+04 1.873803996101576628e-16
5.738441648302398244e+04 1.553999367104880698e-16
6.368249944718585903e+04 1.286974588704275944e-16
7.067181273927491566e+04 1.064351233077277346e-16
7.842822061337680498e+04 8.791200863965156379e-17
8.703591361485165544e+04 7.252153823115736918e-17
9.658832241158708348e+04 5.975696051087284396e-17
1.071891319205127511e+05 4.918210209071048552e-17
1.189534067370319535e+05 4.043162528249546123e-17
1.320088400831418112e+05 3.319756767025987011e-17
1.464971398307286145e+05 2.722918625351635912e-17
1.625755666443794908e+05 2.230719519800749722e-17
1.804186409392071655e+05 1.825331191583637618e-17
2.002200371815584658e+05 1.491715947944235876e-17
2.221946860939523904e+05 1.217341791634788069e-17
2.465811075822604180e+05 9.921384159328402105e-18
2.736439997074671555e+05 8.074237358013481051e-18
3.036771118035460822e+05 6.560771378092314421e-18
3.370064329271928291e+05 5.322058810767168950e-18
3.739937302478798083e+05 4.309876756657681616e-18
4.150404757850476308e+05 3.484260853734737104e-18
4.605922041145108524e+05 2.811464589114518818e-18
5.111433483440171112e+05 2.264842220104704153e-18
5.672426068491977639e+05 1.821692877714654411e-18
6.294988990221888525e+05 1.462776010037214050e-18
6.985879746785250027e+05 1.173205645571718813e-18
7.752597488629464060e+05 9.389601943751716720e-19
8.603464416684507160e+05 7.508632263386161734e-19
9.547716114208066138e+05 5.993318516134289306e-19
1.059560179277617019e+06 4.778213012985125371e-19
1.175849554052158026e+06 3.802354641071597930e-19
1.304901978014401859e+06 3.021406390794553139e-19
1.448118227674532915e+06 2.396413620939099970e-19
1.607052818261638284e+06 1.897505356054825980e-19
1.783430876931909472e+06 1.499760249240664522e-19
1.979166867853557458e+06 1.182843294002566056e-19
2.196385372416546568e+06 9.311550660777795073e-20
2.437444150122222025e+06 7.315594208591928720e-20
2.704959730463137385e+06 5.732987282508021570e-20
3.001835813575591892e+06 4.480285065180168386e-20
3.331294787934676744e+06 3.492330778035249355e-20
3.696912707195031922e+06 2.715990463699541307e-20
4.102658105827190448e+06 2.104024443770530591e-20
4.552935074866947718e+06 1.624844156636151220e-20
5.052631065335679799e+06 1.249673764579554335e-20
5.607169938205458224e+06 9.566533378693413768e-21
6.222570836730230600e+06 7.290431445663239013e-21
6.905513520162330940e+06 5.530921759646687790e-21
7.663410868007462472e+06 4.176878259518693747e-21
8.504489341802684590e+06 3.144052248446018461e-21
9.437878277775391936e+06 2.359459448034444481e-21
1.047370897959450819e+07 1.763603398568114870e-21
1.162322468679854274e+07 1.312915471194463751e-21
1.289890261253307760e+07 9.734086890455076288e-22
1.431458937523478456e+07 7.177176067176686143e-22
1.588565129428052530e+07 5.262806318905520820e-22
1.762914118095947802e+07 3.837686224261088232e-22
1.956398343517064676e+07 2.782948104298656631e-22
2.171117945694505423e+07 2.007320063832080869e-22
2.409403560239527002e+07 1.441115799574565054e-22
2.673841615839949250e+07 1.031274104088289698e-22
2.967302408188872784e+07 7.379067020072809053e-23
3.292971255097155273e+07 5.302930429783538645e-23
3.654383070957254618e+07 3.847215012593375226e-23
4.055460735840827972e+07 2.830496145417594837e-23
4.500557675700496882e+07 2.112777859640219806e-23
4.994505115855139494e+07 1.596874476518395235e-23
5.542664520663107187e+07 1.214045071164111976e-23
6.150985788580504060e+07 9.262236663495634972e-24
6.826071834272393584e+07 7.067919789990001447e-24
7.575250258771920204e+07 5.384822914630477675e-24
8.406652885618332028e+07 4.092456337729062042e-24
9.329304026284696162e+07 3.101395249277842242e-24
1.035321843295663744e+08 2.340825061364752118e-24
1.148951000187308788e+08 1.757049573957189983e-24
1.275051240713012964e+08 1.311897017709326660e-24
1.414991297434575856e+08 9.713947615166207317e-25
1.570290124729377627e+08 7.121227530760750903e-25
1.742633386009651124e+08 5.144539809582734262e-25
1.933891750455232263e+08 3.643796231728294630e-25
2.146141197858406007e+08 2.508296164127521020e-25
2.381685551976160705e+08 1.653217593405079288e-25
2.643081486974108517e+08 1.024400257181664144e-25
2.933166278390048146e+08 5.752958250203203852e-26
3.255088599835056663e+08 2.785079819413896565e-26
3.612342699709430337e+08 1.005927377571549565e-26
4.008806328898465633e+08 1.546863950339480229e-27
4.448782831127585173e+08 7.765825554567308780e-29
4.937047852839003801e+08 5.092062584999386430e-31
5.478901179593944550e+08 1.005667447894272547e-67
6.080224261649426222e+08 3.317462389063432535e-118
