1.000000000000000000e+02 1.464148842168225808e-12
1.109752496412072134e+02 1.274582663870521276e-12
1.231550603292826196e+02 1.108700894777676210e-12
1.366716356462005990e+02 9.628194529998371511e-13
1.516716888470922413e+02 8.363635304159467822e-13
1.683180353330956791e+02 7.250194729547159380e-13
1.867913599020782840e+02 6.275606031134890917e-13
2.072921779595371845e+02 5.429112900861909813e-13
2.300430119772916839e+02 4.692984613786773651e-13
2.552908068239516410e+02 4.050530820018200232e-13
2.833096101839323637e+02 3.489935054735389934e-13
3.144035471591500368e+02 3.004834654961986075e-13
3.489101213406774491e+02 2.584480894034386472e-13
3.872038781812557318e+02 2.219125168000583245e-13
4.297004704320843871e+02 1.905452717487113489e-13
4.768611697714468960e+02 1.631679543290994438e-13
5.291978735958442712e+02 1.399151003939852294e-13
5.872786613189482523e+02 1.194962770670339952e-13
6.517339604882420190e+02 1.023398403332815521e-13
7.232633896483533817e+02 8.729298760294015850e-14
8.026433522257173081e+02 7.456051324019288808e-14
8.907354638610439679e+02 6.355180483663979461e-14
9.884959046625587007e+02 5.580466224584619716e-14
1.096985797892383971e+03 4.615297451102574026e-14
1.217382727739662187e+03 3.933702335560425775e-14
1.350993521198027793e+03 3.342288780157327447e-14
1.499268432786045423e+03 2.841219585231651493e-14
1.663816886076128640e+03 2.409066195518582379e-14
1.846424942895544291e+03 2.039764520910455739e-14
2.049074689815845886e+03 1.723546431897779743e-14
2.273965752357927613e+03 1.452051966539108686e-14
2.523539170434765765e+03 1.220307435156958995e-14
2.800503894183631019e+03 1.020942735244710530e-14
3.107866187782013640e+03 8.518029471713176511e-15
3.448962260405759935e+03 7.072016198036905418e-15
3.827494478516314757e+03 5.845137599992530074e-15
4.247571552536898707e+03 4.801425662198057962e-15
4.713753134116724141e+03 3.922810540725402803e-15
5.231099308056262998e+03 3.187956907708480557e-15
5.805225516094896193e+03 2.572330237940009739e-15
6.442363508721369726e+03 2.064836250716025108e-15
7.149428986597576113e+03 1.644773581329308770e-15
7.934096665797491369e+03 1.303427226011913957e-15
8.804883581643463913e+03 1.024233481189718843e-15
9.771241535346502133e+03 8.046569024944448508e-16
1.084365968689610963e+04 6.255810266243094838e-16
1.203377840777589154e+04 4.854038001961870102e-16
1.335451562929898682e+04 3.759242603339780939e-16
1.482020705798858762e+04 2.908802095670868584e-16
1.644676177994664249e+04 2.251632741591335347e-16
1.825183494319044257e+04 1.753713432112703292e-16
2.025501939230666540e+04 1.371723685903436354e-16
2.247805833548725059e+04 1.081342369585714882e-16
2.494508135230316839e+04 8.397538863806059103e-17
2.768286630392066581e+04 6.890418778846324134e-17
3.072112998861759115e+04 5.567876982169024350e-17
3.409285069746814406e+04 4.527605135780863568e-17
3.783462617131928710e+04 3.702147538062886390e-17
4.198707084443910571e+04 3.035182978854037988e-17
4.659525668664683326e+04 2.491956667256436116e-17
5.170920242896761192e+04 2.044657425719256809e-17
5.738441648302398244e+04 1.674231574905717900e-17
6.368249944718585903e+04 1.363172136901840653e-17
7.067181273927491566e+04 1.103405713153591524e-17
7.842822061337680498e+04 8.885256341970760144e-18
8.703591361485165544e+04 7.090240907086626223e-18
9.658832241158708348e+04 5.611274895090875244e-18
1.071891319205127511e+05 4.390498938563210298e-18
1.189534067370319535e+05 3.385725533184995418e-18
1.320088400831418112e+05 2.557228699521880734e-18
1.464971398307286145e+05 1.896765733468783745e-18
1.625755666443794908e+05 1.367822143878873523e-18
1.804186409392071655e+05 9.543765027701239878e-19
2.002200371815584658e+05 6.430048768841789567e-19
2.221946860939523904e+05 4.140447884700967357e-19
2.465811075822604180e+05 2.546493197915865885e-19
2.736439997074671555e+05 1.506459704424671635e-19
3.036771118035460822e+05 8.783344114596336490e-20
3.370064329271928291e+05 5.294315713059223343e-20
3.739937302478798083e+05 3.476398102587488122e-20
4.150404757850476308e+05 2.518371485893958054e-20
4.605922041145108524e+05 1.942076842022739568e-20
5.111433483440171112e+05 1.538715229539742272e-20
5.672426068491977639e+05 1.230498360139504514e-20
6.294988990221888525e+05 9.854695676289149283e-21
6.985879746785250027e+05 7.885290687167277256e-21
7.752597488629464060e+05 6.301515080704590329e-21
8.603464416684507160e+05 5.030563742447896359e-21
9.547716114208066138e+05 4.010537189182659143e-21
1.059560179277617019e+06 3.193312323144458728e-21
1.175849554052158026e+06 2.539170076115454598e-21
1.304901978014401859e+06 2.016285672751613519e-21
1.448118227674532915e+06 1.598636950299113270e-21
1.607052818261638284e+06 1.265571604203786920e-21
1.783430876931909472e+06 1.000405451247843589e-21
1.979166867853557458e+06 7.894373628587860002e-22
2.196385372416546568e+06 6.219759520511797735e-22
2.437444150122222025e+06 4.892364176792913131e-22
2.704959730463137385e+06 3.841133602092472116e-22
3.001835813575591892e+06 3.010839673139670651e-22
3.331294787934676744e+06 2.355930851399424975e-22
3.696912707195031922e+06 1.839564101283439481e-22
4.102658105827190448e+06 1.433875481530880731e-22
4.552935074866947718e+06 1.115633825242349876e-22
5.052631065335679799e+06 8.662954704657611924e-23
5.607169938205458224e+06 6.711612808851218615e-23
6.222570836730230600e+06 5.190016855987342145e-23
6.905513520162330940e+06 4.004535889668966481e-23
7.663410868007462472e+06 3.083079743457546896e-23
8.504489341802684590e+06 2.368270162709547562e-23
9.437878277775391936e+06 1.814833083692970174e-23
1.047370897959450819e+07 1.387574421761018154e-23
1.162322468679854274e+07 1.058061997306363827e-23
1.289890261253307760e+07 8.047648336165011874e-24
1.431458937523478456e+07 6.105644811477831175e-24
1.588565129428052530e+07 4.618460231584228878e-24
1.762914118095947802e+07 3.483303586605824873e-24
1.956398343517064676e+07 2.619539645143946966e-24
2.171117945694505423e+07 1.963557534284347742e-24
2.409403560239527002e+07 1.466825733581615276e-24
2.673841615839949250e+07 1.091880910200786741e-24
2.967302408188872784e+07 8.096476526706941444e-25
3.292971255097155273e+07 5.979527922803115862e-25
3.654383070957254618e+07 4.397301472279183764e-25
4.055460735840827972e+07 3.218039376622553716e-25
4.500557675700496882e+07 2.343209464659390937e-25
4.994505115855139494e+07 1.696437431820395712e-25
5.542664520663107187e+07 1.220592136600940840e-25
6.150985788580504060e+07 8.722014420828668333e-26
6.826071834272393584e+07 6.184075613175810753e-26
7.575250258771920204e+07 4.345501055675018335e-26
8.406652885618332028e+07 3.022214211943299851e-26
9.329304026284696162e+07 2.077158854031008989e-26
1.035321843295663744e+08 1.407265711291913118e-26
1.148951000187308788e+08 9.375600884397591654e-27
1.275051240713012964e+08 6.114465228918460613e-27
1.414991297434575856e+08 3.885898443983096728e-27
1.570290124729377627e+08 2.387073497497346706e-27
1.742633386009651124e+08 1.403021702486113138e-27
1.933891750455232263e+08 7.755452713979761660e-28
2.146141197858406007e+08 3.926722770351163672e-28
2.381685551976160705e+08 1.733719628300330632e-28
2.643081486974108517e+08 5.878271013510710862e-29
2.933166278390048146e+08 6.472482257975289965e-30
