1.000000000000000000e+02 5.283212023661085414e-13
1.109752496412072134e+02 4.447343235652499131e-13
1.231550603292826196e+02 3.738804182655745865e-13
1.366716356462005990e+02 3.143687509835080929e-13
1.516716888470922413e+02 2.641446336209468921e-13
1.683180353330956791e+02 2.218414777351248588e-13
1.867913599020782840e+02 1.864470404155981085e-13
2.072921779595371845e+02 1.565745959723197557e-13
2.300430119772916839e+02 1.315118481133021935e-13
2.552908068239516410e+02 1.103848137572701973e-13
2.833096101839323637e+02 9.260661946916072825e-14
3.144035471591500368e+02 7.763292497849348393e-14
3.489101213406774491e+02 6.499889511991151905e-14
3.872038781812557318e+02 5.432961314832472048e-14
4.297004704320843871e+02 4.532810655248584221e-14
4.768611697714468960e+02 3.773420728373689758e-14
5.291978735958442712e+02 3.134233159406698851e-14
5.872786613189482523e+02 2.596180614794023883e-14
6.517339604882420190e+02 2.143754017967842798e-14
7.232633896483533817e+02 1.764252449344222232e-14
8.026433522257173081e+02 1.448558955937964812e-14
8.907354638610439679e+02 1.185941089641323228e-14
9.884959046625587007e+02 9.681537414153013859e-15
1.096985797892383971e+03 7.883702754884821763e-15
1.217382727739662187e+03 6.405066244555110505e-15
1.350993521198027793e+03 5.195297279467461626e-15
1.499268432786045423e+03 4.210063350687917287e-15
1.663816886076128640e+03 3.407815412937247320e-15
1.846424942895544291e+03 2.759976090955192471e-15
2.049074689815845886e+03 2.236486455713173673e-15
2.273965752357927613e+03 1.814418374139261939e-15
2.523539170434765765e+03 1.475379868974216701e-15
2.800503894183631019e+03 1.200180387446773226e-15
3.107866187782013640e+03 9.808065537166192382e-16
3.448962260405759935e+03 8.022178457610880129e-16
3.827494478516314757e+03 6.582706390037899923e-16
4.247571552536898707e+03 5.411380021354769584e-16
4.713753134116724141e+03 4.447406087087362575e-16
5.231099308056262998e+03 3.664728382207454767e-16
5.805225516094896193e+03 3.014041905160647792e-16
6.442363508721369726e+03 2.481199606743501856e-16
7.149428986597576113e+03 2.038842186111816334e-16
7.934096665797491369e+03 1.672117350243173944e-16
8.804883581643463913e+03 1.365814265748418592e-16
9.771241535346502133e+03 1.112651785310474273e-16
1.084365968689610963e+04 9.043706494948448555e-17
1.203377840777589154e+04 7.310896414065442983e-17
1.335451562929898682e+04 5.874486284627708247e-17
1.482020705798858762e+04 4.704114253750019801e-17
1.644676177994664249e+04 3.745879277107890866e-17
1.825183494319044257e+04 2.974160475310833317e-17
2.025501939230666540e+04 2.340688637465673779e-17
2.247805833548725059e+04 1.839127298541904730e-17
2.494508135230316839e+04 1.434455760763863596e-17
2.768286630392066581e+04 1.111757884569209653e-17
3.072112998861759115e+04 8.579914539052765510e-18
3.409285069746814406e+04 6.592232722294241329e-18
3.783462617131928710e+04 5.016470180436520248e-18
4.198707084443910571e+04 3.791650441598577141e-18
4.659525668664683326e+04 2.858071442502382137e-18
5.170920242896761192e+04 2.137854014855077958e-18
5.738441648302398244e+04 1.586385847782078029e-18
6.368249944718585903e+04 1.170114034979099934e-18
7.067181273927491566e+04 8.583863844135385230e-19
7.842822061337680498e+04 6.269837556802366219e-19
8.703591361485165544e+04 4.571362375629037869e-19
9.658832241158708348e+04 3.343543670027261848e-19
1.071891319205127511e+05 2.445482371404536413e-19
1.189534067370319535e+05 1.793261171041534588e-19
1.320088400831418112e+05 1.325987431613475082e-19
1.464971398307286145e+05 9.877645438401560681e-20
1.625755666443794908e+05 7.391505447781044402e-20
1.804186409392071655e+05 5.494993679383681834e-20
2.002200371815584658e+05 4.066983246957719014e-20
2.221946860939523904e+05 2.949818402904026042e-20
2.465811075822604180e+05 2.096826185720295068e-20
2.736439997074671555e+05 1.442903720259834256e-20
3.036771118035460822e+05 9.647871402983507428e-21
3.370064329271928291e+05 6.125477723559870785e-21
3.739937302478798083e+05 3.680213271178588281e-21
4.150404757850476308e+05 2.091867846424943242e-21
4.605922041145108524e+05 1.156367131438323403e-21
5.111433483440171112e+05 6.668269796738085509e-22
5.672426068491977639e+05 4.228103411239694922e-22
6.294988990221888525e+05 2.971681590046670248e-22
6.985879746785250027e+05 2.209664450282780908e-22
7.752597488629464060e+05 1.679807310222665481e-22
8.603464416684507160e+05 1.286581804494649041e-22
9.547716114208066138e+05 9.879130229481058052e-23
1.059560179277617019e+06 7.594537894061288915e-23
1.175849554052158026e+06 5.844002475864652179e-23
1.304901978014401859e+06 4.500429873502560010e-23
1.448118227674532915e+06 3.467055521158641572e-23
1.607052818261638284e+06 2.671615490738399106e-23
1.783430876931909472e+06 2.059198090499760057e-23
1.979166867853557458e+06 1.587041859957440193e-23
2.196385372416546568e+06 1.223054525109152423e-23
2.437444150122222025e+06 9.422001997154371961e-24
2.704959730463137385e+06 7.256575591159581055e-24
3.001835813575591892e+06 5.586467971976718652e-24
3.331294787934676744e+06 4.298922628242479365e-24
3.696912707195031922e+06 3.306128630190738357e-24
4.102658105827190448e+06 2.541211662111594145e-24
4.552935074866947718e+06 1.951686560966379984e-24
5.052631065335679799e+06 1.497985911844683736e-24
5.607169938205458224e+06 1.148792938294709552e-24
6.222570836730230600e+06 8.802114358208173217e-25
6.905513520162330940e+06 6.738331115686724297e-25
7.663410868007462472e+06 5.153740513814102198e-25
8.504489341802684590e+06 3.937481358430862401e-25
9.437878277775391936e+06 3.004835901147110073e-25
1.047370897959450819e+07 2.290444087456985569e-25
1.162322468679854274e+07 1.743962477490998564e-25
1.289890261253307760e+07 1.326078934437377977e-25
1.431458937523478456e+07 1.007036770286534448e-25
1.588565129428052530e+07 7.636765480054967135e-26
1.762914118095947802e+07 5.782820604750754122e-26
1.956398343517064676e+07 4.372149864899712061e-26
2.171117945694505423e+07 3.300307275397895705e-26
2.409403560239527002e+07 2.487027947283962606e-26
2.673841615839949250e+07 1.870821927547436327e-26
2.967302408188872784e+07 1.404576254933929322e-26
3.292971255097155273e+07 1.052427759055750594e-26
3.654383070957254618e+07 7.868719380980701675e-27
4.055460735840827972e+07 5.870174991727917473e-27
4.500557675700496882e+07 4.369701816912012551e-27
4.994505115855139494e+07 3.243529846129654882e-27
5.542664520663107187e+07 2.401357224777728178e-27
6.150985788580504060e+07 1.772967936164248989e-27
6.826071834272393584e+07 1.304586106853463921e-27
7.575250258771920204e+07 9.567141826974713688e-28
8.406652885618332028e+07 6.990227911247494955e-28
9.329304026284696162e+07 5.086378408997542680e-28
1.035321843295663744e+08 3.684211946236274462e-28
1.148951000187308788e+08 2.655176362886646707e-28
1.275051240713012964e+08 1.902736093392263922e-28
1.414991297434575856e+08 1.354927680865907314e-28
1.570290124729377627e+08 9.578119115863295975e-29
1.742633386009651124e+08 6.713005763786542000e-29
1.933891750455232263e+08 4.659895719451525568e-29
2.146141197858406007e+08 3.196424734754524707e-29
2.381685551976160705e+08 2.163146830970965844e-29
2.643081486974108517e+08 1.438936672886688569e-29
2.933166278390048146e+08 9.373873646760029425e-30
3.255088599835056663e+08 5.942294298611037883e-30
3.612342699709430337e+08 3.636207496245197213e-30
4.008806328898465633e+08 2.118538296912142042e-30
4.448782831127585173e+08 1.149590854590281921e-30
4.937047852839003801e+08 5.587435608614996010e-31
5.478901179593944550e+08 2.242560830580688126e-31
6.080224261649426222e+08 6.150693063019326961e-32
6.747544053110699654e+08 6.749084780286053249e-33
