1.000000000000000000e+02 1.839369563755138263e-10
1.109752496412072134e+02 1.573398523542492365e-10
1.231550603292826196e+02 1.343212620992112408e-10
1.366716356462005990e+02 1.145343845770841199e-10
1.516716888470922413e+02 9.746727588987967293e-11
1.683180353330956791e+02 8.269215839412433538e-11
1.867913599020782840e+02 7.009014310068519861e-11
2.072921779595371845e+02 5.918881163245446064e-11
2.300430119772916839e+02 4.992002189449558181e-11
2.552908068239516410e+02 4.198731501339780197e-11
2.833096101839323637e+02 3.517321494254296936e-11
3.144035471591500368e+02 2.943350167925823684e-11
3.489101213406774491e+02 2.450873840803467016e-11
3.872038781812557318e+02 2.038294223573265194e-11
4.297004704320843871e+02 1.688495967179517777e-11
4.768611697714468960e+02 1.393994206122758220e-11
5.291978735958442712e+02 1.149104646366082194e-11
5.872786613189482523e+02 9.417172982057985270e-12
6.517339604882420190e+02 7.711300577617072228e-12
7.232633896483533817e+02 6.292748425963378768e-12
8.026433522257173081e+02 5.123135648694219301e-12
8.907354638610439679e+02 4.160102328108006089e-12
9.884959046625587007e+02 3.372076462965413377e-12
1.096985797892383971e+03 2.728460375601063524e-12
1.217382727739662187e+03 2.206888732756637567e-12
1.350993521198027793e+03 1.782566309234747586e-12
1.499268432786045423e+03 1.439645309172028788e-12
1.663816886076128640e+03 1.163084833936800254e-12
1.846424942895544291e+03 9.395503941832065585e-13
2.049074689815845886e+03 7.599343425532681260e-13
2.273965752357927613e+03 6.141933110544027481e-13
2.523539170434765765e+03 4.973991346509864952e-13
2.800503894183631019e+03 4.019937002199067049e-13
3.107866187782013640e+03 3.253629959883299374e-13
3.448962260405759935e+03 2.625147776147627883e-13
3.827494478516314757e+03 2.117915944100275858e-13
4.247571552536898707e+03 1.700470260712623471e-13
4.713753134116724141e+03 1.364023049304724879e-13
5.231099308056262998e+03 1.085933546527316184e-13
5.805225516094896193e+03 8.642336751558146902e-14
6.442363508721369726e+03 6.821619697448274327e-14
7.149428986597576113e+03 5.363325297052398727e-14
7.934096665797491369e+03 4.180510497861414329e-14
8.804883581643463913e+03 3.252504700960821538e-14
9.771241535346502133e+03 2.498518085657494196e-14
1.084365968689610963e+04 1.920247340351142420e-14
1.203377840777589154e+04 1.461198807628276018e-14
1.335451562929898682e+04 1.113464038169050185e-14
1.482020705798858762e+04 8.419162744085453457e-15
1.644676177994664249e+04 6.372495189862818064e-15
1.825183494319044257e+04 4.827365501384560746e-15
2.025501939230666540e+04 3.657610339207581159e-15
2.247805833548725059e+04 2.793005431276843589e-15
2.494508135230316839e+04 2.145471319323027469e-15
2.768286630392066581e+04 1.659090559007089181e-15
3.072112998861759115e+04 1.296968156830964884e-15
3.409285069746814406e+04 1.023835320280570354e-15
3.783462617131928710e+04 8.143218276377776665e-16
4.198707084443910571e+04 6.535353240246229120e-16
4.659525668664683326e+04 5.272772779869368755e-16
5.170920242896761192e+04 4.270882305406740499e-16
5.738441648302398244e+04 3.467373085312463380e-16
6.368249944718585903e+04 2.815301134496295160e-16
7.067181273927491566e+04 2.282456088169116386e-16
7.842822061337680498e+04 1.845174163475881933e-16
8.703591361485165544e+04 1.484230327552253950e-16
9.658832241158708348e+04 1.187370364006761542e-16
1.071891319205127511e+05 9.425503478174656463e-17
1.189534067370319535e+05 7.418465176963784427e-17
1.320088400831418112e+05 5.774988927970126081e-17
1.464971398307286145e+05 4.439591033152319670e-17
1.625755666443794908e+05 3.364041411585899758e-17
1.804186409392071655e+05 2.504048598364583727e-17
2.002200371815584658e+05 1.833712382909693172e-17
2.221946860939523904e+05 1.318010459723991920e-17
2.465811075822604180e+05 9.232470271926782007e-18
2.736439997074671555e+05 6.380989020830142754e-18
3.036771118035460822e+05 4.371296037861067555e-18
3.370064329271928291e+05 3.014815969512872780e-18
3.739937302478798083e+05 2.129501911200528193e-18
4.150404757850476308e+05 1.561776001052961184e-18
4.605922041145108524e+05 1.191267657993108171e-18
5.111433483440171112e+05 9.357208343100470018e-19
5.672426068491977639e+05 7.481763246480170011e-19
6.294988990221888525e+05 6.035734323796932553e-19
6.985879746785250027e+05 4.886160055799555482e-19
7.752597488629464060e+05 3.958927942043953038e-19
8.603464416684507160e+05 3.206111477418619408e-19
9.547716114208066138e+05 2.593168760233273088e-19
1.059560179277617019e+06 2.094818427474681471e-19
1.175849554052158026e+06 1.689810685453707654e-19
1.304901978014401859e+06 1.360661752364817168e-19
1.448118227674532915e+06 1.094112747613627636e-19
1.607052818261638284e+06 8.782364542343958283e-20
1.783430876931909472e+06 7.035976423508160031e-20
1.979166867853557458e+06 5.625034169854162750e-20
2.196385372416546568e+06 4.488078184684234095e-20
2.437444150122222025e+06 3.572803920554352071e-20
2.704959730463137385e+06 2.837228591850734714e-20
3.001835813575591892e+06 2.247106406662996978e-20
3.331294787934676744e+06 1.774520998530256430e-20
3.696912707195031922e+06 1.397213195001709233e-20
4.102658105827190448e+06 1.096513070841600719e-20
4.552935074866947718e+06 8.574288151775544820e-21
5.052631065335679799e+06 6.678720786977381592e-21
5.607169938205458224e+06 5.180666347712689238e-21
6.222570836730230600e+06 4.001144801200492272e-21
6.905513520162330940e+06 3.075310470515423878e-21
7.663410868007462472e+06 2.350977352823728753e-21
8.504489341802684590e+06 1.786585006289498567e-21
9.437878277775391936e+06 1.348674007190369636e-21
1.047370897959450819e+07 1.011863079232500560e-21
1.162322468679854274e+07 7.539649278102078610e-22
1.289890261253307760e+07 5.557087315655786131e-22
1.431458937523478456e+07 4.056951315800747574e-22
1.588565129428052530e+07 2.943563817027992280e-22
1.762914118095947802e+07 2.098978421491326405e-22
1.956398343517064676e+07 1.479525231753627769e-22
2.171117945694505423e+07 1.028253247016390014e-22
2.409403560239527002e+07 7.010274832493792721e-23
2.673841615839949250e+07 4.693214295812149248e-23
2.967302408188872784e+07 3.070587572988692569e-23
3.292971255097155273e+07 1.961848911414634627e-23
3.654383070957254618e+07 1.219161670669828140e-23
4.055460735840827972e+07 7.342050431747539797e-24
4.500557675700496882e+07 4.253041283510543257e-24
4.994505115855139494e+07 2.343284710324425405e-24
5.542664520663107187e+07 1.204964687465555766e-24
6.150985788580504060e+07 5.597641139622922658e-25
6.826071834272393584e+07 2.258178791699590156e-25
7.575250258771920204e+07 7.572077961702543686e-26
8.406652885618332028e+07 2.008645294816572825e-26
9.329304026284696162e+07 3.925703646362803073e-27
1.035321843295663744e+08 4.885730702917141963e-28
1.148951000187308788e+08 2.074479066446778045e-29
1.275051240713012964e+08 2.029484222067821142e-34
1.414991297434575856e+08 3.048353217234281885e-49
