1.000000000000000000e+02 6.743444321968632122e-12
1.109752496412072134e+02 5.764459730862673792e-12
1.231550603292826196e+02 4.925680685068980059e-12
1.366716356462005990e+02 4.202550800914486697e-12
1.516716888470922413e+02 3.587583944707194181e-12
1.683180353330956791e+02 3.055928082350966680e-12
1.867913599020782840e+02 2.605804208625235668e-12
2.072921779595371845e+02 2.215574572858096820e-12
2.300430119772916839e+02 1.885798090856824950e-12
2.552908068239516410e+02 1.600772984850523294e-12
2.833096101839323637e+02 1.359639037327536780e-12
3.144035471591500368e+02 1.150988334143761290e-12
3.489101213406774491e+02 9.744775509122127026e-13
3.872038781812557318e+02 8.221841331764354873e-13
4.297004704320843871e+02 6.929926949921335642e-13
4.768611697714468960e+02 5.821845214807427529e-13
5.291978735958442712e+02 4.880109487944775581e-13
5.872786613189482523e+02 4.077713900683982066e-13
6.517339604882420190e+02 3.395602992170926248e-13
7.232633896483533817e+02 2.820145471025072088e-13
8.026433522257173081e+02 2.331501025981767055e-13
8.907354638610439679e+02 1.921176931618083452e-13
9.884959046625587007e+02 1.576687854490493480e-13
1.096985797892383971e+03 1.288600510404259184e-13
1.217382727739662187e+03 1.049424452628959877e-13
1.350993521198027793e+03 8.517559319925884415e-14
1.499268432786045423e+03 6.887948623569956901e-14
1.663816886076128640e+03 5.552521916728609008e-14
1.846424942895544291e+03 4.468171267874709282e-14
2.049074689815845886e+03 3.587143173868403534e-14
2.273965752357927613e+03 2.879583313620547510e-14
2.523539170434765765e+03 2.311055172061990947e-14
2.800503894183631019e+03 1.857824057977206911e-14
3.107866187782013640e+03 1.496366429058686349e-14
3.448962260405759935e+03 1.210080728340115170e-14
3.827494478516314757e+03 9.820473332287142253e-15
4.247571552536898707e+03 8.022304162051974197e-15
4.713753134116724141e+03 6.579531794977370260e-15
5.231099308056262998e+03 5.441860190398520307e-15
5.805225516094896193e+03 4.510022981274985516e-15
6.442363508721369726e+03 3.759896367523234795e-15
7.149428986597576113e+03 3.142753922533324761e-15
7.934096665797491369e+03 2.639767854299471686e-15
8.804883581643463913e+03 2.217210206150746855e-15
9.771241535346502133e+03 1.862653094702411531e-15
1.084365968689610963e+04 1.563739101644820158e-15
1.203377840777589154e+04 1.309130911071180880e-15
1.335451562929898682e+04 1.094741296103414931e-15
1.482020705798858762e+04 9.109810108738946671e-16
1.644676177994664249e+04 7.542177676302621008e-16
1.825183494319044257e+04 6.217799578568279440e-16
2.025501939230666540e+04 5.094888510066540926e-16
2.247805833548725059e+04 4.139644954217317993e-16
2.494508135230316839e+04 3.331993622638463895e-16
2.768286630392066581e+04 2.656450314780953292e-16
3.072112998861759115e+04 2.098520520384008007e-16
3.409285069746814406e+04 1.639782124839932289e-16
3.783462617131928710e+04 1.261199593119051779e-16
4.198707084443910571e+04 9.518307338752677276e-17
4.659525668664683326e+04 7.049946111084845920e-17
5.170920242896761192e+04 5.112986811473316996e-17
5.738441648302398244e+04 3.620331701829001585e-17
6.368249944718585903e+04 2.491801580771203677e-17
7.067181273927491566e+04 1.659798299295896770e-17
7.842822061337680498e+04 1.066887466060416206e-17
8.703591361485165544e+04 6.562955145775444849e-18
9.658832241158708348e+04 3.886699907991381934e-18
1.071891319205127511e+05 2.225099132798106573e-18
1.189534067370319535e+05 1.250018419769099345e-18
1.320088400831418112e+05 7.068696318498237512e-19
1.464971398307286145e+05 4.151964437524553648e-19
1.625755666443794908e+05 2.600173565102128034e-19
1.804186409392071655e+05 1.754743654875837920e-19
2.002200371815584658e+05 1.261742386809068653e-19
2.221946860939523904e+05 9.465679360435453680e-20
2.465811075822604180e+05 7.268224111132446866e-20
2.736439997074671555e+05 5.636409233618173477e-20
3.036771118035460822e+05 4.377855414815038556e-20
3.370064329271928291e+05 3.390530625491791492e-20
3.739937302478798083e+05 2.614169250158467104e-20
4.150404757850476308e+05 2.005964620793661308e-20
4.605922041145108524e+05 1.531489321536586598e-20
5.111433483440171112e+05 1.163452503356387602e-20
5.672426068491977639e+05 8.788269865853338040e-21
6.294988990221888525e+05 6.596326911104588423e-21
6.985879746785250027e+05 4.917914813117847102e-21
7.752597488629464060e+05 3.639143556446432246e-21
8.603464416684507160e+05 2.668970720364945757e-21
9.547716114208066138e+05 1.941484920650657579e-21
1.059560179277617019e+06 1.396710671879860139e-21
1.175849554052158026e+06 9.935262121727426121e-22
1.304901978014401859e+06 6.976654566877314069e-22
1.448118227674532915e+06 4.830028174541087076e-22
1.607052818261638284e+06 3.289794568032702716e-22
1.783430876931909472e+06 2.201396834942022536e-22
1.979166867853557458e+06 1.443524456574712558e-22
2.196385372416546568e+06 9.255293716302938913e-23
2.437444150122222025e+06 5.791554599921149619e-23
2.704959730463137385e+06 3.536089111271962671e-23
3.001835813575591892e+06 2.090008906259569763e-23
3.331294787934676744e+06 1.198077344185159720e-23
3.696912707195031922e+06 6.633751137373074809e-24
4.102658105827190448e+06 3.518385661486767478e-24
4.552935074866947718e+06 1.761761130109531335e-24
5.052631065335679799e+06 8.139496309730970676e-25
5.607169938205458224e+06 3.387300358044417994e-25
6.222570836730230600e+06 1.262540177693307352e-25
6.905513520162330940e+06 4.199814087522669620e-26
7.663410868007462472e+06 1.236276714904825602e-26
8.504489341802684590e+06 3.191037366996446938e-27
9.437878277775391936e+06 7.149839193318738436e-28
1.047370897959450819e+07 1.376923542225954610e-28
1.162322468679854274e+07 2.257089455323839190e-29
1.289890261253307760e+07 3.119783265261708461e-30
1.431458937523478456e+07 3.601112174423528444e-31
1.588565129428052530e+07 3.433503112772451996e-32
1.762914118095947802e+07 2.672231157766838281e-33
1.956398343517064676e+07 1.675247434929257659e-34
2.171117945694505423e+07 8.338133551537513451e-36
2.409403560239527002e+07 3.241988930439546249e-37
2.673841615839949250e+07 9.655104381300331021e-39
2.967302408188872784e+07 2.155676895757709852e-40
3.292971255097155273e+07 3.509624332191574362e-42
3.654383070957254618e+07 4.012637589000708160e-44
4.055460735840827972e+07 3.118738650075096341e-46
4.500557675700496882e+07 1.590280188125878824e-48
4.994505115855139494e+07 5.100931666852621104e-51
5.542664520663107187e+07 9.800280080977454900e-54
6.150985788580504060e+07 1.065157478254018544e-56
6.826071834272393584e+07 6.129790043477062584e-60
7.575250258771920204e+07 1.731337663354501988e-63
8.406652885618332028e+07 2.201991954328944040e-67
9.329304026284696162e+07 1.142888015059618405e-71
1.035321843295663744e+08 2.159550329394479402e-76
1.148951000187308788e+08 1.296999879028515374e-81
1.275051240713012964e+08 2.075411079779639983e-87
1.414991297434575856e+08 6.466898452559212144e-94
1.570290124729377627e+08 2.478540295772265235e-101
