1.000000000000000000e+02 3.320192528527400962e-15
1.109752496412072134e+02 2.826215926586045816e-15
1.231550603292826196e+02 2.403117090986001604e-15
1.366716356462005990e+02 2.041633965438135005e-15
1.516716888470922413e+02 1.733273225345125730e-15
1.683180353330956791e+02 1.470237918124414945e-15
1.867913599020782840e+02 1.246101661515791862e-15
2.072921779595371845e+02 1.055412008343150075e-15
2.300430119772916839e+02 8.933692738978965224e-16
2.552908068239516410e+02 7.556315108374424487e-16
2.833096101839323637e+02 6.385428604208226779e-16
3.144035471591500368e+02 5.390496668593553241e-16
3.489101213406774491e+02 4.545901202329545057e-16
3.872038781812557318e+02 3.828720883179212256e-16
4.297004704320843871e+02 3.219592722527701959e-16
4.768611697714468960e+02 2.702093406326913220e-16
5.291978735958442712e+02 2.262672395866574262e-16
5.872786613189482523e+02 1.890232896766315055e-16
6.517339604882420190e+02 1.573537623881600547e-16
7.232633896483533817e+02 1.304837306204659194e-16
8.026433522257173081e+02 1.077751673716534454e-16
8.907354638610439679e+02 8.859435182717120927e-17
9.884959046625587007e+02 7.242645717304032497e-17
1.096985797892383971e+03 5.886102118802283235e-17
1.217382727739662187e+03 4.747053109390151137e-17
1.350993521198027793e+03 3.798323650439071789e-17
1.499268432786045423e+03 3.008927730230758682e-17
1.663816886076128640e+03 2.359898371203298321e-17
1.846424942895544291e+03 1.828748654940181522e-17
2.049074689815845886e+03 1.398178089743044913e-17
2.273965752357927613e+03 1.052784485230800525e-17
2.523539170434765765e+03 7.797069362979760485e-18
2.800503894183631019e+03 5.673426432913200510e-18
3.107866187782013640e+03 4.053782363290417474e-18
3.448962260405759935e+03 2.843518646928853941e-18
3.827494478516314757e+03 1.961104334511426970e-18
4.247571552536898707e+03 1.332702970105933537e-18
4.713753134116724141e+03 8.958694819306655000e-19
5.231099308056262998e+03 5.989782322104862966e-19
5.805225516094896193e+03 4.008986359382261620e-19
6.442363508721369726e+03 2.701402983391367287e-19
7.149428986597576113e+03 1.839077542604408091e-19
7.934096665797491369e+03 1.266150154743884766e-19
8.804883581643463913e+03 8.826178440199665856e-20
9.771241535346502133e+03 6.259279318127358212e-20
1.084365968689610963e+04 4.557289738069513159e-20
1.203377840777589154e+04 3.439103679087121945e-20
1.335451562929898682e+04 2.689318029166823854e-20
1.482020705798858762e+04 2.155885435030795377e-20
1.644676177994664249e+04 1.749995548772561261e-20
1.825183494319044257e+04 1.428214096960615162e-20
2.025501939230666540e+04 1.166982663423952175e-20
2.247805833548725059e+04 9.530097832758875155e-21
2.494508135230316839e+04 7.773707535670007886e-21
2.768286630392066581e+04 6.331464592216553446e-21
3.072112998861759115e+04 5.148846958320236323e-21
3.409285069746814406e+04 4.180955633801972820e-21
3.783462617131928710e+04 3.389917949100351738e-21
4.198707084443910571e+04 2.744106772414602987e-21
4.659525668664683326e+04 2.217406725055374165e-21
5.170920242896761192e+04 1.788892184612314481e-21
5.738441648302398244e+04 1.440667654744326492e-21
6.368249944718585903e+04 1.158290859780461040e-21
7.067181273927491566e+04 9.294349145568595873e-22
7.842822061337680498e+04 7.445556286726336544e-22
8.703591361485165544e+04 5.953731566581293370e-22
9.658832241158708348e+04 4.752111516200424097e-22
1.071891319205127511e+05 3.786563983615908628e-22
1.189534067370319535e+05 3.012660292101607345e-22
1.320088400831418112e+05 2.392930760524432765e-22
1.464971398307286145e+05 1.898474169721739255e-22
1.625755666443794908e+05 1.504225877020785415e-22
1.804186409392071655e+05 1.190665364484081167e-22
2.002200371815584658e+05 9.415241742572648435e-23
2.221946860939523904e+05 7.437524665736166482e-23
2.465811075822604180e+05 5.869031258882413467e-23
2.736439997074671555e+05 4.626590041419954968e-23
3.036771118035460822e+05 3.643397552024338095e-23
3.370064329271928291e+05 2.865819343682136432e-23
3.739937302478798083e+05 2.251901888947846432e-23
4.150404757850476308e+05 1.767657308001673513e-23
4.605922041145108524e+05 1.385869326438802098e-23
5.111433483440171112e+05 1.085623179078825988e-23
5.672426068491977639e+05 8.494932042499686386e-24
6.294988990221888525e+05 6.639595144981284305e-24
6.985879746785250027e+05 5.184332644908706230e-24
7.752597488629464060e+05 4.043284919204953451e-24
8.603464416684507160e+05 3.149809443425431076e-24
9.547716114208066138e+05 2.451234857167510517e-24
1.059560179277617019e+06 1.905200797891116490e-24
1.175849554052158026e+06 1.479035708521783758e-24
1.304901978014401859e+06 1.146843758648289487e-24
1.448118227674532915e+06 8.881187521047579970e-25
1.607052818261638284e+06 6.869208523104281930e-25
1.783430876931909472e+06 5.303609376866727109e-25
1.979166867853557458e+06 4.090014641899137745e-25
2.196385372416546568e+06 3.148914837022827891e-25
2.437444150122222025e+06 2.420271749445050578e-25
2.704959730463137385e+06 1.857183742025982655e-25
3.001835813575591892e+06 1.422303779711066923e-25
3.331294787934676744e+06 1.087104950137318101e-25
3.696912707195031922e+06 8.290745677361091639e-26
4.102658105827190448e+06 6.308755466726032388e-26
4.552935074866947718e+06 4.788555186752773597e-26
5.052631065335679799e+06 3.625508745276206763e-26
5.607169938205458224e+06 2.736902205829528242e-26
6.222570836730230600e+06 2.059544600193121617e-26
6.905513520162330940e+06 1.544643856732742220e-26
7.663410868007462472e+06 1.154263243639658952e-26
8.504489341802684590e+06 8.592604154323898275e-27
9.437878277775391936e+06 6.368126977658598172e-27
1.047370897959450819e+07 4.696240391441108387e-27
1.162322468679854274e+07 3.444254600125781447e-27
1.289890261253307760e+07 2.513307438493368544e-27
1.431458937523478456e+07 1.820125518600887037e-27
1.588565129428052530e+07 1.308974796479532768e-27
1.762914118095947802e+07 9.335136542395998211e-28
1.956398343517064676e+07 6.594130165268511398e-28
2.171117945694505423e+07 4.607911621852513642e-28
2.409403560239527002e+07 3.178982242109821197e-28
2.673841615839949250e+07 2.160885968372261203e-28
2.967302408188872784e+07 1.443602434881599428e-28
3.292971255097155273e+07 9.442166927750383049e-29
3.654383070957254618e+07 6.017608747963090939e-29
4.055460735840827972e+07 3.711796005688156428e-29
4.500557675700496882e+07 2.192199212889236681e-29
4.994505115855139494e+07 1.218695293761550126e-29
5.542664520663107187e+07 6.171841121232060662e-30
6.150985788580504060e+07 2.657786044392255132e-30
6.826071834272393584e+07 8.178662991290356241e-31
7.575250258771920204e+07 9.578084884530871970e-32
8.406652885618332028e+07 1.805986872956912175e-33
