1.000000000000000000e+02 1.125494836203554029e-15
1.109752496412072134e+02 1.004096146677784862e-15
1.231550603292826196e+02 8.956170906510491514e-16
1.366716356462005990e+02 7.985966460113224539e-16
1.516716888470922413e+02 7.117959549488804212e-16
1.683180353330956791e+02 6.339706185454999510e-16
1.867913599020782840e+02 5.645496944339483499e-16
2.072921779595371845e+02 5.026180674543445996e-16
2.300430119772916839e+02 4.470845730449603230e-16
2.552908068239516410e+02 3.974301147997352447e-16
2.833096101839323637e+02 3.530687839967890286e-16
3.144035471591500368e+02 3.134035161880131170e-16
3.489101213406774491e+02 2.779763514092026807e-16
3.872038781812557318e+02 2.462377468014853572e-16
4.297004704320843871e+02 2.180685243543018488e-16
4.768611697714468960e+02 1.928731444346211627e-16
5.291978735958442712e+02 1.703651423409857401e-16
5.872786613189482523e+02 1.503288492430212576e-16
6.517339604882420190e+02 1.325002505499149990e-16
7.232633896483533817e+02 1.165828007960107725e-16
8.026433522257173081e+02 1.024598126461927153e-16
8.907354638610439679e+02 8.992621556296598005e-17
9.884959046625587007e+02 7.877647145603675162e-17
1.096985797892383971e+03 6.888977532530262060e-17
1.217382727739662187e+03 6.016814606223908724e-17
1.350993521198027793e+03 5.241894061095840185e-17
1.499268432786045423e+03 4.559424076488617676e-17
1.663816886076128640e+03 3.958147044504820645e-17
1.846424942895544291e+03 3.428139050344607651e-17
2.049074689815845886e+03 2.962963154559743980e-17
2.273965752357927613e+03 2.555636539493158650e-17
2.523539170434765765e+03 2.199703478007054774e-17
2.800503894183631019e+03 1.888531201275108245e-17
3.107866187782013640e+03 1.617886764470847106e-17
3.448962260405759935e+03 1.381925296154373031e-17
3.827494478516314757e+03 1.178563694926855889e-17
4.247571552536898707e+03 1.001830851646271335e-17
4.713753134116724141e+03 8.497473254807695075e-18
5.231099308056262998e+03 7.188564181804985170e-18
5.805225516094896193e+03 6.068649914496139611e-18
6.442363508721369726e+03 5.106962779441419065e-18
7.149428986597576113e+03 4.294289495473988428e-18
7.934096665797491369e+03 3.592722820869132320e-18
8.804883581643463913e+03 2.999861313464202414e-18
9.771241535346502133e+03 2.498371143250371546e-18
1.084365968689610963e+04 2.076942098299603421e-18
1.203377840777589154e+04 1.717108170406877593e-18
1.335451562929898682e+04 1.420648445493995667e-18
1.482020705798858762e+04 1.167171062673081021e-18
1.644676177994664249e+04 9.582766918557700750e-19
1.825183494319044257e+04 7.834864926847068337e-19
2.025501939230666540e+04 6.385332434539844023e-19
2.247805833548725059e+04 5.191027103065593883e-19
2.494508135230316839e+04 4.204519810576698953e-19
2.768286630392066581e+04 3.395632555531543607e-19
3.072112998861759115e+04 2.735925618954447671e-19
3.409285069746814406e+04 2.199639091443141297e-19
3.783462617131928710e+04 1.765634719642501904e-19
4.198707084443910571e+04 1.415031939205445767e-19
4.659525668664683326e+04 1.135049854284512863e-19
5.170920242896761192e+04 9.095256639606016044e-20
5.738441648302398244e+04 7.288010685312875562e-20
6.368249944718585903e+04 5.845242023760593422e-20
7.067181273927491566e+04 4.695978670161617686e-20
7.842822061337680498e+04 3.770051272276401698e-20
8.703591361485165544e+04 3.029847438843571943e-20
9.658832241158708348e+04 2.434433684743190772e-20
1.071891319205127511e+05 1.949384160451149263e-20
1.189534067370319535e+05 1.562290968937905209e-20
1.320088400831418112e+05 1.243787719075592804e-20
1.464971398307286145e+05 9.875280423208420047e-21
1.625755666443794908e+05 7.812778456414040676e-21
1.804186409392071655e+05 6.116789768951594056e-21
2.002200371815584658e+05 4.779983431307528347e-21
2.221946860939523904e+05 3.694100151366983627e-21
2.465811075822604180e+05 2.836554156466778010e-21
2.736439997074671555e+05 2.159931387197876516e-21
3.036771118035460822e+05 1.631433347435382084e-21
3.370064329271928291e+05 1.222486670351474247e-21
3.739937302478798083e+05 9.078310238013509635e-22
4.150404757850476308e+05 6.727055784576073337e-22
4.605922041145108524e+05 4.939436114728824749e-22
5.111433483440171112e+05 3.624391897751228445e-22
5.672426068491977639e+05 2.648201756379549869e-22
6.294988990221888525e+05 1.932989085730991072e-22
6.985879746785250027e+05 1.412782861697454878e-22
7.752597488629464060e+05 1.034908521901039609e-22
8.603464416684507160e+05 7.577185569130152235e-23
9.547716114208066138e+05 5.536129699734156723e-23
1.059560179277617019e+06 4.015602326693554739e-23
1.175849554052158026e+06 2.872433085538880048e-23
1.304901978014401859e+06 2.005923415061514743e-23
1.448118227674532915e+06 1.354081345251334318e-23
1.607052818261638284e+06 8.719255029656792942e-24
1.783430876931909472e+06 5.303521741257520340e-24
1.979166867853557458e+06 3.067759850708265417e-24
2.196385372416546568e+06 1.789773316048683485e-24
2.437444150122222025e+06 1.142922273741707364e-24
2.704959730463137385e+06 7.999861598782573819e-25
3.001835813575591892e+06 5.849675615700185634e-25
3.331294787934676744e+06 4.337603725886953402e-25
3.696912707195031922e+06 3.224319727785669899e-25
4.102658105827190448e+06 2.395248637186840169e-25
4.552935074866947718e+06 1.776414133358439730e-25
5.052631065335679799e+06 1.314296085467473563e-25
5.607169938205458224e+06 9.687872814288926494e-26
6.222570836730230600e+06 7.111846072970726792e-26
6.905513520162330940e+06 5.196393434997620271e-26
7.663410868007462472e+06 3.770950751839550499e-26
8.504489341802684590e+06 2.717634283151262305e-26
9.437878277775391936e+06 1.943857633710998762e-26
1.047370897959450819e+07 1.377408763208244636e-26
1.162322468679854274e+07 9.657744409310639276e-27
1.289890261253307760e+07 6.692116529333907692e-27
1.431458937523478456e+07 4.576398775514600761e-27
1.588565129428052530e+07 3.082974360921131334e-27
1.762914118095947802e+07 2.042738495085314399e-27
1.956398343517064676e+07 1.328649854957226423e-27
2.171117945694505423e+07 8.473612336585484591e-28
2.409403560239527002e+07 5.289029039136353025e-28
2.673841615839949250e+07 3.224027169653359876e-28
2.967302408188872784e+07 1.911966918280306613e-28
3.292971255097155273e+07 1.091505166435486086e-28
3.654383070957254618e+07 5.870127507254129988e-29
4.055460735840827972e+07 2.838359610372218410e-29
4.500557675700496882e+07 1.116528135008647911e-29
4.994505115855139494e+07 2.743711182454602267e-30
5.542664520663107187e+07 1.793040026394092464e-31
