1.000000000000000000e+02 1.445139198574836045e-12
1.109752496412072134e+02 1.229402969151955342e-12
1.231550603292826196e+02 1.041834983225985710e-12
1.366716356462005990e+02 8.815897322540959149e-13
1.516716888470922413e+02 7.428804143328925870e-13
1.683180353330956791e+02 6.248144993786477258e-13
1.867913599020782840e+02 5.233564494649853696e-13
2.072921779595371845e+02 4.372501948362305589e-13
2.300430119772916839e+02 3.637757838287069628e-13
2.552908068239516410e+02 3.017422116091310742e-13
2.833096101839323637e+02 2.491321271951322010e-13
3.144035471591500368e+02 2.052194428470074462e-13
3.489101213406774491e+02 1.680287419573303281e-13
3.872038781812557318e+02 1.374433655826994275e-13
4.297004704320843871e+02 1.115997737477698559e-13
4.768611697714468960e+02 9.062746597850758220e-14
5.291978735958442712e+02 7.305261340662071849e-14
5.872786613189482523e+02 5.888980574355623772e-14
6.517339604882420190e+02 4.712517298215870049e-14
7.232633896483533817e+02 3.777202663566841602e-14
8.026433522257173081e+02 3.007973539206776378e-14
8.907354638610439679e+02 2.401942543116179246e-14
9.884959046625587007e+02 1.907168728048906554e-14
1.096985797892383971e+03 1.520005035148747581e-14
1.217382727739662187e+03 1.207389341537442457e-14
1.350993521198027793e+03 9.632844950616335102e-15
1.499268432786045423e+03 7.680194311797162285e-15
1.663816886076128640e+03 6.149651693309765857e-15
1.846424942895544291e+03 4.931772846872803464e-15
2.049074689815845886e+03 3.971549378518785588e-15
2.273965752357927613e+03 3.207590956324351470e-15
2.523539170434765765e+03 2.598869935325582199e-15
2.800503894183631019e+03 2.112669655955344611e-15
3.107866187782013640e+03 1.720278440319415012e-15
3.448962260405759935e+03 1.403930106519030458e-15
3.827494478516314757e+03 1.146311667622739045e-15
4.247571552536898707e+03 9.367106957238278659e-16
4.713753134116724141e+03 7.650678485360918047e-16
5.231099308056262998e+03 6.241799825245752072e-16
5.805225516094896193e+03 5.082652888476157526e-16
6.442363508721369726e+03 4.134550818277187493e-16
7.149428986597576113e+03 3.350764636053788791e-16
7.934096665797491369e+03 2.712124097733644362e-16
8.804883581643463913e+03 2.189132220446008576e-16
9.771241535346502133e+03 1.759196935733015055e-16
1.084365968689610963e+04 1.415865834767117099e-16
1.203377840777589154e+04 1.131981855182609335e-16
1.335451562929898682e+04 9.046438728637488282e-17
1.482020705798858762e+04 7.240913712924271806e-17
1.644676177994664249e+04 5.767462141134515599e-17
1.825183494319044257e+04 4.609288599404445744e-17
2.025501939230666540e+04 3.678077773566927283e-17
2.247805833548725059e+04 2.939893654913261134e-17
2.494508135230316839e+04 2.355042398289260652e-17
2.768286630392066581e+04 1.891414036183597328e-17
3.072112998861759115e+04 1.522614913493132845e-17
3.409285069746814406e+04 1.228575421669548294e-17
3.783462617131928710e+04 9.950054873913697126e-18
4.198707084443910571e+04 8.074297473836929574e-18
4.659525668664683326e+04 6.554050380532178112e-18
5.170920242896761192e+04 5.325673069657367981e-18
5.738441648302398244e+04 4.327244075209099363e-18
6.368249944718585903e+04 3.513009161490464543e-18
7.067181273927491566e+04 2.844897461414632052e-18
7.842822061337680498e+04 2.295330475932892789e-18
8.703591361485165544e+04 1.843599098725504008e-18
9.658832241158708348e+04 1.472390112237049041e-18
1.071891319205127511e+05 1.169010559353414930e-18
1.189534067370319535e+05 9.222649344566911186e-19
1.320088400831418112e+05 7.218391496998456053e-19
1.464971398307286145e+05 5.608520896799323193e-19
1.625755666443794908e+05 4.326952241105941577e-19
1.804186409392071655e+05 3.319488905663963892e-19
2.002200371815584658e+05 2.537933866114828724e-19
2.221946860939523904e+05 1.939741971409216112e-19
2.465811075822604180e+05 1.488822361067124904e-19
2.736439997074671555e+05 1.151939538907454000e-19
3.036771118035460822e+05 9.027256977784719249e-20
3.370064329271928291e+05 7.171062774958491453e-20
3.739937302478798083e+05 5.779626863268919893e-20
4.150404757850476308e+05 4.713576048175977321e-20
4.605922041145108524e+05 3.877335297730994584e-20
5.111433483440171112e+05 3.206933065357372445e-20
5.672426068491977639e+05 2.661088862839591572e-20
6.294988990221888525e+05 2.211655241893406778e-20
6.985879746785250027e+05 1.839051010073724840e-20
7.752597488629464060e+05 1.528111752936375396e-20
8.603464416684507160e+05 1.268658767595485225e-20
9.547716114208066138e+05 1.052053518809864890e-20
1.059560179277617019e+06 8.712710556010759605e-21
1.175849554052158026e+06 7.205466202666848892e-21
1.304901978014401859e+06 5.942161857436660322e-21
1.448118227674532915e+06 4.896507269915762436e-21
1.607052818261638284e+06 4.024392799910654314e-21
1.783430876931909472e+06 3.298188417900714286e-21
1.979166867853557458e+06 2.699144049908049817e-21
2.196385372416546568e+06 2.201284226673858964e-21
2.437444150122222025e+06 1.789022651118093344e-21
2.704959730463137385e+06 1.450289086703425416e-21
3.001835813575591892e+06 1.170162205248954384e-21
3.331294787934676744e+06 9.409021121348867975e-22
3.696912707195031922e+06 7.525760921709034609e-22
4.102658105827190448e+06 5.988595665259605224e-22
4.552935074866947718e+06 4.737206698924276733e-22
5.052631065335679799e+06 3.722568378759535712e-22
5.607169938205458224e+06 2.902512944284840987e-22
6.222570836730230600e+06 2.244431046774573797e-22
6.905513520162330940e+06 1.718565365355557252e-22
7.663410868007462472e+06 1.302011891273012864e-22
8.504489341802684590e+06 9.733646400841980274e-23
9.437878277775391936e+06 7.180027009813238920e-23
1.047370897959450819e+07 5.208116127735943672e-23
1.162322468679854274e+07 3.711036198019403174e-23
1.289890261253307760e+07 2.590320970682902168e-23
1.431458937523478456e+07 1.768521137261914598e-23
1.588565129428052530e+07 1.179260706327618244e-23
1.762914118095947802e+07 7.685288763885675388e-24
1.956398343517064676e+07 4.908079151381460001e-24
2.171117945694505423e+07 3.087526999282354832e-24
2.409403560239527002e+07 1.927171346551689682e-24
2.673841615839949250e+07 1.199482114383208766e-24
2.967302408188872784e+07 7.399499818832510980e-25
3.292971255097155273e+07 4.419295852811003708e-25
3.654383070957254618e+07 2.435259403409485788e-25
4.055460735840827972e+07 1.145323462393263455e-25
4.500557675700496882e+07 4.202145985127682283e-26
4.994505115855139494e+07 1.187815022204894458e-26
5.542664520663107187e+07 2.615977058167293896e-27
6.150985788580504060e+07 4.530431730967895707e-28
6.826071834272393584e+07 6.236555355318866211e-29
7.575250258771920204e+07 6.880987851601016031e-30
8.406652885618332028e+07 6.141679509344258701e-31
9.329304026284696162e+07 4.460763822938527050e-32
1.035321843295663744e+08 2.647443141535935781e-33
1.148951000187308788e+08 1.286888597770848405e-34
1.275051240713012964e+08 5.147353614538481358e-36
1.414991297434575856e+08 1.683990507801082372e-37
1.570290124729377627e+08 4.454377232600535584e-39
1.742633386009651124e+08 9.418237017570655785e-41
1.933891750455232263e+08 1.565558672280036987e-42
2.146141197858406007e+08 1.988433908890945738e-44
2.381685551976160705e+08 1.852402037657210081e-46
2.643081486974108517e+08 1.183938741017672990e-48
2.933166278390048146e+08 4.577018403402680251e-51
3.255088599835056663e+08 7.411881934529744386e-54
