1.000000000000000000e+02 8.425348825585896011e-16
1.109752496412072134e+02 7.310353308604788212e-16
1.231550603292826196e+02 6.335548523332845267e-16
1.366716356462005990e+02 5.485743090767322547e-16
1.516716888470922413e+02 4.743687380366172917e-16
1.683180353330956791e+02 4.098605457197810642e-16
1.867913599020782840e+02 3.535442973386897652e-16
2.072921779595371845e+02 3.047272035481507426e-16
2.300430119772916839e+02 2.622232126459911474e-16
2.552908068239516410e+02 2.254457012565357422e-16
2.833096101839323637e+02 1.934864566979415862e-16
3.144035471591500368e+02 1.659416196036936063e-16
3.489101213406774491e+02 1.420443662052082455e-16
3.872038781812557318e+02 1.214808994949536613e-16
4.297004704320843871e+02 1.037186798560063378e-16
4.768611697714468960e+02 8.845452604746870033e-17
5.291978735958442712e+02 7.531576076291061906e-17
5.872786613189482523e+02 6.405113984382907576e-17
6.517339604882420190e+02 5.439627938536588327e-17
7.232633896483533817e+02 4.613586705330182484e-17
8.026433522257173081e+02 3.907149948830130671e-17
8.907354638610439679e+02 3.305517133040867385e-17
9.884959046625587007e+02 2.792685756442295176e-17
1.096985797892383971e+03 2.356306306474406261e-17
1.217382727739662187e+03 1.986876463563323092e-17
1.350993521198027793e+03 1.672766552113926424e-17
1.499268432786045423e+03 1.407624850015654043e-17
1.663816886076128640e+03 1.182854634027668967e-17
1.846424942895544291e+03 9.935541031833119075e-18
2.049074689815845886e+03 8.337409334851729916e-18
2.273965752357927613e+03 6.992838178458557798e-18
2.523539170434765765e+03 5.861409601881905382e-18
2.800503894183631019e+03 4.910720407341778194e-18
3.107866187782013640e+03 4.112846673779522944e-18
3.448962260405759935e+03 3.442382642234972663e-18
3.827494478516314757e+03 2.880533918182326870e-18
4.247571552536898707e+03 2.409092213415124988e-18
4.713753134116724141e+03 2.014327880657562318e-18
5.231099308056262998e+03 1.683369337421396635e-18
5.805225516094896193e+03 1.406383286409065397e-18
6.442363508721369726e+03 1.174225700020996113e-18
7.149428986597576113e+03 9.799775010652368515e-19
7.934096665797491369e+03 8.174802352517069787e-19
8.804883581643463913e+03 6.814890507732408290e-19
9.771241535346502133e+03 5.678913208250861976e-19
1.084365968689610963e+04 4.728201730775195034e-19
1.203377840777589154e+04 3.934536969528873848e-19
1.335451562929898682e+04 3.271431034262140660e-19
1.482020705798858762e+04 2.718839409534761440e-19
1.644676177994664249e+04 2.257494878307546658e-19
1.825183494319044257e+04 1.872922005385571276e-19
2.025501939230666540e+04 1.552665810494023217e-19
2.247805833548725059e+04 1.286189274346681709e-19
2.494508135230316839e+04 1.064298563918382567e-19
2.768286630392066581e+04 8.798624017471559459e-20
3.072112998861759115e+04 7.267157374152828331e-20
3.409285069746814406e+04 5.995435019874769255e-20
3.783462617131928710e+04 4.939770565605117333e-20
4.198707084443910571e+04 4.065329551611972411e-20
4.659525668664683326e+04 3.341239951537670501e-20
5.170920242896761192e+04 2.741376442254300036e-20
5.738441648302398244e+04 2.246128444325075272e-20
6.368249944718585903e+04 1.837374530728470225e-20
7.067181273927491566e+04 1.499889736302332045e-20
7.842822061337680498e+04 1.221827839293607667e-20
8.703591361485165544e+04 9.931891408238851293e-21
9.658832241158708348e+04 8.055188466482395079e-21
1.071891319205127511e+05 6.517774563551016911e-21
1.189534067370319535e+05 5.260499955349526088e-21
1.320088400831418112e+05 4.233949716299014348e-21
1.464971398307286145e+05 3.396754765861952274e-21
1.625755666443794908e+05 2.717663948441329984e-21
1.804186409392071655e+05 2.166828193696494225e-21
2.002200371815584658e+05 1.722331438854877349e-21
2.221946860939523904e+05 1.364315066816960696e-21
2.465811075822604180e+05 1.077059724623976924e-21
2.736439997074671555e+05 8.475708779343203756e-22
3.036771118035460822e+05 6.647023357940761591e-22
3.370064329271928291e+05 5.196628186336987509e-22
3.739937302478798083e+05 4.052064952561047870e-22
4.150404757850476308e+05 3.152504479431040304e-22
4.605922041145108524e+05 2.448331172438228703e-22
5.111433483440171112e+05 1.899047197684293731e-22
5.672426068491977639e+05 1.470873133588014950e-22
6.294988990221888525e+05 1.137821615383823885e-22
6.985879746785250027e+05 8.791358323551233254e-23
7.752597488629464060e+05 6.783993218585084451e-23
8.603464416684507160e+05 5.229516511337823187e-23
9.547716114208066138e+05 4.027055039859269461e-23
1.059560179277617019e+06 3.097564728133911878e-23
1.175849554052158026e+06 2.380501600891351253e-23
1.304901978014401859e+06 1.827835632251422224e-23
1.448118227674532915e+06 1.402305295844177878e-23
1.607052818261638284e+06 1.074882803438302273e-23
1.783430876931909472e+06 8.232895724793288763e-24
1.979166867853557458e+06 6.301848487268744738e-24
2.196385372416546568e+06 4.820402898458861989e-24
2.437444150122222025e+06 3.684329220629078260e-24
2.704959730463137385e+06 2.814425176148575688e-24
3.001835813575591892e+06 2.148807650280771923e-24
3.331294787934676744e+06 1.639248168377426287e-24
3.696912707195031922e+06 1.249821987302985484e-24
4.102658105827190448e+06 9.523736758382974445e-25
4.552935074866947718e+06 7.251215134802023360e-25
5.052631065335679799e+06 5.517496518897718303e-25
5.607169938205458224e+06 4.194878340097184722e-25
6.222570836730230600e+06 3.187452535160714010e-25
6.905513520162330940e+06 2.419627791469392087e-25
7.663410868007462472e+06 1.835285488001686341e-25
8.504489341802684590e+06 1.390704901089404535e-25
9.437878277775391936e+06 1.052692710537984170e-25
1.047370897959450819e+07 7.959483479889362443e-26
1.162322468679854274e+07 6.011391182440888437e-26
1.289890261253307760e+07 4.534696857762140981e-26
1.431458937523478456e+07 3.415353672522084798e-26
1.588565129428052530e+07 2.568440296926786623e-26
1.762914118095947802e+07 1.928511022081022434e-26
1.956398343517064676e+07 1.445465341372338953e-26
2.171117945694505423e+07 1.081185231934250222e-26
2.409403560239527002e+07 8.069201091312499160e-27
2.673841615839949250e+07 6.008255867298401496e-27
2.967302408188872784e+07 4.462674310783841894e-27
3.292971255097155273e+07 3.305515938417668690e-27
3.654383070957254618e+07 2.441083692904822207e-27
4.055460735840827972e+07 1.796254647291058552e-27
4.500557675700496882e+07 1.316508166317497526e-27
4.994505115855139494e+07 9.614951431813825985e-28
5.542664520663107187e+07 6.982767801597734833e-28
6.150985788580504060e+07 5.047529481867316390e-28
6.826071834272393584e+07 3.625480931714123516e-28
7.575250258771920204e+07 2.586162609245585546e-28
8.406652885618332028e+07 1.830423623811217175e-28
9.329304026284696162e+07 1.283361505037505280e-28
1.035321843295663744e+08 8.899477451108188134e-29
1.148951000187308788e+08 6.091421702336153058e-29
1.275051240713012964e+08 4.103833557986691878e-29
1.414991297434575856e+08 2.711354710677865122e-29
1.570290124729377627e+08 1.747687471861951177e-29
1.742633386009651124e+08 1.091270518822480880e-29
1.933891750455232263e+08 6.530056201706282598e-30
2.146141197858406007e+08 3.682310012451541496e-30
2.381685551976160705e+08 1.903514948230763237e-30
2.643081486974108517e+08 8.586987167772036979e-31
2.933166278390048146e+08 3.079577040089875240e-31
3.255088599835056663e+08 7.551481311345178875e-32
3.612342699709430337e+08 1.101461463621847443e-32
