1.000000000000000000e+02 3.376942717617237323e-11
1.109752496412072134e+02 2.857696946868999089e-11
1.231550603292826196e+02 2.423630459212858914e-11
1.366716356462005990e+02 2.058736672632200696e-11
1.516716888470922413e+02 1.750406105049459043e-11
1.683180353330956791e+02 1.489829366958782796e-11
1.867913599020782840e+02 1.267671062746676605e-11
2.072921779595371845e+02 1.078704564465899786e-11
2.300430119772916839e+02 9.179698181454030189e-12
2.552908068239516410e+02 7.803654777176217381e-12
2.833096101839323637e+02 6.629048899758498079e-12
3.144035471591500368e+02 5.629732473322959061e-12
3.489101213406774491e+02 4.772789051412423173e-12
3.872038781812557318e+02 4.042495418811789111e-12
4.297004704320843871e+02 3.421014168954166152e-12
4.768611697714468960e+02 2.887846314788288082e-12
5.291978735958442712e+02 2.435211564816268257e-12
5.872786613189482523e+02 2.050869197907611973e-12
6.517339604882420190e+02 1.723173864242806367e-12
7.232633896483533817e+02 1.445447248207550800e-12
8.026433522257173081e+02 1.209983494946356669e-12
8.907354638610439679e+02 1.011317738326770337e-12
9.884959046625587007e+02 8.425063306976096697e-13
1.096985797892383971e+03 7.004311227336409576e-13
1.217382727739662187e+03 5.813338833657595080e-13
1.350993521198027793e+03 4.816033393970107963e-13
1.499268432786045423e+03 3.971086496692038789e-13
1.663816886076128640e+03 3.270463630512272485e-13
1.846424942895544291e+03 2.688734337676795997e-13
2.049074689815845886e+03 2.202544808264160579e-13
2.273965752357927613e+03 1.799593596693520052e-13
2.523539170434765765e+03 1.467364527232345910e-13
2.800503894183631019e+03 1.192672670749602130e-13
3.107866187782013640e+03 9.667721077114364009e-14
3.448962260405759935e+03 7.816545953090571168e-14
3.827494478516314757e+03 6.295148121139746009e-14
4.247571552536898707e+03 5.050198760420962811e-14
4.713753134116724141e+03 4.034618782070808920e-14
5.231099308056262998e+03 3.203389571535005873e-14
5.805225516094896193e+03 2.525460210302902809e-14
6.442363508721369726e+03 1.972940087579446469e-14
7.149428986597576113e+03 1.524034177456846383e-14
7.934096665797491369e+03 1.160235437046347598e-14
8.804883581643463913e+03 8.678395897425807157e-15
9.771241535346502133e+03 6.352911248883569233e-15
1.084365968689610963e+04 4.527915690571802287e-15
1.203377840777589154e+04 3.130516092404781480e-15
1.335451562929898682e+04 2.084613145482801404e-15
1.482020705798858762e+04 1.333147008892431918e-15
1.644676177994664249e+04 8.198013463063911139e-16
1.825183494319044257e+04 4.901555500738499766e-16
2.025501939230666540e+04 2.928680909420113108e-16
2.247805833548725059e+04 1.824424850370023921e-16
2.494508135230316839e+04 1.222683498407790405e-16
2.768286630392066581e+04 8.816047472968449724e-17
3.072112998861759115e+04 6.722372951221609760e-17
3.409285069746814406e+04 5.309699512043378087e-17
3.783462617131928710e+04 4.276743813180894991e-17
4.198707084443910571e+04 3.478584255011368657e-17
4.659525668664683326e+04 2.840926474453114181e-17
5.170920242896761192e+04 2.323764491322738186e-17
5.738441648302398244e+04 1.899958780622796192e-17
6.368249944718585903e+04 1.552051311886637911e-17
7.067181273927491566e+04 1.265776685052393292e-17
7.842822061337680498e+04 1.030874149214843221e-17
8.703591361485165544e+04 8.383890109608779987e-18
9.658832241158708348e+04 6.806301183662022831e-18
1.071891319205127511e+05 5.518851781556108707e-18
1.189534067370319535e+05 4.468618242931378925e-18
1.320088400831418112e+05 3.613343677160576548e-18
1.464971398307286145e+05 2.918590329950041785e-18
1.625755666443794908e+05 2.355150041473701250e-18
1.804186409392071655e+05 1.898444214087523110e-18
2.002200371815584658e+05 1.529123183288572996e-18
2.221946860939523904e+05 1.230573533740771968e-18
2.465811075822604180e+05 9.893327239785819899e-19
2.736439997074671555e+05 7.944487870579107092e-19
3.036771118035460822e+05 6.372692361548882585e-19
3.370064329271928291e+05 5.105623853974018352e-19
3.739937302478798083e+05 4.085885795524064947e-19
4.150404757850476308e+05 3.265269045423996037e-19
4.605922041145108524e+05 2.605745865860131955e-19
5.111433483440171112e+05 2.076912338107576360e-19
5.672426068491977639e+05 1.652894999294488497e-19
6.294988990221888525e+05 1.313195746185055254e-19
6.985879746785250027e+05 1.041713191811310700e-19
7.752597488629464060e+05 8.251641815446494686e-20
8.603464416684507160e+05 6.524425209391210792e-20
9.547716114208066138e+05 5.149309989769811352e-20
1.059560179277617019e+06 4.056345160318241941e-20
1.175849554052158026e+06 3.189680482854387941e-20
1.304901978014401859e+06 2.503076512405152522e-20
1.448118227674532915e+06 1.960371909817418020e-20
1.607052818261638284e+06 1.532570828441044104e-20
1.783430876931909472e+06 1.195144848145085177e-20
1.979166867853557458e+06 9.302086782854004240e-21
2.196385372416546568e+06 7.224904773904941389e-21
2.437444150122222025e+06 5.596208326173054500e-21
2.704959730463137385e+06 4.326408227178776437e-21
3.001835813575591892e+06 3.336261985763485226e-21
3.331294787934676744e+06 2.566596423490273185e-21
3.696912707195031922e+06 1.969624419553620317e-21
4.102658105827190448e+06 1.508011400164552407e-21
4.552935074866947718e+06 1.151617636239646222e-21
5.052631065335679799e+06 8.770966128777045856e-22
5.607169938205458224e+06 6.662936389786617620e-22
6.222570836730230600e+06 5.047808586020792970e-22
6.905513520162330940e+06 3.814046288341491994e-22
7.663410868007462472e+06 2.873769136643865780e-22
8.504489341802684590e+06 2.159114969728925352e-22
9.437878277775391936e+06 1.617481318524962765e-22
1.047370897959450819e+07 1.208018895903361781e-22
1.162322468679854274e+07 8.994172074787455161e-23
1.289890261253307760e+07 6.674742660381030589e-23
1.431458937523478456e+07 4.936046416199352504e-23
1.588565129428052530e+07 3.637589410095712682e-23
1.762914118095947802e+07 2.671059213623195014e-23
1.956398343517064676e+07 1.952865060366155007e-23
2.171117945694505423e+07 1.421867864501583352e-23
2.409403560239527002e+07 1.030366266268389071e-23
2.673841615839949250e+07 7.430165095448900440e-24
2.967302408188872784e+07 5.327683765849673353e-24
3.292971255097155273e+07 3.797169736514153770e-24
3.654383070957254618e+07 2.688159151226367007e-24
4.055460735840827972e+07 1.888495319122222080e-24
4.500557675700496882e+07 1.315093060477130976e-24
4.994505115855139494e+07 9.067841854694789798e-25
5.542664520663107187e+07 6.181811676080103145e-25
6.150985788580504060e+07 4.155570328079804199e-25
6.826071834272393584e+07 2.750059557254634161e-25
7.575250258771920204e+07 1.784165415258715262e-25
8.406652885618332028e+07 1.130205281137954865e-25
9.329304026284696162e+07 6.945979381919420870e-26
1.035321843295663744e+08 4.105620528172917907e-26
1.148951000187308788e+08 2.304638072940244430e-26
1.275051240713012964e+08 1.205186660155790372e-26
1.414991297434575856e+08 5.664464868329275454e-27
1.570290124729377627e+08 2.204984054154529712e-27
1.742633386009651124e+08 5.221652964661327821e-28
1.933891750455232263e+08 2.075679308077591680e-30
