1.000000000000000000e+02 2.705129188950074817e-12
1.109752496412072134e+02 2.353723490932087255e-12
1.231550603292826196e+02 2.047250600165625276e-12
1.366716356462005990e+02 1.778964820116699756e-12
1.516716888470922413e+02 1.545016609513062599e-12
1.683180353330956791e+02 1.340565453678424939e-12
1.867913599020782840e+02 1.162621036041760290e-12
2.072921779595371845e+02 1.007279370147133262e-12
2.300430119772916839e+02 8.721401918140719959e-13
2.552908068239516410e+02 7.544046511926194095e-13
2.833096101839323637e+02 6.521407069672025373e-13
3.144035471591500368e+02 5.683351289792363398e-13
3.489101213406774491e+02 4.859456995691985472e-13
3.872038781812557318e+02 4.188968421987475227e-13
4.297004704320843871e+02 3.608041574637200969e-13
4.768611697714468960e+02 3.104468154432044769e-13
5.291978735958442712e+02 2.669141818210701277e-13
5.872786613189482523e+02 2.292560915196332834e-13
6.517339604882420190e+02 1.967121627473463278e-13
7.232633896483533817e+02 1.686340245277845910e-13
8.026433522257173081e+02 1.444160527498438534e-13
8.907354638610439679e+02 1.235470946863870096e-13
9.884959046625587007e+02 1.056183474550737970e-13
1.096985797892383971e+03 9.018254378109287528e-14
1.217382727739662187e+03 7.694880244483585372e-14
1.350993521198027793e+03 6.558346467785940788e-14
1.499268432786045423e+03 5.586125923927637650e-14
1.663816886076128640e+03 4.753027236381264868e-14
1.846424942895544291e+03 4.041106385907319184e-14
2.049074689815845886e+03 3.432323039823959510e-14
2.273965752357927613e+03 2.913497938925318151e-14
2.523539170434765765e+03 2.470599343079241071e-14
2.800503894183631019e+03 2.093812943116724376e-14
3.107866187782013640e+03 1.772836226342205217e-14
3.448962260405759935e+03 1.500159885810593082e-14
3.827494478516314757e+03 1.268535629311481786e-14
4.247571552536898707e+03 1.071716392836804723e-14
4.713753134116724141e+03 9.048034176578037020e-15
5.231099308056262998e+03 7.634034510125811381e-15
5.805225516094896193e+03 6.434700625816469560e-15
6.442363508721369726e+03 5.420323439869962453e-15
7.149428986597576113e+03 4.562790746305494589e-15
7.934096665797491369e+03 3.837119747653771833e-15
8.804883581643463913e+03 3.224687355956820858e-15
9.771241535346502133e+03 2.707250464656203252e-15
1.084365968689610963e+04 2.271215479685961455e-15
1.203377840777589154e+04 1.903279556838486603e-15
1.335451562929898682e+04 1.593674968498983289e-15
1.482020705798858762e+04 1.332781457933271073e-15
1.644676177994664249e+04 1.113678066469234244e-15
1.825183494319044257e+04 9.293627047108859146e-16
2.025501939230666540e+04 7.747188663500314099e-16
2.247805833548725059e+04 6.450470208568042562e-16
2.494508135230316839e+04 5.361636111621498463e-16
2.768286630392066581e+04 4.453316274080510467e-16
3.072112998861759115e+04 3.690304217366087767e-16
3.409285069746814406e+04 3.055195071404860324e-16
3.783462617131928710e+04 2.523265651144029033e-16
4.198707084443910571e+04 2.081386346639498792e-16
4.659525668664683326e+04 1.713242769936860069e-16
5.170920242896761192e+04 1.406662653736709202e-16
5.738441648302398244e+04 1.153021380142554952e-16
6.368249944718585903e+04 9.423365597196636812e-17
7.067181273927491566e+04 7.685115836652152010e-17
7.842822061337680498e+04 6.247573919829759483e-17
8.703591361485165544e+04 5.067247393763379330e-17
9.658832241158708348e+04 4.094693083866283095e-17
1.071891319205127511e+05 3.299897164095654992e-17
1.189534067370319535e+05 2.647839426767279938e-17
1.320088400831418112e+05 2.120513762846590050e-17
1.464971398307286145e+05 1.689261149243566086e-17
1.625755666443794908e+05 1.342192283950814448e-17
1.804186409392071655e+05 1.062833777604838466e-17
2.002200371815584658e+05 8.381081186309956977e-18
2.221946860939523904e+05 6.589102688693432527e-18
2.465811075822604180e+05 5.164316580732166761e-18
2.736439997074671555e+05 4.036336084551147970e-18
3.036771118035460822e+05 3.145399010494138374e-18
3.370064329271928291e+05 2.446005821772580651e-18
3.739937302478798083e+05 1.895305034560749782e-18
4.150404757850476308e+05 1.468294282669220538e-18
4.605922041145108524e+05 1.133942536454536090e-18
5.111433483440171112e+05 8.743399457230524627e-19
5.672426068491977639e+05 6.725697910214312507e-19
6.294988990221888525e+05 5.156995385514144536e-19
6.985879746785250027e+05 3.937875817480437135e-19
7.752597488629464060e+05 2.998901032379669628e-19
8.603464416684507160e+05 2.265009191593463011e-19
9.547716114208066138e+05 1.700777582474055822e-19
1.059560179277617019e+06 1.265975972956152977e-19
1.175849554052158026e+06 9.342679489216304817e-20
1.304901978014401859e+06 6.807043653009148208e-20
1.448118227674532915e+06 4.902723342935034879e-20
1.607052818261638284e+06 3.485461285886582394e-20
1.783430876931909472e+06 2.448704469544866450e-20
1.979166867853557458e+06 1.696735961009099430e-20
2.196385372416546568e+06 1.163884300057901759e-20
2.437444150122222025e+06 7.897390719878940459e-21
2.704959730463137385e+06 5.314107083515045137e-21
3.001835813575591892e+06 3.565542078466066634e-21
3.331294787934676744e+06 2.387935460223663927e-21
3.696912707195031922e+06 1.597830456451676119e-21
4.102658105827190448e+06 1.067198006874649518e-21
4.552935074866947718e+06 7.088279075627189331e-22
5.052631065335679799e+06 4.655345089187547164e-22
5.607169938205458224e+06 3.005396654980929051e-22
6.222570836730230600e+06 1.884276618926938535e-22
6.905513520162330940e+06 1.142302500465393174e-22
7.663410868007462472e+06 6.584297003367702089e-23
8.504489341802684590e+06 3.598256658018698630e-23
9.437878277775391936e+06 1.837770274678772708e-23
1.047370897959450819e+07 8.648485861588607032e-24
1.162322468679854274e+07 3.725802736045162720e-24
1.289890261253307760e+07 1.454988812115701954e-24
1.431458937523478456e+07 5.030648032967234277e-25
1.588565129428052530e+07 1.499999179835368963e-25
1.762914118095947802e+07 3.824843370792888712e-26
1.956398343517064676e+07 8.224943547567637234e-27
2.171117945694505423e+07 1.465001249462535043e-27
2.409403560239527002e+07 2.130891222715654912e-28
2.673841615839949250e+07 2.489217259876966387e-29
2.967302408188872784e+07 2.296803694165139163e-30
3.292971255097155273e+07 1.645455268525899222e-31
3.654383070957254618e+07 8.985048707462706155e-33
4.055460735840827972e+07 3.663756491144092564e-34
4.500557675700496882e+07 1.090630491734971449e-35
4.994505115855139494e+07 2.308694584678592749e-37
5.542664520663107187e+07 3.372447102024346269e-39
6.150985788580504060e+07 3.284860818860157268e-41
6.826071834272393584e+07 2.051855322017190393e-43
7.575250258771920204e+07 7.861452311933505571e-46
8.406652885618332028e+07 1.756209335393733553e-48
9.329304026284696162e+07 2.154490262260864287e-51
1.035321843295663744e+08 1.352555687844523757e-54
1.148951000187308788e+08 4.030551490696591994e-58
1.275051240713012964e+08 5.227568742621205968e-62
1.414991297434575856e+08 2.667652839868824297e-66
1.570290124729377627e+08 4.772367644381667877e-71
1.742633386009651124e+08 2.597733834864303129e-76
1.933891750455232263e+08 3.693796409087108829e-82
2.146141197858406007e+08 1.146800956394594345e-88
2.381685551976160705e+08 6.363490395491170251e-96
2.643081486974108517e+08 5.012220255084269814e-104
2.933166278390048146e+08 4.277864347323921527e-113
3.255088599835056663e+08 2.874555575330543650e-123
3.612342699709430337e+08 1.038721611503092601e-134
4.008806328898465633e+08 1.277629658447178215e-147
