1.000000000000000000e+02 6.903693686282683195e-15
1.109752496412072134e+02 2.998723460057099440e-15
1.231550603292826196e+02 1.422344815015394300e-15
1.366716356462005990e+02 8.056410053441097338e-16
1.516716888470922413e+02 5.570638241112277167e-16
1.683180353330956791e+02 4.402590699704832889e-16
1.867913599020782840e+02 3.697758149962441145e-16
2.072921779595371845e+02 3.171204855561621979e-16
2.300430119772916839e+02 2.734941339661360828e-16
2.552908068239516410e+02 2.360740509850670489e-16
2.833096101839323637e+02 2.036828805723210643e-16
3.144035471591500368e+02 1.756517574998570521e-16
3.489101213406774491e+02 1.513509332180103381e-16
3.872038781812557318e+02 1.303452237514670694e-16
4.297004704320843871e+02 1.121615961315228944e-16
4.768611697714468960e+02 9.646273449265884491e-17
5.291978735958442712e+02 8.289749523188764359e-17
5.872786613189482523e+02 7.119422273821886836e-17
6.517339604882420190e+02 6.110400295062062397e-17
7.232633896483533817e+02 5.240850045871585218e-17
8.026433522257173081e+02 4.492299006739930426e-17
8.907354638610439679e+02 3.848138682304731721e-17
9.884959046625587007e+02 3.294349533910270515e-17
1.096985797892383971e+03 2.818146463602456801e-17
1.217382727739662187e+03 2.409144195041255386e-17
1.350993521198027793e+03 2.058231789852483965e-17
1.499268432786045423e+03 1.757182305934933421e-17
1.663816886076128640e+03 1.499293741256455465e-17
1.846424942895544291e+03 1.278079379512365130e-17
2.049074689815845886e+03 1.088828690044254541e-17
2.273965752357927613e+03 9.268924869622470051e-18
2.523539170434765765e+03 7.884412043657643776e-18
2.800503894183631019e+03 6.701215301422474430e-18
3.107866187782013640e+03 5.691488533460195061e-18
3.448962260405759935e+03 4.829419546521363590e-18
3.827494478516314757e+03 4.094334318367201663e-18
4.247571552536898707e+03 3.468663659410148240e-18
4.713753134116724141e+03 2.935800255814448064e-18
5.231099308056262998e+03 2.482269615414085330e-18
5.805225516094896193e+03 2.097150537374469191e-18
6.442363508721369726e+03 1.769897727714687571e-18
7.149428986597576113e+03 1.492305934659327130e-18
7.934096665797491369e+03 1.256824586102245252e-18
8.804883581643463913e+03 1.057515791272092813e-18
9.771241535346502133e+03 8.887498082420729820e-19
1.084365968689610963e+04 7.459828155416420876e-19
1.203377840777589154e+04 6.254887609454594727e-19
1.335451562929898682e+04 5.237646384980135703e-19
1.482020705798858762e+04 4.379196594379597522e-19
1.644676177994664249e+04 3.656537426926987205e-19
1.825183494319044257e+04 3.048055836569867213e-19
2.025501939230666540e+04 2.536767932914293596e-19
2.247805833548725059e+04 2.107695289881075031e-19
2.494508135230316839e+04 1.747705409973031122e-19
2.768286630392066581e+04 1.446408099516609146e-19
3.072112998861759115e+04 1.194566057255648983e-19
3.409285069746814406e+04 9.845049049872429696e-20
3.783462617131928710e+04 8.094710827996305167e-20
4.198707084443910571e+04 6.639203675538288713e-20
4.659525668664683326e+04 5.431324346753207909e-20
5.170920242896761192e+04 4.430236358135236808e-20
5.738441648302398244e+04 3.603711702150743736e-20
6.368249944718585903e+04 2.922899523528094944e-20
7.067181273927491566e+04 2.363369051114169258e-20
7.842822061337680498e+04 1.904950544040870040e-20
8.703591361485165544e+04 1.530221788602895795e-20
9.658832241158708348e+04 1.224647870922410754e-20
1.071891319205127511e+05 9.769066184096523553e-21
1.189534067370319535e+05 7.763853907931755404e-21
1.320088400831418112e+05 6.146653074755522612e-21
1.464971398307286145e+05 4.849062200047215459e-21
1.625755666443794908e+05 3.810985515755879019e-21
1.804186409392071655e+05 2.984611844181931926e-21
2.002200371815584658e+05 2.329865122394194973e-21
2.221946860939523904e+05 1.812818617715739874e-21
2.465811075822604180e+05 1.406690617177448333e-21
2.736439997074671555e+05 1.089158076905803535e-21
3.036771118035460822e+05 8.416875872024420294e-22
3.370064329271928291e+05 6.494797014404887314e-22
3.739937302478798083e+05 5.004751228755094096e-22
4.150404757850476308e+05 3.851207576589126960e-22
4.605922041145108524e+05 2.959767233502067374e-22
5.111433483440171112e+05 2.271932603854521802e-22
5.672426068491977639e+05 1.741849588034343328e-22
6.294988990221888525e+05 1.334021852014431466e-22
6.985879746785250027e+05 1.020575806882686494e-22
7.752597488629464060e+05 7.799846381045364715e-23
8.603464416684507160e+05 5.955896204657372403e-23
9.547716114208066138e+05 4.543850669341100521e-23
1.059560179277617019e+06 3.463507468433635946e-23
1.175849554052158026e+06 2.638152287488087132e-23
1.304901978014401859e+06 2.007862065285206095e-23
1.448118227674532915e+06 1.527089967824783525e-23
1.607052818261638284e+06 1.160651358452983783e-23
1.783430876931909472e+06 8.815070414809331016e-24
1.979166867853557458e+06 6.690973579986926423e-24
2.196385372416546568e+06 5.075960159472873773e-24
2.437444150122222025e+06 3.848295642018365784e-24
2.704959730463137385e+06 2.915625196961476505e-24
3.001835813575591892e+06 2.207702654274591722e-24
3.331294787934676744e+06 1.670623125725154108e-24
3.696912707195031922e+06 1.263455702464090651e-24
4.102658105827190448e+06 9.548844512141662249e-25
4.552935074866947718e+06 7.211964437742047481e-25
5.052631065335679799e+06 5.443436287469296233e-25
5.607169938205458224e+06 4.105254645732053507e-25
6.222570836730230600e+06 3.093727625763317130e-25
6.905513520162330940e+06 2.329620507353968978e-25
7.663410868007462472e+06 1.752660118731284290e-25
8.504489341802684590e+06 1.317480650967347071e-25
9.437878277775391936e+06 9.893021612373305813e-26
1.047370897959450819e+07 7.421630795064749592e-26
1.162322468679854274e+07 5.560950142574561367e-26
1.289890261253307760e+07 4.162100948257919579e-26
1.431458937523478456e+07 3.110957015556120746e-26
1.588565129428052530e+07 2.322151771665692072e-26
1.762914118095947802e+07 1.730854758758024119e-26
1.956398343517064676e+07 1.288104907447029041e-26
2.171117945694505423e+07 9.569175110451504215e-27
2.409403560239527002e+07 7.095952329532318056e-27
2.673841615839949250e+07 5.251396000776681837e-27
2.967302408188872784e+07 3.878070084514187196e-27
3.292971255097155273e+07 2.857224380673644008e-27
3.654383070957254618e+07 2.099785347291032409e-27
4.055460735840827972e+07 1.538919966418504319e-27
4.500557675700496882e+07 1.124410964832330511e-27
4.994505115855139494e+07 8.188236653991878507e-28
5.542664520663107187e+07 5.941525236485752041e-28
6.150985788580504060e+07 4.293416289038381845e-28
6.826071834272393584e+07 3.088740954943632757e-28
7.575250258771920204e+07 2.210665544467187168e-28
8.406652885618332028e+07 1.573165336645341688e-28
9.329304026284696162e+07 1.112341700703627570e-28
1.035321843295663744e+08 7.806208550503985499e-29
1.148951000187308788e+08 5.430250812257321333e-29
1.275051240713012964e+08 3.739478161073323244e-29
1.414991297434575856e+08 2.544055827477518072e-29
1.570290124729377627e+08 1.705798966519057972e-29
1.742633386009651124e+08 1.123383990744297922e-29
1.933891750455232263e+08 7.233426080951027654e-30
2.146141197858406007e+08 4.524886648762846666e-30
2.381685551976160705e+08 2.724757993307875793e-30
2.643081486974108517e+08 1.556008995416227357e-30
2.933166278390048146e+08 8.230003768538663728e-31
3.255088599835056663e+08 3.862749899520455252e-31
3.612342699709430337e+08 1.481162200414989905e-31
4.008806328898465633e+08 3.686005461765326258e-32
4.448782831127585173e+08 2.769537717999473266e-35
