1.000000000000000000e+02 1.449190477522978900e-12
1.109752496412072134e+02 1.259238913723272063e-12
1.231550603292826196e+02 1.094126378037372910e-12
1.366716356462005990e+02 9.506350872029836636e-13
1.516716888470922413e+02 8.258887681307228575e-13
1.683180353330956791e+02 7.174769935538670854e-13
1.867913599020782840e+02 6.232077108430390118e-13
2.072921779595371845e+02 5.412180154128034904e-13
2.300430119772916839e+02 4.699646707694962543e-13
2.552908068239516410e+02 4.080220283473260161e-13
2.833096101839323637e+02 3.542024323893919530e-13
3.144035471591500368e+02 3.074314280224806971e-13
3.489101213406774491e+02 2.667818426550637437e-13
3.872038781812557318e+02 2.332878214063592319e-13
4.297004704320843871e+02 2.007509459878689568e-13
4.768611697714468960e+02 1.740877060534174599e-13
5.291978735958442712e+02 1.509165022714574008e-13
5.872786613189482523e+02 1.308000215222960943e-13
6.517339604882420190e+02 1.133445621415487820e-13
7.232633896483533817e+02 9.817523703815535638e-14
8.026433522257173081e+02 8.501062977476396323e-14
8.907354638610439679e+02 7.359490778682126309e-14
9.884959046625587007e+02 6.368427148599522363e-14
1.096985797892383971e+03 5.509489305547042500e-14
1.217382727739662187e+03 4.763430191100865474e-14
1.350993521198027793e+03 4.117507011648927740e-14
1.499268432786045423e+03 3.557220766131379762e-14
1.663816886076128640e+03 3.072207145416814382e-14
1.846424942895544291e+03 2.651961061560613401e-14
2.049074689815845886e+03 2.288284743406484833e-14
2.273965752357927613e+03 1.973555150055343554e-14
2.523539170434765765e+03 1.701437889843335260e-14
2.800503894183631019e+03 1.465763619594631554e-14
3.107866187782013640e+03 1.262263386077285952e-14
3.448962260405759935e+03 1.086319641183852963e-14
3.827494478516314757e+03 9.345958929495873222e-15
4.247571552536898707e+03 8.033858319628572198e-15
4.713753134116724141e+03 6.902317663873523328e-15
5.231099308056262998e+03 5.926571773684129579e-15
5.805225516094896193e+03 5.086319000903964751e-15
6.442363508721369726e+03 4.362013806718629092e-15
7.149428986597576113e+03 3.738883386672993238e-15
7.934096665797491369e+03 3.201879629053605882e-15
8.804883581643463913e+03 2.740451682811831866e-15
9.771241535346502133e+03 2.343709935463464052e-15
1.084365968689610963e+04 2.003039752056137501e-15
1.203377840777589154e+04 1.710388007013701306e-15
1.335451562929898682e+04 1.459278763839078908e-15
1.482020705798858762e+04 1.244127261366776326e-15
1.644676177994664249e+04 1.059711783070075945e-15
1.825183494319044257e+04 9.018756462360676996e-16
2.025501939230666540e+04 7.666803536474030200e-16
2.247805833548725059e+04 6.512128455304390122e-16
2.494508135230316839e+04 5.524861762393004118e-16
2.768286630392066581e+04 4.682764250175854268e-16
3.072112998861759115e+04 3.965030722087803837e-16
3.409285069746814406e+04 3.352649024696270837e-16
3.783462617131928710e+04 2.831386191758398903e-16
4.198707084443910571e+04 2.388252760724797118e-16
4.659525668664683326e+04 2.011404269986180514e-16
5.170920242896761192e+04 1.691666881537718037e-16
5.738441648302398244e+04 1.420713134993193997e-16
6.368249944718585903e+04 1.191462523254514914e-16
7.067181273927491566e+04 9.971553707134464302e-17
7.842822061337680498e+04 8.334765216953204582e-17
8.703591361485165544e+04 6.950489773117835174e-17
9.658832241158708348e+04 5.787436767673877039e-17
1.071891319205127511e+05 4.807905263513037033e-17
1.189534067370319535e+05 3.986821985022314118e-17
1.320088400831418112e+05 3.297216545435221704e-17
1.464971398307286145e+05 2.721859674276371940e-17
1.625755666443794908e+05 2.241094403851889316e-17
1.804186409392071655e+05 1.840321176968550859e-17
2.002200371815584658e+05 1.506260220086465484e-17
2.221946860939523904e+05 1.230491885394279770e-17
2.465811075822604180e+05 1.001507188677203611e-17
2.736439997074671555e+05 8.132706638808370651e-18
3.036771118035460822e+05 6.575361749005747404e-18
3.370064329271928291e+05 5.304213995004750903e-18
3.739937302478798083e+05 4.261160748663114574e-18
4.150404757850476308e+05 3.412024339642503760e-18
4.605922041145108524e+05 2.719520999843065797e-18
5.111433483440171112e+05 2.160213196602479831e-18
5.672426068491977639e+05 1.708305685296144507e-18
6.294988990221888525e+05 1.345127551509612978e-18
6.985879746785250027e+05 1.054069932097990087e-18
7.752597488629464060e+05 8.217655951093470888e-19
8.603464416684507160e+05 6.376723724530775273e-19
9.547716114208066138e+05 4.914445179891285973e-19
1.059560179277617019e+06 3.775562446952997846e-19
1.175849554052158026e+06 2.870582378202019441e-19
1.304901978014401859e+06 2.180277178510841517e-19
1.448118227674532915e+06 1.634683325317223213e-19
1.607052818261638284e+06 1.224021446751741320e-19
1.783430876931909472e+06 9.065344900923959621e-20
1.979166867853557458e+06 6.680094828383697062e-20
2.196385372416546568e+06 4.895859180673976715e-20
2.437444150122222025e+06 3.546324740537296779e-20
2.704959730463137385e+06 2.572718771678162406e-20
3.001835813575591892e+06 1.836071280338582779e-20
3.331294787934676744e+06 1.310583521053004147e-20
3.696912707195031922e+06 9.276057360913416016e-21
4.102658105827190448e+06 6.514763984080714716e-21
4.552935074866947718e+06 4.532129949411722452e-21
5.052631065335679799e+06 3.116635842672879499e-21
5.607169938205458224e+06 2.111380687779490594e-21
6.222570836730230600e+06 1.402797040792118087e-21
6.905513520162330940e+06 9.090800476578990806e-22
7.663410868007462472e+06 5.705482305686047957e-22
8.504489341802684590e+06 3.428842688456676368e-22
9.437878277775391936e+06 1.968550714374061951e-22
1.047370897959450819e+07 1.058263161635791112e-22
1.162322468679854274e+07 5.271602716633834896e-23
1.289890261253307760e+07 2.403597327949621022e-23
1.431458937523478456e+07 9.927367653432008249e-24
1.588565129428052530e+07 3.680579605560114224e-24
1.762914118095947802e+07 1.224700326850307570e-24
1.956398343517064676e+07 3.820339502089768891e-25
2.171117945694505423e+07 1.262956907227350776e-25
2.409403560239527002e+07 5.294894904463461357e-26
2.673841615839949250e+07 2.914201751325430247e-26
2.967302408188872784e+07 1.845009139534508297e-26
3.292971255097155273e+07 1.214292884714253417e-26
3.654383070957254618e+07 7.854409996834051639e-27
4.055460735840827972e+07 5.016007148687885319e-27
4.500557675700496882e+07 3.117200231441923918e-27
4.994505115855139494e+07 1.879206518071472453e-27
5.542664520663107187e+07 1.088959754930564036e-27
6.150985788580504060e+07 5.998201308531249359e-28
6.826071834272393584e+07 3.109099643858056773e-28
7.575250258771920204e+07 1.496993439535976471e-28
8.406652885618332028e+07 6.652868649984966477e-29
9.329304026284696162e+07 2.725370225547366280e-29
1.035321843295663744e+08 9.765831948262207062e-30
1.148951000187308788e+08 2.132646417196855547e-30
1.275051240713012964e+08 1.583194171204651500e-32
1.414991297434575856e+08 2.372281254140432293e-53
1.570290124729377627e+08 6.107648067918770316e-69
1.742633386009651124e+08 1.005006658126477171e-76
1.933891750455232263e+08 3.374170442144679665e-83
2.146141197858406007e+08 2.156831712945652843e-90
2.381685551976160705e+08 2.155059210348355886e-98
2.643081486974108517e+08 2.698698564387069629e-107
2.933166278390048146e+08 3.296592732233789515e-117
3.255088599835056663e+08 2.954243823501509980e-128
3.612342699709430337e+08 1.403140138908260650e-140
4.008806328898465633e+08 1.416708300895840457e-154
