1.000000000000000000e+02 1.187291376183634740e-11
1.109752496412072134e+02 9.975617096357200586e-12
1.231550603292826196e+02 8.357489363197739974e-12
1.366716356462005990e+02 6.980258298054855117e-12
1.516716888470922413e+02 5.808131936471259664e-12
1.683180353330956791e+02 4.812806976162750821e-12
1.867913599020782840e+02 3.970959358852065150e-12
2.072921779595371845e+02 3.261645846833670925e-12
2.300430119772916839e+02 2.667012533084077128e-12
2.552908068239516410e+02 2.169214676494173818e-12
2.833096101839323637e+02 1.755245151022926609e-12
3.144035471591500368e+02 1.412679949447069712e-12
3.489101213406774491e+02 1.130934454121044157e-12
3.872038781812557318e+02 9.009446186093979121e-13
4.297004704320843871e+02 7.133501825358698200e-13
4.768611697714468960e+02 5.627334427688686103e-13
5.291978735958442712e+02 4.421441613967321079e-13
5.872786613189482523e+02 3.461056844478543558e-13
6.517339604882420190e+02 2.703235477778534830e-13
7.232633896483533817e+02 2.109108187395380636e-13
8.026433522257173081e+02 1.646296806243672843e-13
8.907354638610439679e+02 1.287992018261208406e-13
9.884959046625587007e+02 1.011672116135226377e-13
1.096985797892383971e+03 7.994473919584648011e-14
1.217382727739662187e+03 6.358783853334081305e-14
1.350993521198027793e+03 5.102565643070185820e-14
1.499268432786045423e+03 4.130530196127641138e-14
1.663816886076128640e+03 3.373024789688304783e-14
1.846424942895544291e+03 2.779582084349340145e-14
2.049074689815845886e+03 2.304901702409834117e-14
2.273965752357927613e+03 1.924678487025802994e-14
2.523539170434765765e+03 1.614614375723451184e-14
2.800503894183631019e+03 1.359380086874819052e-14
3.107866187782013640e+03 1.146670839175935704e-14
3.448962260405759935e+03 9.685467780670496654e-15
3.827494478516314757e+03 8.188013839170050882e-15
4.247571552536898707e+03 6.910077679217601528e-15
4.713753134116724141e+03 5.817125334762234141e-15
5.231099308056262998e+03 4.906723677284479171e-15
5.805225516094896193e+03 4.126023559813670354e-15
6.442363508721369726e+03 3.454902008785258558e-15
7.149428986597576113e+03 2.885758216029502238e-15
7.934096665797491369e+03 2.403992165353671435e-15
8.804883581643463913e+03 1.992849067431628439e-15
9.771241535346502133e+03 1.644626808584779637e-15
1.084365968689610963e+04 1.351966919119568633e-15
1.203377840777589154e+04 1.105091376178793397e-15
1.335451562929898682e+04 8.975154059833692313e-16
1.482020705798858762e+04 7.252592056378580585e-16
1.644676177994664249e+04 5.818341117862015558e-16
1.825183494319044257e+04 4.629610619271042028e-16
2.025501939230666540e+04 3.659750279620373022e-16
2.247805833548725059e+04 2.870219209403457931e-16
2.494508135230316839e+04 2.224011749090616042e-16
2.768286630392066581e+04 1.711663144739636129e-16
3.072112998861759115e+04 1.304912756353279577e-16
3.409285069746814406e+04 9.888157239679256781e-17
3.783462617131928710e+04 7.419909432330774997e-17
4.198707084443910571e+04 5.533894460567790045e-17
4.659525668664683326e+04 4.117260757015309003e-17
5.170920242896761192e+04 3.067356100766564070e-17
5.738441648302398244e+04 2.295860254446969778e-17
6.368249944718585903e+04 1.735090204063714460e-17
7.067181273927491566e+04 1.329801648966704850e-17
7.842822061337680498e+04 1.036446112011541383e-17
8.703591361485165544e+04 8.216515686775578501e-18
9.658832241158708348e+04 6.603714728514026521e-18
1.071891319205127511e+05 5.353008438305381497e-18
1.189534067370319535e+05 4.357579652222482771e-18
1.320088400831418112e+05 3.552236299328271166e-18
1.464971398307286145e+05 2.894597117621586398e-18
1.625755666443794908e+05 2.356535353817337496e-18
1.804186409392071655e+05 1.915756788523269048e-18
2.002200371815584658e+05 1.554919367919729824e-18
2.221946860939523904e+05 1.260233025742381689e-18
2.465811075822604180e+05 1.020035809390733157e-18
2.736439997074671555e+05 8.242541799152255042e-19
3.036771118035460822e+05 6.652028753179764021e-19
3.370064329271928291e+05 5.361310381750054415e-19
3.739937302478798083e+05 4.314940007592020342e-19
4.150404757850476308e+05 3.467226509975938084e-19
4.605922041145108524e+05 2.781765358847300816e-19
5.111433483440171112e+05 2.228097325424074297e-19
5.672426068491977639e+05 1.781701776104281520e-19
6.294988990221888525e+05 1.422137249054668353e-19
6.985879746785250027e+05 1.133096412086232355e-19
7.752597488629464060e+05 9.009111454481442379e-20
8.603464416684507160e+05 7.149474745590629687e-20
9.547716114208066138e+05 5.661005552359383527e-20
1.059560179277617019e+06 4.473347910715708196e-20
1.175849554052158026e+06 3.526380505610088333e-20
1.304901978014401859e+06 2.773016592674728357e-20
1.448118227674532915e+06 2.175123946431789596e-20
1.607052818261638284e+06 1.701923252618362002e-20
1.783430876931909472e+06 1.327500921820529860e-20
1.979166867853557458e+06 1.032684824655205738e-20
2.196385372416546568e+06 8.008496388212004267e-21
2.437444150122222025e+06 6.190651997974893677e-21
2.704959730463137385e+06 4.769094509078666388e-21
3.001835813575591892e+06 3.660931637504743983e-21
3.331294787934676744e+06 2.799373574492974960e-21
3.696912707195031922e+06 2.131526995421934465e-21
4.102658105827190448e+06 1.616555647073555514e-21
4.552935074866947718e+06 1.220006928976779824e-21
5.052631065335679799e+06 9.167456310017346218e-22
5.607169938205458224e+06 6.845884467912256367e-22
6.222570836730230600e+06 5.083079851206151576e-22
6.905513520162330940e+06 3.754389745144999482e-22
7.663410868007462472e+06 2.752192064129492239e-22
8.504489341802684590e+06 2.002349623638194447e-22
9.437878277775391936e+06 1.445820486728692319e-22
1.047370897959450819e+07 1.034098386544251255e-22
1.162322468679854274e+07 7.328364842043803535e-23
1.289890261253307760e+07 5.133860813490142216e-23
1.431458937523478456e+07 3.551794278180582049e-23
1.588565129428052530e+07 2.422262326200165351e-23
1.762914118095947802e+07 1.624040788850550579e-23
1.956398343517064676e+07 1.068240816114174116e-23
2.171117945694505423e+07 6.856928030118738906e-24
2.409403560239527002e+07 4.274857781283088273e-24
2.673841615839949250e+07 2.570204378816220537e-24
2.967302408188872784e+07 1.475290015698668668e-24
3.292971255097155273e+07 7.945491794361764313e-25
3.654383070957254618e+07 3.970487719552254003e-25
4.055460735840827972e+07 1.801964579890543780e-25
4.500557675700496882e+07 7.343945101624041899e-26
4.994505115855139494e+07 2.663767628243113674e-26
5.542664520663107187e+07 8.487523009029843985e-27
6.150985788580504060e+07 2.342285627512286912e-27
6.826071834272393584e+07 5.519613981798686846e-28
7.575250258771920204e+07 1.092921927651340960e-28
8.406652885618332028e+07 1.790782634797694600e-29
9.329304026284696162e+07 2.385591501511282953e-30
1.035321843295663744e+08 2.541604026679827010e-31
1.148951000187308788e+08 2.126972407017317781e-32
1.275051240713012964e+08 1.371677714458677915e-33
1.414991297434575856e+08 6.665061209073459446e-35
1.570290124729377627e+08 2.372544877141197303e-36
1.742633386009651124e+08 5.970818273091093095e-38
1.933891750455232263e+08 1.023851435722060861e-39
2.146141197858406007e+08 1.148573306085171359e-41
2.381685551976160705e+08 8.068827998820075986e-44
2.643081486974108517e+08 3.375664709574313272e-46
2.933166278390048146e+08 7.930255421311055380e-49
3.255088599835056663e+08 9.756398322452113854e-52
3.612342699709430337e+08 5.782941398576816944e-55
4.008806328898465633e+08 1.477601912556492645e-58
4.448782831127585173e+08 1.385057742438299184e-62
4.937047852839003801e+08 4.029381940556413377e-67
5.478901179593944550e+08 2.996788789419881911e-72
6.080224261649426222e+08 4.123341716864191802e-78
