1.000000000000000000e+02 4.267463890995285349e-14
1.109752496412072134e+02 3.659051444233891010e-14
1.231550603292826196e+02 3.135506117994572097e-14
1.366716356462005990e+02 2.684426281835199539e-14
1.516716888470922413e+02 2.295404578266075516e-14
1.683180353330956791e+02 1.961230061645927700e-14
1.867913599020782840e+02 1.673536934611169408e-14
2.072921779595371845e+02 1.426513793248995907e-14
2.300430119772916839e+02 1.214596250245618804e-14
2.552908068239516410e+02 1.032322261253409503e-14
2.833096101839323637e+02 8.763520265438259576e-15
3.144035471591500368e+02 7.426574900548671105e-15
3.489101213406774491e+02 6.280749566672857083e-15
3.872038781812557318e+02 5.302224817892995438e-15
4.297004704320843871e+02 4.466208538988034951e-15
4.768611697714468960e+02 3.752840820858600458e-15
5.291978735958442712e+02 3.146632626662416220e-15
5.872786613189482523e+02 2.630913653251595630e-15
6.517339604882420190e+02 2.193997181853878613e-15
7.232633896483533817e+02 1.825364408209992307e-15
8.026433522257173081e+02 1.516208065358012879e-15
8.907354638610439679e+02 1.254632354227928428e-15
9.884959046625587007e+02 1.037315662212144314e-15
1.096985797892383971e+03 8.568854175158356364e-16
1.217382727739662187e+03 7.077374191291711316e-16
1.350993521198027793e+03 5.850188456879911341e-16
1.499268432786045423e+03 4.846138929126940509e-16
1.663816886076128640e+03 4.023390804882419532e-16
1.846424942895544291e+03 3.349138963460276352e-16
2.049074689815845886e+03 2.792201066040890524e-16
2.273965752357927613e+03 2.332038271340384272e-16
2.523539170434765765e+03 1.948256013887050981e-16
2.800503894183631019e+03 1.628912916907965998e-16
3.107866187782013640e+03 1.361721096399307178e-16
3.448962260405759935e+03 1.138384889752724625e-16
3.827494478516314757e+03 9.517270119528200248e-17
4.247571552536898707e+03 7.955476829903799771e-17
4.713753134116724141e+03 6.649208615647663557e-17
5.231099308056262998e+03 5.556402121498723490e-17
5.805225516094896193e+03 4.641987126112627560e-17
6.442363508721369726e+03 3.877132447515959968e-17
7.149428986597576113e+03 3.237375182041929835e-17
7.934096665797491369e+03 2.702135069387234236e-17
8.804883581643463913e+03 2.254263310143214793e-17
9.771241535346502133e+03 1.879829392395314256e-17
1.084365968689610963e+04 1.566584451020411544e-17
1.203377840777589154e+04 1.304772986889509806e-17
1.335451562929898682e+04 1.085948258143904466e-17
1.482020705798858762e+04 9.031091407013128601e-18
1.644676177994664249e+04 7.502644767107708827e-18
1.825183494319044257e+04 6.227469430092286394e-18
2.025501939230666540e+04 5.164361346962647194e-18
2.247805833548725059e+04 4.276867337979005280e-18
2.494508135230316839e+04 3.537354214363832360e-18
2.768286630392066581e+04 2.922442690532521341e-18
3.072112998861759115e+04 2.411108571308210922e-18
3.409285069746814406e+04 1.986150258528510730e-18
3.783462617131928710e+04 1.634068604436562237e-18
4.198707084443910571e+04 1.342385503005284862e-18
4.659525668664683326e+04 1.101450329418128568e-18
5.170920242896761192e+04 9.025850042838915437e-19
5.738441648302398244e+04 7.388452278878437653e-19
6.368249944718585903e+04 6.041163590767070661e-19
7.067181273927491566e+04 4.934987006911710286e-19
7.842822061337680498e+04 4.029367315107310749e-19
8.703591361485165544e+04 3.286357367635044564e-19
9.658832241158708348e+04 2.678318550304291701e-19
1.071891319205127511e+05 2.181441918199647858e-19
1.189534067370319535e+05 1.775749859264244934e-19
1.320088400831418112e+05 1.444684144355518425e-19
1.464971398307286145e+05 1.174583414077598294e-19
1.625755666443794908e+05 9.544317092187816898e-20
1.804186409392071655e+05 7.749648331113988323e-20
2.002200371815584658e+05 6.288487858899304376e-20
2.221946860939523904e+05 5.098614204313431106e-20
2.465811075822604180e+05 4.130986450794807977e-20
2.736439997074671555e+05 3.344357624097900388e-20
3.036771118035460822e+05 2.705315172339991214e-20
3.370064329271928291e+05 2.186465456907411702e-20
3.739937302478798083e+05 1.765287506399874023e-20
4.150404757850476308e+05 1.423933565591638583e-20
4.605922041145108524e+05 1.147417790605631777e-20
5.111433483440171112e+05 9.237768328734569729e-21
5.672426068491977639e+05 7.428467612717339631e-21
6.294988990221888525e+05 5.966153838212604868e-21
6.985879746785250027e+05 4.786482019393873274e-21
7.752597488629464060e+05 3.835434850184352540e-21
8.603464416684507160e+05 3.068925833280854050e-21
9.547716114208066138e+05 2.452136573981050618e-21
1.059560179277617019e+06 1.956730360932442053e-21
1.175849554052158026e+06 1.558866150261632290e-21
1.304901978014401859e+06 1.239975451009372803e-21
1.448118227674532915e+06 9.846689060020418063e-22
1.607052818261638284e+06 7.806602048675965961e-22
1.783430876931909472e+06 6.176788107146928711e-22
1.979166867853557458e+06 4.878616654679723586e-22
2.196385372416546568e+06 3.845919226846258665e-22
2.437444150122222025e+06 3.024742463094180095e-22
2.704959730463137385e+06 2.374286098020143568e-22
3.001835813575591892e+06 1.859311391543992450e-22
3.331294787934676744e+06 1.452433476165230102e-22
3.696912707195031922e+06 1.131917302813106626e-22
4.102658105827190448e+06 8.797238209947469803e-23
4.552935074866947718e+06 6.821022382966260812e-23
5.052631065335679799e+06 5.272227690289237415e-23
5.607169938205458224e+06 4.064411846547528705e-23
6.222570836730230600e+06 3.122436788113150894e-23
6.905513520162330940e+06 2.391771265025890722e-23
7.663410868007462472e+06 1.825940458655650994e-23
8.504489341802684590e+06 1.389052644878831281e-23
9.437878277775391936e+06 1.053074072012130015e-23
1.047370897959450819e+07 7.953397596474648757e-24
1.162322468679854274e+07 5.985199682840844449e-24
1.289890261253307760e+07 4.486104132746756566e-24
1.431458937523478456e+07 3.349458163354645875e-24
1.588565129428052530e+07 2.490879138020333734e-24
1.762914118095947802e+07 1.844861657214676796e-24
1.956398343517064676e+07 1.360627456869929944e-24
2.171117945694505423e+07 9.993927824556371414e-25
2.409403560239527002e+07 7.309398158144023995e-25
2.673841615839949250e+07 5.323192213622094634e-25
2.967302408188872784e+07 3.860539078203355087e-25
3.292971255097155273e+07 2.787547473147846815e-25
3.654383070957254618e+07 2.004047756832104080e-25
4.055460735840827972e+07 1.434404167923695248e-25
4.500557675700496882e+07 1.021843611813295154e-25
4.994505115855139494e+07 7.242967528302020655e-26
5.542664520663107187e+07 5.109823028297947125e-26
6.150985788580504060e+07 3.584210426012319725e-26
6.826071834272393584e+07 2.499167478187770750e-26
7.575250258771920204e+07 1.731022027028893676e-26
8.406652885618332028e+07 1.189767774792202354e-26
9.329304026284696162e+07 8.107091313843700092e-27
1.035321843295663744e+08 5.467853074483508505e-27
1.148951000187308788e+08 3.643421721902360445e-27
1.275051240713012964e+08 2.392402372803468679e-27
1.414991297434575856e+08 1.542633272432948726e-27
1.570290124729377627e+08 9.723080626513310850e-28
1.742633386009651124e+08 5.950969468711545873e-28
1.933891750455232263e+08 3.503245605959754566e-28
2.146141197858406007e+08 1.955139344834551157e-28
2.381685551976160705e+08 1.010881367086246548e-28
2.643081486974108517e+08 4.665638301612200428e-29
2.933166278390048146e+08 1.799541400032027214e-29
3.255088599835056663e+08 4.834521578509678698e-30
3.612342699709430337e+08 1.327889016790704319e-32
