1.000000000000000000e+02 1.167775579721640003e-12
1.109752496412072134e+02 9.466502480652142006e-13
1.231550603292826196e+02 7.737899230184139549e-13
1.366716356462005990e+02 6.380655426837809307e-13
1.516716888470922413e+02 5.311323928361182457e-13
1.683180353330956791e+02 4.451141579028040867e-13
1.867913599020782840e+02 3.760181657335869924e-13
2.072921779595371845e+02 3.195519621851174818e-13
2.300430119772916839e+02 2.728480969029681918e-13
2.552908068239516410e+02 2.338174715502938068e-13
2.833096101839323637e+02 2.008316299896595965e-13
3.144035471591500368e+02 1.727267972957437786e-13
3.489101213406774491e+02 1.486379296898178144e-13
3.872038781812557318e+02 1.280291856796619065e-13
4.297004704320843871e+02 1.100164749822832993e-13
4.768611697714468960e+02 9.448686102198923920e-14
5.291978735958442712e+02 8.107379529959213700e-14
5.872786613189482523e+02 6.945265322189173462e-14
6.517339604882420190e+02 5.935250204782922832e-14
7.232633896483533817e+02 5.063819711952704521e-14
8.026433522257173081e+02 4.313286019587883691e-14
8.907354638610439679e+02 3.661195275142577926e-14
9.884959046625587007e+02 3.100024269040402234e-14
1.096985797892383971e+03 2.620394565834842280e-14
1.217382727739662187e+03 2.206303318987604245e-14
1.350993521198027793e+03 1.853267248376830276e-14
1.499268432786045423e+03 1.552001917164197083e-14
1.663816886076128640e+03 1.295369106244303031e-14
1.846424942895544291e+03 1.077942441370613986e-14
2.049074689815845886e+03 8.942265532413037228e-15
2.273965752357927613e+03 7.391205978412724676e-15
2.523539170434765765e+03 6.089766635998664936e-15
2.800503894183631019e+03 5.007158470591016341e-15
3.107866187782013640e+03 4.095620672933588281e-15
3.448962260405759935e+03 3.345502521343972434e-15
3.827494478516314757e+03 2.721159270050721743e-15
4.247571552536898707e+03 2.206384073560366148e-15
4.713753134116724141e+03 1.781840052066655600e-15
5.231099308056262998e+03 1.435574419676007694e-15
5.805225516094896193e+03 1.153744282304242299e-15
6.442363508721369726e+03 9.233425545004554736e-16
7.149428986597576113e+03 7.324069767876160584e-16
7.934096665797491369e+03 5.774894453349525528e-16
8.804883581643463913e+03 4.511175029837540386e-16
9.771241535346502133e+03 3.487296868643785360e-16
1.084365968689610963e+04 2.657718831895273762e-16
1.203377840777589154e+04 1.989334416460352489e-16
1.335451562929898682e+04 1.458183943652239319e-16
1.482020705798858762e+04 1.041445145120977542e-16
1.644676177994664249e+04 7.214745718949491901e-17
1.825183494319044257e+04 4.834258918401276502e-17
2.025501939230666540e+04 3.141902037946100805e-17
2.247805833548725059e+04 2.007153365465935870e-17
2.494508135230316839e+04 1.296545831273843447e-17
2.768286630392066581e+04 8.793240744511093573e-18
3.072112998861759115e+04 6.409879029870022813e-18
3.409285069746814406e+04 4.971898943179063334e-18
3.783462617131928710e+04 4.010561776151014661e-18
4.198707084443910571e+04 3.302034638891423077e-18
4.659525668664683326e+04 2.743123300327650848e-18
5.170920242896761192e+04 2.286381238826750099e-18
5.738441648302398244e+04 1.907271136959331901e-18
6.368249944718585903e+04 1.590539191221313005e-18
7.067181273927491566e+04 1.325487034146147025e-18
7.842822061337680498e+04 1.103685839340543214e-18
8.703591361485165544e+04 9.182787396160936450e-19
9.658832241158708348e+04 7.633655887172965241e-19
1.071891319205127511e+05 6.340202118240390626e-19
1.189534067370319535e+05 5.262018450475371905e-19
1.320088400831418112e+05 4.363201844460388344e-19
1.464971398307286145e+05 3.614975111610225163e-19
1.625755666443794908e+05 2.992923178857673375e-19
1.804186409392071655e+05 2.475444224307042988e-19
2.002200371815584658e+05 2.045807780759718501e-19
2.221946860939523904e+05 1.688827243387484304e-19
2.465811075822604180e+05 1.392788891353535457e-19
2.736439997074671555e+05 1.147338047357660230e-19
3.036771118035460822e+05 9.440034241103987043e-20
3.370064329271928291e+05 7.756863867200601975e-20
3.739937302478798083e+05 6.367106956807134569e-20
4.150404757850476308e+05 5.216882526435335044e-20
4.605922041145108524e+05 4.268267307797001101e-20
5.111433483440171112e+05 3.487247207547793721e-20
5.672426068491977639e+05 2.843468445035276648e-20
6.294988990221888525e+05 2.314141208087965852e-20
6.985879746785250027e+05 1.879877535684089984e-20
7.752597488629464060e+05 1.523674734496738549e-20
8.603464416684507160e+05 1.232148914999383653e-20
9.547716114208066138e+05 9.939500171227868660e-21
1.059560179277617019e+06 7.997853079675575272e-21
1.175849554052158026e+06 6.416551425222062026e-21
1.304901978014401859e+06 5.132551629814000236e-21
1.448118227674532915e+06 4.092144687872345542e-21
1.607052818261638284e+06 3.251970946444278271e-21
1.783430876931909472e+06 2.574167627991845349e-21
1.979166867853557458e+06 2.028741875238361046e-21
2.196385372416546568e+06 1.591736924391814117e-21
2.437444150122222025e+06 1.242860387452636486e-21
2.704959730463137385e+06 9.658609205813248632e-22
3.001835813575591892e+06 7.469071186154638934e-22
3.331294787934676744e+06 5.736136269525166631e-22
3.696912707195031922e+06 4.377250870499406922e-22
4.102658105827190448e+06 3.319000317981190912e-22
4.552935074866947718e+06 2.497620521149969655e-22
5.052631065335679799e+06 1.864985353351064846e-22
5.607169938205458224e+06 1.380800063024969421e-22
6.222570836730230600e+06 1.013253999701558847e-22
6.905513520162330940e+06 7.369572221049240860e-23
7.663410868007462472e+06 5.309309713576255287e-23
8.504489341802684590e+06 3.785271280782518371e-23
9.437878277775391936e+06 2.670054426921522518e-23
1.047370897959450819e+07 1.862257492182061666e-23
1.162322468679854274e+07 1.281315244368186589e-23
1.289890261253307760e+07 8.677646210674153277e-24
1.431458937523478456e+07 5.752963879257708978e-24
1.588565129428052530e+07 3.704924396996562609e-24
1.762914118095947802e+07 2.287564816770164554e-24
1.956398343517064676e+07 1.326781859564202859e-24
2.171117945694505423e+07 6.999107092062163329e-25
2.409403560239527002e+07 3.167553299291449382e-25
2.673841615839949250e+07 1.085759579234716971e-25
2.967302408188872784e+07 2.053026692347142458e-26
3.292971255097155273e+07 1.475104371967518477e-27
