1.000000000000000000e+02 5.574644130221211405e-12
1.109752496412072134e+02 4.749901690991437227e-12
1.231550603292826196e+02 4.035368865364699884e-12
1.366716356462005990e+02 3.419224176829209791e-12
1.516716888470922413e+02 2.889565208851011714e-12
1.683180353330956791e+02 2.432283166240728854e-12
1.867913599020782840e+02 2.043026057561050146e-12
2.072921779595371845e+02 1.710084001321565428e-12
2.300430119772916839e+02 1.426913485986454581e-12
2.552908068239516410e+02 1.186124237237856469e-12
2.833096101839323637e+02 9.824179048188880481e-13
3.144035471591500368e+02 8.110563106776071826e-13
3.489101213406774491e+02 6.665227302242451825e-13
3.872038781812557318e+02 5.463288761755698736e-13
4.297004704320843871e+02 4.451276989387105403e-13
4.768611697714468960e+02 3.622415678178696115e-13
5.291978735958442712e+02 2.926132524848094739e-13
5.872786613189482523e+02 2.362155443567975937e-13
6.517339604882420190e+02 1.891977792575334939e-13
7.232633896483533817e+02 1.514808352107584248e-13
8.026433522257173081e+02 1.204630117781657114e-13
8.907354638610439679e+02 9.564890710062733941e-14
9.884959046625587007e+02 7.536848738609548659e-14
1.096985797892383971e+03 5.949194850974338528e-14
1.217382727739662187e+03 4.654795978324136556e-14
1.350993521198027793e+03 3.655863639005709956e-14
1.499268432786045423e+03 2.845665841104403523e-14
1.663816886076128640e+03 2.226518420087181305e-14
1.846424942895544291e+03 1.728153131603202527e-14
2.049074689815845886e+03 1.349780964073223882e-14
2.273965752357927613e+03 1.048115931604301949e-14
2.523539170434765765e+03 8.183491031300194817e-15
2.800503894183631019e+03 6.371482359582996604e-15
3.107866187782013640e+03 4.982567885680778689e-15
3.448962260405759935e+03 3.894816869996780088e-15
3.827494478516314757e+03 3.051979081002938145e-15
4.247571552536898707e+03 2.394762876211221532e-15
4.713753134116724141e+03 1.878783665132646826e-15
5.231099308056262998e+03 1.476635865085551003e-15
5.805225516094896193e+03 1.158779205651433262e-15
6.442363508721369726e+03 9.102174265817030903e-16
7.149428986597576113e+03 7.147718395731500666e-16
7.934096665797491369e+03 5.588075479258268704e-16
8.804883581643463913e+03 4.361439850697067033e-16
9.771241535346502133e+03 3.410667021818490349e-16
1.084365968689610963e+04 2.649901679385744306e-16
1.203377840777589154e+04 2.070977932237420949e-16
1.335451562929898682e+04 1.605536074619087241e-16
1.482020705798858762e+04 1.252352904301412734e-16
1.644676177994664249e+04 9.752868057431437543e-17
1.825183494319044257e+04 7.610463495751005124e-17
2.025501939230666540e+04 5.977030118397387354e-17
2.247805833548725059e+04 4.693371931191758647e-17
2.494508135230316839e+04 3.708761633062976888e-17
2.768286630392066581e+04 2.947068281419329754e-17
3.072112998861759115e+04 2.353507038990246157e-17
3.409285069746814406e+04 1.887855779208696270e-17
3.783462617131928710e+04 1.521859397203629829e-17
4.198707084443910571e+04 1.230249400126816522e-17
4.659525668664683326e+04 9.966372003186640007e-18
5.170920242896761192e+04 8.086393926623942870e-18
5.738441648302398244e+04 6.557474389116262952e-18
6.368249944718585903e+04 5.306275356919077244e-18
7.067181273927491566e+04 4.282673427012744950e-18
7.842822061337680498e+04 3.442253862818256746e-18
8.703591361485165544e+04 2.751516764376533807e-18
9.658832241158708348e+04 2.185697951500112852e-18
1.071891319205127511e+05 1.723216041779869754e-18
1.189534067370319535e+05 1.347025962194441291e-18
1.320088400831418112e+05 1.042680092323878620e-18
1.464971398307286145e+05 7.986754072892200044e-19
1.625755666443794908e+05 6.047282978798826218e-19
1.804186409392071655e+05 4.521436916214855914e-19
2.002200371815584658e+05 3.334883888491458910e-19
2.221946860939523904e+05 2.427040423826681989e-19
2.465811075822604180e+05 1.742407015571937872e-19
2.736439997074671555e+05 1.235800429025777649e-19
3.036771118035460822e+05 8.692597262900509428e-20
3.370064329271928291e+05 6.088301122235164939e-20
3.739937302478798083e+05 4.282022822854656712e-20
4.150404757850476308e+05 3.050675643696178596e-20
4.605922041145108524e+05 2.213982517926694419e-20
5.111433483440171112e+05 1.639948315835994213e-20
5.672426068491977639e+05 1.233230668835895134e-20
6.294988990221888525e+05 9.369459082903127424e-21
6.985879746785250027e+05 7.140043745778682859e-21
7.752597488629464060e+05 5.447593472350924579e-21
8.603464416684507160e+05 4.143946870078508484e-21
9.547716114208066138e+05 3.139955926260062145e-21
1.059560179277617019e+06 2.366910004986820013e-21
1.175849554052158026e+06 1.773504529012243791e-21
1.304901978014401859e+06 1.320917139401640176e-21
1.448118227674532915e+06 9.756496461065378452e-22
1.607052818261638284e+06 7.172678625509280630e-22
1.783430876931909472e+06 5.217809258835224269e-22
1.979166867853557458e+06 3.778017343981687350e-22
2.196385372416546568e+06 2.707293049670266189e-22
2.437444150122222025e+06 1.925081510833791227e-22
2.704959730463137385e+06 1.361992815043208292e-22
3.001835813575591892e+06 9.494733432813511063e-23
3.331294787934676744e+06 6.594469280164811108e-23
3.696912707195031922e+06 4.542573873587338336e-23
4.102658105827190448e+06 3.089221862828619113e-23
4.552935074866947718e+06 2.088328925072553623e-23
5.052631065335679799e+06 1.395150916121902006e-23
5.607169938205458224e+06 9.202068234435652242e-24
6.222570836730230600e+06 5.972127154000185967e-24
6.905513520162330940e+06 3.794973519924974360e-24
7.663410868007462472e+06 2.350850084710141460e-24
8.504489341802684590e+06 1.406399961111808115e-24
9.437878277775391936e+06 8.062966716722737135e-25
1.047370897959450819e+07 4.379830456644564581e-25
1.162322468679854274e+07 2.226049121195220190e-25
1.289890261253307760e+07 1.048906441317309212e-25
1.431458937523478456e+07 4.561734118987149656e-26
1.588565129428052530e+07 1.771216366778209023e-26
1.762914118095947802e+07 6.183657485886802886e-27
1.956398343517064676e+07 1.897774276249048826e-27
2.171117945694505423e+07 5.063624856739814828e-28
2.409403560239527002e+07 1.146241868790840509e-28
2.673841615839949250e+07 2.186433340995622909e-29
2.967302408188872784e+07 3.432536086736186666e-30
3.292971255097155273e+07 4.374547258090219345e-31
3.654383070957254618e+07 4.441197114530268374e-32
4.055460735840827972e+07 3.526011808532682747e-33
4.500557675700496882e+07 2.147696652637467870e-34
4.994505115855139494e+07 9.835348703144225500e-36
5.542664520663107187e+07 3.311312206519034942e-37
6.150985788580504060e+07 7.977015801016858356e-39
6.826071834272393584e+07 1.331135843661910586e-40
7.575250258771920204e+07 1.483417780669997199e-42
8.406652885618332028e+07 1.055373569502647302e-44
9.329304026284696162e+07 4.631717539279389027e-47
1.035321843295663744e+08 1.169959407642795748e-49
1.148951000187308788e+08 1.617212546778523953e-52
1.275051240713012964e+08 1.139147223246338820e-55
1.414991297434575856e+08 3.717419985506958827e-59
1.570290124729377627e+08 5.007999365895511599e-63
1.742633386009651124e+08 2.449651905216138228e-67
1.933891750455232263e+08 3.706959162734508552e-72
2.146141197858406007e+08 1.344736221896582148e-77
2.381685551976160705e+08 2.929792737205041314e-84
2.643081486974108517e+08 1.076507729529866652e-94
