1.000000000000000000e+02 1.601945733006566957e-11
1.109752496412072134e+02 1.384774415919379514e-11
1.231550603292826196e+02 1.195730743619643626e-11
1.366716356462005990e+02 1.030915043357224656e-11
1.516716888470922413e+02 8.874800558951429938e-12
1.683180353330956791e+02 7.629150559222084355e-12
1.867913599020782840e+02 6.548080348717673256e-12
2.072921779595371845e+02 5.610674942410429656e-12
2.300430119772916839e+02 4.800936578233145264e-12
2.552908068239516410e+02 4.100594987383374451e-12
2.833096101839323637e+02 3.497447788968128600e-12
3.144035471591500368e+02 2.977424256554854711e-12
3.489101213406774491e+02 2.530355223467604501e-12
3.872038781812557318e+02 2.147359030054977961e-12
4.297004704320843871e+02 1.818562947293246693e-12
4.768611697714468960e+02 1.538357835301065230e-12
5.291978735958442712e+02 1.298008002733225571e-12
5.872786613189482523e+02 1.094274849816560697e-12
6.517339604882420190e+02 9.201930439226986713e-13
7.232633896483533817e+02 7.728957055753948444e-13
8.026433522257173081e+02 6.480674395971458162e-13
8.907354638610439679e+02 5.422371375924276221e-13
9.884959046625587007e+02 4.531352830870399821e-13
1.096985797892383971e+03 3.778625055251862702e-13
1.217382727739662187e+03 3.145934699658173764e-13
1.350993521198027793e+03 2.614901275922205635e-13
1.499268432786045423e+03 2.168601335166055359e-13
1.663816886076128640e+03 1.795705429084587082e-13
1.846424942895544291e+03 1.484081355118691823e-13
2.049074689815845886e+03 1.224016743468716846e-13
2.273965752357927613e+03 1.007295758625429856e-13
2.523539170434765765e+03 8.274935873320288365e-14
2.800503894183631019e+03 6.784678211154444728e-14
3.107866187782013640e+03 5.548088843342077859e-14
3.448962260405759935e+03 4.528055989806902069e-14
3.827494478516314757e+03 3.688139396219767618e-14
4.247571552536898707e+03 2.995876391930008572e-14
4.713753134116724141e+03 2.429408235739615011e-14
5.231099308056262998e+03 1.962650647488493294e-14
5.805225516094896193e+03 1.584444765269980797e-14
6.442363508721369726e+03 1.275198104753651282e-14
7.149428986597576113e+03 1.025156627988551827e-14
7.934096665797491369e+03 8.224283787755875817e-15
8.804883581643463913e+03 6.584614232269566578e-15
9.771241535346502133e+03 5.267950405193679419e-15
1.084365968689610963e+04 4.207885854430430380e-15
1.203377840777589154e+04 3.358110381060427043e-15
1.335451562929898682e+04 2.680505556263755424e-15
1.482020705798858762e+04 2.136943089902111242e-15
1.644676177994664249e+04 1.706577589655470575e-15
1.825183494319044257e+04 1.360497021234930650e-15
2.025501939230666540e+04 1.087004231293785665e-15
2.247805833548725059e+04 8.682255713887817530e-16
2.494508135230316839e+04 6.937340328404137914e-16
2.768286630392066581e+04 5.549498598487941004e-16
3.072112998861759115e+04 4.433174166997375352e-16
3.409285069746814406e+04 3.545484414558442278e-16
3.783462617131928710e+04 2.830978722579936889e-16
4.198707084443910571e+04 2.257989616815553616e-16
4.659525668664683326e+04 1.798694492912554410e-16
5.170920242896761192e+04 1.430145194938197141e-16
5.738441648302398244e+04 1.133967516698838355e-16
6.368249944718585903e+04 8.973389705451860523e-17
7.067181273927491566e+04 7.077450804361911576e-17
7.842822061337680498e+04 5.564667837616845192e-17
8.703591361485165544e+04 4.361065283962574121e-17
9.658832241158708348e+04 3.406214284602656532e-17
1.071891319205127511e+05 2.653061914419872714e-17
1.189534067370319535e+05 2.060036136537866448e-17
1.320088400831418112e+05 1.594904486759882290e-17
1.464971398307286145e+05 1.232400263320269484e-17
1.625755666443794908e+05 9.504073649925658936e-18
1.804186409392071655e+05 7.318826937392658828e-18
2.002200371815584658e+05 5.633260649095928977e-18
2.221946860939523904e+05 4.335613854184627193e-18
2.465811075822604180e+05 3.335920057826379731e-18
2.736439997074671555e+05 2.569085765549272058e-18
3.036771118035460822e+05 1.979704932102812968e-18
3.370064329271928291e+05 1.526569255789677075e-18
3.739937302478798083e+05 1.176990683705025531e-18
4.150404757850476308e+05 9.082073861846732642e-19
4.605922041145108524e+05 7.002000997482206440e-19
5.111433483440171112e+05 5.393088586862874284e-19
5.672426068491977639e+05 4.148624406168345960e-19
6.294988990221888525e+05 3.186599299177670622e-19
6.985879746785250027e+05 2.444894591069975823e-19
7.752597488629464060e+05 1.875680952030354859e-19
8.603464416684507160e+05 1.440900738992159715e-19
9.547716114208066138e+05 1.111561372449461896e-19
1.059560179277617019e+06 8.632817645508863663e-20
1.175849554052158026e+06 6.768692028612139927e-20
1.304901978014401859e+06 5.361152987158458037e-20
1.448118227674532915e+06 4.282212133380204745e-20
1.607052818261638284e+06 3.438236280087468493e-20
1.783430876931909472e+06 2.766543591143836556e-20
1.979166867853557458e+06 2.227591918982268910e-20
2.196385372416546568e+06 1.792720761133131129e-20
2.437444150122222025e+06 1.440632777370177842e-20
2.704959730463137385e+06 1.155558022510796100e-20
3.001835813575591892e+06 9.250016147168779350e-21
3.331294787934676744e+06 7.387165467058382689e-21
3.696912707195031922e+06 5.884287888065724222e-21
4.102658105827190448e+06 4.674252611283083856e-21
4.552935074866947718e+06 3.701302172110126355e-21
5.052631065335679799e+06 2.921914561073712476e-21
5.607169938205458224e+06 2.295661159200181920e-21
6.222570836730230600e+06 1.797178770616441430e-21
6.905513520162330940e+06 1.400355724171239385e-21
7.663410868007462472e+06 1.085224796576306371e-21
8.504489341802684590e+06 8.363503628029045912e-22
9.437878277775391936e+06 6.401026305918176287e-22
1.047370897959450819e+07 4.863890826846634114e-22
1.162322468679854274e+07 3.663799940514264181e-22
1.289890261253307760e+07 2.733344476157462764e-22
1.431458937523478456e+07 2.017402651543584430e-22
1.588565129428052530e+07 1.470290751497090432e-22
1.762914118095947802e+07 1.056467082259132724e-22
1.956398343517064676e+07 7.466144795771213380e-23
2.171117945694505423e+07 5.176224071445848467e-23
2.409403560239527002e+07 3.511999018215323625e-23
2.673841615839949250e+07 2.323122165567314007e-23
2.967302408188872784e+07 1.494422091316579759e-23
3.292971255097155273e+07 9.317302174046115726e-24
3.654383070957254618e+07 5.622158957316180964e-24
4.055460735840827972e+07 3.281909096987668115e-24
4.500557675700496882e+07 1.852968957816172482e-24
4.994505115855139494e+07 1.004871505484424823e-24
5.542664520663107187e+07 5.088876926989082876e-25
6.150985788580504060e+07 2.233646119593132251e-25
6.826071834272393584e+07 7.139323030160241033e-26
7.575250258771920204e+07 9.805514848376616069e-27
8.406652885618332028e+07 1.797573821277200565e-28
9.329304026284696162e+07 1.873400425890613007e-31
1.035321843295663744e+08 8.809302574168496654e-37
1.148951000187308788e+08 1.372154042028297240e-47
1.275051240713012964e+08 1.002585866603575947e-83
