1.000000000000000000e+02 1.586351901878759301e-15
1.109752496412072134e+02 1.327718912314851787e-15
1.231550603292826196e+02 1.108629680515905457e-15
1.366716356462005990e+02 9.225939593896915939e-16
1.516716888470922413e+02 7.643761375197300160e-16
1.683180353330956791e+02 6.310572655284768950e-16
1.867913599020782840e+02 5.195791991239009395e-16
2.072921779595371845e+02 4.260132892551777414e-16
2.300430119772916839e+02 3.472730184912568470e-16
2.552908068239516410e+02 2.822430841306402410e-16
2.833096101839323637e+02 2.285242237629374594e-16
3.144035471591500368e+02 1.843653934394082469e-16
3.489101213406774491e+02 1.480521773820357983e-16
3.872038781812557318e+02 1.183800970204068801e-16
4.297004704320843871e+02 9.439265338475097354e-17
4.768611697714468960e+02 7.514789391919859258e-17
5.291978735958442712e+02 5.966967895013584817e-17
5.872786613189482523e+02 4.731777707574053839e-17
6.517339604882420190e+02 3.746651919630288873e-17
7.232633896483533817e+02 2.969259645271984467e-17
8.026433522257173081e+02 2.353963997892781156e-17
8.907354638610439679e+02 1.869407352984493110e-17
9.884959046625587007e+02 1.487297115706305175e-17
1.096985797892383971e+03 1.185513368822312643e-17
1.217382727739662187e+03 9.468694078685913378e-18
1.350993521198027793e+03 7.573022833682237464e-18
1.499268432786045423e+03 6.061084653019367189e-18
1.663816886076128640e+03 4.848016324722937274e-18
1.846424942895544291e+03 3.870805148771060975e-18
2.049074689815845886e+03 3.079785108874970229e-18
2.273965752357927613e+03 2.437332336519225906e-18
2.523539170434765765e+03 1.914000743013917160e-18
2.800503894183631019e+03 1.487996743305325905e-18
3.107866187782013640e+03 1.142031406906848902e-18
3.448962260405759935e+03 8.625089676889545775e-19
3.827494478516314757e+03 6.389228297538270140e-19
4.247571552536898707e+03 4.627051671403650883e-19
4.713753134116724141e+03 3.255505930158543043e-19
5.231099308056262998e+03 2.223032341409724033e-19
5.805225516094896193e+03 1.469701105732225594e-19
6.442363508721369726e+03 9.449843642324759590e-20
7.149428986597576113e+03 5.995569110917321176e-20
7.934096665797491369e+03 3.861483982385481980e-20
8.804883581643463913e+03 2.618613170692999554e-20
9.771241535346502133e+03 1.912094774455855830e-20
1.084365968689610963e+04 1.489519306743225381e-20
1.203377840777589154e+04 1.208779126911668812e-20
1.335451562929898682e+04 1.002574964810426067e-20
1.482020705798858762e+04 8.400259256409243151e-21
1.644676177994664249e+04 7.066235327216778736e-21
1.825183494319044257e+04 5.952843370129855526e-21
2.025501939230666540e+04 5.015763582477540694e-21
2.247805833548725059e+04 4.225205906575295096e-21
2.494508135230316839e+04 3.557622812460024501e-21
2.768286630392066581e+04 2.994114862511020330e-21
3.072112998861759115e+04 2.518392060677457442e-21
3.409285069746814406e+04 2.117479418356269117e-21
3.783462617131928710e+04 1.779358892468741950e-21
4.198707084443910571e+04 1.494306149534976792e-21
4.659525668664683326e+04 1.254241703757247099e-21
5.170920242896761192e+04 1.052111569291523558e-21
5.738441648302398244e+04 8.820419716115625867e-22
6.368249944718585903e+04 7.389079992565991343e-22
7.067181273927491566e+04 6.186856357092189999e-22
7.842822061337680498e+04 5.176273214185173321e-22
8.703591361485165544e+04 4.328156100585062968e-22
9.658832241158708348e+04 3.616359521276137533e-22
1.071891319205127511e+05 3.019480810256328775e-22
1.189534067370319535e+05 2.519290693866262759e-22
1.320088400831418112e+05 2.100438194984905906e-22
1.464971398307286145e+05 1.749782610222031345e-22
1.625755666443794908e+05 1.456693819777898429e-22
1.804186409392071655e+05 1.211520893848386753e-22
2.002200371815584658e+05 1.006849170776018737e-22
2.221946860939523904e+05 8.359858871577263031e-23
2.465811075822604180e+05 6.935680777049058140e-23
2.736439997074671555e+05 5.748281878260448323e-23
3.036771118035460822e+05 4.758987985930534280e-23
3.370064329271928291e+05 3.936481719922970600e-23
3.739937302478798083e+05 3.252586187082200653e-23
4.150404757850476308e+05 2.684728861807678060e-23
4.605922041145108524e+05 2.213289146112536418e-23
5.111433483440171112e+05 1.822552626342052896e-23
5.672426068491977639e+05 1.499056375739611863e-23
6.294988990221888525e+05 1.231398306075803928e-23
6.985879746785250027e+05 1.010275993231435563e-23
7.752597488629464060e+05 8.275472757495498119e-24
8.603464416684507160e+05 6.770669792131015878e-24
9.547716114208066138e+05 5.530581521632293462e-24
1.059560179277617019e+06 4.510985663221121910e-24
1.175849554052158026e+06 3.674136840362883552e-24
1.304901978014401859e+06 2.986740534364616874e-24
1.448118227674532915e+06 2.423935895333121159e-24
1.607052818261638284e+06 1.963943392519201582e-24
1.783430876931909472e+06 1.588174071962592452e-24
1.979166867853557458e+06 1.281647273714888458e-24
2.196385372416546568e+06 1.032392744082857316e-24
2.437444150122222025e+06 8.296100687863424738e-25
2.704959730463137385e+06 6.653649755137588493e-25
3.001835813575591892e+06 5.322679002220548113e-25
3.331294787934676744e+06 4.248189553756340263e-25
3.696912707195031922e+06 3.381490407849483727e-25
4.102658105827190448e+06 2.684441315345419970e-25
4.552935074866947718e+06 2.124854448433474739e-25
5.052631065335679799e+06 1.676692776394824968e-25
5.607169938205458224e+06 1.318909713817573259e-25
6.222570836730230600e+06 1.033878970244260332e-25
6.905513520162330940e+06 8.074834712082766708e-26
7.663410868007462472e+06 6.281709946713411210e-26
8.504489341802684590e+06 4.865296724908163339e-26
9.437878277775391936e+06 3.751778868673723757e-26
1.047370897959450819e+07 2.879336728309733235e-26
1.162322468679854274e+07 2.198616085451945830e-26
1.289890261253307760e+07 1.667994124030422731e-26
1.431458937523478456e+07 1.257190013604042448e-26
1.588565129428052530e+07 9.421153025264978510e-27
1.762914118095947802e+07 6.995417813495065853e-27
1.956398343517064676e+07 5.152511929347075173e-27
2.171117945694505423e+07 3.757963824352836832e-27
2.409403560239527002e+07 2.710342297739687831e-27
2.673841615839949250e+07 1.931021616565727968e-27
2.967302408188872784e+07 1.355718944649817085e-27
3.292971255097155273e+07 9.360538063964884815e-28
3.654383070957254618e+07 6.339087223753580579e-28
4.055460735840827972e+07 4.194937175554679832e-28
4.500557675700496882e+07 2.702043271299959064e-28
4.994505115855139494e+07 1.684837328654368060e-28
5.542664520663107187e+07 1.011625728376712023e-28
6.150985788580504060e+07 5.801981538896610388e-29
6.826071834272393584e+07 3.154924043999254894e-29
7.575250258771920204e+07 1.609005402235463372e-29
8.406652885618332028e+07 7.493937768118011141e-30
9.329304026284696162e+07 2.919687017710521966e-30
1.035321843295663744e+08 6.817321503341234356e-31
1.148951000187308788e+08 8.759165485631645981e-33
