1.000000000000000000e+02 5.263537226162609515e-14
1.109752496412072134e+02 4.499521615032067728e-14
1.231550603292826196e+02 3.831636641929823141e-14
1.366716356462005990e+02 3.251702611845983001e-14
1.516716888470922413e+02 2.746069859398703806e-14
1.683180353330956791e+02 2.307406528140162273e-14
1.867913599020782840e+02 1.932154994753213403e-14
2.072921779595371845e+02 1.608785819338259435e-14
2.300430119772916839e+02 1.331147735781608551e-14
2.552908068239516410e+02 1.095374971582671776e-14
2.833096101839323637e+02 8.992329142341571173e-15
3.144035471591500368e+02 7.300809087619762663e-15
3.489101213406774491e+02 5.914391916798975106e-15
3.872038781812557318e+02 4.763918602685648323e-15
4.297004704320843871e+02 3.810595039303934519e-15
4.768611697714468960e+02 3.033565177757159769e-15
5.291978735958442712e+02 2.405912561886078479e-15
5.872786613189482523e+02 1.900037663700118583e-15
6.517339604882420190e+02 1.497901335412844142e-15
7.232633896483533817e+02 1.179404010305819347e-15
8.026433522257173081e+02 9.275745514823709824e-16
8.907354638610439679e+02 7.305224034382880693e-16
9.884959046625587007e+02 5.779619980259403333e-16
1.096985797892383971e+03 4.591771017799410065e-16
1.217382727739662187e+03 3.673032303030518946e-16
1.350993521198027793e+03 2.952537073718205932e-16
1.499268432786045423e+03 2.383879233730444370e-16
1.663816886076128640e+03 1.938619242295323306e-16
1.846424942895544291e+03 1.580698264940412745e-16
2.049074689815845886e+03 1.290725152255787307e-16
2.273965752357927613e+03 1.052968700814676272e-16
2.523539170434765765e+03 8.562278506484292715e-17
2.800503894183631019e+03 6.931386348856279950e-17
3.107866187782013640e+03 5.559593831221969092e-17
3.448962260405759935e+03 4.402186623036930253e-17
3.827494478516314757e+03 3.443789673076944349e-17
4.247571552536898707e+03 2.641687617915704402e-17
4.713753134116724141e+03 1.980048990131657048e-17
5.231099308056262998e+03 1.442128860533536629e-17
5.805225516094896193e+03 1.017409548923082561e-17
6.442363508721369726e+03 6.832740251848995059e-18
7.149428986597576113e+03 4.321472114876858090e-18
7.934096665797491369e+03 2.558304583209719868e-18
8.804883581643463913e+03 1.395449036659316003e-18
9.771241535346502133e+03 6.972175465107179727e-19
1.084365968689610963e+04 3.232230463520990742e-19
1.203377840777589154e+04 1.461046958599360474e-19
1.335451562929898682e+04 6.939752316874758459e-20
1.482020705798858762e+04 3.678276678289360773e-20
1.644676177994664249e+04 2.220471512109536833e-20
1.825183494319044257e+04 1.489876215226502892e-20
2.025501939230666540e+04 1.073009144108971382e-20
2.247805833548725059e+04 8.091963407132278672e-21
2.494508135230316839e+04 6.282606087379066793e-21
2.768286630392066581e+04 4.952837340197259655e-21
3.072112998861759115e+04 3.929966204094633251e-21
3.409285069746814406e+04 3.121766262069487642e-21
3.783462617131928710e+04 2.476624023696299740e-21
4.198707084443910571e+04 1.960582849611124389e-21
4.659525668664683326e+04 1.548631111771526531e-21
5.170920242896761192e+04 1.220725801433263856e-21
5.738441648302398244e+04 9.599837883257655409e-22
6.368249944718585903e+04 7.534910283831985172e-22
7.067181273927491566e+04 5.900476941172811735e-22
7.842822061337680498e+04 4.611571940902759864e-22
8.703591361485165544e+04 3.598483688638812042e-22
9.658832241158708348e+04 2.803165967736230448e-22
1.071891319205127511e+05 2.180310266152947854e-22
1.189534067370319535e+05 1.693403887478074799e-22
1.320088400831418112e+05 1.313376500322138303e-22
1.464971398307286145e+05 1.017521782509940151e-22
1.625755666443794908e+05 7.872619945137728013e-23
1.804186409392071655e+05 6.083238569173290688e-23
2.002200371815584658e+05 4.695003531444722181e-23
2.221946860939523904e+05 3.618619467858016914e-23
2.465811075822604180e+05 2.785072424563031517e-23
2.736439997074671555e+05 2.141069299997165380e-23
3.036771118035460822e+05 1.643584332442315187e-23
3.370064329271928291e+05 1.259985128455707963e-23
3.739937302478798083e+05 9.647124511186436196e-24
4.150404757850476308e+05 7.376476563128300654e-24
4.605922041145108524e+05 5.632275010005964595e-24
5.111433483440171112e+05 4.294988700114169907e-24
5.672426068491977639e+05 3.270495418158658638e-24
6.294988990221888525e+05 2.487028129351782252e-24
6.985879746785250027e+05 1.888621589510332899e-24
7.752597488629464060e+05 1.432067796103090960e-24
8.603464416684507160e+05 1.084420574376568289e-24
9.547716114208066138e+05 8.198249118951508835e-25
1.059560179277617019e+06 6.188067921296706973e-25
1.175849554052158026e+06 4.663431431359030696e-25
1.304901978014401859e+06 3.507800355625624967e-25
1.448118227674532915e+06 2.634129559553812552e-25
1.607052818261638284e+06 1.973811315229859509e-25
1.783430876931909472e+06 1.476150720613560309e-25
1.979166867853557458e+06 1.101285886379497345e-25
2.196385372416546568e+06 8.196785851029730121e-26
2.437444150122222025e+06 6.084189502717978162e-26
2.704959730463137385e+06 4.501796525087104068e-26
3.001835813575591892e+06 3.321170821266821969e-26
3.331294787934676744e+06 2.441338489730765261e-26
3.696912707195031922e+06 1.787488070744936255e-26
4.102658105827190448e+06 1.303126534496054705e-26
4.552935074866947718e+06 9.455355711496015518e-27
5.052631065335679799e+06 6.824913143346443572e-27
5.607169938205458224e+06 4.897398446613749748e-27
6.222570836730230600e+06 3.491554887989507093e-27
6.905513520162330940e+06 2.471532851910369218e-27
7.663410868007462472e+06 1.735604200650494166e-27
8.504489341802684590e+06 1.207710457349430897e-27
9.437878277775391936e+06 8.318886964848562101e-28
1.047370897959450819e+07 5.662767633069227647e-28
1.162322468679854274e+07 3.804005453360066532e-28
1.289890261253307760e+07 2.514023441364033784e-28
1.431458937523478456e+07 1.630172738158197651e-28
1.588565129428052530e+07 1.031867883948010526e-28
1.762914118095947802e+07 6.334249610086565618e-29
1.956398343517064676e+07 3.730217696060523151e-29
2.171117945694505423e+07 2.073215625573861319e-29
2.409403560239527002e+07 1.057166007009698224e-29
2.673841615839949250e+07 4.684782787093003967e-30
2.967302408188872784e+07 1.599105139737227843e-30
3.292971255097155273e+07 2.950756196219664832e-31
3.654383070957254618e+07 1.688127081965234242e-32
