1.000000000000000000e+02 2.521726765820702583e-12
1.109752496412072134e+02 2.182479053506163821e-12
1.231550603292826196e+02 1.887832659105296373e-12
1.366716356462005990e+02 1.632392464031845277e-12
1.516716888470922413e+02 1.410851542530184936e-12
1.683180353330956791e+02 1.218834345556184866e-12
1.867913599020782840e+02 1.052469947722834811e-12
2.072921779595371845e+02 9.083843134286243164e-13
2.300430119772916839e+02 7.835997518106308802e-13
2.552908068239516410e+02 6.756649488265090973e-13
2.833096101839323637e+02 5.823413657014395880e-13
3.144035471591500368e+02 5.015909846031198422e-13
3.489101213406774491e+02 4.318184654917487406e-13
3.872038781812557318e+02 3.715839258882497677e-13
4.297004704320843871e+02 3.195925466237356195e-13
4.768611697714468960e+02 2.747199881597050714e-13
5.291978735958442712e+02 2.360437619836910403e-13
5.872786613189482523e+02 2.026891023467165507e-13
6.517339604882420190e+02 1.739733072130714128e-13
7.232633896483533817e+02 1.492578559197971751e-13
8.026433522257173081e+02 1.279887238967097291e-13
8.907354638610439679e+02 1.096905860621180436e-13
9.884959046625587007e+02 9.396190699439520180e-14
1.096985797892383971e+03 8.045460670014267123e-14
1.217382727739662187e+03 6.885371919330435443e-14
1.350993521198027793e+03 5.890252378644600669e-14
1.499268432786045423e+03 5.037439737868119925e-14
1.663816886076128640e+03 4.305354063972771376e-14
1.846424942895544291e+03 3.678895160931201042e-14
2.049074689815845886e+03 3.141979577969601940e-14
2.273965752357927613e+03 2.681968941631740350e-14
2.523539170434765765e+03 2.288785897251291298e-14
2.800503894183631019e+03 1.952504458556640352e-14
3.107866187782013640e+03 1.664809322267695187e-14
3.448962260405759935e+03 1.419033304430063204e-14
3.827494478516314757e+03 1.209062325414083525e-14
4.247571552536898707e+03 1.029749901235526411e-14
4.713753134116724141e+03 8.766903221875148345e-15
5.231099308056262998e+03 7.460072312175929362e-15
5.805225516094896193e+03 6.346075904180441278e-15
6.442363508721369726e+03 5.396263796330220601e-15
7.149428986597576113e+03 4.586689809349245391e-15
7.934096665797491369e+03 3.896513595732646704e-15
8.804883581643463913e+03 3.308966879851758812e-15
9.771241535346502133e+03 2.808957924037688866e-15
1.084365968689610963e+04 2.383449218012613895e-15
1.203377840777589154e+04 2.021337271278438557e-15
1.335451562929898682e+04 1.713703168906021937e-15
1.482020705798858762e+04 1.452152285237689236e-15
1.644676177994664249e+04 1.229929868198082021e-15
1.825183494319044257e+04 1.041308481889416365e-15
2.025501939230666540e+04 8.812519837635541191e-16
2.247805833548725059e+04 7.453891068845591524e-16
2.494508135230316839e+04 6.302497150108778868e-16
2.768286630392066581e+04 5.326314283200719685e-16
3.072112998861759115e+04 4.498725454248912186e-16
3.409285069746814406e+04 3.798620908683103332e-16
3.783462617131928710e+04 3.205226982393129336e-16
4.198707084443910571e+04 2.703536847042224927e-16
4.659525668664683326e+04 2.279054016678656162e-16
5.170920242896761192e+04 1.920101692703732126e-16
5.738441648302398244e+04 1.616844842158003037e-16
6.368249944718585903e+04 1.360504046342294439e-16
7.067181273927491566e+04 1.144264141434216449e-16
7.842822061337680498e+04 9.616347621764768906e-17
8.703591361485165544e+04 8.075971697053440239e-17
9.658832241158708348e+04 6.777558193806389069e-17
1.071891319205127511e+05 5.683579042449025263e-17
1.189534067370319535e+05 4.761896379106356221e-17
1.320088400831418112e+05 3.985775628327435564e-17
1.464971398307286145e+05 3.333322769192678484e-17
1.625755666443794908e+05 2.784924844444953661e-17
1.804186409392071655e+05 2.323911517805333139e-17
2.002200371815584658e+05 1.937060629795975363e-17
2.221946860939523904e+05 1.612471194210085331e-17
2.465811075822604180e+05 1.340774085623658495e-17
2.736439997074671555e+05 1.112765020015066350e-17
3.036771118035460822e+05 9.225736925570846281e-18
3.370064329271928291e+05 7.632014872130441581e-18
3.739937302478798083e+05 6.304520817300209163e-18
4.150404757850476308e+05 5.196762805483524932e-18
4.605922041145108524e+05 4.273909030571742277e-18
5.111433483440171112e+05 3.508929538496741231e-18
5.672426068491977639e+05 2.873259099490427411e-18
6.294988990221888525e+05 2.346651588190401554e-18
6.985879746785250027e+05 1.912280309749489222e-18
7.752597488629464060e+05 1.554733853928015412e-18
8.603464416684507160e+05 1.260044684502094061e-18
9.547716114208066138e+05 1.017994622754597008e-18
1.059560179277617019e+06 8.206938694780723656e-19
1.175849554052158026e+06 6.595469777535231315e-19
1.304901978014401859e+06 5.284887097772098601e-19
1.448118227674532915e+06 4.222458704394285602e-19
1.607052818261638284e+06 3.363703244748004944e-19
1.783430876931909472e+06 2.671449486724249811e-19
1.979166867853557458e+06 2.115592017928836599e-19
2.196385372416546568e+06 1.670558115991973655e-19
2.437444150122222025e+06 1.315501900305258796e-19
2.704959730463137385e+06 1.032912691508997862e-19
3.001835813575591892e+06 8.087941853586777384e-20
3.331294787934676744e+06 6.317457982992573184e-20
3.696912707195031922e+06 4.922958083335938210e-20
4.102658105827190448e+06 3.828281434664589302e-20
4.552935074866947718e+06 2.969702764594098067e-20
5.052631065335679799e+06 2.299696679511861450e-20
5.607169938205458224e+06 1.778934244844215664e-20
6.222570836730230600e+06 1.374153365492689621e-20
6.905513520162330940e+06 1.060128107778843930e-20
7.663410868007462472e+06 8.179536694242099389e-21
8.504489341802684590e+06 6.288260903899081815e-21
9.437878277775391936e+06 4.839559124138514120e-21
1.047370897959450819e+07 3.727605960730593786e-21
1.162322468679854274e+07 2.880880958579361178e-21
1.289890261253307760e+07 2.239787149310289703e-21
1.431458937523478456e+07 1.756296412452316029e-21
1.588565129428052530e+07 1.391044444343508869e-21
1.762914118095947802e+07 1.112432857730283165e-21
1.956398343517064676e+07 8.961181389296142900e-22
2.171117945694505423e+07 7.274031366582192185e-22
2.409403560239527002e+07 5.923055308679421563e-22
2.673841615839949250e+07 4.835491264487840856e-22
2.967302408188872784e+07 3.946623062980240770e-22
3.292971255097155273e+07 3.218447452481442157e-22
3.654383070957254618e+07 2.623620804648176354e-22
4.055460735840827972e+07 2.137837496214295927e-22
4.500557675700496882e+07 1.739485223445895610e-22
4.994505115855139494e+07 1.413553680409021623e-22
5.542664520663107187e+07 1.147372267695303690e-22
6.150985788580504060e+07 9.296963148620131091e-23
6.826071834272393584e+07 7.525635287357961423e-23
7.575250258771920204e+07 6.078179141800005706e-23
8.406652885618332028e+07 4.899987186101870262e-23
9.329304026284696162e+07 3.940762618828232577e-23
1.035321843295663744e+08 3.161241637030432497e-23
1.148951000187308788e+08 2.527539238738179860e-23
1.275051240713012964e+08 2.010269820230273116e-23
1.414991297434575856e+08 1.592599674927511825e-23
1.570290124729377627e+08 1.250259333203238897e-23
1.742633386009651124e+08 9.719545661869700155e-24
1.933891750455232263e+08 7.456789220838969342e-24
2.146141197858406007e+08 5.633382445494104524e-24
2.381685551976160705e+08 4.156894547510719884e-24
2.643081486974108517e+08 2.977423231318012007e-24
2.933166278390048146e+08 2.039752684896832625e-24
3.255088599835056663e+08 1.305286020281011338e-24
3.612342699709430337e+08 7.529489060520351359e-25
4.008806328898465633e+08 3.751477299457115907e-25
4.448782831127585173e+08 1.561650309411424606e-25
4.937047852839003801e+08 5.275906245907003760e-26
5.478901179593944550e+08 1.476562929919071521e-26
6.080224261649426222e+08 3.339306699738511518e-27
6.747544053110699654e+08 6.080142755648488422e-28
7.488103857590031624e+08 8.881118305744456007e-29
8.309941949353404045e+08 1.030552183675507042e-29
9.221978823334341049e+08 9.316041974608357339e-31
1.023411402105452657e+09 6.302614507224805570e-32
1.135733358343105316e+09 2.984275923269861783e-33
1.260382929679727316e+09 8.862198970650247849e-35
1.398713102647238731e+09 1.446918424163372170e-36
1.552225357427047968e+09 1.091218463577728057e-38
1.722585965398787737e+09 2.837623437722096821e-41
1.911644075385703564e+09 1.029240983411253156e-44
