1.000000000000000000e+02 7.670531490936401334e-10
1.109752496412072134e+02 6.447450357387026662e-10
1.231550603292826196e+02 5.407084936014182230e-10
1.366716356462005990e+02 4.523279237746767190e-10
1.516716888470922413e+02 3.774120073117648581e-10
1.683180353330956791e+02 3.140707036129527048e-10
1.867913599020782840e+02 2.605346847836522687e-10
2.072921779595371845e+02 2.156692983984079089e-10
2.300430119772916839e+02 1.779452554981038125e-10
2.552908068239516410e+02 1.463842508163951600e-10
2.833096101839323637e+02 1.200110822906949440e-10
3.144035471591500368e+02 9.802347748042541263e-11
3.489101213406774491e+02 7.985947172268335850e-11
3.872038781812557318e+02 6.479271021286601632e-11
4.297004704320843871e+02 5.239012722951736040e-11
4.768611697714468960e+02 4.219089416961452607e-11
5.291978735958442712e+02 3.384854927881135259e-11
5.872786613189482523e+02 2.703589469155967815e-11
6.517339604882420190e+02 2.149546209949247398e-11
7.232633896483533817e+02 1.701465311353742685e-11
8.026433522257173081e+02 1.343148319694149713e-11
8.907354638610439679e+02 1.054013725101070968e-11
9.884959046625587007e+02 8.208979118324965401e-12
1.096985797892383971e+03 6.397254761104337039e-12
1.217382727739662187e+03 4.933563593038917183e-12
1.350993521198027793e+03 3.782407487015868716e-12
1.499268432786045423e+03 2.892903963082452875e-12
1.663816886076128640e+03 2.195364676439288531e-12
1.846424942895544291e+03 1.654317233290317297e-12
2.049074689815845886e+03 1.240275371880468052e-12
2.273965752357927613e+03 9.226272129733729715e-13
2.523539170434765765e+03 6.812412206998955611e-13
2.800503894183631019e+03 4.997781172581909143e-13
3.107866187782013640e+03 3.633465238376152737e-13
3.448962260405759935e+03 2.626252418827230139e-13
3.827494478516314757e+03 1.875819601078367505e-13
4.247571552536898707e+03 1.327279971886704433e-13
4.713753134116724141e+03 9.341840179777496896e-14
5.231099308056262998e+03 6.516582233847056229e-14
5.805225516094896193e+03 4.467905241411249331e-14
6.442363508721369726e+03 3.039666209820109421e-14
7.149428986597576113e+03 2.053803055694639326e-14
7.934096665797491369e+03 1.374414635302501470e-14
8.804883581643463913e+03 9.016540064781456702e-15
9.771241535346502133e+03 5.860577895989193564e-15
1.084365968689610963e+04 3.774224288321132850e-15
1.203377840777589154e+04 2.416538248104178251e-15
1.335451562929898682e+04 1.519623058170257316e-15
1.482020705798858762e+04 9.465673140837859884e-16
1.644676177994664249e+04 5.829676851017509353e-16
1.825183494319044257e+04 3.577263921635755307e-16
2.025501939230666540e+04 2.182314960829658030e-16
2.247805833548725059e+04 1.322617700361543880e-16
2.494508135230316839e+04 7.968896803031440122e-17
2.768286630392066581e+04 4.791956012326888096e-17
3.072112998861759115e+04 2.881044860662848644e-17
3.409285069746814406e+04 1.740177870930851773e-17
3.783462617131928710e+04 1.064084530301980934e-17
4.198707084443910571e+04 6.642456384782315311e-18
4.659525668664683326e+04 4.260481739186059584e-18
5.170920242896761192e+04 2.815868266534271768e-18
5.738441648302398244e+04 1.915731015677764263e-18
6.368249944718585903e+04 1.336231721701831548e-18
7.067181273927491566e+04 9.493244977375796702e-19
7.842822061337680498e+04 6.835672737859297559e-19
8.703591361485165544e+04 4.967017149007081482e-19
9.658832241158708348e+04 3.629756472646922464e-19
1.071891319205127511e+05 2.662627302211860236e-19
1.189534067370319535e+05 1.958994083768698513e-19
1.320088400831418112e+05 1.445202481424634299e-19
1.464971398307286145e+05 1.066876406766301077e-19
1.625755666443794908e+05 7.885110629724599133e-20
1.804186409392071655e+05 5.834853674391277273e-20
2.002200371815584658e+05 4.322597682782522848e-20
2.221946860939523904e+05 3.202257741028488247e-20
2.465811075822604180e+05 2.374396199782267100e-20
2.736439997074671555e+05 1.761209564918192576e-20
3.036771118035460822e+05 1.306783174336120828e-20
3.370064329271928291e+05 9.698990432532318474e-21
3.739937302478798083e+05 7.197851516029501090e-21
4.150404757850476308e+05 5.340441231854067224e-21
4.605922041145108524e+05 3.961319440774791606e-21
5.111433483440171112e+05 2.937565743142935776e-21
5.672426068491977639e+05 2.177412211845991923e-21
6.294988990221888525e+05 1.612904456798279132e-21
6.985879746785250027e+05 1.193961199910041695e-21
7.752597488629464060e+05 8.832905302054042974e-22
8.603464416684507160e+05 6.528714203384864831e-22
9.547716114208066138e+05 4.822045475698187102e-22
1.059560179277617019e+06 3.557987837248831602e-22
1.175849554052158026e+06 2.622836370169798524e-22
1.304901978014401859e+06 1.931611299163400957e-22
1.448118227674532915e+06 1.420899202090071491e-22
1.607052818261638284e+06 1.044061232215758054e-22
1.783430876931909472e+06 7.663181285750360633e-23
1.979166867853557458e+06 5.617530416162683464e-23
2.196385372416546568e+06 4.112690737822106571e-23
2.437444150122222025e+06 3.007227066741917875e-23
2.704959730463137385e+06 2.195758391783689257e-23
3.001835813575591892e+06 1.601094973111025846e-23
3.331294787934676744e+06 1.165953519398461886e-23
3.696912707195031922e+06 8.477496485476930099e-24
4.102658105827190448e+06 6.153859445725537942e-24
4.552935074866947718e+06 4.459949173710352540e-24
5.052631065335679799e+06 3.227276197115432049e-24
5.607169938205458224e+06 2.331470852972524265e-24
6.222570836730230600e+06 1.681192156658380451e-24
6.905513520162330940e+06 1.209875196562354213e-24
7.663410868007462472e+06 8.689836334662414532e-25
8.504489341802684590e+06 6.229347264656557869e-25
9.437878277775391936e+06 4.455639522011572765e-25
1.047370897959450819e+07 3.179015379867400856e-25
1.162322468679854274e+07 2.262371183702295352e-25
1.289890261253307760e+07 1.605824222055274830e-25
1.431458937523478456e+07 1.136550605372744701e-25
1.588565129428052530e+07 8.016462168301333536e-26
1.762914118095947802e+07 5.634627447019194138e-26
1.956398343517064676e+07 3.944825827415648827e-26
2.171117945694505423e+07 2.749776310956292173e-26
2.409403560239527002e+07 1.907328427741201126e-26
2.673841615839949250e+07 1.315549926675634508e-26
2.967302408188872784e+07 9.016062233186975348e-27
3.292971255097155273e+07 6.133226469118575869e-27
3.654383070957254618e+07 4.136919492793353550e-27
4.055460735840827972e+07 2.762601716759537840e-27
4.500557675700496882e+07 1.822920425230304729e-27
4.994505115855139494e+07 1.185587247619979375e-27
5.542664520663107187e+07 7.574677496370379400e-28
6.150985788580504060e+07 4.734840310039317645e-28
6.826071834272393584e+07 2.876499961755075901e-28
7.575250258771920204e+07 1.683808209438884527e-28
8.406652885618332028e+07 9.363513163480112295e-29
9.329304026284696162e+07 4.830983031074370652e-29
1.035321843295663744e+08 2.214939065001680928e-29
1.148951000187308788e+08 8.195690811895000135e-30
1.275051240713012964e+08 1.794257864470353567e-30
