1.000000000000000000e+02 9.192067488358394607e-15
1.109752496412072134e+02 7.713991188419877218e-15
1.231550603292826196e+02 6.494792402028566402e-15
1.366716356462005990e+02 5.480355585525005648e-15
1.516716888470922413e+02 4.633104970058820014e-15
1.683180353330956791e+02 3.917270748202937498e-15
1.867913599020782840e+02 3.311177307326741679e-15
2.072921779595371845e+02 2.794013467120967306e-15
2.300430119772916839e+02 2.351472208433115091e-15
2.552908068239516410e+02 1.973064871882012745e-15
2.833096101839323637e+02 1.648756589620868140e-15
3.144035471591500368e+02 1.371590698171014888e-15
3.489101213406774491e+02 1.133625325378430082e-15
3.872038781812557318e+02 9.313094793629713857e-16
4.297004704320843871e+02 7.591840724772762688e-16
4.768611697714468960e+02 6.136650175399897064e-16
5.291978735958442712e+02 4.910207894049778931e-16
5.872786613189482523e+02 3.884941086305661411e-16
6.517339604882420190e+02 3.033143632967476365e-16
7.232633896483533817e+02 2.331933077482411111e-16
8.026433522257173081e+02 1.761968506716800390e-16
8.907354638610439679e+02 1.304347451337030142e-16
9.884959046625587007e+02 9.434134926984198096e-17
1.096985797892383971e+03 6.649870604891501116e-17
1.217382727739662187e+03 4.557804411674546570e-17
1.350993521198027793e+03 3.035910515157674750e-17
1.499268432786045423e+03 1.967608084452853299e-17
1.663816886076128640e+03 1.246133731616529012e-17
1.846424942895544291e+03 7.781102446733397351e-18
2.049074689815845886e+03 4.867308898343107933e-18
2.273965752357927613e+03 3.121653843201667973e-18
2.523539170434765765e+03 2.104781017647776594e-18
2.800503894183631019e+03 1.508765855347414024e-18
3.107866187782013640e+03 1.141252139506734232e-18
3.448962260405759935e+03 8.954393271657641629e-19
3.827494478516314757e+03 7.182911039986320775e-19
4.247571552536898707e+03 5.824854099793033655e-19
4.713753134116724141e+03 4.751674714720036733e-19
5.231099308056262998e+03 3.886041174701600202e-19
5.805225516094896193e+03 3.184984683337464561e-19
6.442363508721369726e+03 2.613913328887125897e-19
7.149428986597576113e+03 2.148917239371172369e-19
7.934096665797491369e+03 1.766658587827029472e-19
8.804883581643463913e+03 1.452469763413592375e-19
9.771241535346502133e+03 1.193894616942398091e-19
1.084365968689610963e+04 9.807052540613555159e-20
1.203377840777589154e+04 8.050937727676996741e-20
1.335451562929898682e+04 6.606010859215624344e-20
1.482020705798858762e+04 5.416475739782540328e-20
1.644676177994664249e+04 4.438687358466656909e-20
1.825183494319044257e+04 3.634324352445385510e-20
2.025501939230666540e+04 2.973481186365142286e-20
2.247805833548725059e+04 2.430673031547001503e-20
2.494508135230316839e+04 1.984983049764829018e-20
2.768286630392066581e+04 1.619469424031880959e-20
3.072112998861759115e+04 1.319735239601697572e-20
3.409285069746814406e+04 1.074028808413559286e-20
3.783462617131928710e+04 8.730647680444903701e-21
4.198707084443910571e+04 7.085945041515662076e-21
4.659525668664683326e+04 5.742654188921341199e-21
5.170920242896761192e+04 4.647192182228310721e-21
5.738441648302398244e+04 3.753339041241925250e-21
6.368249944718585903e+04 3.026581092947082761e-21
7.067181273927491566e+04 2.435825292465796332e-21
7.842822061337680498e+04 1.956458288150373958e-21
8.703591361485165544e+04 1.568509893208359968e-21
9.658832241158708348e+04 1.255002249428017850e-21
1.071891319205127511e+05 1.002157191816153904e-21
1.189534067370319535e+05 7.985176721076443732e-22
1.320088400831418112e+05 6.350216902561888156e-22
1.464971398307286145e+05 5.040842022409011619e-22
1.625755666443794908e+05 3.995428518766770885e-22
1.804186409392071655e+05 3.162007101376191438e-22
2.002200371815584658e+05 2.498729945966430840e-22
2.221946860939523904e+05 1.972861548746944344e-22
2.465811075822604180e+05 1.556000486767726138e-22
2.736439997074671555e+05 1.225909938098379583e-22
3.036771118035460822e+05 9.650949227504332233e-23
3.370064329271928291e+05 7.589865374374290804e-23
3.739937302478798083e+05 5.963904664298833523e-23
4.150404757850476308e+05 4.681855036416421933e-23
4.605922041145108524e+05 3.672458826997316725e-23
5.111433483440171112e+05 2.877945807197041796e-23
5.672426068491977639e+05 2.253406730600691098e-23
6.294988990221888525e+05 1.762792686288128466e-23
6.985879746785250027e+05 1.377842389211134870e-23
7.752597488629464060e+05 1.076006038049112432e-23
8.603464416684507160e+05 8.394860244163643513e-24
9.547716114208066138e+05 6.543694464061671579e-24
1.059560179277617019e+06 5.095409517025439657e-24
1.175849554052158026e+06 3.963862276383956128e-24
1.304901978014401859e+06 3.080064445178392839e-24
1.448118227674532915e+06 2.390558896169309177e-24
1.607052818261638284e+06 1.853413104894803991e-24
1.783430876931909472e+06 1.435076397854518333e-24
1.979166867853557458e+06 1.109646651632677919e-24
2.196385372416546568e+06 8.568530680507388593e-25
2.437444150122222025e+06 6.605543285282614723e-25
2.704959730463137385e+06 5.084420969101791599e-25
3.001835813575591892e+06 3.906580063138803865e-25
3.331294787934676744e+06 2.996200332126675354e-25
3.696912707195031922e+06 2.293275846697145086e-25
4.102658105827190448e+06 1.751540517984447486e-25
4.552935074866947718e+06 1.334612006448315616e-25
5.052631065335679799e+06 1.014397951707032416e-25
5.607169938205458224e+06 7.689857515439306462e-26
6.222570836730230600e+06 5.812203932907691836e-26
6.905513520162330940e+06 4.379304229668448151e-26
7.663410868007462472e+06 3.289096690856254156e-26
8.504489341802684590e+06 2.460150228788987007e-26
9.437878277775391936e+06 1.832465233986270612e-26
1.047370897959450819e+07 1.359805888146011843e-26
1.162322468679854274e+07 1.003403672989374245e-26
1.289890261253307760e+07 7.365589826870077294e-27
1.431458937523478456e+07 5.374891669172112035e-27
1.588565129428052530e+07 3.895124496119734591e-27
1.762914118095947802e+07 2.802133177753301878e-27
1.956398343517064676e+07 1.998752560916268608e-27
2.171117945694505423e+07 1.412144198577314269e-27
2.409403560239527002e+07 9.867904325487160414e-28
2.673841615839949250e+07 6.811024408056708421e-28
2.967302408188872784e+07 4.631490100163559753e-28
3.292971255097155273e+07 3.097861137116461717e-28
3.654383070957254618e+07 2.030328468508905149e-28
4.055460735840827972e+07 1.299033799486434436e-28
4.500557675700496882e+07 8.068456956164503146e-29
4.994505115855139494e+07 4.823962287741159477e-29
5.542664520663107187e+07 2.739223116568545815e-29
6.150985788580504060e+07 1.441824068994658043e-29
6.826071834272393584e+07 6.705109039681922302e-30
7.575250258771920204e+07 2.459440781527288662e-30
8.406652885618332028e+07 4.939800876296961818e-31
9.329304026284696162e+07 5.141833784562067648e-33
