1.000000000000000000e+02 9.559687695833460164e-18
1.109752496412072134e+02 8.371478004978674174e-18
1.231550603292826196e+02 7.323214416803189376e-18
1.366716356462005990e+02 6.399078553154358955e-18
1.516716888470922413e+02 5.585201518956073508e-18
1.683180353330956791e+02 4.868696233065515288e-18
1.867913599020782840e+02 4.238810716973090085e-18
2.072921779595371845e+02 3.686374970260479051e-18
2.300430119772916839e+02 3.200556768871481541e-18
2.552908068239516410e+02 2.775958092958964812e-18
2.833096101839323637e+02 2.404396129335346743e-18
3.144035471591500368e+02 2.079964720398418599e-18
3.489101213406774491e+02 1.797044581270266213e-18
3.872038781812557318e+02 1.550518976910445480e-18
4.297004704320843871e+02 1.336395788989238606e-18
4.768611697714468960e+02 1.150424297398859413e-18
5.291978735958442712e+02 9.893721414059959443e-19
5.872786613189482523e+02 8.500476917258624139e-19
6.517339604882420190e+02 7.297060834182514735e-19
7.232633896483533817e+02 6.258617981900756374e-19
8.026433522257173081e+02 5.364205257011063951e-19
8.907354638610439679e+02 4.595706876090982545e-19
9.884959046625587007e+02 3.934261751636612245e-19
1.096985797892383971e+03 3.366892742788341020e-19
1.217382727739662187e+03 2.879930423566421814e-19
1.350993521198027793e+03 2.462918811741695292e-19
1.499268432786045423e+03 2.105278557453224752e-19
1.663816886076128640e+03 1.799096536358609760e-19
1.846424942895544291e+03 1.537008130605525143e-19
2.049074689815845886e+03 1.312658918797862769e-19
2.273965752357927613e+03 1.120700277484298458e-19
2.523539170434765765e+03 9.564090720638321030e-20
2.800503894183631019e+03 8.158702060878823162e-20
3.107866187782013640e+03 6.957287066214225912e-20
3.448962260405759935e+03 5.929118183628907564e-20
3.827494478516314757e+03 5.051401679923868471e-20
4.247571552536898707e+03 4.301074115427588069e-20
4.713753134116724141e+03 3.660289515561674775e-20
5.231099308056262998e+03 3.113054005686862845e-20
5.805225516094896193e+03 2.645840244623493049e-20
6.442363508721369726e+03 2.247551681537923530e-20
7.149428986597576113e+03 1.908127285264344591e-20
7.934096665797491369e+03 1.618822900764363310e-20
8.804883581643463913e+03 1.372607846964527943e-20
9.771241535346502133e+03 1.162887377622109320e-20
1.084365968689610963e+04 9.844730036691662614e-21
1.203377840777589154e+04 8.329176753492611294e-21
1.335451562929898682e+04 7.042011536235687970e-21
1.482020705798858762e+04 5.948429354450256956e-21
1.644676177994664249e+04 5.020272491541739185e-21
1.825183494319044257e+04 4.232717525965778977e-21
2.025501939230666540e+04 3.565580085617269590e-21
2.247805833548725059e+04 3.000037414754796835e-21
2.494508135230316839e+04 2.521017461233056093e-21
2.768286630392066581e+04 2.115700131374492218e-21
3.072112998861759115e+04 1.773074418774849641e-21
3.409285069746814406e+04 1.483439702786780669e-21
3.783462617131928710e+04 1.238781573595210752e-21
4.198707084443910571e+04 1.032569065122995812e-21
4.659525668664683326e+04 8.592578695807156162e-22
5.170920242896761192e+04 7.127935323884255216e-22
5.738441648302398244e+04 5.898667192511334364e-22
6.368249944718585903e+04 4.866705946588534839e-22
7.067181273927491566e+04 4.003868041841899494e-22
7.842822061337680498e+04 3.283539434054314760e-22
8.703591361485165544e+04 2.683422372227419636e-22
9.658832241158708348e+04 2.183965320862306962e-22
1.071891319205127511e+05 1.769539928667073559e-22
1.189534067370319535e+05 1.427674476474524987e-22
1.320088400831418112e+05 1.146599261926420476e-22
1.464971398307286145e+05 9.161702639797284259e-23
1.625755666443794908e+05 7.293080832268682840e-23
1.804186409392071655e+05 5.754142709141068612e-23
2.002200371815584658e+05 4.521096522437095419e-23
2.221946860939523904e+05 3.536328001856786560e-23
2.465811075822604180e+05 2.757215999862013813e-23
2.736439997074671555e+05 2.136032223183689943e-23
3.036771118035460822e+05 1.650452833182814427e-23
3.370064329271928291e+05 1.268794309679097118e-23
3.739937302478798083e+05 9.770990972590725101e-24
4.150404757850476308e+05 7.544174930631943564e-24
4.605922041145108524e+05 5.773272316414923963e-24
5.111433483440171112e+05 4.440049031171168057e-24
5.672426068491977639e+05 3.427120538487395133e-24
6.294988990221888525e+05 2.645695657530099889e-24
6.985879746785250027e+05 2.042060619779997887e-24
7.752597488629464060e+05 1.576823981430973256e-24
8.603464416684507160e+05 1.213653599740633030e-24
9.547716114208066138e+05 9.295427099135210991e-25
1.059560179277617019e+06 7.065843508041526751e-25
1.175849554052158026e+06 5.318983372241137529e-25
1.304901978014401859e+06 3.949552295488811240e-25
1.448118227674532915e+06 2.887416212531780077e-25
1.607052818261638284e+06 2.063578045524565351e-25
1.783430876931909472e+06 1.446289035722645679e-25
1.979166867853557458e+06 9.848621478685882501e-26
2.196385372416546568e+06 6.497906540658408845e-26
2.437444150122222025e+06 4.137460404150041792e-26
2.704959730463137385e+06 2.540614379355802046e-26
3.001835813575591892e+06 1.491217236062793099e-26
3.331294787934676744e+06 8.469507533738472666e-27
3.696912707195031922e+06 4.693141791394043726e-27
4.102658105827190448e+06 2.568873651098190723e-27
4.552935074866947718e+06 1.387984297137511800e-27
5.052631065335679799e+06 7.131187986905891495e-28
5.607169938205458224e+06 3.198062552680582132e-28
6.222570836730230600e+06 1.111748035451894757e-28
6.905513520162330940e+06 2.749446146793132054e-29
7.663410868007462472e+06 4.849901441664302341e-30
8.504489341802684590e+06 5.900104133702790348e-31
9.437878277775391936e+06 4.653148029186897269e-32
1.047370897959450819e+07 2.148119496319163541e-33
1.162322468679854274e+07 4.699344031322354715e-35
