1.000000000000000000e+02 1.211693833388069679e-12
1.109752496412072134e+02 1.083370762216068733e-12
1.231550603292826196e+02 9.682466101508845100e-13
1.366716356462005990e+02 8.650691408123498224e-13
1.516716888470922413e+02 7.728655965754057241e-13
1.683180353330956791e+02 6.899850575299968140e-13
1.867913599020782840e+02 6.162747496641576778e-13
2.072921779595371845e+02 5.497267731666957153e-13
2.300430119772916839e+02 4.907579413747363767e-13
2.552908068239516410e+02 4.376025440043592779e-13
2.833096101839323637e+02 3.903166003411914576e-13
3.144035471591500368e+02 3.479869148049291837e-13
3.489101213406774491e+02 3.100676776768448968e-13
3.872038781812557318e+02 2.763941051551759663e-13
4.297004704320843871e+02 2.460296196801354625e-13
4.768611697714468960e+02 2.191758079107181652e-13
5.291978735958442712e+02 1.949440814940911423e-13
5.872786613189482523e+02 1.735015534488845588e-13
6.517339604882420190e+02 1.542842905068573917e-13
7.232633896483533817e+02 1.371557036497769431e-13
8.026433522257173081e+02 1.218996670696952235e-13
8.907354638610439679e+02 1.082373825868123905e-13
9.884959046625587007e+02 9.608707803291905805e-14
1.096985797892383971e+03 8.526126817634409339e-14
1.217382727739662187e+03 7.563008226113889710e-14
1.350993521198027793e+03 6.700650578761767421e-14
1.499268432786045423e+03 5.935920670377756440e-14
1.663816886076128640e+03 5.255715080182855507e-14
1.846424942895544291e+03 4.650684672782183530e-14
2.049074689815845886e+03 4.111650032526954489e-14
2.273965752357927613e+03 3.633400011066003274e-14
2.523539170434765765e+03 3.208445127582962126e-14
2.800503894183631019e+03 2.830577738762509273e-14
3.107866187782013640e+03 2.495938415436725443e-14
3.448962260405759935e+03 2.198571210996058226e-14
3.827494478516314757e+03 1.935257405205371070e-14
4.247571552536898707e+03 1.700984813431423181e-14
4.713753134116724141e+03 1.495309529790584567e-14
5.231099308056262998e+03 1.311893665423121240e-14
5.805225516094896193e+03 1.149845611485961845e-14
6.442363508721369726e+03 1.006217923579719432e-14
7.149428986597576113e+03 8.796215194768169613e-15
7.934096665797491369e+03 7.686043626825204724e-15
8.804883581643463913e+03 6.693372025465941253e-15
9.771241535346502133e+03 5.825217928972406907e-15
1.084365968689610963e+04 5.061974824091169535e-15
1.203377840777589154e+04 4.388610585623779954e-15
1.335451562929898682e+04 3.799124820877063456e-15
1.482020705798858762e+04 3.279168583998505832e-15
1.644676177994664249e+04 2.824698558740601108e-15
1.825183494319044257e+04 2.427114940689102352e-15
2.025501939230666540e+04 2.079727884235666713e-15
2.247805833548725059e+04 1.777980191683584692e-15
2.494508135230316839e+04 1.515348100097517810e-15
2.768286630392066581e+04 1.285946736977122202e-15
3.072112998861759115e+04 1.087141521230060429e-15
3.409285069746814406e+04 9.158377662299334649e-16
3.783462617131928710e+04 7.676696885313444860e-16
4.198707084443910571e+04 6.410848492927136930e-16
4.659525668664683326e+04 5.321410857629342095e-16
5.170920242896761192e+04 4.392729304108506433e-16
5.738441648302398244e+04 3.603840210658910236e-16
6.368249944718585903e+04 2.933126884596269435e-16
7.067181273927491566e+04 2.367902193445351365e-16
7.842822061337680498e+04 1.893016959960713985e-16
8.703591361485165544e+04 1.498024795163138169e-16
9.658832241158708348e+04 1.171811783346172270e-16
1.071891319205127511e+05 9.046665711295536029e-17
1.189534067370319535e+05 6.879437148897067577e-17
1.320088400831418112e+05 5.146425085832427510e-17
1.464971398307286145e+05 3.792013862612433516e-17
1.625755666443794908e+05 2.747866299018789188e-17
1.804186409392071655e+05 1.966574469649858845e-17
2.002200371815584658e+05 1.390685685535757261e-17
2.221946860939523904e+05 9.742970753479333915e-18
2.465811075822604180e+05 6.721030915537103710e-18
2.736439997074671555e+05 4.543178195439413141e-18
3.036771118035460822e+05 2.963910194513575121e-18
3.370064329271928291e+05 1.844432520364911025e-18
3.739937302478798083e+05 1.086110865097149440e-18
4.150404757850476308e+05 6.050579471586108787e-19
4.605922041145108524e+05 3.229843904033832640e-19
5.111433483440171112e+05 1.694266615983615994e-19
5.672426068491977639e+05 9.005052715879208357e-20
6.294988990221888525e+05 4.968438571242037151e-20
6.985879746785250027e+05 2.874234491159403941e-20
7.752597488629464060e+05 1.735404058258916379e-20
8.603464416684507160e+05 1.084629686785605161e-20
9.547716114208066138e+05 6.969048569289574103e-21
1.059560179277617019e+06 4.590547214892490754e-21
1.175849554052158026e+06 3.098684314721847245e-21
1.304901978014401859e+06 2.119137336957464899e-21
1.448118227674532915e+06 1.458299559687602373e-21
1.607052818261638284e+06 1.009345191445505884e-21
1.783430876931909472e+06 7.022787289863543338e-22
1.979166867853557458e+06 4.908824103273138852e-22
2.196385372416546568e+06 3.444300125815209403e-22
2.437444150122222025e+06 2.424617540594912543e-22
2.704959730463137385e+06 1.711679757831400625e-22
3.001835813575591892e+06 1.211170194956244255e-22
3.331294787934676744e+06 8.587142728770636236e-23
3.696912707195031922e+06 6.098596202052590008e-23
4.102658105827190448e+06 4.337110754517250788e-23
4.552935074866947718e+06 3.088002410155389025e-23
5.052631065335679799e+06 2.200624694584852731e-23
5.607169938205458224e+06 1.569340886989054011e-23
6.222570836730230600e+06 1.119711311942519187e-23
6.905513520162330940e+06 7.991611205422422201e-24
7.663410868007462472e+06 5.704460556504453452e-24
8.504489341802684590e+06 4.071892761055804570e-24
9.437878277775391936e+06 2.906114718014187523e-24
1.047370897959450819e+07 2.073366236578554173e-24
1.162322468679854274e+07 1.478520234381609778e-24
1.289890261253307760e+07 1.053661917886601821e-24
1.431458937523478456e+07 7.502714410907429761e-25
1.588565129428052530e+07 5.336939742850339293e-25
1.762914118095947802e+07 3.791818411527784648e-25
1.956398343517064676e+07 2.690198191761699619e-25
2.171117945694505423e+07 1.905478644135589011e-25
2.409403560239527002e+07 1.347060999056844752e-25
2.673841615839949250e+07 9.501639413812259846e-26
2.967302408188872784e+07 6.684986482031192807e-26
3.292971255097155273e+07 4.689270152030009735e-26
3.654383070957254618e+07 3.278117525281182856e-26
4.055460735840827972e+07 2.282537402987212555e-26
4.500557675700496882e+07 1.581993831457828679e-26
4.994505115855139494e+07 1.090569910071256587e-26
5.542664520663107187e+07 7.470492314819318976e-27
6.150985788580504060e+07 5.079511127803425874e-27
6.826071834272393584e+07 3.423283927819156742e-27
7.575250258771920204e+07 2.282651805358258779e-27
8.406652885618332028e+07 1.502533000563748839e-27
9.329304026284696162e+07 9.733458836135909896e-28
1.035321843295663744e+08 6.180248042362415470e-28
1.148951000187308788e+08 3.824218801371409266e-28
1.275051240713012964e+08 2.286954803130856742e-28
1.414991297434575856e+08 1.304555945365292964e-28
1.570290124729377627e+08 6.945243149481629410e-29
1.742633386009651124e+08 3.309127572463510904e-29
1.933891750455232263e+08 1.276338158166150508e-29
2.146141197858406007e+08 2.696365344979358875e-30
