1.000000000000000000e+02 1.127981519996436454e-12
1.109752496412072134e+02 8.296639905725975249e-13
1.231550603292826196e+02 6.296587664587920588e-13
1.366716356462005990e+02 4.923106923604720239e-13
1.516716888470922413e+02 3.948951086112327148e-13
1.683180353330956791e+02 3.228769976695979729e-13
1.867913599020782840e+02 2.675066712354671425e-13
2.072921779595371845e+02 2.235324971071469820e-13
2.300430119772916839e+02 1.875798727106316188e-13
2.552908068239516410e+02 1.577978966417569451e-13
2.833096101839323637e+02 1.328531988507487489e-13
3.144035471591500368e+02 1.118454532596638688e-13
3.489101213406774491e+02 9.415094681585885713e-14
3.872038781812557318e+02 7.918851550128543346e-14
4.297004704320843871e+02 6.658500500489873168e-14
4.768611697714468960e+02 5.594326104627598095e-14
5.291978735958442712e+02 4.698196133414536078e-14
5.872786613189482523e+02 3.942294670926050165e-14
6.517339604882420190e+02 3.306057786746181014e-14
7.232633896483533817e+02 2.770947798284684946e-14
8.026433522257173081e+02 2.320754380373167194e-14
8.907354638610439679e+02 1.942291601749946831e-14
9.884959046625587007e+02 1.625089170093852100e-14
1.096985797892383971e+03 1.358270428705811328e-14
1.217382727739662187e+03 1.134789058949804759e-14
1.350993521198027793e+03 9.478518259536857751e-15
1.499268432786045423e+03 7.907420132700409905e-15
1.663816886076128640e+03 6.596717353049031923e-15
1.846424942895544291e+03 5.499317369433959238e-15
2.049074689815845886e+03 4.583470143457146908e-15
2.273965752357927613e+03 3.818007495784692907e-15
2.523539170434765765e+03 3.179789882676363233e-15
2.800503894183631019e+03 2.646618831560154090e-15
3.107866187782013640e+03 2.202390493352866110e-15
3.448962260405759935e+03 1.831954003786132578e-15
3.827494478516314757e+03 1.523379668000983449e-15
4.247571552536898707e+03 1.266026437762831725e-15
4.713753134116724141e+03 1.051873188428182112e-15
5.231099308056262998e+03 8.734496422562253044e-16
5.805225516094896193e+03 7.249042132428320905e-16
6.442363508721369726e+03 6.013197692678226153e-16
7.149428986597576113e+03 4.984271834195092972e-16
7.934096665797491369e+03 4.128441160333948858e-16
8.804883581643463913e+03 3.417453625960943303e-16
9.771241535346502133e+03 2.826032672913737038e-16
1.084365968689610963e+04 2.334758646779724876e-16
1.203377840777589154e+04 1.927287609146450027e-16
1.335451562929898682e+04 1.588985572899154614e-16
1.482020705798858762e+04 1.308405220119389580e-16
1.644676177994664249e+04 1.076163086012700487e-16
1.825183494319044257e+04 8.838604089798263213e-17
2.025501939230666540e+04 7.247768629689534652e-17
2.247805833548725059e+04 5.934849579952162603e-17
2.494508135230316839e+04 4.851319039850285182e-17
2.768286630392066581e+04 3.957958149125092922e-17
3.072112998861759115e+04 3.223717461865653220e-17
3.409285069746814406e+04 2.620012507593696624e-17
3.783462617131928710e+04 2.124902213037546088e-17
4.198707084443910571e+04 1.719781233921540293e-17
4.659525668664683326e+04 1.388445152860652015e-17
5.170920242896761192e+04 1.118508786579251667e-17
5.738441648302398244e+04 8.991420590123390793e-18
6.368249944718585903e+04 7.210178433337411728e-18
7.067181273927491566e+04 5.767773212757064502e-18
7.842822061337680498e+04 4.603967785530994158e-18
8.703591361485165544e+04 3.668206638473790002e-18
9.658832241158708348e+04 2.917348450396237619e-18
1.071891319205127511e+05 2.316459119071596361e-18
1.189534067370319535e+05 1.836863186146009993e-18
1.320088400831418112e+05 1.454714565577967472e-18
1.464971398307286145e+05 1.150554906775980883e-18
1.625755666443794908e+05 9.088182699792928288e-19
1.804186409392071655e+05 7.170198760281651562e-19
2.002200371815584658e+05 5.649407445913050261e-19
2.221946860939523904e+05 4.445495174741661768e-19
2.465811075822604180e+05 3.493892173553131414e-19
2.736439997074671555e+05 2.742489495640341207e-19
3.036771118035460822e+05 2.150087690532900132e-19
3.370064329271928291e+05 1.683524926977918248e-19
3.739937302478798083e+05 1.316576660934449730e-19
4.150404757850476308e+05 1.028417281025212046e-19
4.605922041145108524e+05 8.022924289595813529e-20
5.111433483440171112e+05 6.252083604124413239e-20
5.672426068491977639e+05 4.866465434033888246e-20
6.294988990221888525e+05 3.783582079022177057e-20
6.985879746785250027e+05 2.938384290924739009e-20
7.752597488629464060e+05 2.279651454429798545e-20
8.603464416684507160e+05 1.766749572990522380e-20
9.547716114208066138e+05 1.367845191711683591e-20
1.059560179277617019e+06 1.057860339622981254e-20
1.175849554052158026e+06 8.173659811218908818e-21
1.304901978014401859e+06 6.309893444711460865e-21
1.448118227674532915e+06 4.865537454390148036e-21
1.607052818261638284e+06 3.748569276437749473e-21
1.783430876931909472e+06 2.885311540654482810e-21
1.979166867853557458e+06 2.218625044195291333e-21
2.196385372416546568e+06 1.704482521045564583e-21
2.437444150122222025e+06 1.308251160934729371e-21
2.704959730463137385e+06 1.003079777313532289e-21
3.001835813575591892e+06 7.683377742753103543e-22
3.331294787934676744e+06 5.879587306192411218e-22
3.696912707195031922e+06 4.494258881555633627e-22
4.102658105827190448e+06 3.432142252782250924e-22
4.552935074866947718e+06 2.617974706469470817e-22
5.052631065335679799e+06 1.994687532347550237e-22
5.607169938205458224e+06 1.518357889310479458e-22
6.222570836730230600e+06 1.154137144015454248e-22
6.905513520162330940e+06 8.762673171758174602e-23
7.663410868007462472e+06 6.644027907805116023e-23
8.504489341802684590e+06 5.030327815191004141e-23
9.437878277775391936e+06 3.804059631706290557e-23
1.047370897959450819e+07 2.872855475795256144e-23
1.162322468679854274e+07 2.166556791573465836e-23
1.289890261253307760e+07 1.631510683769689840e-23
1.431458937523478456e+07 1.226846422508948615e-23
1.588565129428052530e+07 9.210568138780926516e-24
1.762914118095947802e+07 6.904596449412089297e-24
1.956398343517064676e+07 5.167857435031520453e-24
2.171117945694505423e+07 3.861602679919806839e-24
2.409403560239527002e+07 2.880376632167281099e-24
2.673841615839949250e+07 2.145912690238185423e-24
2.967302408188872784e+07 1.595318871962096809e-24
3.292971255097155273e+07 1.184273557417632221e-24
3.654383070957254618e+07 8.776844712201307154e-25
4.055460735840827972e+07 6.492545771522039980e-25
4.500557675700496882e+07 4.794493536074820219e-25
4.994505115855139494e+07 3.534324788823719904e-25
5.542664520663107187e+07 2.600631670380800060e-25
6.150985788580504060e+07 1.910164377762227087e-25
6.826071834272393584e+07 1.400470439148165132e-25
7.575250258771920204e+07 1.024751159602474976e-25
8.406652885618332028e+07 7.483070248897078285e-26
9.329304026284696162e+07 5.453381724676566562e-26
1.035321843295663744e+08 3.966682164568233952e-26
1.148951000187308788e+08 2.879116839616679592e-26
1.275051240713012964e+08 2.084853448605001711e-26
1.414991297434575856e+08 1.506496066860113395e-26
1.570290124729377627e+08 1.085914859107055946e-26
1.742633386009651124e+08 7.808091053613638180e-27
1.933891750455232263e+08 5.599837494939982886e-27
2.146141197858406007e+08 4.004727333696531256e-27
2.381685551976160705e+08 2.855427768424330658e-27
2.643081486974108517e+08 2.029553987980575809e-27
2.933166278390048146e+08 1.437747712174402191e-27
3.255088599835056663e+08 1.014545159324058336e-27
3.612342699709430337e+08 7.131209051367835616e-28
4.008806328898465633e+08 4.989540789698570959e-28
4.448782831127585173e+08 3.474341671587496872e-28
4.937047852839003801e+08 2.406119438575571736e-28
5.478901179593944550e+08 1.656070954364940116e-28
6.080224261649426222e+08 1.131919536477955740e-28
6.747544053110699654e+08 7.674272852257775625e-29
7.488103857590031624e+08 5.154221731091019512e-29
8.309941949353404045e+08 3.422971115917648104e-29
9.221978823334341049e+08 2.242582384976935599e-29
1.023411402105452657e+09 1.444722480633527127e-29
1.135733358343105316e+09 9.109702611777734392e-30
1.260382929679727316e+09 5.583663219344299895e-30
1.398713102647238731e+09 3.291356884088808942e-30
1.552225357427047968e+09 1.831893689859269395e-30
1.722585965398787737e+09 9.290264745079318584e-31
1.911644075385703564e+09 3.944584977479335632e-31
2.121451784910631895e+09 1.041406790436206849e-31
2.354286414322420120e+09 6.972017428876610001e-34
