1.000000000000000000e+02 3.165031450743961440e-14
1.109752496412072134e+02 2.723876504158878240e-14
1.231550603292826196e+02 2.343513237752730742e-14
1.366716356462005990e+02 2.016301852721793083e-14
1.516716888470922413e+02 1.734650476265626632e-14
1.683180353330956791e+02 1.492312529424144164e-14
1.867913599020782840e+02 1.284294161265654520e-14
2.072921779595371845e+02 1.105267100515668711e-14
2.300430119772916839e+02 9.514454889011632744e-15
2.552908068239516410e+02 8.190680058116940104e-15
2.833096101839323637e+02 7.051996122834193543e-15
3.144035471591500368e+02 6.072965827128947554e-15
3.489101213406774491e+02 5.225942520769024419e-15
3.872038781812557318e+02 4.496131738010262879e-15
4.297004704320843871e+02 3.866636887291093285e-15
4.768611697714468960e+02 3.322592954082917326e-15
5.291978735958442712e+02 2.850543685275606402e-15
5.872786613189482523e+02 2.443160416975044985e-15
6.517339604882420190e+02 2.090429939500916046e-15
7.232633896483533817e+02 1.785181169998807771e-15
8.026433522257173081e+02 1.521341540080086840e-15
8.907354638610439679e+02 1.293535887443246056e-15
9.884959046625587007e+02 1.097375760891336767e-15
1.096985797892383971e+03 9.281906425748164401e-16
1.217382727739662187e+03 7.834987641941064407e-16
1.350993521198027793e+03 6.592166415399748207e-16
1.499268432786045423e+03 5.532944423849295031e-16
1.663816886076128640e+03 4.631404972254778616e-16
1.846424942895544291e+03 3.865807712624558884e-16
2.049074689815845886e+03 3.219586206812973655e-16
2.273965752357927613e+03 2.676403089391015355e-16
2.523539170434765765e+03 2.217986227235285214e-16
2.800503894183631019e+03 1.838296274737515057e-16
3.107866187782013640e+03 1.520089217929710391e-16
3.448962260405759935e+03 1.256387004895205535e-16
3.827494478516314757e+03 1.038832346381382819e-16
4.247571552536898707e+03 8.590011489283521032e-17
4.713753134116724141e+03 7.112330418443511187e-17
5.231099308056262998e+03 5.897656193936305196e-17
5.805225516094896193e+03 4.900354763475367934e-17
6.442363508721369726e+03 4.084316086035477695e-17
7.149428986597576113e+03 3.410809568983740106e-17
7.934096665797491369e+03 2.856080551708223693e-17
8.804883581643463913e+03 2.399180485897303831e-17
9.771241535346502133e+03 2.020970110885523901e-17
1.084365968689610963e+04 1.704708221423822710e-17
1.203377840777589154e+04 1.441711599320728361e-17
1.335451562929898682e+04 1.220213206280542649e-17
1.482020705798858762e+04 1.032908431893758266e-17
1.644676177994664249e+04 8.754224092368889570e-18
1.825183494319044257e+04 7.411016302512361424e-18
2.025501939230666540e+04 6.270154540763985748e-18
2.247805833548725059e+04 5.301525879624624784e-18
2.494508135230316839e+04 4.474917510739882754e-18
2.768286630392066581e+04 3.770211992217741273e-18
3.072112998861759115e+04 3.170452438842923037e-18
3.409285069746814406e+04 2.661986785417819021e-18
3.783462617131928710e+04 2.231050694952437646e-18
4.198707084443910571e+04 1.866921725589914004e-18
4.659525668664683326e+04 1.559835006317466824e-18
5.170920242896761192e+04 1.301870431254029568e-18
5.738441648302398244e+04 1.085535414243073440e-18
6.368249944718585903e+04 9.048695395317579837e-19
7.067181273927491566e+04 7.543393600147064182e-19
7.842822061337680498e+04 6.291698841042924944e-19
8.703591361485165544e+04 5.253365470705292252e-19
9.658832241158708348e+04 4.392331306590959724e-19
1.071891319205127511e+05 3.678585902782223132e-19
1.189534067370319535e+05 3.085919246020609580e-19
1.320088400831418112e+05 2.592813130540884206e-19
1.464971398307286145e+05 2.180841048340661622e-19
1.625755666443794908e+05 1.835761937102505185e-19
1.804186409392071655e+05 1.545837019698994096e-19
2.002200371815584658e+05 1.301722516340189160e-19
2.221946860939523904e+05 1.095718506965245817e-19
2.465811075822604180e+05 9.218415390756554324e-20
2.736439997074671555e+05 7.750496451605183889e-20
3.036771118035460822e+05 6.511091716937058312e-20
3.370064329271928291e+05 5.466599301304742861e-20
3.739937302478798083e+05 4.586546137413669455e-20
4.150404757850476308e+05 3.845337858131705448e-20
4.605922041145108524e+05 3.221902926101456095e-20
5.111433483440171112e+05 2.697724267145290904e-20
5.672426068491977639e+05 2.257407125540383247e-20
6.294988990221888525e+05 1.887370395323004176e-20
6.985879746785250027e+05 1.576875177563716331e-20
7.752597488629464060e+05 1.316601563689772374e-20
8.603464416684507160e+05 1.098336290151562458e-20
9.547716114208066138e+05 9.155584049154696561e-21
1.059560179277617019e+06 7.623916403369160910e-21
1.175849554052158026e+06 6.343558902358965835e-21
1.304901978014401859e+06 5.273205429249577577e-21
1.448118227674532915e+06 4.378103895626569887e-21
1.607052818261638284e+06 3.632281205565260328e-21
1.783430876931909472e+06 3.010674249606768546e-21
1.979166867853557458e+06 2.491902574559132435e-21
2.196385372416546568e+06 2.060162234713140736e-21
2.437444150122222025e+06 1.700386599829015088e-21
2.704959730463137385e+06 1.401932481901634521e-21
3.001835813575591892e+06 1.153770486400052447e-21
3.331294787934676744e+06 9.484489248045651373e-22
3.696912707195031922e+06 7.782662618849300249e-22
4.102658105827190448e+06 6.370222803873562343e-22
4.552935074866947718e+06 5.203667551794189184e-22
5.052631065335679799e+06 4.242131466229803885e-22
5.607169938205458224e+06 3.449159302494984215e-22
6.222570836730230600e+06 2.794711207835277113e-22
6.905513520162330940e+06 2.257634225368162056e-22
7.663410868007462472e+06 1.816520844831392774e-22
8.504489341802684590e+06 1.456097399882862393e-22
9.437878277775391936e+06 1.161278585183924941e-22
1.047370897959450819e+07 9.211406580274652779e-23
1.162322468679854274e+07 7.264497550573280039e-23
1.289890261253307760e+07 5.689347254485899752e-23
1.431458937523478456e+07 4.423635521744445904e-23
1.588565129428052530e+07 3.411367085780758436e-23
1.762914118095947802e+07 2.610446161564769192e-23
1.956398343517064676e+07 1.979618283342900525e-23
2.171117945694505423e+07 1.488079560748705667e-23
2.409403560239527002e+07 1.109273329771303589e-23
2.673841615839949250e+07 8.200490400596900078e-24
2.967302408188872784e+07 6.007525420918513067e-24
3.292971255097155273e+07 4.331008780097890611e-24
3.654383070957254618e+07 3.058048385275220944e-24
4.055460735840827972e+07 2.110223508921309719e-24
4.500557675700496882e+07 1.411340248656135674e-24
4.994505115855139494e+07 8.928269077880184200e-25
5.542664520663107187e+07 5.056348359857759271e-25
6.150985788580504060e+07 2.241372341329622962e-25
6.826071834272393584e+07 4.906410887429395652e-26
7.575250258771920204e+07 3.734318156674136642e-28
