1.000000000000000000e+02 1.058080624340379026e-12
1.109752496412072134e+02 9.144476816475647729e-13
1.231550603292826196e+02 7.898728112347317857e-13
1.366716356462005990e+02 6.811669710998672267e-13
1.516716888470922413e+02 5.865770331665231688e-13
1.683180353330956791e+02 5.046494800693789844e-13
1.867913599020782840e+02 4.332603406248599573e-13
2.072921779595371845e+02 3.715732294011930671e-13
2.300430119772916839e+02 3.182408657287142922e-13
2.552908068239516410e+02 2.719663530542102895e-13
2.833096101839323637e+02 2.322839958805414762e-13
3.144035471591500368e+02 1.978775914740597604e-13
3.489101213406774491e+02 1.684084508050566111e-13
3.872038781812557318e+02 1.431304770117810640e-13
4.297004704320843871e+02 1.214161056586868297e-13
4.768611697714468960e+02 1.029296679601265455e-13
5.291978735958442712e+02 8.705057042187703490e-14
5.872786613189482523e+02 7.361831867789548255e-14
6.517339604882420190e+02 6.210505042463610833e-14
7.232633896483533817e+02 5.240588095854961703e-14
8.026433522257173081e+02 4.414404712958366804e-14
8.907354638610439679e+02 3.718310119712464860e-14
9.884959046625587007e+02 3.129282768002966170e-14
1.096985797892383971e+03 2.632618176977674707e-14
1.217382727739662187e+03 2.214242273787876573e-14
1.350993521198027793e+03 1.862516868263335410e-14
1.499268432786045423e+03 1.565867576426212539e-14
1.663816886076128640e+03 1.317312638371465075e-14
1.846424942895544291e+03 1.107517953350073940e-14
2.049074689815845886e+03 9.318313002252943359e-15
2.273965752357927613e+03 7.835191915633493045e-15
2.523539170434765765e+03 6.590704835610696970e-15
2.800503894183631019e+03 5.539189145251521339e-15
3.107866187782013640e+03 4.654727849575473122e-15
3.448962260405759935e+03 3.907256861038465256e-15
3.827494478516314757e+03 3.276959337394044567e-15
4.247571552536898707e+03 2.744126892146180155e-15
4.713753134116724141e+03 2.294108800989070980e-15
5.231099308056262998e+03 1.916785311552918632e-15
5.805225516094896193e+03 1.592865404652798478e-15
6.442363508721369726e+03 1.324130365397064672e-15
7.149428986597576113e+03 1.097211327850418416e-15
7.934096665797491369e+03 9.064359076736325651e-16
8.804883581643463913e+03 7.468732728146841566e-16
9.771241535346502133e+03 6.137293309936736882e-16
1.084365968689610963e+04 5.020326468262537323e-16
1.203377840777589154e+04 4.110920744494942174e-16
1.335451562929898682e+04 3.339564844697075826e-16
1.482020705798858762e+04 2.719184507213080558e-16
1.644676177994664249e+04 2.202584093145662969e-16
1.825183494319044257e+04 1.782462416134531901e-16
2.025501939230666540e+04 1.442577721768865007e-16
2.247805833548725059e+04 1.162247512468321078e-16
2.494508135230316839e+04 9.376309040244037848e-17
2.768286630392066581e+04 7.567822136954521800e-17
3.072112998861759115e+04 6.099541603577697412e-17
3.409285069746814406e+04 4.921486104123195735e-17
3.783462617131928710e+04 3.974255463120445949e-17
4.198707084443910571e+04 3.209916083834206113e-17
4.659525668664683326e+04 2.594131821426652226e-17
5.170920242896761192e+04 2.096655991620150785e-17
5.738441648302398244e+04 1.693353181643897590e-17
6.368249944718585903e+04 1.365591235480554120e-17
7.067181273927491566e+04 1.098890505082400702e-17
7.842822061337680498e+04 8.811963271511406827e-18
8.703591361485165544e+04 7.030884587344011345e-18
9.658832241158708348e+04 5.577402963464306378e-18
1.071891319205127511e+05 4.391332759988149721e-18
1.189534067370319535e+05 3.426358310882586080e-18
1.320088400831418112e+05 2.644525636500772011e-18
1.464971398307286145e+05 2.017186122501726023e-18
1.625755666443794908e+05 1.517108229502906362e-18
1.804186409392071655e+05 1.122792867418655852e-18
2.002200371815584658e+05 8.162455096762198356e-19
2.221946860939523904e+05 5.829553046229475420e-19
2.465811075822604180e+05 4.081376700353909056e-19
2.736439997074671555e+05 2.823712371033354274e-19
3.036771118035460822e+05 1.930469012469624062e-19
3.370064329271928291e+05 1.320379307930026950e-19
3.739937302478798083e+05 9.166882427897600575e-20
4.150404757850476308e+05 6.558482411496736384e-20
4.605922041145108524e+05 4.883857619333621869e-20
5.111433483440171112e+05 3.773174330012266389e-20
5.672426068491977639e+05 3.001936536834836948e-20
6.294988990221888525e+05 2.434656327679552072e-20
6.985879746785250027e+05 1.997608023196165497e-20
7.752597488629464060e+05 1.648945312072440854e-20
8.603464416684507160e+05 1.365008801822494661e-20
9.547716114208066138e+05 1.130966003250287873e-20
1.059560179277617019e+06 9.367894632978879449e-21
1.175849554052158026e+06 7.754179738360066094e-21
1.304901978014401859e+06 6.412135735872272147e-21
1.448118227674532915e+06 5.296927569641225825e-21
1.607052818261638284e+06 4.371265263182811998e-21
1.783430876931909472e+06 3.604155978717343193e-21
1.979166867853557458e+06 2.968102943152187663e-21
2.196385372416546568e+06 2.441607702419558098e-21
2.437444150122222025e+06 2.006160667456347584e-21
2.704959730463137385e+06 1.646210362712262809e-21
3.001835813575591892e+06 1.348914692825738256e-21
3.331294787934676744e+06 1.103696853245849724e-21
3.696912707195031922e+06 9.016223337657835884e-22
4.102658105827190448e+06 7.352760779721209607e-22
4.552935074866947718e+06 5.985219609645188165e-22
5.052631065335679799e+06 4.862233526244725968e-22
5.607169938205458224e+06 3.941414291326948099e-22
6.222570836730230600e+06 3.187724854759926673e-22
6.905513520162330940e+06 2.571227477231968106e-22
7.663410868007462472e+06 2.067826898595979885e-22
8.504489341802684590e+06 1.657143734849895440e-22
9.437878277775391936e+06 1.323849694650286687e-22
1.047370897959450819e+07 1.053724163365777138e-22
1.162322468679854274e+07 8.351792576773349981e-23
1.289890261253307760e+07 6.587283244808822947e-23
1.431458937523478456e+07 5.170113876761968531e-23
1.588565129428052530e+07 4.033770947780160261e-23
1.762914118095947802e+07 3.126283180207480900e-23
1.956398343517064676e+07 2.406749312883666108e-23
2.171117945694505423e+07 1.836099425323634656e-23
2.409403560239527002e+07 1.388187404885121859e-23
2.673841615839949250e+07 1.038387819759307089e-23
2.967302408188872784e+07 7.676736387204763902e-24
3.292971255097155273e+07 5.588260305228153936e-24
3.654383070957254618e+07 4.014793716996864725e-24
4.055460735840827972e+07 2.830395060596692651e-24
4.500557675700496882e+07 1.951820571050050717e-24
4.994505115855139494e+07 1.312249160833729183e-24
5.542664520663107187e+07 8.563057685915967174e-25
6.150985788580504060e+07 5.400324402963345093e-25
6.826071834272393584e+07 3.273323203604534130e-25
7.575250258771920204e+07 1.894585533685075484e-25
8.406652885618332028e+07 1.030343669554766797e-25
9.329304026284696162e+07 5.004742292946789729e-26
1.035321843295663744e+08 1.855051875708022488e-26
1.148951000187308788e+08 2.697416128455266905e-27
1.275051240713012964e+08 1.816150794825435879e-30
1.414991297434575856e+08 3.048742593570172156e-40
