1.000000000000000000e+02 3.709700784392505577e-13
1.109752496412072134e+02 2.859934253179076472e-13
1.231550603292826196e+02 2.219800893801051244e-13
1.366716356462005990e+02 1.722350375414820870e-13
1.516716888470922413e+02 1.349118411720451292e-13
1.683180353330956791e+02 1.062960134082557674e-13
1.867913599020782840e+02 8.420761936418940789e-14
2.072921779595371845e+02 6.692755578631860546e-14
2.300430119772916839e+02 5.363990065763192916e-14
2.552908068239516410e+02 4.290280056365907097e-14
2.833096101839323637e+02 3.441690267463778655e-14
3.144035471591500368e+02 2.760241065333011031e-14
3.489101213406774491e+02 2.213796780186171872e-14
3.872038781812557318e+02 1.772822740691146383e-14
4.297004704320843871e+02 1.418107876416738878e-14
4.768611697714468960e+02 1.134336349571431350e-14
5.291978735958442712e+02 9.069368084944070196e-15
5.872786613189482523e+02 7.259349346663794458e-15
6.517339604882420190e+02 5.818790331776181043e-15
7.232633896483533817e+02 4.680942506239883682e-15
8.026433522257173081e+02 3.783916810565702356e-15
8.907354638610439679e+02 3.077190077511716754e-15
9.884959046625587007e+02 2.521921929959748978e-15
1.096985797892383971e+03 2.082145040651314553e-15
1.217382727739662187e+03 1.734409760414883011e-15
1.350993521198027793e+03 1.456090859002690887e-15
1.499268432786045423e+03 1.231699752712941486e-15
1.663816886076128640e+03 1.048782556613190957e-15
1.846424942895544291e+03 8.975390940028545245e-16
2.049074689815845886e+03 7.716106648588792012e-16
2.273965752357927613e+03 6.650101467318838742e-16
2.523539170434765765e+03 5.740042182079623209e-16
2.800503894183631019e+03 4.964224711804160953e-16
3.107866187782013640e+03 4.288768954451582481e-16
3.448962260405759935e+03 3.703818143159894909e-16
3.827494478516314757e+03 3.194440947281949403e-16
4.247571552536898707e+03 2.750796808649824657e-16
4.713753134116724141e+03 2.363225897644027852e-16
5.231099308056262998e+03 2.024985333223043723e-16
5.805225516094896193e+03 1.729911392847120035e-16
6.442363508721369726e+03 1.474048834641151289e-16
7.149428986597576113e+03 1.250177155581708105e-16
7.934096665797491369e+03 1.056449845234648592e-16
8.804883581643463913e+03 8.879573834168475616e-17
9.771241535346502133e+03 7.443316589963187163e-17
1.084365968689610963e+04 6.195251641995803980e-17
1.203377840777589154e+04 5.118276369812795397e-17
1.335451562929898682e+04 4.205787190316573077e-17
1.482020705798858762e+04 3.433129909844702503e-17
1.644676177994664249e+04 2.789793870582797013e-17
1.825183494319044257e+04 2.231857213510299857e-17
2.025501939230666540e+04 1.772897759457242592e-17
2.247805833548725059e+04 1.397567836793969015e-17
2.494508135230316839e+04 1.092610526244242891e-17
2.768286630392066581e+04 8.365558966198685695e-18
3.072112998861759115e+04 6.322215599374492548e-18
3.409285069746814406e+04 4.712331250945076656e-18
3.783462617131928710e+04 3.458070786926707379e-18
4.198707084443910571e+04 2.494089203611969635e-18
4.659525668664683326e+04 1.761491185768022173e-18
5.170920242896761192e+04 1.215374240185065373e-18
5.738441648302398244e+04 8.174500213979426027e-19
6.368249944718585903e+04 5.353604620737704427e-19
7.067181273927491566e+04 3.424965845630961830e-19
7.842822061337680498e+04 2.151181974433374827e-19
8.703591361485165544e+04 1.367869818754214597e-19
9.658832241158708348e+04 9.096896570026065309e-20
1.071891319205127511e+05 6.459098457538511214e-20
1.189534067370319535e+05 4.858479704696749004e-20
1.320088400831418112e+05 3.795226031205345210e-20
1.464971398307286145e+05 3.026254996705850464e-20
1.625755666443794908e+05 2.435451651947649914e-20
1.804186409392071655e+05 1.965247110994370193e-20
2.002200371815584658e+05 1.586618266555572912e-20
2.221946860939523904e+05 1.280394988482639391e-20
2.465811075822604180e+05 1.032481737541682528e-20
2.736439997074671555e+05 8.319997090208254470e-21
3.036771118035460822e+05 6.700621675478587621e-21
3.370064329271928291e+05 5.394995772905997352e-21
3.739937302478798083e+05 4.340708413413950905e-21
4.150404757850476308e+05 3.490732749057949579e-21
4.605922041145108524e+05 2.805407311805142030e-21
5.111433483440171112e+05 2.253223264917816672e-21
5.672426068491977639e+05 1.808442936203895129e-21
6.294988990221888525e+05 1.450542312134269197e-21
6.985879746785250027e+05 1.162465138721780691e-21
7.752597488629464060e+05 9.309310674315450515e-22
8.603464416684507160e+05 7.448134752175001821e-22
9.547716114208066138e+05 5.954011932453291451e-22
1.059560179277617019e+06 4.754938297727427081e-22
1.175849554052158026e+06 3.793659797056660572e-22
1.304901978014401859e+06 3.023741429079740366e-22
1.448118227674532915e+06 2.406991455739856314e-22
1.607052818261638284e+06 1.914175148581435219e-22
1.783430876931909472e+06 1.520358402958406456e-22
1.979166867853557458e+06 1.205892559505464468e-22
2.196385372416546568e+06 9.552500599610282408e-23
2.437444150122222025e+06 7.555985524787824888e-23
2.704959730463137385e+06 5.968270724095318915e-23
3.001835813575591892e+06 4.706224568960325663e-23
3.331294787934676744e+06 3.705194263771156710e-23
3.696912707195031922e+06 2.912209537088583731e-23
4.102658105827190448e+06 2.284679060006449400e-23
4.552935074866947718e+06 1.789129127612504523e-23
5.052631065335679799e+06 1.398168018355109808e-23
5.607169938205458224e+06 1.090312608236574715e-23
6.222570836730230600e+06 8.483551131473805070e-24
6.905513520162330940e+06 6.586363471336529807e-24
7.663410868007462472e+06 5.099470687954993972e-24
8.504489341802684590e+06 3.938130482694919208e-24
9.437878277775391936e+06 3.032604439956416377e-24
1.047370897959450819e+07 2.328399501542268328e-24
1.162322468679854274e+07 1.781998987853607554e-24
1.289890261253307760e+07 1.359065693787927041e-24
1.431458937523478456e+07 1.032763314217366146e-24
1.588565129428052530e+07 7.817131525785702458e-25
1.762914118095947802e+07 5.891724755353854038e-25
1.956398343517064676e+07 4.418952434644653272e-25
2.171117945694505423e+07 3.296347365583301203e-25
2.409403560239527002e+07 2.448963286547264420e-25
2.673841615839949250e+07 1.803119891086823466e-25
2.967302408188872784e+07 1.320840264559107011e-25
3.292971255097155273e+07 9.596443722616173254e-26
3.654383070957254618e+07 6.913656636551368009e-26
4.055460735840827972e+07 4.927533799106118523e-26
4.500557675700496882e+07 3.474702908077506650e-26
4.994505115855139494e+07 2.414012654175022202e-26
5.542664520663107187e+07 1.651026827182385484e-26
6.150985788580504060e+07 1.107588809443031373e-26
6.826071834272393584e+07 7.260408918234547465e-27
7.575250258771920204e+07 4.617181765540652697e-27
8.406652885618332028e+07 2.831906493818451675e-27
9.329304026284696162e+07 1.652784030118069893e-27
1.035321843295663744e+08 9.044306973321091322e-28
1.148951000187308788e+08 4.518395526549072711e-28
1.275051240713012964e+08 1.985671173895144960e-28
1.414991297434575856e+08 7.266486044095698266e-29
1.570290124729377627e+08 2.119391509284302295e-29
1.742633386009651124e+08 5.044349703272667463e-30
1.933891750455232263e+08 3.806092303048565487e-31
2.146141197858406007e+08 4.246972291456910908e-57
