1.000000000000000000e+02 2.650436949017493907e-14
1.109752496412072134e+02 2.295434039428752420e-14
1.231550603292826196e+02 1.985851723428478360e-14
1.366716356462005990e+02 1.715996624193321028e-14
1.516716888470922413e+02 1.481044374749990359e-14
1.683180353330956791e+02 1.277075233906723733e-14
1.867913599020782840e+02 1.099585125720090019e-14
2.072921779595371845e+02 9.461052967661437263e-15
2.300430119772916839e+02 8.128199938545434990e-15
2.552908068239516410e+02 6.978309070585841002e-15
2.833096101839323637e+02 5.983632395753834029e-15
3.144035471591500368e+02 5.127434888861979479e-15
3.489101213406774491e+02 4.389712773664716824e-15
3.872038781812557318e+02 3.755015245585162913e-15
4.297004704320843871e+02 3.210200147876081896e-15
4.768611697714468960e+02 2.741818776846187618e-15
5.291978735958442712e+02 2.340888766106582412e-15
5.872786613189482523e+02 1.997057357395360989e-15
6.517339604882420190e+02 1.702998767730710545e-15
7.232633896483533817e+02 1.451554843031274948e-15
8.026433522257173081e+02 1.236313373602405457e-15
8.907354638610439679e+02 1.052586168694160985e-15
9.884959046625587007e+02 8.956069334901108914e-16
1.096985797892383971e+03 7.617018662604540746e-16
1.217382727739662187e+03 6.474355589402013022e-16
1.350993521198027793e+03 5.499601689946515387e-16
1.499268432786045423e+03 4.668406266759441586e-16
1.663816886076128640e+03 3.960331411989140822e-16
1.846424942895544291e+03 3.357672420397973174e-16
2.049074689815845886e+03 2.845077814824014968e-16
2.273965752357927613e+03 2.408539843858885302e-16
2.523539170434765765e+03 2.038062518025496703e-16
2.800503894183631019e+03 1.723299729700771961e-16
3.107866187782013640e+03 1.456249886468773186e-16
3.448962260405759935e+03 1.229827357819303719e-16
3.827494478516314757e+03 1.038185875026559583e-16
4.247571552536898707e+03 8.757689783772841430e-17
4.713753134116724141e+03 7.384804646711826207e-17
5.231099308056262998e+03 6.224418079181369880e-17
5.805225516094896193e+03 5.244980968344874720e-17
6.442363508721369726e+03 4.417200897664725725e-17
7.149428986597576113e+03 3.719957636200379181e-17
7.934096665797491369e+03 3.131428309400199711e-17
8.804883581643463913e+03 2.635716998929577637e-17
9.771241535346502133e+03 2.217936705258818577e-17
1.084365968689610963e+04 1.865978371087008603e-17
1.203377840777589154e+04 1.569534151992497839e-17
1.335451562929898682e+04 1.319948591717130174e-17
1.482020705798858762e+04 1.109743968294990553e-17
1.644676177994664249e+04 9.328085832740951110e-18
1.825183494319044257e+04 7.838493667438031722e-18
2.025501939230666540e+04 6.584111384390278889e-18
2.247805833548725059e+04 5.529092296936112638e-18
2.494508135230316839e+04 4.641631374590620392e-18
2.768286630392066581e+04 3.894663162577803932e-18
3.072112998861759115e+04 3.266527274588488670e-18
3.409285069746814406e+04 2.738467206097409556e-18
3.783462617131928710e+04 2.294383672046355140e-18
4.198707084443910571e+04 1.921223287538708887e-18
4.659525668664683326e+04 1.607908390650569419e-18
5.170920242896761192e+04 1.344887570061464881e-18
5.738441648302398244e+04 1.124017253987179968e-18
6.368249944718585903e+04 9.387351493559637892e-19
7.067181273927491566e+04 7.835288586568226062e-19
7.842822061337680498e+04 6.534851141863039269e-19
8.703591361485165544e+04 5.444567972662820856e-19
9.658832241158708348e+04 4.533823947408643269e-19
1.071891319205127511e+05 3.772221603620815003e-19
1.189534067370319535e+05 3.135657276275959770e-19
1.320088400831418112e+05 2.604960686301028236e-19
1.464971398307286145e+05 2.162781085577565011e-19
1.625755666443794908e+05 1.794555454005126321e-19
1.804186409392071655e+05 1.488315540957373162e-19
2.002200371815584658e+05 1.233697403624696759e-19
2.221946860939523904e+05 1.022134875177081199e-19
2.465811075822604180e+05 8.465657096775684573e-20
2.736439997074671555e+05 7.007851238445961807e-20
3.036771118035460822e+05 5.797760042464264617e-20
3.370064329271928291e+05 4.794545998816074546e-20
3.739937302478798083e+05 3.962861885311318322e-20
4.150404757850476308e+05 3.273968063095321807e-20
4.605922041145108524e+05 2.702807065833184346e-20
5.111433483440171112e+05 2.229930100029102734e-20
5.672426068491977639e+05 1.838664196622464972e-20
6.294988990221888525e+05 1.515251429171748600e-20
6.985879746785250027e+05 1.247798512909531176e-20
7.752597488629464060e+05 1.026861253973282215e-20
8.603464416684507160e+05 8.444382181029964231e-21
9.547716114208066138e+05 6.938736373170940989e-21
1.059560179277617019e+06 5.697349508411129226e-21
1.175849554052158026e+06 4.674283674359516894e-21
1.304901978014401859e+06 3.831847334785024750e-21
1.448118227674532915e+06 3.138241743653266754e-21
1.607052818261638284e+06 2.567834420203343298e-21
1.783430876931909472e+06 2.099385150747026865e-21
1.979166867853557458e+06 1.714682279140541395e-21
2.196385372416546568e+06 1.398968579642784010e-21
2.437444150122222025e+06 1.140202414500823297e-21
2.704959730463137385e+06 9.283155208864700164e-22
3.001835813575591892e+06 7.549861439410012703e-22
3.331294787934676744e+06 6.132604959525541948e-22
3.696912707195031922e+06 4.975390182821679716e-22
4.102658105827190448e+06 4.031529843061477188e-22
4.552935074866947718e+06 3.262654168865038052e-22
5.052631065335679799e+06 2.636845212762897920e-22
5.607169938205458224e+06 2.128126387469783123e-22
6.222570836730230600e+06 1.714766731748976733e-22
6.905513520162330940e+06 1.379682838693516920e-22
7.663410868007462472e+06 1.108219859684228319e-22
8.504489341802684590e+06 8.886917106297459490e-23
9.437878277775391936e+06 7.114818904445469885e-23
1.047370897959450819e+07 5.686175890323634086e-23
1.162322468679854274e+07 4.533826457963907034e-23
1.289890261253307760e+07 3.608419567733418862e-23
1.431458937523478456e+07 2.865559661633945170e-23
1.588565129428052530e+07 2.269828752460422814e-23
1.762914118095947802e+07 1.793369945411788509e-23
1.956398343517064676e+07 1.413314674499088957e-23
2.171117945694505423e+07 1.110376583520596525e-23
2.409403560239527002e+07 8.694682717041274064e-24
2.673841615839949250e+07 6.785718461891980222e-24
2.967302408188872784e+07 5.273212056030469388e-24
3.292971255097155273e+07 4.081593264788572736e-24
3.654383070957254618e+07 3.145311465464204930e-24
4.055460735840827972e+07 2.410919511604375907e-24
4.500557675700496882e+07 1.838032527128968677e-24
4.994505115855139494e+07 1.394037925590115959e-24
5.542664520663107187e+07 1.049025778273383623e-24
6.150985788580504060e+07 7.838664420506934770e-25
6.826071834272393584e+07 5.807106127630038889e-25
7.575250258771920204e+07 4.260779549158711155e-25
8.406652885618332028e+07 3.093656307632346870e-25
9.329304026284696162e+07 2.218116440787365847e-25
1.035321843295663744e+08 1.569560841613256076e-25
1.148951000187308788e+08 1.091989547948255168e-25
1.275051240713012964e+08 7.447100110708897879e-26
1.414991297434575856e+08 4.962966376241886838e-26
1.570290124729377627e+08 3.198054579569631610e-26
1.742633386009651124e+08 1.983236894434146999e-26
1.933891750455232263e+08 1.165901715398747348e-26
2.146141197858406007e+08 6.367629015694144549e-27
2.381685551976160705e+08 3.124874519800559234e-27
2.643081486974108517e+08 1.304147542667109089e-27
2.933166278390048146e+08 4.254890769036757482e-28
3.255088599835056663e+08 9.292729672832358846e-29
3.612342699709430337e+08 8.897152106389875227e-32
4.008806328898465633e+08 1.947079477006221887e-60
