1.000000000000000000e+02 2.582392283979175327e-11
1.109752496412072134e+02 2.228223199551588824e-11
1.231550603292826196e+02 1.921025883500328973e-11
1.366716356462005990e+02 1.655496308921148974e-11
1.516716888470922413e+02 1.425525778565509877e-11
1.683180353330956791e+02 1.226986794842123021e-11
1.867913599020782840e+02 1.055221022834494761e-11
2.072921779595371845e+02 9.069440512600339743e-12
2.300430119772916839e+02 7.790425968691937668e-12
2.552908068239516410e+02 6.687179544872245515e-12
2.833096101839323637e+02 5.736663881694772686e-12
3.144035471591500368e+02 4.918157917645351918e-12
3.489101213406774491e+02 4.213386635027949495e-12
3.872038781812557318e+02 3.607551901562101706e-12
4.297004704320843871e+02 3.086932806078111080e-12
4.768611697714468960e+02 2.639798862145920926e-12
5.291978735958442712e+02 2.255934347720384893e-12
5.872786613189482523e+02 1.926731164535445186e-12
6.517339604882420190e+02 1.644638381066190030e-12
7.232633896483533817e+02 1.403043524941430183e-12
8.026433522257173081e+02 1.195948338352181437e-12
8.907354638610439679e+02 1.019183839599801114e-12
9.884959046625587007e+02 8.678985728152134004e-13
1.096985797892383971e+03 7.386372791556544365e-13
1.217382727739662187e+03 6.281739867775328777e-13
1.350993521198027793e+03 5.339897751697219732e-13
1.499268432786045423e+03 4.535927670679175936e-13
1.663816886076128640e+03 3.850615432476047157e-13
1.846424942895544291e+03 3.266443764080447321e-13
2.049074689815845886e+03 2.768913752340899228e-13
2.273965752357927613e+03 2.345433481110270922e-13
2.523539170434765765e+03 1.985264894476158668e-13
2.800503894183631019e+03 1.679222418203236817e-13
3.107866187782013640e+03 1.419134482172811551e-13
3.448962260405759935e+03 1.198396009914340683e-13
3.827494478516314757e+03 1.011163193655062073e-13
4.247571552536898707e+03 8.524302244959679268e-14
4.713753134116724141e+03 7.181973508528216911e-14
5.231099308056262998e+03 6.044056679167600726e-14
5.805225516094896193e+03 5.084690800485707388e-14
6.442363508721369726e+03 4.272672517709812553e-14
7.149428986597576113e+03 3.587871637449093152e-14
7.934096665797491369e+03 3.011078992582363661e-14
8.804883581643463913e+03 2.525076358871888937e-14
9.771241535346502133e+03 2.116261192926390738e-14
1.084365968689610963e+04 1.772350941599859619e-14
1.203377840777589154e+04 1.483511886962314829e-14
1.335451562929898682e+04 1.240946573447953013e-14
1.482020705798858762e+04 1.037431755961868334e-14
1.644676177994664249e+04 8.668217427913331895e-15
1.825183494319044257e+04 7.237749873589830414e-15
2.025501939230666540e+04 6.040499274719596603e-15
2.247805833548725059e+04 5.038014776381539916e-15
2.494508135230316839e+04 4.198939003968287211e-15
2.768286630392066581e+04 3.497468022955937911e-15
3.072112998861759115e+04 2.911074261329080950e-15
3.409285069746814406e+04 2.421299008754063128e-15
3.783462617131928710e+04 2.012323020746839248e-15
4.198707084443910571e+04 1.670872578774402822e-15
4.659525668664683326e+04 1.386241743765971378e-15
5.170920242896761192e+04 1.149031423239449022e-15
5.738441648302398244e+04 9.515198686713481537e-16
6.368249944718585903e+04 7.871124719519620916e-16
7.067181273927491566e+04 6.503627900924396791e-16
7.842822061337680498e+04 5.368569556237662873e-16
8.703591361485165544e+04 4.426463089532956955e-16
9.658832241158708348e+04 3.645481054234111052e-16
1.071891319205127511e+05 2.998603805644770983e-16
1.189534067370319535e+05 2.463825988701379914e-16
1.320088400831418112e+05 2.021582237454696849e-16
1.464971398307286145e+05 1.656753383858279722e-16
1.625755666443794908e+05 1.356633014455677561e-16
1.804186409392071655e+05 1.109091692446347951e-16
2.002200371815584658e+05 9.059411264153120684e-17
2.221946860939523904e+05 7.393558176596624016e-17
2.465811075822604180e+05 6.028916517433571298e-17
2.736439997074671555e+05 4.912175743109269331e-17
3.036771118035460822e+05 3.999331831229115067e-17
3.370064329271928291e+05 3.253141455677119082e-17
3.739937302478798083e+05 2.644116635833756285e-17
4.150404757850476308e+05 2.147161378741499447e-17
4.605922041145108524e+05 1.742125493356088685e-17
5.111433483440171112e+05 1.412101358034376620e-17
5.672426068491977639e+05 1.143702617417310588e-17
6.294988990221888525e+05 9.252856547071302424e-18
6.985879746785250027e+05 7.479123149204903627e-18
7.752597488629464060e+05 6.039049512980242909e-18
8.603464416684507160e+05 4.871310173075820838e-18
9.547716114208066138e+05 3.924984537239371730e-18
1.059560179277617019e+06 3.159052963457668158e-18
1.175849554052158026e+06 2.539800406113411895e-18
1.304901978014401859e+06 2.039653995785626302e-18
1.448118227674532915e+06 1.635824165619937681e-18
1.607052818261638284e+06 1.310399579210483597e-18
1.783430876931909472e+06 1.048402662297488633e-18
1.979166867853557458e+06 8.376135820557945291e-19
2.196385372416546568e+06 6.683927646602896877e-19
2.437444150122222025e+06 5.325711024961229711e-19
2.704959730463137385e+06 4.237593085167531101e-19
3.001835813575591892e+06 3.366717543184866943e-19
3.331294787934676744e+06 2.670621054108893474e-19
3.696912707195031922e+06 2.115165489210821439e-19
4.102658105827190448e+06 1.672558472032315139e-19
4.552935074866947718e+06 1.320305378584028266e-19
5.052631065335679799e+06 1.040629702269620788e-19
5.607169938205458224e+06 8.184963959126367835e-20
6.222570836730230600e+06 6.426610904484108982e-20
6.905513520162330940e+06 5.035541422171608422e-20
7.663410868007462472e+06 3.938670724581264654e-20
8.504489341802684590e+06 3.074148788327334484e-20
9.437878277775391936e+06 2.395210225423309622e-20
1.047370897959450819e+07 1.861858912118914097e-20
1.162322468679854274e+07 1.444150262660365302e-20
1.289890261253307760e+07 1.117569790259030267e-20
1.431458937523478456e+07 8.628909779705707859e-21
1.588565129428052530e+07 6.646478067194823012e-21
1.762914118095947802e+07 5.107663710652408190e-21
1.956398343517064676e+07 3.914785066943264358e-21
2.171117945694505423e+07 2.992849152167620947e-21
2.409403560239527002e+07 2.282656111981691663e-21
2.673841615839949250e+07 1.736413985316080859e-21
2.967302408188872784e+07 1.317247483718343061e-21
3.292971255097155273e+07 9.965738320304957395e-22
3.654383070957254618e+07 7.518704132244857876e-22
4.055460735840827972e+07 5.656730486138465247e-22
4.500557675700496882e+07 4.243691181656319751e-22
4.994505115855139494e+07 3.174355344526948971e-22
5.542664520663107187e+07 2.367502648458671375e-22
6.150985788580504060e+07 1.760353428173114615e-22
6.826071834272393584e+07 1.304785013402283016e-22
7.575250258771920204e+07 9.641503481083859040e-23
8.406652885618332028e+07 7.101394139234169404e-23
9.329304026284696162e+07 5.214041187705946303e-23
1.035321843295663744e+08 3.815038169675715168e-23
1.148951000187308788e+08 2.781253058346753948e-23
1.275051240713012964e+08 2.019903874671352877e-23
1.414991297434575856e+08 1.461232606790847012e-23
1.570290124729377627e+08 1.052403871891853912e-23
1.742633386009651124e+08 7.544989945733398811e-24
1.933891750455232263e+08 5.382069019712442656e-24
2.146141197858406007e+08 3.818054785381548371e-24
2.381685551976160705e+08 2.691850934047598978e-24
2.643081486974108517e+08 1.884576884692505369e-24
2.933166278390048146e+08 1.309662885007418956e-24
3.255088599835056663e+08 9.011912345728301467e-25
3.612342699709430337e+08 6.140648676234433695e-25
4.008806328898465633e+08 4.129554758956815325e-25
4.448782831127585173e+08 2.737170321223686262e-25
4.937047852839003801e+08 1.777289001579602252e-25
5.478901179593944550e+08 1.127644151430061413e-25
6.080224261649426222e+08 6.932684515521790823e-26
6.747544053110699654e+08 4.077882309070692198e-26
7.488103857590031624e+08 2.247469992233706827e-26
8.309941949353404045e+08 1.120870153832002702e-26
9.221978823334341049e+08 4.653768468840565727e-27
1.023411402105452657e+09 1.283135566736069327e-27
1.135733358343105316e+09 1.076931941470222433e-28
1.260382929679727316e+09 1.164230497776775357e-93
