1.000000000000000000e+02 3.180423262246549374e-13
1.109752496412072134e+02 2.617817510134097674e-13
1.231550603292826196e+02 2.149870598768027467e-13
1.366716356462005990e+02 1.764431853958245319e-13
1.516716888470922413e+02 1.446240197950336934e-13
1.683180353330956791e+02 1.183949490955301213e-13
1.867913599020782840e+02 9.676365232261460811e-14
2.072921779595371845e+02 7.899045152671217804e-14
2.300430119772916839e+02 6.433092208618080736e-14
2.552908068239516410e+02 5.239172277841699003e-14
2.833096101839323637e+02 4.257183840499823437e-14
3.144035471591500368e+02 3.454465806732716205e-14
3.489101213406774491e+02 2.798018951374589977e-14
3.872038781812557318e+02 2.264680750169604833e-14
4.297004704320843871e+02 1.830571250382555745e-14
4.768611697714468960e+02 1.478001391093164179e-14
5.291978735958442712e+02 1.191163205456042015e-14
5.872786613189482523e+02 9.593571090461007956e-15
6.517339604882420190e+02 7.723382440792345342e-15
7.232633896483533817e+02 6.207575017610666432e-15
8.026433522257173081e+02 4.983277110728201957e-15
8.907354638610439679e+02 3.996504676039342489e-15
9.884959046625587007e+02 3.204908214211934437e-15
1.096985797892383971e+03 2.562322219943127257e-15
1.217382727739662187e+03 2.048295683390643054e-15
1.350993521198027793e+03 1.633650491367470008e-15
1.499268432786045423e+03 1.301063641034011678e-15
1.663816886076128640e+03 1.032319290390327103e-15
1.846424942895544291e+03 8.164096412759864123e-16
2.049074689815845886e+03 6.435228582926752752e-16
2.273965752357927613e+03 5.045920017512139342e-16
2.523539170434765765e+03 3.932670351529617269e-16
2.800503894183631019e+03 3.044008728407494707e-16
3.107866187782013640e+03 2.336441453890365465e-16
3.448962260405759935e+03 1.775960086130971296e-16
3.827494478516314757e+03 1.335255829225553200e-16
4.247571552536898707e+03 9.928318351052417782e-17
4.713753134116724141e+03 7.297690838417303396e-17
5.231099308056262998e+03 5.304255718397116325e-17
5.805225516094896193e+03 3.819663520878989777e-17
6.442363508721369726e+03 2.730902116935787822e-17
7.149428986597576113e+03 1.945941109224507620e-17
7.934096665797491369e+03 1.388126031680544380e-17
8.804883581643463913e+03 9.962220269507105550e-18
9.771241535346502133e+03 7.224812936012325825e-18
1.084365968689610963e+04 5.315048678206783130e-18
1.203377840777589154e+04 3.972103857521551036e-18
1.335451562929898682e+04 3.015696832310734960e-18
1.482020705798858762e+04 2.319303067180875859e-18
1.644676177994664249e+04 1.801803375787914508e-18
1.825183494319044257e+04 1.405046689294377246e-18
2.025501939230666540e+04 1.098140182341083952e-18
2.247805833548725059e+04 8.539085860902547217e-19
2.494508135230316839e+04 6.640020765256371526e-19
2.768286630392066581e+04 5.116603041895562076e-19
3.072112998861759115e+04 3.901783848399077936e-19
3.409285069746814406e+04 2.940000731115942077e-19
3.783462617131928710e+04 2.181688643769754995e-19
4.198707084443910571e+04 1.586522620710860677e-19
4.659525668664683326e+04 1.137344400150992733e-19
5.170920242896761192e+04 8.009025561732940714e-20
5.738441648302398244e+04 5.535266130723678712e-20
6.368249944718585903e+04 3.744534093529824997e-20
7.067181273927491566e+04 2.477684731941192922e-20
7.842822061337680498e+04 1.600064419622633692e-20
8.703591361485165544e+04 1.012744981418754868e-20
9.658832241158708348e+04 6.315269008240504379e-21
1.071891319205127511e+05 3.990117059508693078e-21
1.189534067370319535e+05 2.676529025716251848e-21
1.320088400831418112e+05 1.944786446770602923e-21
1.464971398307286145e+05 1.482720737478622099e-21
1.625755666443794908e+05 1.149351039530042869e-21
1.804186409392071655e+05 8.946378227393366195e-22
2.002200371815584658e+05 6.970085636836029885e-22
2.221946860939523904e+05 5.430149927276021319e-22
2.465811075822604180e+05 4.230538294098312000e-22
2.736439997074671555e+05 3.296318704352836777e-22
3.036771118035460822e+05 2.568213547176959508e-22
3.370064329271928291e+05 2.000634966895874903e-22
3.739937302478798083e+05 1.558148296208633809e-22
4.150404757850476308e+05 1.213126132449907450e-22
4.605922041145108524e+05 9.442288019190034020e-23
5.111433483440171112e+05 7.346364663105471105e-23
5.672426068491977639e+05 5.713019739605344049e-23
6.294988990221888525e+05 4.440839105469137527e-23
6.985879746785250027e+05 3.449958029462508067e-23
7.752597488629464060e+05 2.678428753898253837e-23
8.603464416684507160e+05 2.078078829844376877e-23
9.547716114208066138e+05 1.611151919070627736e-23
1.059560179277617019e+06 1.248114979863701953e-23
1.175849554052158026e+06 9.660106542309228343e-24
1.304901978014401859e+06 7.469496899632276280e-24
1.448118227674532915e+06 5.770731624763149009e-24
1.607052818261638284e+06 4.452779081179008920e-24
1.783430876931909472e+06 3.432026542538689029e-24
1.979166867853557458e+06 2.641812027587328947e-24
2.196385372416546568e+06 2.030832644130680519e-24
2.437444150122222025e+06 1.558948328285716683e-24
2.704959730463137385e+06 1.194963553018301943e-24
3.001835813575591892e+06 9.144115301989807647e-25
3.331294787934676744e+06 6.984486898254693296e-25
3.696912707195031922e+06 5.324515145311677394e-25
4.102658105827190448e+06 4.050771005081612188e-25
4.552935074866947718e+06 3.075162071497047630e-25
5.052631065335679799e+06 2.329125349558690945e-25
5.607169938205458224e+06 1.759391743428436474e-25
6.222570836730230600e+06 1.325373528093105749e-25
6.905513520162330940e+06 9.954237962068500227e-26
7.663410868007462472e+06 7.451733203378896931e-26
8.504489341802684590e+06 5.559737073628662283e-26
9.437878277775391936e+06 4.132979831909266786e-26
1.047370897959450819e+07 3.058299598433593056e-26
1.162322468679854274e+07 2.252440211931523809e-26
1.289890261253307760e+07 1.651935453160190778e-26
1.431458937523478456e+07 1.203926605473848914e-26
1.588565129428052530e+07 8.722652333733563643e-27
1.762914118095947802e+07 6.276209255149130561e-27
1.956398343517064676e+07 4.481602601966528507e-27
2.171117945694505423e+07 3.173304979637902186e-27
2.409403560239527002e+07 2.225093992694240801e-27
2.673841615839949250e+07 1.543011754631545576e-27
2.967302408188872784e+07 1.056339220840444579e-27
3.292971255097155273e+07 7.127512849513065709e-28
3.654383070957254618e+07 4.723586996620018304e-28
4.055460735840827972e+07 3.068779326694159679e-28
4.500557675700496882e+07 1.943683891533579745e-28
4.994505115855139494e+07 1.193915237226282977e-28
5.542664520663107187e+07 7.047851421434344032e-29
6.150985788580504060e+07 3.954414790846553777e-29
6.826071834272393584e+07 2.069307238860742966e-29
7.575250258771920204e+07 9.797219052884846005e-30
8.406652885618332028e+07 3.962720035522619458e-30
9.329304026284696162e+07 1.211559906852743618e-30
1.035321843295663744e+08 1.928518941746198054e-31
1.148951000187308788e+08 1.053318162085009657e-33
