1.000000000000000000e+02 3.675854940950653351e-12
1.109752496412072134e+02 2.998174072398045895e-12
1.231550603292826196e+02 2.453908489824060389e-12
1.366716356462005990e+02 2.019667826903570764e-12
1.516716888470922413e+02 1.671824240876086437e-12
1.683180353330956791e+02 1.392757814703571351e-12
1.867913599020782840e+02 1.167495700321187775e-12
2.072921779595371845e+02 9.841435804981624271e-13
2.300430119772916839e+02 8.339029672184709642e-13
2.552908068239516410e+02 7.097805564664189520e-13
2.833096101839323637e+02 6.065433727228090209e-13
3.144035471591500368e+02 5.197727797348258531e-13
3.489101213406774491e+02 4.463970728915267403e-13
3.872038781812557318e+02 3.836554373093449103e-13
4.297004704320843871e+02 3.299836192677834508e-13
4.768611697714468960e+02 2.838410638531642740e-13
5.291978735958442712e+02 2.438322036134104099e-13
5.872786613189482523e+02 2.092179648634243703e-13
6.517339604882420190e+02 1.793263336142029627e-13
7.232633896483533817e+02 1.532013042048277578e-13
8.026433522257173081e+02 1.306656238975483172e-13
8.907354638610439679e+02 1.111268760782458475e-13
9.884959046625587007e+02 9.413688500964211674e-14
1.096985797892383971e+03 7.953381005523052340e-14
1.217382727739662187e+03 6.692861464651780415e-14
1.350993521198027793e+03 5.603455215526233151e-14
1.499268432786045423e+03 4.672227184110458502e-14
1.663816886076128640e+03 3.877287322223652034e-14
1.846424942895544291e+03 3.201439670127645378e-14
2.049074689815845886e+03 2.622955318384257679e-14
2.273965752357927613e+03 2.137072734934542664e-14
2.523539170434765765e+03 1.731383956765475972e-14
2.800503894183631019e+03 1.393532351894579899e-14
3.107866187782013640e+03 1.108692915684376657e-14
3.448962260405759935e+03 8.753010107248568132e-15
3.827494478516314757e+03 6.865545740373691777e-15
4.247571552536898707e+03 5.344363413032783747e-15
4.713753134116724141e+03 4.099542092161889058e-15
5.231099308056262998e+03 3.111021397000389499e-15
5.805225516094896193e+03 2.344397465691601116e-15
6.442363508721369726e+03 1.753115633847017442e-15
7.149428986597576113e+03 1.294428097713932530e-15
7.934096665797491369e+03 9.440686104167935045e-16
8.804883581643463913e+03 6.855033946157117115e-16
9.771241535346502133e+03 4.960052585582188552e-16
1.084365968689610963e+04 3.582268658720672197e-16
1.203377840777589154e+04 2.581888668556345175e-16
1.335451562929898682e+04 1.866182199131590245e-16
1.482020705798858762e+04 1.359875063589240869e-16
1.644676177994664249e+04 1.000747196282029580e-16
1.825183494319044257e+04 7.446876945209933770e-17
2.025501939230666540e+04 5.613039898340950979e-17
2.247805833548725059e+04 4.294328709262387856e-17
2.494508135230316839e+04 3.335536882141889030e-17
2.768286630392066581e+04 2.632501015139720758e-17
3.072112998861759115e+04 2.109020540414358093e-17
3.409285069746814406e+04 1.712551159319204612e-17
3.783462617131928710e+04 1.404146328510587587e-17
4.198707084443910571e+04 1.158864347890767868e-17
4.659525668664683326e+04 9.600836209806808303e-18
5.170920242896761192e+04 7.968213716898993828e-18
5.738441648302398244e+04 6.615726053181217961e-18
6.368249944718585903e+04 5.491867030385774176e-18
7.067181273927491566e+04 4.555428216721236459e-18
7.842822061337680498e+04 3.775599394754794494e-18
8.703591361485165544e+04 3.125384367467389148e-18
9.658832241158708348e+04 2.583894085855541053e-18
1.071891319205127511e+05 2.133045997930618717e-18
1.189534067370319535e+05 1.758200702328428327e-18
1.320088400831418112e+05 1.446634158607178789e-18
1.464971398307286145e+05 1.187848680854260145e-18
1.625755666443794908e+05 9.734520117759489955e-19
1.804186409392071655e+05 7.960136773104238010e-19
2.002200371815584658e+05 6.494710732417650274e-19
2.221946860939523904e+05 5.287769394328078465e-19
2.465811075822604180e+05 4.297036787783413559e-19
2.736439997074671555e+05 3.487581536491893803e-19
3.036771118035460822e+05 2.827979771283400354e-19
3.370064329271928291e+05 2.291457957581212602e-19
3.739937302478798083e+05 1.855404787309117103e-19
4.150404757850476308e+05 1.501261999666658621e-19
4.605922041145108524e+05 1.213943731294384826e-19
5.111433483440171112e+05 9.809700850149824669e-20
5.672426068491977639e+05 7.920190087659427218e-20
6.294988990221888525e+05 6.390141540100818953e-20
6.985879746785250027e+05 5.151120385398403414e-20
7.752597488629464060e+05 4.150098631525248391e-20
8.603464416684507160e+05 3.338484372076287654e-20
9.547716114208066138e+05 2.682825937584578586e-20
1.059560179277617019e+06 2.154736104902011659e-20
1.175849554052158026e+06 1.728184347044618688e-20
1.304901978014401859e+06 1.384331774246995766e-20
1.448118227674532915e+06 1.107565005916377082e-20
1.607052818261638284e+06 8.848424200988163355e-21
1.783430876931909472e+06 7.058927835200566549e-21
1.979166867853557458e+06 5.621774195440388840e-21
2.196385372416546568e+06 4.470347702716192139e-21
2.437444150122222025e+06 3.547612922342307654e-21
2.704959730463137385e+06 2.808372657550041085e-21
3.001835813575591892e+06 2.221355123496367231e-21
3.331294787934676744e+06 1.751435297830139091e-21
3.696912707195031922e+06 1.377588481888254192e-21
4.102658105827190448e+06 1.080677435520691939e-21
4.552935074866947718e+06 8.453647947108020428e-22
5.052631065335679799e+06 6.590537742870346381e-22
5.607169938205458224e+06 5.119412632793194567e-22
6.222570836730230600e+06 3.960701730032231393e-22
6.905513520162330940e+06 3.050761154659109869e-22
7.663410868007462472e+06 2.338533464854123719e-22
8.504489341802684590e+06 1.781988610183042360e-22
9.437878277775391936e+06 1.350521646873488912e-22
1.047370897959450819e+07 1.016056752950520437e-22
1.162322468679854274e+07 7.592419497915839852e-23
1.289890261253307760e+07 5.631933096579200897e-23
1.431458937523478456e+07 4.148093182238725349e-23
1.588565129428052530e+07 3.027461949140281470e-23
1.762914118095947802e+07 2.184097180716714831e-23
1.956398343517064676e+07 1.554387849279948413e-23
2.171117945694505423e+07 1.087904823473188597e-23
2.409403560239527002e+07 7.469695319460820282e-24
2.673841615839949250e+07 4.999059465883629147e-24
2.967302408188872784e+07 3.250509527213917913e-24
3.292971255097155273e+07 2.034814662342058188e-24
3.654383070957254618e+07 1.218933446152266027e-24
4.055460735840827972e+07 6.919648451244781518e-25
4.500557675700496882e+07 3.679225372671855173e-25
4.994505115855139494e+07 1.786113386229978822e-25
5.542664520663107187e+07 7.508672777917258174e-26
6.150985788580504060e+07 2.394946149629768464e-26
6.826071834272393584e+07 3.599292761888477049e-27
7.575250258771920204e+07 5.941304445046563523e-29
8.406652885618332028e+07 1.447245527243776349e-34
