1.000000000000000000e+02 1.158826227283741895e-14
1.109752496412072134e+02 1.012522950912361255e-14
1.231550603292826196e+02 8.835906835509666679e-15
1.366716356462005990e+02 7.697402947590751215e-15
1.516716888470922413e+02 6.696554940443119953e-15
1.683180353330956791e+02 5.816052759898685615e-15
1.867913599020782840e+02 5.043604043707786095e-15
2.072921779595371845e+02 4.367416752776098626e-15
2.300430119772916839e+02 3.775038980784432329e-15
2.552908068239516410e+02 3.259214556498389945e-15
2.833096101839323637e+02 2.808721722084610398e-15
3.144035471591500368e+02 2.416469989641456802e-15
3.489101213406774491e+02 2.077128755149545661e-15
3.872038781812557318e+02 1.782164210809732373e-15
4.297004704320843871e+02 1.527843536874599108e-15
4.768611697714468960e+02 1.307825459436612524e-15
5.291978735958442712e+02 1.118375785159796804e-15
5.872786613189482523e+02 9.556001258389805560e-16
6.517339604882420190e+02 8.153721810870529664e-16
7.232633896483533817e+02 6.955256209729736284e-16
8.026433522257173081e+02 5.924135322255415365e-16
8.907354638610439679e+02 5.045295070996636672e-16
9.884959046625587007e+02 4.291095904887003761e-16
1.096985797892383971e+03 3.648026749882808728e-16
1.217382727739662187e+03 3.097955165692167993e-16
1.350993521198027793e+03 2.628561846749718951e-16
1.499268432786045423e+03 2.227586929417426157e-16
1.663816886076128640e+03 1.885303423793522947e-16
1.846424942895544291e+03 1.594098857509684222e-16
2.049074689815845886e+03 1.344808865839343183e-16
2.273965752357927613e+03 1.133197535192241462e-16
2.523539170434765765e+03 9.526766988152732196e-17
2.800503894183631019e+03 7.997481601520054746e-17
3.107866187782013640e+03 6.696475274513683980e-17
3.448962260405759935e+03 5.596020705262712064e-17
3.827494478516314757e+03 4.665442581390341378e-17
4.247571552536898707e+03 3.880345805051423401e-17
4.713753134116724141e+03 3.219983739973462922e-17
5.231099308056262998e+03 2.664961246008692421e-17
5.805225516094896193e+03 2.200759567617201786e-17
6.442363508721369726e+03 1.812821314109729178e-17
7.149428986597576113e+03 1.490017949519833027e-17
7.934096665797491369e+03 1.222174664062754638e-17
8.804883581643463913e+03 1.000056311547995982e-17
9.771241535346502133e+03 8.174464350673344073e-18
1.084365968689610963e+04 6.663033175325022560e-18
1.203377840777589154e+04 5.426757290138578642e-18
1.335451562929898682e+04 4.412115860404699253e-18
1.482020705798858762e+04 3.583049968278630706e-18
1.644676177994664249e+04 2.905271195328888242e-18
1.825183494319044257e+04 2.353543871845645100e-18
2.025501939230666540e+04 1.904990499333053821e-18
2.247805833548725059e+04 1.539283729725464501e-18
2.494508135230316839e+04 1.242707451343363604e-18
2.768286630392066581e+04 1.001551596505721887e-18
3.072112998861759115e+04 8.063630979401282600e-19
3.409285069746814406e+04 6.476688420234010837e-19
3.783462617131928710e+04 5.192157708654995127e-19
4.198707084443910571e+04 4.154729747602760859e-19
4.659525668664683326e+04 3.314375901494507770e-19
5.170920242896761192e+04 2.635564648602584716e-19
5.738441648302398244e+04 2.092406014180081324e-19
6.368249944718585903e+04 1.650275259930817297e-19
7.067181273927491566e+04 1.298162696563926502e-19
7.842822061337680498e+04 1.017111372534762796e-19
8.703591361485165544e+04 7.917558122834591484e-20
9.658832241158708348e+04 6.129703512521349219e-20
1.071891319205127511e+05 4.719805550544536723e-20
1.189534067370319535e+05 3.608430769055393400e-20
1.320088400831418112e+05 2.736668926025789519e-20
1.464971398307286145e+05 2.058867395985078918e-20
1.625755666443794908e+05 1.535888006678960688e-20
1.804186409392071655e+05 1.135368012621460493e-20
2.002200371815584658e+05 8.320692969272578415e-21
2.221946860939523904e+05 6.040052735100120830e-21
2.465811075822604180e+05 4.351858364138781393e-21
2.736439997074671555e+05 3.112954659706515943e-21
3.036771118035460822e+05 2.213660455051912875e-21
3.370064329271928291e+05 1.565218366948703942e-21
3.739937302478798083e+05 1.100320551110733779e-21
4.150404757850476308e+05 7.691857092477705848e-22
4.605922041145108524e+05 5.338067028435587500e-22
5.111433483440171112e+05 3.672518291501672724e-22
5.672426068491977639e+05 2.496377805359520216e-22
6.294988990221888525e+05 1.670525050270214082e-22
6.985879746785250027e+05 1.095749731156340456e-22
7.752597488629464060e+05 7.029520702466261814e-23
8.603464416684507160e+05 4.390032626400221687e-23
9.547716114208066138e+05 2.656031081664355234e-23
1.059560179277617019e+06 1.544451345942934200e-23
1.175849554052158026e+06 8.552896387542939098e-24
1.304901978014401859e+06 4.475916304654228000e-24
1.448118227674532915e+06 2.217438456640516555e-24
1.607052818261638284e+06 1.057478532057001767e-24
1.783430876931909472e+06 4.976176118346016898e-25
1.979166867853557458e+06 2.340886600001674209e-25
2.196385372416546568e+06 1.097921756227087530e-25
2.437444150122222025e+06 5.061137138053283896e-26
2.704959730463137385e+06 2.235956951346764977e-26
3.001835813575591892e+06 9.218477781198974908e-27
3.331294787934676744e+06 3.494295994096279333e-27
3.696912707195031922e+06 1.197921952559870636e-27
4.102658105827190448e+06 3.646507826368280474e-28
4.552935074866947718e+06 9.692731272845808311e-29
5.052631065335679799e+06 2.215201713010466905e-29
5.607169938205458224e+06 4.291368560728403659e-30
6.222570836730230600e+06 6.948923810942272186e-31
6.905513520162330940e+06 9.282406076451145803e-32
7.663410868007462472e+06 1.009355543163426991e-32
8.504489341802684590e+06 8.813421957163009975e-34
9.437878277775391936e+06 6.088762357110741953e-35
1.047370897959450819e+07 3.275137506376264949e-36
1.162322468679854274e+07 1.347972358816153053e-37
1.289890261253307760e+07 4.163607787133391857e-39
1.431458937523478456e+07 9.445825758968034072e-41
1.588565129428052530e+07 1.535980596775967317e-42
1.762914118095947802e+07 1.740411079914715402e-44
1.956398343517064676e+07 1.330471384244383926e-46
2.171117945694505423e+07 6.617120660863869982e-49
2.409403560239527002e+07 2.053682724093680925e-51
2.673841615839949250e+07 3.788475710200269405e-54
2.967302408188872784e+07 3.923723188422039541e-57
3.292971255097155273e+07 2.144766089159350011e-60
3.654383070957254618e+07 5.762845921621240651e-64
4.055460735840827972e+07 7.015203752413661532e-68
4.500557675700496882e+07 3.519600158309043134e-72
4.994505115855139494e+07 6.511608511758675177e-77
5.542664520663107187e+07 3.913059766089932661e-82
6.150985788580504060e+07 6.680539466584249248e-88
6.826071834272393584e+07 1.233131557469830901e-90
7.575250258771920204e+07 7.774660290179106053e-91
8.406652885618332028e+07 4.864336401542088071e-91
9.329304026284696162e+07 2.943494902753106002e-91
1.035321843295663744e+08 1.705987616645285291e-91
1.148951000187308788e+08 9.357399381323561896e-92
1.275051240713012964e+08 4.778060678114597065e-92
1.414991297434575856e+08 2.216953782166685151e-92
1.570290124729377627e+08 8.839966191779727512e-93
1.742633386009651124e+08 2.366728378262853630e-93
1.933891750455232263e+08 1.623857241171424592e-95
