1.000000000000000000e+02 7.391729240769903781e-11
1.109752496412072134e+02 6.417195083065033575e-11
1.231550603292826196e+02 5.568220646806810698e-11
1.366716356462005990e+02 4.827492114732037820e-11
1.516716888470922413e+02 4.182929515223048073e-11
1.683180353330956791e+02 3.621467514680238083e-11
1.867913599020782840e+02 3.132382397413588988e-11
2.072921779595371845e+02 2.708115845158107497e-11
2.300430119772916839e+02 2.337905907639276355e-11
2.552908068239516410e+02 2.017061093892345904e-11
2.833096101839323637e+02 1.738264822107893634e-11
3.144035471591500368e+02 1.496482506676209873e-11
3.489101213406774491e+02 1.286882602013258163e-11
3.872038781812557318e+02 1.105105248106933684e-11
4.297004704320843871e+02 9.479512764479690637e-12
4.768611697714468960e+02 8.119251242197107617e-12
5.291978735958442712e+02 6.944788642477319782e-12
5.872786613189482523e+02 5.930579876399641586e-12
6.517339604882420190e+02 5.058826277554754626e-12
7.232633896483533817e+02 4.305072724531325352e-12
8.026433522257173081e+02 3.661001561771760714e-12
8.907354638610439679e+02 3.103175277808735198e-12
9.884959046625587007e+02 2.629991098738956707e-12
1.096985797892383971e+03 2.220686923135881184e-12
1.217382727739662187e+03 1.874031184506353111e-12
1.350993521198027793e+03 1.575951194213833902e-12
1.499268432786045423e+03 1.324317619161588184e-12
1.663816886076128640e+03 1.108630421021981942e-12
1.846424942895544291e+03 9.277523822852936014e-13
2.049074689815845886e+03 7.727925421888512218e-13
2.273965752357927613e+03 6.438456422809618032e-13
2.523539170434765765e+03 5.339697504008827570e-13
2.800503894183631019e+03 4.430145823036675177e-13
3.107866187782013640e+03 3.655258775591876624e-13
3.448962260405759935e+03 3.021689047208420709e-13
3.827494478516314757e+03 2.483198004904535118e-13
4.247571552536898707e+03 2.045874397523750181e-13
4.713753134116724141e+03 1.676055361361008726e-13
5.231099308056262998e+03 1.376893428052765547e-13
5.805225516094896193e+03 1.125930218596151227e-13
6.442363508721369726e+03 9.231579282914715289e-14
7.149428986597576113e+03 7.543492572018421799e-14
7.934096665797491369e+03 6.175779828524687691e-14
8.804883581643463913e+03 5.047540662994263258e-14
9.771241535346502133e+03 4.127647799069893087e-14
1.084365968689610963e+04 3.373581483018779400e-14
1.203377840777589154e+04 2.755915623299641263e-14
1.335451562929898682e+04 2.250679971109476899e-14
1.482020705798858762e+04 1.833431144324051996e-14
1.644676177994664249e+04 1.494289344706736097e-14
1.825183494319044257e+04 1.211216199761577718e-14
2.025501939230666540e+04 9.836472109035568522e-15
2.247805833548725059e+04 7.917039801338437220e-15
2.494508135230316839e+04 6.367903479356770075e-15
2.768286630392066581e+04 5.099325561869931651e-15
3.072112998861759115e+04 4.047009050776370513e-15
3.409285069746814406e+04 3.215889830929240588e-15
3.783462617131928710e+04 2.519718269981274972e-15
4.198707084443910571e+04 1.966806158955374223e-15
4.659525668664683326e+04 1.526111412902787058e-15
5.170920242896761192e+04 1.171161551588123928e-15
5.738441648302398244e+04 8.961341109318260475e-16
6.368249944718585903e+04 6.802496606605070451e-16
7.067181273927491566e+04 5.119048196532278053e-16
7.842822061337680498e+04 3.826205186719759850e-16
8.703591361485165544e+04 2.846749252497366977e-16
9.658832241158708348e+04 2.107876896312021441e-16
1.071891319205127511e+05 1.556062095964918245e-16
1.189534067370319535e+05 1.148107440446322759e-16
1.320088400831418112e+05 8.478337945547265207e-17
1.464971398307286145e+05 6.282915361094652127e-17
1.625755666443794908e+05 4.678197475506755230e-17
1.804186409392071655e+05 3.504736384261108468e-17
2.002200371815584658e+05 2.642185709317023276e-17
2.221946860939523904e+05 2.002189155819468195e-17
2.465811075822604180e+05 1.523600084875787004e-17
2.736439997074671555e+05 1.160459655157870582e-17
3.036771118035460822e+05 8.821419455092825348e-18
3.370064329271928291e+05 6.666848203432813314e-18
3.739937302478798083e+05 4.992177938707443085e-18
4.150404757850476308e+05 3.687030791634346509e-18
4.605922041145108524e+05 2.677579432356191092e-18
5.111433483440171112e+05 1.894590876821446647e-18
5.672426068491977639e+05 1.305264454754510784e-18
6.294988990221888525e+05 8.701346014903606990e-19
6.985879746785250027e+05 5.601977009909024528e-19
7.752597488629464060e+05 3.500342590317571471e-19
8.603464416684507160e+05 2.152508134850104747e-19
9.547716114208066138e+05 1.335008688159420183e-19
1.059560179277617019e+06 8.503368967687430872e-20
1.175849554052158026e+06 5.561789988306951026e-20
1.304901978014401859e+06 3.698807058203810122e-20
1.448118227674532915e+06 2.466672895221382161e-20
1.607052818261638284e+06 1.633069589410049822e-20
1.783430876931909472e+06 1.067907839007160684e-20
1.979166867853557458e+06 6.824853900747151991e-21
2.196385372416546568e+06 4.242540584776208805e-21
2.437444150122222025e+06 2.558091301876267309e-21
2.704959730463137385e+06 1.494512620386145510e-21
3.001835813575591892e+06 8.450511768867481179e-22
3.331294787934676744e+06 4.617861628902352721e-22
3.696912707195031922e+06 2.431340684650440822e-22
4.102658105827190448e+06 1.226773226594101176e-22
4.552935074866947718e+06 5.858231881399137011e-23
5.052631065335679799e+06 2.607684541279385619e-23
5.607169938205458224e+06 1.066156960463333698e-23
6.222570836730230600e+06 4.002880180489385621e-24
6.905513520162330940e+06 1.374697674797897030e-24
7.663410868007462472e+06 4.283026389506743336e-25
8.504489341802684590e+06 1.196894925919567701e-25
9.437878277775391936e+06 2.965457509898801635e-26
1.047370897959450819e+07 6.429549787024357180e-27
1.162322468679854274e+07 1.201703094745556517e-27
1.289890261253307760e+07 1.904744460291074822e-28
1.431458937523478456e+07 2.523996510187493177e-29
1.588565129428052530e+07 2.756997024297851314e-30
1.762914118095947802e+07 2.447645616051837705e-31
1.956398343517064676e+07 1.739810399924752778e-32
2.171117945694505423e+07 9.740039321209887954e-34
2.409403560239527002e+07 4.224035928325205045e-35
2.673841615839949250e+07 1.391842696893206021e-36
2.967302408188872784e+07 3.407848908779082254e-38
3.292971255097155273e+07 6.034511767082201261e-40
3.654383070957254618e+07 7.417675838589129931e-42
4.055460735840827972e+07 6.138570179701802379e-44
4.500557675700496882e+07 3.315164248986087355e-46
4.994505115855139494e+07 1.125140042654015859e-48
5.542664520663107187e+07 2.292865682653007423e-51
6.150985788580504060e+07 2.654663155446512760e-54
6.826071834272393584e+07 1.640707064307901712e-57
7.575250258771920204e+07 5.068556424939438073e-61
8.406652885618332028e+07 7.289142803030060315e-65
9.329304026284696162e+07 4.505475401337926620e-69
1.035321843295663744e+08 1.074601874406981050e-73
1.148951000187308788e+08 8.531881495321310089e-79
1.275051240713012964e+08 2.066069045052574549e-84
1.414991297434575856e+08 2.084302569639411535e-90
1.570290124729377627e+08 1.293520929066445841e-91
1.742633386009651124e+08 7.272884064503090644e-92
1.933891750455232263e+08 3.837934184670940661e-92
2.146141197858406007e+08 1.837486638015432749e-92
2.381685551976160705e+08 7.614983834614932470e-93
2.643081486974108517e+08 2.554234252081828195e-93
2.933166278390048146e+08 6.138985423554320121e-94
3.255088599835056663e+08 8.949954077480836205e-96
3.612342699709430337e+08 5.951028948957674104e-101
4.008806328898465633e+08 1.260745772773513933e-125
4.448782831127585173e+08 5.323200527735016941e-155
