1.000000000000000000e+02 5.536312602646566945e-12
1.109752496412072134e+02 4.685782244296710380e-12
1.231550603292826196e+02 3.959359410611050543e-12
1.366716356462005990e+02 3.337838185677403250e-12
1.516716888470922413e+02 2.807418301246219078e-12
1.683180353330956791e+02 2.355451734196126955e-12
1.867913599020782840e+02 1.971480570780077849e-12
2.072921779595371845e+02 1.645717629502317439e-12
2.300430119772916839e+02 1.369617707121531774e-12
2.552908068239516410e+02 1.136218936355076183e-12
2.833096101839323637e+02 9.396023748698156987e-13
3.144035471591500368e+02 7.744738557420556038e-13
3.489101213406774491e+02 6.359396271338626397e-13
3.872038781812557318e+02 5.203642612261819969e-13
4.297004704320843871e+02 4.238778123429996220e-13
4.768611697714468960e+02 3.439444551628703515e-13
5.291978735958442712e+02 2.778396198235409267e-13
5.872786613189482523e+02 2.234857877183006393e-13
6.517339604882420190e+02 1.790325935094673014e-13
7.232633896483533817e+02 1.427392418109470262e-13
8.026433522257173081e+02 1.134487536393163691e-13
8.907354638610439679e+02 8.976496489371126380e-14
9.884959046625587007e+02 7.079465297276773483e-14
1.096985797892383971e+03 5.567136927737229542e-14
1.217382727739662187e+03 4.369384948617784970e-14
1.350993521198027793e+03 3.424685802056583422e-14
1.499268432786045423e+03 2.682377310869401578e-14
1.663816886076128640e+03 2.103072512330038750e-14
1.846424942895544291e+03 1.651070477785250583e-14
2.049074689815845886e+03 1.300587262109028267e-14
2.273965752357927613e+03 1.028569768308560527e-14
2.523539170434765765e+03 8.175711082203705306e-15
2.800503894183631019e+03 6.535733001718921262e-15
3.107866187782013640e+03 5.257519126780210222e-15
3.448962260405759935e+03 4.257734708741066155e-15
3.827494478516314757e+03 3.468469675023005741e-15
4.247571552536898707e+03 2.844706595048586193e-15
4.713753134116724141e+03 2.342316647462168577e-15
5.231099308056262998e+03 1.940717715630453026e-15
5.805225516094896193e+03 1.610923460948043690e-15
6.442363508721369726e+03 1.343035186831254514e-15
7.149428986597576113e+03 1.120022234502496386e-15
7.934096665797491369e+03 9.357326184769727199e-16
8.804883581643463913e+03 7.816457631150127885e-16
9.771241535346502133e+03 6.526368307261029472e-16
1.084365968689610963e+04 5.441579142902853435e-16
1.203377840777589154e+04 4.527944530025866299e-16
1.335451562929898682e+04 3.761250137786153580e-16
1.482020705798858762e+04 3.117060637247450710e-16
1.644676177994664249e+04 2.576627757002418718e-16
1.825183494319044257e+04 2.119379887614722964e-16
2.025501939230666540e+04 1.738249495291716263e-16
2.247805833548725059e+04 1.422097691677910544e-16
2.494508135230316839e+04 1.157301964916446596e-16
2.768286630392066581e+04 9.371192538162357611e-17
3.072112998861759115e+04 7.558248068331630531e-17
3.409285069746814406e+04 6.073584028628631128e-17
3.783462617131928710e+04 4.860315918498637884e-17
4.198707084443910571e+04 3.868456774842916510e-17
4.659525668664683326e+04 3.064699654109671930e-17
5.170920242896761192e+04 2.420485094873406889e-17
5.738441648302398244e+04 1.905116119821864327e-17
6.368249944718585903e+04 1.496909553900411180e-17
7.067181273927491566e+04 1.174928359984623794e-17
7.842822061337680498e+04 9.221676125884737853e-18
8.703591361485165544e+04 7.246962662935834041e-18
9.658832241158708348e+04 5.707444688442273362e-18
1.071891319205127511e+05 4.511891414691249884e-18
1.189534067370319535e+05 3.581063597893671173e-18
1.320088400831418112e+05 2.853199007349567905e-18
1.464971398307286145e+05 2.283029031018820264e-18
1.625755666443794908e+05 1.832875261881235772e-18
1.804186409392071655e+05 1.474313626697770626e-18
2.002200371815584658e+05 1.187458339929624546e-18
2.221946860939523904e+05 9.564359612845850546e-19
2.465811075822604180e+05 7.698924658854231362e-19
2.736439997074671555e+05 6.191892860544581872e-19
3.036771118035460822e+05 4.971903185374450100e-19
3.370064329271928291e+05 3.985592788133006601e-19
3.739937302478798083e+05 3.192273428901982760e-19
4.150404757850476308e+05 2.546338549143299540e-19
4.605922041145108524e+05 2.028895196416819461e-19
5.111433483440171112e+05 1.613460963838532275e-19
5.672426068491977639e+05 1.281015587335834145e-19
6.294988990221888525e+05 1.014320464949093829e-19
6.985879746785250027e+05 8.019489515809491047e-20
7.752597488629464060e+05 6.321679601903142686e-20
8.603464416684507160e+05 4.973758514614788258e-20
9.547716114208066138e+05 3.901262600782116886e-20
1.059560179277617019e+06 3.053838621707787905e-20
1.175849554052158026e+06 2.381749470792420856e-20
1.304901978014401859e+06 1.853319102011741198e-20
1.448118227674532915e+06 1.436601312427972770e-20
1.607052818261638284e+06 1.109517870601654919e-20
1.783430876931909472e+06 8.530098081752646669e-21
1.979166867853557458e+06 6.537986131792142934e-21
2.196385372416546568e+06 4.984930495293537606e-21
2.437444150122222025e+06 3.781891886618007190e-21
2.704959730463137385e+06 2.857780456762390682e-21
3.001835813575591892e+06 2.149272668773469721e-21
3.331294787934676744e+06 1.608955970821256228e-21
3.696912707195031922e+06 1.200457400897193849e-21
4.102658105827190448e+06 8.924316452739892724e-22
4.552935074866947718e+06 6.609781457868800467e-22
5.052631065335679799e+06 4.882009279794847892e-22
5.607169938205458224e+06 3.583583548012545069e-22
6.222570836730230600e+06 2.614488577180702767e-22
6.905513520162330940e+06 1.892776225710297227e-22
7.663410868007462472e+06 1.358960388241899988e-22
8.504489341802684590e+06 9.676317644088474737e-23
9.437878277775391936e+06 6.827657777523037845e-23
1.047370897959450819e+07 4.770134659542860696e-23
1.162322468679854274e+07 3.295751790777299373e-23
1.289890261253307760e+07 2.250449976253522807e-23
1.431458937523478456e+07 1.518171222213494388e-23
1.588565129428052530e+07 1.011760973337979270e-23
1.762914118095947802e+07 6.670409395154562376e-24
1.956398343517064676e+07 4.360940240772661418e-24
2.171117945694505423e+07 2.832784742579458839e-24
2.409403560239527002e+07 1.835595012151515882e-24
2.673841615839949250e+07 1.189964869023606764e-24
2.967302408188872784e+07 7.711052938961775732e-25
3.292971255097155273e+07 4.988530009055904438e-25
3.654383070957254618e+07 3.211650161097819139e-25
4.055460735840827972e+07 2.052272855257729931e-25
4.500557675700496882e+07 1.295268999264834091e-25
4.994505115855139494e+07 8.068819262576857831e-26
5.542664520663107187e+07 4.909534088641842613e-26
6.150985788580504060e+07 2.897375661456285288e-26
6.826071834272393584e+07 1.638127018160003099e-26
7.575250258771920204e+07 8.711225160681965760e-27
8.406652885618332028e+07 4.218460558266107642e-27
9.329304026284696162e+07 1.737158947891048823e-27
1.035321843295663744e+08 5.040282852674403678e-28
1.148951000187308788e+08 4.418936754068418795e-29
1.275051240713012964e+08 5.299401748694264717e-33
1.414991297434575856e+08 8.272146401779435452e-44
1.570290124729377627e+08 1.471254017229457863e-54
1.742633386009651124e+08 8.297470424085044897e-63
1.933891750455232263e+08 1.197686496333573829e-71
2.146141197858406007e+08 1.460459564600654546e-82
2.381685551976160705e+08 3.502613285230385843e-98
2.643081486974108517e+08 1.267700346456544588e-126
