1.000000000000000000e+02 2.245504886292094686e-13
1.109752496412072134e+02 1.915089901523278810e-13
1.231550603292826196e+02 1.624075943386866665e-13
1.366716356462005990e+02 1.371342480386800437e-13
1.516716888470922413e+02 1.150423958531749418e-13
1.683180353330956791e+02 9.596140418369063065e-14
1.867913599020782840e+02 7.955491969190706358e-14
2.072921779595371845e+02 6.552887402361146542e-14
2.300430119772916839e+02 5.364813808761438645e-14
2.552908068239516410e+02 4.374185867165022111e-14
2.833096101839323637e+02 3.537234400557233602e-14
3.144035471591500368e+02 2.854039130384537472e-14
3.489101213406774491e+02 2.293269210698371728e-14
3.872038781812557318e+02 1.837108118441841556e-14
4.297004704320843871e+02 1.471894214006339653e-14
4.768611697714468960e+02 1.179451897567817819e-14
5.291978735958442712e+02 9.474996382765190382e-15
5.872786613189482523e+02 7.642529155686440842e-15
6.517339604882420190e+02 6.205679986262158020e-15
7.232633896483533817e+02 5.070610745312289951e-15
8.026433522257173081e+02 4.179576557643919187e-15
8.907354638610439679e+02 3.470674273791915996e-15
9.884959046625587007e+02 2.906183139248675117e-15
1.096985797892383971e+03 2.447981663135190099e-15
1.217382727739662187e+03 2.077415052711381437e-15
1.350993521198027793e+03 1.764762385861640295e-15
1.499268432786045423e+03 1.503227062504611592e-15
1.663816886076128640e+03 1.292024719446563171e-15
1.846424942895544291e+03 1.101034032311925235e-15
2.049074689815845886e+03 9.418197193713767020e-16
2.273965752357927613e+03 8.072865722055186924e-16
2.523539170434765765e+03 6.889738655547334234e-16
2.800503894183631019e+03 5.875563979147222073e-16
3.107866187782013640e+03 5.003214257651883259e-16
3.448962260405759935e+03 4.247915721916371899e-16
3.827494478516314757e+03 3.595013863358095490e-16
4.247571552536898707e+03 3.033077663684954376e-16
4.713753134116724141e+03 2.548507165657265977e-16
5.231099308056262998e+03 2.135587000797982362e-16
5.805225516094896193e+03 1.767493563518947277e-16
6.442363508721369726e+03 1.458697390773626960e-16
7.149428986597576113e+03 1.201214336887094329e-16
7.934096665797491369e+03 9.819520248921455729e-17
8.804883581643463913e+03 7.851719329805990297e-17
9.771241535346502133e+03 6.255723331237758118e-17
1.084365968689610963e+04 4.963707731972641839e-17
1.203377840777589154e+04 3.881112301921892678e-17
1.335451562929898682e+04 2.956268331052206187e-17
1.482020705798858762e+04 2.237806835798491527e-17
1.644676177994664249e+04 1.681695945092688255e-17
1.825183494319044257e+04 1.246833586237346784e-17
2.025501939230666540e+04 8.950562973824663326e-18
2.247805833548725059e+04 6.384576028292874687e-18
2.494508135230316839e+04 4.494220604517072982e-18
2.768286630392066581e+04 3.122659889476814505e-18
3.072112998861759115e+04 2.135463703959759038e-18
3.409285069746814406e+04 1.425960556434011365e-18
3.783462617131928710e+04 9.172051291974930752e-19
4.198707084443910571e+04 5.573560614883860285e-19
4.659525668664683326e+04 3.107635488402498939e-19
5.170920242896761192e+04 1.541148217304426530e-19
5.738441648302398244e+04 6.780997748099350882e-20
6.368249944718585903e+04 2.881730755116428457e-20
7.067181273927491566e+04 1.396851924523629336e-20
7.842822061337680498e+04 8.449094198357925686e-21
8.703591361485165544e+04 6.033834142015510144e-21
9.658832241158708348e+04 4.620020584249352580e-21
1.071891319205127511e+05 3.599532666172740121e-21
1.189534067370319535e+05 2.810687230031474758e-21
1.320088400831418112e+05 2.188051130155801780e-21
1.464971398307286145e+05 1.697401887439680967e-21
1.625755666443794908e+05 1.311936708746162319e-21
1.804186409392071655e+05 1.010547371222047071e-21
2.002200371815584658e+05 7.757892190100579607e-22
2.221946860939523904e+05 5.937938570264883538e-22
2.465811075822604180e+05 4.533110372527929052e-22
2.736439997074671555e+05 3.453510759184508044e-22
3.036771118035460822e+05 2.626545867971085414e-22
3.370064329271928291e+05 1.995032294520899223e-22
3.739937302478798083e+05 1.513357113076396870e-22
4.150404757850476308e+05 1.146996559394443469e-22
4.605922041145108524e+05 8.683069791677095157e-23
5.111433483440171112e+05 6.567429070381220880e-23
5.672426068491977639e+05 4.962147596393102007e-23
6.294988990221888525e+05 3.746291085069382186e-23
6.985879746785250027e+05 2.826111754964593677e-23
7.752597488629464060e+05 2.130315391450294597e-23
8.603464416684507160e+05 1.604633106899691217e-23
9.547716114208066138e+05 1.207867375054489528e-23
1.059560179277617019e+06 9.085136705304354979e-24
1.175849554052158026e+06 6.829445176498606022e-24
1.304901978014401859e+06 5.130535341565286007e-24
1.448118227674532915e+06 3.851563958230765641e-24
1.607052818261638284e+06 2.889345010181927252e-24
1.783430876931909472e+06 2.166010858124490760e-24
1.979166867853557458e+06 1.622557266175525547e-24
2.196385372416546568e+06 1.214652769001684531e-24
2.437444150122222025e+06 9.084094355082559517e-25
2.704959730463137385e+06 6.788375843276353157e-25
3.001835813575591892e+06 5.068059727176358404e-25
3.331294787934676744e+06 3.779922857642799128e-25
3.696912707195031922e+06 2.816798519099360522e-25
4.102658105827190448e+06 2.096565143980495797e-25
4.552935074866947718e+06 1.558148473821701195e-25
5.052631065335679799e+06 1.156771437039314725e-25
5.607169938205458224e+06 8.576129053984336163e-26
6.222570836730230600e+06 6.348907928766565845e-26
6.905513520162330940e+06 4.693072931154650095e-26
7.663410868007462472e+06 3.463310186159158226e-26
8.504489341802684590e+06 2.551043722170336506e-26
9.437878277775391936e+06 1.875692480894295350e-26
1.047370897959450819e+07 1.376456660376547379e-26
1.162322468679854274e+07 1.007839319809566892e-26
1.289890261253307760e+07 7.362039830879306534e-27
1.431458937523478456e+07 5.365081791358302727e-27
1.588565129428052530e+07 3.898843787379801408e-27
1.762914118095947802e+07 2.825121703453299509e-27
1.956398343517064676e+07 2.040770623086861740e-27
2.171117945694505423e+07 1.469163901538692233e-27
2.409403560239527002e+07 1.053775853684795513e-27
2.673841615839949250e+07 7.526451572683863218e-28
2.967302408188872784e+07 5.351781147995244723e-28
3.292971255097155273e+07 3.786474933217844157e-28
3.654383070957254618e+07 2.663792320466706861e-28
4.055460735840827972e+07 1.862028447266240077e-28
4.500557675700496882e+07 1.292282741569216950e-28
4.994505115855139494e+07 8.893877692842689538e-29
5.542664520663107187e+07 6.061797984969318006e-29
6.150985788580504060e+07 4.085477278367731665e-29
6.826071834272393584e+07 2.716956782232901388e-29
7.575250258771920204e+07 1.777689716474277668e-29
8.406652885618332028e+07 1.140417796507018200e-29
9.329304026284696162e+07 7.141045941527433247e-30
1.035321843295663744e+08 4.334533238734156895e-30
1.148951000187308788e+08 2.529067243658482293e-30
1.275051240713012964e+08 1.399191969292930798e-30
1.414991297434575856e+08 7.187813070615532016e-31
1.570290124729377627e+08 3.297288889028542446e-31
1.742633386009651124e+08 1.218253437926946573e-31
1.933891750455232263e+08 2.241702010430600881e-32
