1.000000000000000000e+02 2.949290538708041299e-12
1.109752496412072134e+02 2.592183338872979135e-12
1.231550603292826196e+02 2.278293282274684579e-12
1.366716356462005990e+02 2.002403726533420957e-12
1.516716888470922413e+02 1.759947262480575011e-12
1.683180353330956791e+02 1.546748539206815918e-12
1.867913599020782840e+02 1.359439317746067412e-12
2.072921779595371845e+02 1.194830481408979372e-12
2.300430119772916839e+02 1.050076774654067111e-12
2.552908068239516410e+02 9.228837540052436098e-13
2.833096101839323637e+02 8.111368817411371075e-13
3.144035471591500368e+02 7.129035340862670558e-13
3.489101213406774491e+02 6.265393236875703077e-13
3.872038781812557318e+02 5.506395618747467909e-13
4.297004704320843871e+02 4.839287751214713907e-13
4.768611697714468960e+02 4.252641041703921033e-13
5.291978735958442712e+02 3.737253568065244394e-13
5.872786613189482523e+02 3.284127073066189850e-13
6.517339604882420190e+02 2.885861141121367575e-13
7.232633896483533817e+02 2.535798401092611425e-13
8.026433522257173081e+02 2.228077035100906663e-13
8.907354638610439679e+02 1.957704843008812898e-13
9.884959046625587007e+02 1.720047580008274970e-13
1.096985797892383971e+03 1.511098126029992254e-13
1.217382727739662187e+03 1.327482395918511968e-13
1.350993521198027793e+03 1.166104686439759714e-13
1.499268432786045423e+03 1.024339788805745450e-13
1.663816886076128640e+03 8.997563979851309941e-14
1.846424942895544291e+03 7.902405425077740775e-14
2.049074689815845886e+03 6.940725809114947528e-14
2.273965752357927613e+03 6.095857560324809121e-14
2.523539170434765765e+03 5.353225545659470944e-14
2.800503894183631019e+03 4.700836521393036610e-14
3.107866187782013640e+03 4.127785678743100619e-14
3.448962260405759935e+03 3.624348503357628916e-14
3.827494478516314757e+03 3.181908713995287722e-14
4.247571552536898707e+03 2.793496943328307551e-14
4.713753134116724141e+03 2.452343632153143051e-14
5.231099308056262998e+03 2.152647045440903237e-14
5.805225516094896193e+03 1.889373347776287134e-14
6.442363508721369726e+03 1.658143208819603578e-14
7.149428986597576113e+03 1.455053055778389181e-14
7.934096665797491369e+03 1.276616851099939920e-14
8.804883581643463913e+03 1.119802956576159110e-14
9.771241535346502133e+03 9.821841628154074130e-15
1.084365968689610963e+04 8.610390806086060039e-15
1.203377840777589154e+04 7.546458837164960294e-15
1.335451562929898682e+04 6.614091146999781277e-15
1.482020705798858762e+04 5.792242335486171030e-15
1.644676177994664249e+04 5.069411805521949958e-15
1.825183494319044257e+04 4.437660788765455035e-15
2.025501939230666540e+04 3.879378465486673358e-15
2.247805833548725059e+04 3.389073723710604273e-15
2.494508135230316839e+04 2.959773260544006937e-15
2.768286630392066581e+04 2.581836941773405779e-15
3.072112998861759115e+04 2.249282013307469907e-15
3.409285069746814406e+04 1.958458556282534932e-15
3.783462617131928710e+04 1.702210556903234222e-15
4.198707084443910571e+04 1.476400481493550353e-15
4.659525668664683326e+04 1.281698126596193623e-15
5.170920242896761192e+04 1.107531447482868513e-15
5.738441648302398244e+04 9.563363184092769210e-16
6.368249944718585903e+04 8.238741428473294001e-16
7.067181273927491566e+04 7.076096412028730946e-16
7.842822061337680498e+04 6.068308919055012862e-16
8.703591361485165544e+04 5.190152237360681966e-16
9.658832241158708348e+04 4.422499648545210764e-16
1.071891319205127511e+05 3.752450633740859715e-16
1.189534067370319535e+05 3.174169547352566972e-16
1.320088400831418112e+05 2.673097107081064488e-16
1.464971398307286145e+05 2.240019826908153746e-16
1.625755666443794908e+05 1.869967374546444691e-16
1.804186409392071655e+05 1.552690068026718216e-16
2.002200371815584658e+05 1.279482715112873759e-16
2.221946860939523904e+05 1.050843278190934187e-16
2.465811075822604180e+05 8.551430794446169655e-17
2.736439997074671555e+05 6.932712810592501922e-17
3.036771118035460822e+05 5.562755329687043244e-17
3.370064329271928291e+05 4.443154292324004855e-17
3.739937302478798083e+05 3.512864931945807244e-17
4.150404757850476308e+05 2.759818860141969453e-17
4.605922041145108524e+05 2.150321738568579764e-17
5.111433483440171112e+05 1.661650175285001391e-17
5.672426068491977639e+05 1.278734673865221704e-17
6.294988990221888525e+05 9.768726204740352950e-18
6.985879746785250027e+05 7.417936831040962496e-18
7.752597488629464060e+05 5.634869628074814524e-18
8.603464416684507160e+05 4.259929998675661187e-18
9.547716114208066138e+05 3.232174475199645796e-18
1.059560179277617019e+06 2.461482335538274657e-18
1.175849554052158026e+06 1.862758223183125528e-18
1.304901978014401859e+06 1.424224371003720346e-18
1.448118227674532915e+06 1.085944280486160908e-18
1.607052818261638284e+06 8.256300638483040930e-19
1.783430876931909472e+06 6.290812496011169836e-19
1.979166867853557458e+06 4.690027245529222946e-19
2.196385372416546568e+06 3.470726751708178131e-19
2.437444150122222025e+06 2.542812397447990092e-19
2.704959730463137385e+06 1.788298800445374524e-19
3.001835813575591892e+06 1.224346110607479422e-19
3.331294787934676744e+06 8.162479637368045179e-20
3.696912707195031922e+06 5.225329103505603074e-20
4.102658105827190448e+06 3.180797939468473209e-20
4.552935074866947718e+06 1.838867124380248707e-20
5.052631065335679799e+06 1.009827628438342563e-20
5.607169938205458224e+06 5.298894309496320643e-21
6.222570836730230600e+06 2.691939094237302214e-21
6.905513520162330940e+06 1.334687165943737408e-21
7.663410868007462472e+06 6.318557057787719308e-22
8.504489341802684590e+06 2.700356924856969881e-22
9.437878277775391936e+06 1.024719009937779995e-22
1.047370897959450819e+07 3.969587662789407187e-23
1.162322468679854274e+07 1.940147160099939929e-23
1.289890261253307760e+07 1.220195454152959908e-23
1.431458937523478456e+07 8.625626975740474740e-24
1.588565129428052530e+07 6.254892363672344360e-24
1.762914118095947802e+07 4.532712206981582128e-24
1.956398343517064676e+07 3.262838046093731664e-24
2.171117945694505423e+07 2.327142973490010428e-24
2.409403560239527002e+07 1.642322770130746113e-24
2.673841615839949250e+07 1.146947290258778976e-24
2.967302408188872784e+07 7.891632078828473708e-25
3.292971255097155273e+07 5.345728124985485156e-25
3.654383070957254618e+07 3.551418712380528930e-25
4.055460735840827972e+07 2.301075075714033674e-25
4.500557675700496882e+07 1.452173907858414016e-25
4.994505115855139494e+07 8.842583058214298117e-26
5.542664520663107187e+07 5.161707428353848294e-26
6.150985788580504060e+07 2.860326734060129484e-26
6.826071834272393584e+07 1.490054928880673971e-26
7.575250258771920204e+07 7.234327929474656750e-27
8.406652885618332028e+07 3.253031116683613274e-27
9.329304026284696162e+07 1.317949789023896696e-27
1.035321843295663744e+08 4.081155980597266147e-28
1.148951000187308788e+08 4.205371625586759013e-29
1.275051240713012964e+08 7.762396092442477418e-36
1.414991297434575856e+08 5.121732123095982016e-75
1.570290124729377627e+08 2.289577302385435281e-146
