1.000000000000000000e+02 2.125963187665379320e-15
1.109752496412072134e+02 1.830425671432038564e-15
1.231550603292826196e+02 1.575675066461830944e-15
1.366716356462005990e+02 1.356144857236810262e-15
1.516716888470922413e+02 1.167121926146447973e-15
1.683180353330956791e+02 1.005012799359809225e-15
1.867913599020782840e+02 8.653395994735044192e-16
2.072921779595371845e+02 7.448091897252334511e-16
2.300430119772916839e+02 6.411852534889767128e-16
2.552908068239516410e+02 5.518150003894504469e-16
2.833096101839323637e+02 4.750218704832794958e-16
3.144035471591500368e+02 4.085656053027684178e-16
3.489101213406774491e+02 3.509809769550547459e-16
3.872038781812557318e+02 3.015024560790105234e-16
4.297004704320843871e+02 2.585995912236658765e-16
4.768611697714468960e+02 2.214515845857338764e-16
5.291978735958442712e+02 1.892806894393664303e-16
5.872786613189482523e+02 1.615316289035287123e-16
6.517339604882420190e+02 1.374868111424386173e-16
7.232633896483533817e+02 1.167413352087813629e-16
8.026433522257173081e+02 9.880711810025011620e-17
8.907354638610439679e+02 8.335766351604193939e-17
9.884959046625587007e+02 7.006685589972375297e-17
1.096985797892383971e+03 5.867148413908269443e-17
1.217382727739662187e+03 4.889549193219496850e-17
1.350993521198027793e+03 4.057670294038044814e-17
1.499268432786045423e+03 3.351135025956486173e-17
1.663816886076128640e+03 2.751064381472747058e-17
1.846424942895544291e+03 2.248282559262820556e-17
2.049074689815845886e+03 1.827378022090656463e-17
2.273965752357927613e+03 1.476977044144457711e-17
2.523539170434765765e+03 1.189725569797089189e-17
2.800503894183631019e+03 9.533763916721205245e-18
3.107866187782013640e+03 7.628812339123056432e-18
3.448962260405759935e+03 6.096335806968225386e-18
3.827494478516314757e+03 4.882060118277407506e-18
4.247571552536898707e+03 3.917358251537039637e-18
4.713753134116724141e+03 3.158989837141343384e-18
5.231099308056262998e+03 2.558478008839590364e-18
5.805225516094896193e+03 2.081963047041245391e-18
6.442363508721369726e+03 1.701958458167543701e-18
7.149428986597576113e+03 1.393854875279314760e-18
7.934096665797491369e+03 1.144753270030764548e-18
8.804883581643463913e+03 9.408228472936415739e-19
9.771241535346502133e+03 7.743155442057973438e-19
1.084365968689610963e+04 6.356846037277035655e-19
1.203377840777589154e+04 5.218993497621399497e-19
1.335451562929898682e+04 4.280626791641593198e-19
1.482020705798858762e+04 3.501986187636663923e-19
1.644676177994664249e+04 2.860890331509480560e-19
1.825183494319044257e+04 2.327438860141057904e-19
2.025501939230666540e+04 1.893510465167350662e-19
2.247805833548725059e+04 1.532948910794816948e-19
2.494508135230316839e+04 1.235348517688332783e-19
2.768286630392066581e+04 9.969606157465824575e-20
3.072112998861759115e+04 7.943742355197126686e-20
3.409285069746814406e+04 6.339784038039778780e-20
3.783462617131928710e+04 5.025582177147237693e-20
4.198707084443910571e+04 3.951106363708389018e-20
4.659525668664683326e+04 3.105019626253645982e-20
5.170920242896761192e+04 2.421598524298672539e-20
5.738441648302398244e+04 1.877282391029142937e-20
6.368249944718585903e+04 1.454314855965653646e-20
7.067181273927491566e+04 1.120908338366266393e-20
7.842822061337680498e+04 8.611628156386823894e-21
8.703591361485165544e+04 6.628359181791114524e-21
9.658832241158708348e+04 5.102617238347102174e-21
1.071891319205127511e+05 3.941112593907049910e-21
1.189534067370319535e+05 3.058375767178958125e-21
1.320088400831418112e+05 2.387439306133386465e-21
1.464971398307286145e+05 1.875432041337204625e-21
1.625755666443794908e+05 1.481541288786345097e-21
1.804186409392071655e+05 1.175624753748345648e-21
2.002200371815584658e+05 9.348183344731935931e-22
2.221946860939523904e+05 7.426770768819446200e-22
2.465811075822604180e+05 5.880997565893783453e-22
2.736439997074671555e+05 4.630285820733726093e-22
3.036771118035460822e+05 3.614637849687307783e-22
3.370064329271928291e+05 2.797430631158627282e-22
3.739937302478798083e+05 2.143680574514829915e-22
4.150404757850476308e+05 1.623897959395317677e-22
4.605922041145108524e+05 1.212600891002044104e-22
5.111433483440171112e+05 8.924027122418262996e-23
5.672426068491977639e+05 6.425723501668309406e-23
6.294988990221888525e+05 4.508808505819026257e-23
6.985879746785250027e+05 3.067901817950614619e-23
7.752597488629464060e+05 2.022212294376527924e-23
8.603464416684507160e+05 1.301850186038749625e-23
9.547716114208066138e+05 8.391285056577283330e-24
1.059560179277617019e+06 5.620477117322956399e-24
1.175849554052158026e+06 3.975379657588459834e-24
1.304901978014401859e+06 2.930644758750797695e-24
1.448118227674532915e+06 2.208068211594161565e-24
1.607052818261638284e+06 1.680193398304933464e-24
1.783430876931909472e+06 1.283913379856288886e-24
1.979166867853557458e+06 9.833960985719625727e-25
2.196385372416546568e+06 7.543958232011506724e-25
2.437444150122222025e+06 5.792678344158987418e-25
2.704959730463137385e+06 4.449099963722174897e-25
3.001835813575591892e+06 3.416322500030416430e-25
3.331294787934676744e+06 2.622549953582170051e-25
3.696912707195031922e+06 2.011437422463234791e-25
4.102658105827190448e+06 1.541282544891301793e-25
4.552935074866947718e+06 1.179440214576234968e-25
5.052631065335679799e+06 9.011940876757894089e-26
5.607169938205458224e+06 6.873658313017535183e-26
6.222570836730230600e+06 5.232864871740095400e-26
6.905513520162330940e+06 3.974393162559081610e-26
7.663410868007462472e+06 3.010530849578970785e-26
8.504489341802684590e+06 2.274079346868392522e-26
9.437878277775391936e+06 1.712789712920588177e-26
1.047370897959450819e+07 1.285554310678782831e-26
1.162322468679854274e+07 9.609107807187767369e-27
1.289890261253307760e+07 7.150738173979742757e-27
1.431458937523478456e+07 5.299981101681910324e-27
1.588565129428052530e+07 3.904103602515706762e-27
1.762914118095947802e+07 2.859714351957433875e-27
1.956398343517064676e+07 2.080773701262042522e-27
2.171117945694505423e+07 1.502373506954513828e-27
2.409403560239527002e+07 1.075671555662124281e-27
2.673841615839949250e+07 7.624841017997336920e-28
2.967302408188872784e+07 5.345060931331247569e-28
3.292971255097155273e+07 3.696915312377673003e-28
3.654383070957254618e+07 2.519216576862285236e-28
4.055460735840827972e+07 1.685688467666300076e-28
4.500557675700496882e+07 1.104532243427516230e-28
4.994505115855139494e+07 7.052491610507199238e-29
5.542664520663107187e+07 4.367636218661548520e-29
6.150985788580504060e+07 2.603577094814768160e-29
6.826071834272393584e+07 1.479251545112864793e-29
7.575250258771920204e+07 7.882385482442076412e-30
8.406652885618332028e+07 3.817921865151883065e-30
9.329304026284696162e+07 1.558331147130977619e-30
1.035321843295663744e+08 4.226489421785682965e-31
1.148951000187308788e+08 2.183976914720946882e-32
