1.000000000000000000e+02 4.600814542514163144e-11
1.109752496412072134e+02 4.027384811452209452e-11
1.231550603292826196e+02 3.543868865759070039e-11
1.366716356462005990e+02 3.124972833575644930e-11
1.516716888470922413e+02 2.756839833083532320e-11
1.683180353330956791e+02 2.433149096433602017e-11
1.867913599020782840e+02 2.144312704412226747e-11
2.072921779595371845e+02 1.888685769856169533e-11
2.300430119772916839e+02 1.660488780571469710e-11
2.552908068239516410e+02 1.458340856251415167e-11
2.833096101839323637e+02 1.278943571381218676e-11
3.144035471591500368e+02 1.119022871282946641e-11
3.489101213406774491e+02 9.784632676583632850e-12
3.872038781812557318e+02 8.526635065820460583e-12
4.297004704320843871e+02 7.421463126019287605e-12
4.768611697714468960e+02 6.438581839258501231e-12
5.291978735958442712e+02 5.579246743822669937e-12
5.872786613189482523e+02 4.815304085096310708e-12
6.517339604882420190e+02 4.148132167967234560e-12
7.232633896483533817e+02 3.563359086433398415e-12
8.026433522257173081e+02 3.048638062794447132e-12
8.907354638610439679e+02 2.602283570071120867e-12
9.884959046625587007e+02 2.213981509378376563e-12
1.096985797892383971e+03 1.877131612242487348e-12
1.217382727739662187e+03 1.587144160696499100e-12
1.350993521198027793e+03 1.336160122178533889e-12
1.499268432786045423e+03 1.123278220037425458e-12
1.663816886076128640e+03 9.411520652635252675e-13
1.846424942895544291e+03 7.864171552408410356e-13
2.049074689815845886e+03 6.561729580165069133e-13
2.273965752357927613e+03 5.466272827744735832e-13
2.523539170434765765e+03 4.550141200213833179e-13
2.800503894183631019e+03 3.786206117601262275e-13
3.107866187782013640e+03 3.152669241191812086e-13
3.448962260405759935e+03 2.627780504574324966e-13
3.827494478516314757e+03 2.191903762102757397e-13
4.247571552536898707e+03 1.831179033979816256e-13
4.713753134116724141e+03 1.529939562277397581e-13
5.231099308056262998e+03 1.281615480006477294e-13
5.805225516094896193e+03 1.071858876650756139e-13
6.442363508721369726e+03 8.976471744673246418e-14
7.149428986597576113e+03 7.502840495557934343e-14
7.934096665797491369e+03 6.255065399991723088e-14
8.804883581643463913e+03 5.197460571508778432e-14
9.771241535346502133e+03 4.299393404484224294e-14
1.084365968689610963e+04 3.537899457024956975e-14
1.203377840777589154e+04 2.894355570228230839e-14
1.335451562929898682e+04 2.351191469141855791e-14
1.482020705798858762e+04 1.896178382477714871e-14
1.644676177994664249e+04 1.510321098046818516e-14
1.825183494319044257e+04 1.203572416899343232e-14
2.025501939230666540e+04 9.471357474908338112e-15
2.247805833548725059e+04 7.383904175895335804e-15
2.494508135230316839e+04 5.713240554773710932e-15
2.768286630392066581e+04 4.389125418042618000e-15
3.072112998861759115e+04 3.348799355755882991e-15
3.409285069746814406e+04 2.545180705823243353e-15
3.783462617131928710e+04 1.929096059863195001e-15
4.198707084443910571e+04 1.463387987373930628e-15
4.659525668664683326e+04 1.113759320478738287e-15
5.170920242896761192e+04 8.531496127560162670e-16
5.738441648302398244e+04 6.596698786301351993e-16
6.368249944718585903e+04 5.155263006354722200e-16
7.067181273927491566e+04 4.067137568113591594e-16
7.842822061337680498e+04 3.252895456341725190e-16
8.703591361485165544e+04 2.623646705658833895e-16
9.658832241158708348e+04 2.124388695000915603e-16
1.071891319205127511e+05 1.721890908650417054e-16
1.189534067370319535e+05 1.402071636626184271e-16
1.320088400831418112e+05 1.142982785088474328e-16
1.464971398307286145e+05 9.237748050960150152e-17
1.625755666443794908e+05 7.428992146245430282e-17
1.804186409392071655e+05 5.949392997285087249e-17
2.002200371815584658e+05 4.737525714259089066e-17
2.221946860939523904e+05 3.710609416348034153e-17
2.465811075822604180e+05 2.870406006518268829e-17
2.736439997074671555e+05 2.168465456136619984e-17
3.036771118035460822e+05 1.597052287520864146e-17
3.370064329271928291e+05 1.136302459578817489e-17
3.739937302478798083e+05 7.750305774655410957e-18
4.150404757850476308e+05 5.022284274112948188e-18
4.605922041145108524e+05 3.097809648584235438e-18
5.111433483440171112e+05 1.861647048526183424e-18
5.672426068491977639e+05 1.151148513012690495e-18
6.294988990221888525e+05 7.682805111450056572e-19
6.985879746785250027e+05 5.535122656757713539e-19
7.752597488629464060e+05 4.169720664555393317e-19
8.603464416684507160e+05 3.203797013955500682e-19
9.547716114208066138e+05 2.480105551310005825e-19
1.059560179277617019e+06 1.924809988097597364e-19
1.175849554052158026e+06 1.494530261821603204e-19
1.304901978014401859e+06 1.160717710166364654e-19
1.448118227674532915e+06 9.015027435882060753e-20
1.607052818261638284e+06 7.001554706442535147e-20
1.783430876931909472e+06 5.435526876557857538e-20
1.979166867853557458e+06 4.218163238099151771e-20
2.196385372416546568e+06 3.271382573510742746e-20
2.437444150122222025e+06 2.535772068660186662e-20
2.704959730463137385e+06 1.964300985842213004e-20
3.001835813575591892e+06 1.520424302292215288e-20
3.331294787934676744e+06 1.175851404016310060e-20
3.696912707195031922e+06 9.086451869714084452e-21
4.102658105827190448e+06 7.015252324762199353e-21
4.552935074866947718e+06 5.411210139415730008e-21
5.052631065335679799e+06 4.169342033976686037e-21
5.607169938205458224e+06 3.209721176984945988e-21
6.222570836730230600e+06 2.468116207513669551e-21
6.905513520162330940e+06 1.895805927810129620e-21
7.663410868007462472e+06 1.454500975933149525e-21
8.504489341802684590e+06 1.114753442045754031e-21
9.437878277775391936e+06 8.530266432926654149e-22
1.047370897959450819e+07 6.522356393581914394e-22
1.162322468679854274e+07 4.979679509952836767e-22
1.289890261253307760e+07 3.796723205957327934e-22
1.431458937523478456e+07 2.891357516861891959e-22
1.588565129428052530e+07 2.198706166056310193e-22
1.762914118095947802e+07 1.669698853472984561e-22
1.956398343517064676e+07 1.266192272178307219e-22
2.171117945694505423e+07 9.588071869403173907e-23
2.409403560239527002e+07 7.249744576495679383e-23
2.673841615839949250e+07 5.473232182757764072e-23
2.967302408188872784e+07 4.125573318478156600e-23
3.292971255097155273e+07 3.105049205004754070e-23
3.654383070957254618e+07 2.333393777896968130e-23
4.055460735840827972e+07 1.750596280085706092e-23
4.500557675700496882e+07 1.311187162148420026e-23
4.994505115855139494e+07 9.804079185402098913e-24
5.542664520663107187e+07 7.318092572433455370e-24
6.150985788580504060e+07 5.453799472501548299e-24
6.826071834272393584e+07 4.056050316335221156e-24
7.575250258771920204e+07 3.011593759566061662e-24
8.406652885618332028e+07 2.231521806061356003e-24
9.329304026284696162e+07 1.650326023673111194e-24
1.035321843295663744e+08 1.218003966247883453e-24
1.148951000187308788e+08 8.969834031420619382e-25
1.275051240713012964e+08 6.591434352331080537e-25
1.414991297434575856e+08 4.832097214235614963e-25
1.570290124729377627e+08 3.533295618956701258e-25
1.742633386009651124e+08 2.577099058769197770e-25
1.933891750455232263e+08 1.874231540395104751e-25
2.146141197858406007e+08 1.358883297629048112e-25
2.381685551976160705e+08 9.822234928528042404e-26
2.643081486974108517e+08 7.074267695948067334e-26
2.933166278390048146e+08 5.074978715697301249e-26
3.255088599835056663e+08 3.625618398049741861e-26
3.612342699709430337e+08 2.578224440232725897e-26
4.008806328898465633e+08 1.824144584576121404e-26
4.448782831127585173e+08 1.283163040728521111e-26
4.937047852839003801e+08 8.967502862712018125e-27
5.478901179593944550e+08 6.221267183655501971e-27
6.080224261649426222e+08 4.279054473491605098e-27
6.747544053110699654e+08 2.913919542955852343e-27
7.488103857590031624e+08 1.960711342278356863e-27
8.309941949353404045e+08 1.300506314189811284e-27
9.221978823334341049e+08 8.473030914944497709e-28
1.023411402105452657e+09 5.396483415234832953e-28
1.135733358343105316e+09 3.335552017163092512e-28
1.260382929679727316e+09 1.978230433033528450e-28
1.398713102647238731e+09 1.103970244676745750e-28
1.552225357427047968e+09 5.586416996030386099e-29
1.722585965398787737e+09 2.346729666197318331e-29
1.911644075385703564e+09 6.067288394199931771e-30
2.121451784910631895e+09 6.535960627342801091e-32
