1.000000000000000000e+02 6.341268361561125847e-15
1.109752496412072134e+02 5.466614753626561441e-15
1.231550603292826196e+02 4.702226296948049176e-15
1.366716356462005990e+02 4.035202998398397031e-15
1.516716888470922413e+02 3.447652763753458384e-15
1.683180353330956791e+02 2.940208734422929252e-15
1.867913599020782840e+02 2.501208748866315075e-15
2.072921779595371845e+02 2.121568864337672075e-15
2.300430119772916839e+02 1.794590663882145559e-15
2.552908068239516410e+02 1.515541369971897935e-15
2.833096101839323637e+02 1.277702006558305250e-15
3.144035471591500368e+02 1.075929389921372876e-15
3.489101213406774491e+02 9.038675623481985866e-16
3.872038781812557318e+02 7.587155244772960782e-16
4.297004704320843871e+02 6.372868244420727285e-16
4.768611697714468960e+02 5.356436218493866739e-16
5.291978735958442712e+02 4.504123965102639665e-16
5.872786613189482523e+02 3.791264574318099822e-16
6.517339604882420190e+02 3.197773519698781501e-16
7.232633896483533817e+02 2.702319687024453895e-16
8.026433522257173081e+02 2.287383309644383674e-16
8.907354638610439679e+02 1.940364648175355250e-16
9.884959046625587007e+02 1.648608172275146800e-16
1.096985797892383971e+03 1.403062060232713413e-16
1.217382727739662187e+03 1.194990945792581859e-16
1.350993521198027793e+03 1.018385217335798717e-16
1.499268432786045423e+03 8.676863285529973715e-17
1.663816886076128640e+03 7.389458885738912971e-17
1.846424942895544291e+03 6.286246758602392520e-17
2.049074689815845886e+03 5.338480692790135889e-17
2.273965752357927613e+03 4.525020857051539141e-17
2.523539170434765765e+03 3.825021473743876305e-17
2.800503894183631019e+03 3.226490649436446620e-17
3.107866187782013640e+03 2.712127950943998480e-17
3.448962260405759935e+03 2.273466149399845021e-17
3.827494478516314757e+03 1.899819423389892644e-17
4.247571552536898707e+03 1.583413827456797875e-17
4.713753134116724141e+03 1.316760977583245540e-17
5.231099308056262998e+03 1.093471087648545046e-17
5.805225516094896193e+03 9.079775795469249929e-18
6.442363508721369726e+03 7.545497540270045062e-18
7.149428986597576113e+03 6.281704944234089214e-18
7.934096665797491369e+03 5.238471432614562722e-18
8.804883581643463913e+03 4.375111352120116698e-18
9.771241535346502133e+03 3.646716040994274659e-18
1.084365968689610963e+04 3.037416221602799946e-18
1.203377840777589154e+04 2.522827129830491743e-18
1.335451562929898682e+04 2.090949308332789192e-18
1.482020705798858762e+04 1.726496940649556123e-18
1.644676177994664249e+04 1.422922182633963511e-18
1.825183494319044257e+04 1.167670802289912214e-18
2.025501939230666540e+04 9.564320878482571719e-19
2.247805833548725059e+04 7.808544626908016166e-19
2.494508135230316839e+04 6.348687772389622561e-19
2.768286630392066581e+04 5.150852189686085537e-19
3.072112998861759115e+04 4.169373926415645846e-19
3.409285069746814406e+04 3.364583727201395534e-19
3.783462617131928710e+04 2.707439967470078114e-19
4.198707084443910571e+04 2.174713842572249545e-19
4.659525668664683326e+04 1.743108123737180998e-19
5.170920242896761192e+04 1.394087333624634233e-19
5.738441648302398244e+04 1.113401855214171178e-19
6.368249944718585903e+04 8.874765364897562360e-20
7.067181273927491566e+04 7.061033664848783596e-20
7.842822061337680498e+04 5.609508211020215810e-20
8.703591361485165544e+04 4.448725146178401561e-20
9.658832241158708348e+04 3.520718294592498954e-20
1.071891319205127511e+05 2.781206748201347864e-20
1.189534067370319535e+05 2.192017471663361930e-20
1.320088400831418112e+05 1.723365328696315036e-20
1.464971398307286145e+05 1.351530052247449701e-20
1.625755666443794908e+05 1.056851715339288587e-20
1.804186409392071655e+05 8.238464360678385016e-21
2.002200371815584658e+05 6.399171837001968539e-21
2.221946860939523904e+05 4.950686609011407782e-21
2.465811075822604180e+05 3.813690639813732393e-21
2.736439997074671555e+05 2.923668506331199173e-21
3.036771118035460822e+05 2.230016721373926509e-21
3.370064329271928291e+05 1.692727973622724479e-21
3.739937302478798083e+05 1.278689505317155211e-21
4.150404757850476308e+05 9.622874995715718185e-22
4.605922041145108524e+05 7.220107255016553395e-22
5.111433483440171112e+05 5.405450963929126950e-22
5.672426068491977639e+05 4.036732171119456237e-22
6.294988990221888525e+05 3.008467548432600115e-22
6.985879746785250027e+05 2.237162786595560996e-22
7.752597488629464060e+05 1.660634468379865692e-22
8.603464416684507160e+05 1.230536436909527967e-22
9.547716114208066138e+05 9.104312486257999182e-23
1.059560179277617019e+06 6.726124078543918512e-23
1.175849554052158026e+06 4.962877009360404155e-23
1.304901978014401859e+06 3.658222997800607550e-23
1.448118227674532915e+06 2.693974993579448101e-23
1.607052818261638284e+06 1.982169148317315656e-23
1.783430876931909472e+06 1.457416637366133340e-23
1.979166867853557458e+06 1.070743547766334981e-23
2.196385372416546568e+06 7.860067346509466656e-24
2.437444150122222025e+06 5.765930367524042362e-24
2.704959730463137385e+06 4.226495202846488384e-24
3.001835813575591892e+06 3.094806621250161022e-24
3.331294787934676744e+06 2.263781602087630879e-24
3.696912707195031922e+06 1.653883573512328297e-24
4.102658105827190448e+06 1.206882852027111172e-24
4.552935074866947718e+06 8.794875048419911103e-25
5.052631065335679799e+06 6.397987102466041837e-25
5.607169938205458224e+06 4.646819032275083042e-25
6.222570836730230600e+06 3.369371129543440231e-25
6.905513520162330940e+06 2.438221667448440111e-25
7.663410868007462472e+06 1.760639839790636517e-25
8.504489341802684590e+06 1.268508735220940284e-25
9.437878277775391936e+06 9.116780228082552375e-26
1.047370897959450819e+07 6.534990561855215740e-26
1.162322468679854274e+07 4.671947121679115036e-26
1.289890261253307760e+07 3.329034085092282676e-26
1.431458937523478456e+07 2.364454333618420719e-26
1.588565129428052530e+07 1.673257926116025794e-26
1.762914118095947802e+07 1.179450878827699311e-26
1.956398343517064676e+07 8.278882260660099466e-27
2.171117945694505423e+07 5.781780430170272084e-27
2.409403560239527002e+07 4.016511525547664348e-27
2.673841615839949250e+07 2.773243886597798373e-27
2.967302408188872784e+07 1.901614727950596946e-27
3.292971255097155273e+07 1.293919132823574112e-27
3.654383070957254618e+07 8.722712118045455778e-28
4.055460735840827972e+07 5.818286574016680647e-28
4.500557675700496882e+07 3.832802711320264383e-28
4.994505115855139494e+07 2.486900066704467499e-28
5.542664520663107187e+07 1.585153784756393849e-28
6.150985788580504060e+07 9.883055969854629958e-29
6.826071834272393584e+07 5.996283167326495875e-29
7.575250258771920204e+07 3.513798849134035652e-29
8.406652885618332028e+07 1.968069888312798067e-29
9.329304026284696162e+07 1.034496941341097269e-29
1.035321843295663744e+08 4.912465317920819289e-30
1.148951000187308788e+08 1.897358774203026229e-30
1.275051240713012964e+08 3.856136818200912432e-31
