1.000000000000000000e+02 4.884026115598765511e-12
1.109752496412072134e+02 4.311932747724364093e-12
1.231550603292826196e+02 3.805895799560951442e-12
1.366716356462005990e+02 3.358103711569308842e-12
1.516716888470922413e+02 2.961926962650694643e-12
1.683180353330956791e+02 2.611205881521323706e-12
1.867913599020782840e+02 2.301070460280122161e-12
2.072921779595371845e+02 2.027048246899166183e-12
2.300430119772916839e+02 1.784306356095967110e-12
2.552908068239516410e+02 1.570191059448780535e-12
2.833096101839323637e+02 1.380477679552533562e-12
3.144035471591500368e+02 1.213239513863789508e-12
3.489101213406774491e+02 1.065218983017627410e-12
3.872038781812557318e+02 9.347363540013386160e-13
4.297004704320843871e+02 8.195745377434896854e-13
4.768611697714468960e+02 7.178352849071291684e-13
5.291978735958442712e+02 6.283284280971823268e-13
5.872786613189482523e+02 5.492451867450263943e-13
6.517339604882420190e+02 4.797399117763148923e-13
7.232633896483533817e+02 4.184617258594168793e-13
8.026433522257173081e+02 3.646167956169832783e-13
8.907354638610439679e+02 3.173207985741218851e-13
9.884959046625587007e+02 2.757603514136737584e-13
1.096985797892383971e+03 2.393217532254531047e-13
1.217382727739662187e+03 2.074417356284013157e-13
1.350993521198027793e+03 1.794470336553692878e-13
1.499268432786045423e+03 1.550809881250918375e-13
1.663816886076128640e+03 1.337040285020089996e-13
1.846424942895544291e+03 1.151619409100452784e-13
2.049074689815845886e+03 9.893587420713297863e-14
2.273965752357927613e+03 8.491952979873038402e-14
2.523539170434765765e+03 7.268887711272660549e-14
2.800503894183631019e+03 6.214917375936959543e-14
3.107866187782013640e+03 5.300712845285687302e-14
3.448962260405759935e+03 4.513543467314532787e-14
3.827494478516314757e+03 3.835889261530238450e-14
4.247571552536898707e+03 3.253509835004890305e-14
4.713753134116724141e+03 2.754855214170871251e-14
5.231099308056262998e+03 2.327451803019182311e-14
5.805225516094896193e+03 1.963324076972522966e-14
6.442363508721369726e+03 1.653793175299927104e-14
7.149428986597576113e+03 1.390578112676080451e-14
7.934096665797491369e+03 1.166042421420280033e-14
8.804883581643463913e+03 9.779037899446172339e-15
9.771241535346502133e+03 8.174983357597982000e-15
1.084365968689610963e+04 6.834669037789680040e-15
1.203377840777589154e+04 5.699204399244925211e-15
1.335451562929898682e+04 4.750602421523646857e-15
1.482020705798858762e+04 3.951060065288906838e-15
1.644676177994664249e+04 3.283825593222652954e-15
1.825183494319044257e+04 2.724270094587412310e-15
2.025501939230666540e+04 2.255831542790998495e-15
2.247805833548725059e+04 1.867839486271878159e-15
2.494508135230316839e+04 1.541158551769570263e-15
2.768286630392066581e+04 1.269492869141444931e-15
3.072112998861759115e+04 1.044360995745328693e-15
3.409285069746814406e+04 8.563464463279122915e-16
3.783462617131928710e+04 7.000229191055052458e-16
4.198707084443910571e+04 5.720497136943628719e-16
4.659525668664683326e+04 4.644416320782442057e-16
5.170920242896761192e+04 3.764942220478686706e-16
5.738441648302398244e+04 3.042475707104697336e-16
6.368249944718585903e+04 2.445892185355941527e-16
7.067181273927491566e+04 1.961856984073584131e-16
7.842822061337680498e+04 1.567525787503877372e-16
8.703591361485165544e+04 1.246243625434354654e-16
9.658832241158708348e+04 9.874371388355178472e-17
1.071891319205127511e+05 7.796218058565014193e-17
1.189534067370319535e+05 6.129621900997673669e-17
1.320088400831418112e+05 4.803741143368977868e-17
1.464971398307286145e+05 3.756733367322419762e-17
1.625755666443794908e+05 2.929035090818598013e-17
1.804186409392071655e+05 2.279165647713650205e-17
2.002200371815584658e+05 1.771032378041383194e-17
2.221946860939523904e+05 1.374961352108359572e-17
2.465811075822604180e+05 1.067155238274898013e-17
2.736439997074671555e+05 8.283011645371986650e-18
3.036771118035460822e+05 6.432917432904037172e-18
3.370064329271928291e+05 4.999089113960280625e-18
3.739937302478798083e+05 3.887667849258072568e-18
4.150404757850476308e+05 3.026022369659501397e-18
4.605922041145108524e+05 2.355320695608921869e-18
5.111433483440171112e+05 1.832319500252539087e-18
5.672426068491977639e+05 1.424888379376019361e-18
6.294988990221888525e+05 1.105947783678002212e-18
6.985879746785250027e+05 8.573028173676990807e-19
7.752597488629464060e+05 6.632412669984138349e-19
8.603464416684507160e+05 5.121102431722398244e-19
9.547716114208066138e+05 3.950636685372772334e-19
1.059560179277617019e+06 3.044484370911354130e-19
1.175849554052158026e+06 2.346392484234775521e-19
1.304901978014401859e+06 1.809157116733782922e-19
1.448118227674532915e+06 1.395951435108917670e-19
1.607052818261638284e+06 1.077831831396559450e-19
1.783430876931909472e+06 8.324081311609031866e-20
1.979166867853557458e+06 6.423473825984314026e-20
2.196385372416546568e+06 4.949955566594974480e-20
2.437444150122222025e+06 3.803386467994725006e-20
2.704959730463137385e+06 2.914419159461554179e-20
3.001835813575591892e+06 2.222101799431050221e-20
3.331294787934676744e+06 1.685138344532173779e-20
3.696912707195031922e+06 1.271867642284225062e-20
4.102658105827190448e+06 9.509747794613422966e-21
4.552935074866947718e+06 7.078205772407008278e-21
5.052631065335679799e+06 5.227550179256132721e-21
5.607169938205458224e+06 3.825552401175754802e-21
6.222570836730230600e+06 2.778745785157030436e-21
6.905513520162330940e+06 2.000820571053797415e-21
7.663410868007462472e+06 1.423893569987174086e-21
8.504489341802684590e+06 9.992953451266351202e-22
9.437878277775391936e+06 6.893470087955488147e-22
1.047370897959450819e+07 4.664557739587800805e-22
1.162322468679854274e+07 3.071753327459286945e-22
1.289890261253307760e+07 1.954083382329218001e-22
1.431458937523478456e+07 1.188741358159002927e-22
1.588565129428052530e+07 6.823964472245036183e-23
1.762914118095947802e+07 3.646129967564988866e-23
1.956398343517064676e+07 1.799171545399664411e-23
2.171117945694505423e+07 8.238727389869074369e-24
2.409403560239527002e+07 3.661652243961360927e-24
2.673841615839949250e+07 1.711154743661698531e-24
2.967302408188872784e+07 9.079947537717140157e-25
3.292971255097155273e+07 5.497228347455020369e-25
3.654383070957254618e+07 3.606052051769750855e-25
4.055460735840827972e+07 2.442823056027138156e-25
4.500557675700496882e+07 1.669108574082066190e-25
4.994505115855139494e+07 1.139730273195762682e-25
5.542664520663107187e+07 7.761172201427145153e-26
6.150985788580504060e+07 5.269180343765970819e-26
6.826071834272393584e+07 3.557853911180750364e-26
7.575250258771920204e+07 2.385058502553303491e-26
8.406652885618332028e+07 1.582486065948753587e-26
9.329304026284696162e+07 1.037691838917495348e-26
1.035321843295663744e+08 6.701753791115635810e-27
1.148951000187308788e+08 4.246093450943264419e-27
1.275051240713012964e+08 2.620632759890175918e-27
1.414991297434575856e+08 1.567001083526697356e-27
1.570290124729377627e+08 8.950605702110678027e-28
1.742633386009651124e+08 4.814267482335252780e-28
1.933891750455232263e+08 2.376720437839593271e-28
2.146141197858406007e+08 1.035030721947657838e-28
2.381685551976160705e+08 3.745086000206162626e-29
2.643081486974108517e+08 9.356730429434521516e-30
2.933166278390048146e+08 4.365803384468248337e-32
3.255088599835056663e+08 2.479082478203325929e-104
3.612342699709430337e+08 3.158670991631887166e-145
