1.000000000000000000e+02 6.471869430310220682e-13
1.109752496412072134e+02 5.556061392665446515e-13
1.231550603292826196e+02 4.764498036412790863e-13
1.366716356462005990e+02 4.082161457856618988e-13
1.516716888470922413e+02 3.493329482758557337e-13
1.683180353330956791e+02 2.986399725397666090e-13
1.867913599020782840e+02 2.549910407018251081e-13
2.072921779595371845e+02 2.174969577222736924e-13
2.300430119772916839e+02 1.852643262878377257e-13
2.552908068239516410e+02 1.576521090867596367e-13
2.833096101839323637e+02 1.339555657817045118e-13
3.144035471591500368e+02 1.136826012463751131e-13
3.489101213406774491e+02 9.635142236109804748e-14
3.872038781812557318e+02 8.158770538175681440e-14
4.297004704320843871e+02 6.896448989985812474e-14
4.768611697714468960e+02 5.825408605081419186e-14
5.291978735958442712e+02 4.912289715713565124e-14
5.872786613189482523e+02 4.138321564835055137e-14
6.517339604882420190e+02 3.481786495812666007e-14
7.232633896483533817e+02 2.926533736917470285e-14
8.026433522257173081e+02 2.457742795699048959e-14
8.907354638610439679e+02 2.061523291093358827e-14
9.884959046625587007e+02 1.728183615883691364e-14
1.096985797892383971e+03 1.447030240194508135e-14
1.217382727739662187e+03 1.211059784025178665e-14
1.350993521198027793e+03 1.012854042402148138e-14
1.499268432786045423e+03 8.464584696592774776e-15
1.663816886076128640e+03 7.071450342258064739e-15
1.846424942895544291e+03 5.903289162784578690e-15
2.049074689815845886e+03 4.926206201682911606e-15
2.273965752357927613e+03 4.107875926529828437e-15
2.523539170434765765e+03 3.424349751525573140e-15
2.800503894183631019e+03 2.853150010091646137e-15
3.107866187782013640e+03 2.375345886078910648e-15
3.448962260405759935e+03 1.976675071983605839e-15
3.827494478516314757e+03 1.643837593673391493e-15
4.247571552536898707e+03 1.366113405292018365e-15
4.713753134116724141e+03 1.134578165800998047e-15
5.231099308056262998e+03 9.415221893626539949e-16
5.805225516094896193e+03 7.808363318837732703e-16
6.442363508721369726e+03 6.470301081875056547e-16
7.149428986597576113e+03 5.358731642665014425e-16
7.934096665797491369e+03 4.433875705171344495e-16
8.804883581643463913e+03 3.667434503852978489e-16
9.771241535346502133e+03 3.030274587381755958e-16
1.084365968689610963e+04 2.502923049419227779e-16
1.203377840777589154e+04 2.066063114565252811e-16
1.335451562929898682e+04 1.704220706661293718e-16
1.482020705798858762e+04 1.405155938680860612e-16
1.644676177994664249e+04 1.157995329142655846e-16
1.825183494319044257e+04 9.537292137388928748e-17
2.025501939230666540e+04 7.851602588317630665e-17
2.247805833548725059e+04 6.460159094446028153e-17
2.494508135230316839e+04 5.312392083774559012e-17
2.768286630392066581e+04 4.365731353689479796e-17
3.072112998861759115e+04 3.585957952219714979e-17
3.409285069746814406e+04 2.943113055268767036e-17
3.783462617131928710e+04 2.413646805613244967e-17
4.198707084443910571e+04 1.977876784209732881e-17
4.659525668664683326e+04 1.619297105464169585e-17
5.170920242896761192e+04 1.324460949478993616e-17
5.738441648302398244e+04 1.082047012704125509e-17
6.368249944718585903e+04 8.830034248024834662e-18
7.067181273927491566e+04 7.196536216862484638e-18
7.842822061337680498e+04 5.857906904215196847e-18
8.703591361485165544e+04 4.761137606867718900e-18
9.658832241158708348e+04 3.863762390708791235e-18
1.071891319205127511e+05 3.130424803638374392e-18
1.189534067370319535e+05 2.532194620898662485e-18
1.320088400831418112e+05 2.044395460739534786e-18
1.464971398307286145e+05 1.647685804457294400e-18
1.625755666443794908e+05 1.325544578694632513e-18
1.804186409392071655e+05 1.064355034797680576e-18
2.002200371815584658e+05 8.530994091186300516e-19
2.221946860939523904e+05 6.827296779427552148e-19
2.465811075822604180e+05 5.455450969140505968e-19
2.736439997074671555e+05 4.354102397491291655e-19
3.036771118035460822e+05 3.471086458678418086e-19
3.370064329271928291e+05 2.764688897500900649e-19
3.739937302478798083e+05 2.200186362924965209e-19
4.150404757850476308e+05 1.749593688204704764e-19
4.605922041145108524e+05 1.389886761125700049e-19
5.111433483440171112e+05 1.103206515249970743e-19
5.672426068491977639e+05 8.747890224990043870e-20
6.294988990221888525e+05 6.930105750720496069e-20
6.985879746785250027e+05 5.484215599035098058e-20
7.752597488629464060e+05 4.335839703295535387e-20
8.603464416684507160e+05 3.423768510782618712e-20
9.547716114208066138e+05 2.700729859174491029e-20
1.059560179277617019e+06 2.127836338937737978e-20
1.175849554052158026e+06 1.674746306161034956e-20
1.304901978014401859e+06 1.316195316335476070e-20
1.448118227674532915e+06 1.033121770682170385e-20
1.607052818261638284e+06 8.099475129978674131e-21
1.783430876931909472e+06 6.341527504810729180e-21
1.979166867853557458e+06 4.957966521188519943e-21
2.196385372416546568e+06 3.870716544507884176e-21
2.437444150122222025e+06 3.017651519433045738e-21
2.704959730463137385e+06 2.348873169091303758e-21
3.001835813575591892e+06 1.825516976921045248e-21
3.331294787934676744e+06 1.416468064012671117e-21
3.696912707195031922e+06 1.097284819024606443e-21
4.102658105827190448e+06 8.485509803077910773e-22
4.552935074866947718e+06 6.551189340997676249e-22
5.052631065335679799e+06 5.049519540604012942e-22
5.607169938205458224e+06 3.884210051401721250e-22
6.222570836730230600e+06 2.982182843499279050e-22
6.905513520162330940e+06 2.285099127976963462e-22
7.663410868007462472e+06 1.747635051151877501e-22
8.504489341802684590e+06 1.333898927166704993e-22
9.437878277775391936e+06 1.015996416442807211e-22
1.047370897959450819e+07 7.721522626715010018e-23
1.162322468679854274e+07 5.855148183630178557e-23
1.289890261253307760e+07 4.430037097956703528e-23
1.431458937523478456e+07 3.343530784742834710e-23
1.588565129428052530e+07 2.517218544816805527e-23
1.762914118095947802e+07 1.890545951509398275e-23
1.956398343517064676e+07 1.416084463445863516e-23
2.171117945694505423e+07 1.057819269142567463e-23
2.409403560239527002e+07 7.879624150977954414e-24
2.673841615839949250e+07 5.852811737270027392e-24
2.967302408188872784e+07 4.334202918855794671e-24
3.292971255097155273e+07 3.199838999502652199e-24
3.654383070957254618e+07 2.354465658652682399e-24
4.055460735840827972e+07 1.726336486526859369e-24
4.500557675700496882e+07 1.261428708954302588e-24
4.994505115855139494e+07 9.181642974103870629e-25
5.542664520663107187e+07 6.655768424862699111e-25
6.150985788580504060e+07 4.801808464415413289e-25
6.826071834272393584e+07 3.450431828194875025e-25
7.575250258771920204e+07 2.463995201194236882e-25
8.406652885618332028e+07 1.750688452487603737e-25
9.329304026284696162e+07 1.235610722213343258e-25
1.035321843295663744e+08 8.656786942841528758e-26
1.148951000187308788e+08 6.014536446943257621e-26
1.275051240713012964e+08 4.137854451391295909e-26
1.414991297434575856e+08 2.810962741806817631e-26
1.570290124729377627e+08 1.885050364407477172e-26
1.742633386009651124e+08 1.241551164487634904e-26
1.933891750455232263e+08 8.025238450178702892e-27
2.146141197858406007e+08 5.033139596323144701e-27
2.381685551976160705e+08 3.043871724775348703e-27
2.643081486974108517e+08 1.753255382955108822e-27
2.933166278390048146e+08 9.412606801323684314e-28
3.255088599835056663e+08 4.512031545953793272e-28
3.612342699709430337e+08 1.793307931925981791e-28
4.008806328898465633e+08 4.991537202903773335e-29
4.448782831127585173e+08 7.481959982003194174e-30
4.937047852839003801e+08 2.238750540099973628e-35
