1.000000000000000000e+02 4.581351561533275317e-16
1.109752496412072134e+02 3.997845697354045404e-16
1.231550603292826196e+02 3.483842843116877697e-16
1.366716356462005990e+02 3.032738254474444171e-16
1.516716888470922413e+02 2.636416168731004577e-16
1.683180353330956791e+02 2.288604279060953460e-16
1.867913599020782840e+02 1.983875018389958325e-16
2.072921779595371845e+02 1.717757936825986354e-16
2.300430119772916839e+02 1.485199105153842882e-16
2.552908068239516410e+02 1.282329024430435131e-16
2.833096101839323637e+02 1.105629937096073701e-16
3.144035471591500368e+02 9.521115325995437927e-17
3.489101213406774491e+02 8.186867154485869586e-17
3.872038781812557318e+02 7.029728688520826572e-17
4.297004704320843871e+02 6.030627172140919446e-17
4.768611697714468960e+02 5.165964562302874137e-17
5.291978735958442712e+02 4.420716214707642594e-17
5.872786613189482523e+02 3.777065087871336581e-17
6.517339604882420190e+02 3.225683238214144089e-17
7.232633896483533817e+02 2.751009127101083694e-17
8.026433522257173081e+02 2.344605312578825342e-17
8.907354638610439679e+02 1.995897230787617925e-17
9.884959046625587007e+02 1.697903648619265717e-17
1.096985797892383971e+03 1.443209213510240142e-17
1.217382727739662187e+03 1.225742216767142014e-17
1.350993521198027793e+03 1.040161082597614667e-17
1.499268432786045423e+03 8.820357549837242586e-18
1.663816886076128640e+03 7.473161604518728906e-18
1.846424942895544291e+03 6.325925967139920415e-18
2.049074689815845886e+03 5.349863410514725474e-18
2.273965752357927613e+03 4.520383339182084588e-18
2.523539170434765765e+03 3.814480564044393166e-18
2.800503894183631019e+03 3.215893579077217172e-18
3.107866187782013640e+03 2.707754228640175763e-18
3.448962260405759935e+03 2.277370874771311686e-18
3.827494478516314757e+03 1.912756919330896383e-18
4.247571552536898707e+03 1.604659990945742360e-18
4.713753134116724141e+03 1.344667341612720009e-18
5.231099308056262998e+03 1.125182528931217610e-18
5.805225516094896193e+03 9.403561953112992690e-19
6.442363508721369726e+03 7.852730834518696849e-19
7.149428986597576113e+03 6.547838442757364220e-19
7.934096665797491369e+03 5.456493701928334817e-19
8.804883581643463913e+03 4.542145459564275767e-19
9.771241535346502133e+03 3.778481126138554153e-19
1.084365968689610963e+04 3.140932762200575605e-19
1.203377840777589154e+04 2.609848461404954774e-19
1.335451562929898682e+04 2.167408404655163902e-19
1.482020705798858762e+04 1.799307148414918946e-19
1.644676177994664249e+04 1.493247878900971204e-19
1.825183494319044257e+04 1.238976102135464391e-19
2.025501939230666540e+04 1.027776452629594480e-19
2.247805833548725059e+04 8.524614197847030303e-20
2.494508135230316839e+04 7.067533158076542800e-20
2.768286630392066581e+04 5.858684212571001235e-20
3.072112998861759115e+04 4.855225974360705265e-20
3.409285069746814406e+04 4.022237247057902162e-20
3.783462617131928710e+04 3.331319859015649279e-20
4.198707084443910571e+04 2.757618170000419926e-20
4.659525668664683326e+04 2.281657503425249187e-20
5.170920242896761192e+04 1.886834386447900942e-20
5.738441648302398244e+04 1.559411977272812695e-20
6.368249944718585903e+04 1.287973007911957152e-20
7.067181273927491566e+04 1.062928389408484761e-20
7.842822061337680498e+04 8.766022974900089600e-21
8.703591361485165544e+04 7.221468228013064803e-21
9.658832241158708348e+04 5.943697568939260442e-21
1.071891319205127511e+05 4.886466040131367563e-21
1.189534067370319535e+05 4.013129365376750180e-21
1.320088400831418112e+05 3.291693100577040086e-21
1.464971398307286145e+05 2.696363457862056255e-21
1.625755666443794908e+05 2.205496985595411274e-21
1.804186409392071655e+05 1.801699712285031130e-21
2.002200371815584658e+05 1.470363648606287429e-21
2.221946860939523904e+05 1.198223074305081642e-21
2.465811075822604180e+05 9.754044771115402542e-22
2.736439997074671555e+05 7.935446908544311101e-22
3.036771118035460822e+05 6.450200484389752118e-22
3.370064329271928291e+05 5.241117847034324732e-22
3.739937302478798083e+05 4.257594733430810952e-22
4.150404757850476308e+05 3.456107576371046624e-22
4.605922041145108524e+05 2.802831063957515643e-22
5.111433483440171112e+05 2.271294584806139543e-22
5.672426068491977639e+05 1.839026264636756574e-22
6.294988990221888525e+05 1.486698440972675211e-22
6.985879746785250027e+05 1.201359869577638612e-22
7.752597488629464060e+05 9.691605861374162978e-23
8.603464416684507160e+05 7.809220231077252823e-23
9.547716114208066138e+05 6.282985422990681388e-23
1.059560179277617019e+06 5.046165904968656898e-23
1.175849554052158026e+06 4.044874883864580686e-23
1.304901978014401859e+06 3.236117960940019729e-23
1.448118227674532915e+06 2.582720540740367115e-23
1.607052818261638284e+06 2.057011532967254787e-23
1.783430876931909472e+06 1.633310964192894763e-23
1.979166867853557458e+06 1.292621613277612915e-23
2.196385372416546568e+06 1.020023521626635820e-23
2.437444150122222025e+06 8.014926728501332902e-24
2.704959730463137385e+06 6.273296632885829112e-24
3.001835813575591892e+06 4.884942551463011347e-24
3.331294787934676744e+06 3.784863068525945953e-24
3.696912707195031922e+06 2.914211575864111099e-24
4.102658105827190448e+06 2.231392887399217927e-24
4.552935074866947718e+06 1.697555866157618153e-24
5.052631065335679799e+06 1.281491108125883382e-24
5.607169938205458224e+06 9.603558570965810129e-25
6.222570836730230600e+06 7.143014763479559309e-25
6.905513520162330940e+06 5.267210226623267431e-25
7.663410868007462472e+06 3.848966427282238462e-25
8.504489341802684590e+06 2.785562563720101460e-25
9.437878277775391936e+06 1.995829028271160748e-25
1.047370897959450819e+07 1.413155810011628715e-25
1.162322468679854274e+07 9.872890564351681886e-26
1.289890261253307760e+07 6.787023403618544726e-26
1.431458937523478456e+07 4.564901746247656952e-26
1.588565129428052530e+07 2.985308118563636244e-26
1.762914118095947802e+07 1.872400171115219337e-26
1.956398343517064676e+07 1.106745250320891853e-26
2.171117945694505423e+07 5.978321225741776148e-27
2.409403560239527002e+07 2.795436811270379169e-27
2.673841615839949250e+07 1.015841510074266487e-27
2.967302408188872784e+07 2.215445668347499195e-28
3.292971255097155273e+07 1.810246794120200958e-29
3.654383070957254618e+07 7.592914461509275126e-31
