1.000000000000000000e+02 6.926239517207883229e-16
1.109752496412072134e+02 5.587930305893955527e-16
1.231550603292826196e+02 4.492661580319158952e-16
1.366716356462005990e+02 3.586260456778001799e-16
1.516716888470922413e+02 2.852224915229568416e-16
1.683180353330956791e+02 2.255532684794943102e-16
1.867913599020782840e+02 1.773157480351454803e-16
2.072921779595371845e+02 1.387654939328842195e-16
2.300430119772916839e+02 1.084272733619431284e-16
2.552908068239516410e+02 8.468229297376280061e-17
2.833096101839323637e+02 6.592905968807976606e-17
3.144035471591500368e+02 5.155791839880887349e-17
3.489101213406774491e+02 4.038863716589494294e-17
3.872038781812557318e+02 3.181677677589009159e-17
4.297004704320843871e+02 2.525856483250999161e-17
4.768611697714468960e+02 2.020367791554511363e-17
5.291978735958442712e+02 1.632565741861444151e-17
5.872786613189482523e+02 1.331766965668261457e-17
6.517339604882420190e+02 1.098242457327992164e-17
7.232633896483533817e+02 9.136895883520430188e-18
8.026433522257173081e+02 7.666737932705702154e-18
8.907354638610439679e+02 6.480650596570549359e-18
9.884959046625587007e+02 5.508387430112422554e-18
1.096985797892383971e+03 4.706487406678953120e-18
1.217382727739662187e+03 4.033513035019501535e-18
1.350993521198027793e+03 3.464995025947974974e-18
1.499268432786045423e+03 2.981247181139580105e-18
1.663816886076128640e+03 2.565886201948491360e-18
1.846424942895544291e+03 2.208569218797683806e-18
2.049074689815845886e+03 1.899577605634592824e-18
2.273965752357927613e+03 1.632518937429204047e-18
2.523539170434765765e+03 1.401047908278045891e-18
2.800503894183631019e+03 1.200422740714514777e-18
3.107866187782013640e+03 1.026038059802186583e-18
3.448962260405759935e+03 8.752410985961787008e-19
3.827494478516314757e+03 7.446957312349669103e-19
4.247571552536898707e+03 6.317241213629204415e-19
4.713753134116724141e+03 5.344158361229581773e-19
5.231099308056262998e+03 4.504448399489336660e-19
5.805225516094896193e+03 3.784041885771522725e-19
6.442363508721369726e+03 3.168238553718251405e-19
7.149428986597576113e+03 2.641855887880085357e-19
7.934096665797491369e+03 2.193690422417408661e-19
8.804883581643463913e+03 1.815016204424710579e-19
9.771241535346502133e+03 1.494874957346447250e-19
1.084365968689610963e+04 1.225338929214355484e-19
1.203377840777589154e+04 1.001309303941623915e-19
1.335451562929898682e+04 8.140239869567780896e-20
1.482020705798858762e+04 6.594243692277293525e-20
1.644676177994664249e+04 5.312847060735812754e-20
1.825183494319044257e+04 4.263560815961754282e-20
2.025501939230666540e+04 3.405400643749453818e-20
2.247805833548725059e+04 2.705151752154352611e-20
2.494508135230316839e+04 2.138640933458819595e-20
2.768286630392066581e+04 1.681689413902278582e-20
3.072112998861759115e+04 1.314044054003102278e-20
3.409285069746814406e+04 1.020993492552700714e-20
3.783462617131928710e+04 7.888555184033778811e-21
4.198707084443910571e+04 6.078341048970615932e-21
4.659525668664683326e+04 4.685878655735543295e-21
5.170920242896761192e+04 3.637178836183638759e-21
5.738441648302398244e+04 2.850781651002927629e-21
6.368249944718585903e+04 2.260175876886721438e-21
7.067181273927491566e+04 1.809063985358344761e-21
7.842822061337680498e+04 1.458129752683566007e-21
8.703591361485165544e+04 1.179431860149116828e-21
9.658832241158708348e+04 9.548166592660236203e-22
1.071891319205127511e+05 7.726130990480333962e-22
1.189534067370319535e+05 6.235399064914613313e-22
1.320088400831418112e+05 5.017640106610138681e-22
1.464971398307286145e+05 4.022735171462510321e-22
1.625755666443794908e+05 3.206051752694623574e-22
1.804186409392071655e+05 2.544843029960883281e-22
2.002200371815584658e+05 2.006184122537088380e-22
2.221946860939523904e+05 1.569687644205025284e-22
2.465811075822604180e+05 1.218420485083618205e-22
2.736439997074671555e+05 9.372740768946049111e-23
3.036771118035460822e+05 7.133167131950129975e-23
3.370064329271928291e+05 5.369297845309267341e-23
3.739937302478798083e+05 3.991577914711892442e-23
4.150404757850476308e+05 2.929288487455844718e-23
4.605922041145108524e+05 2.120442480305674319e-23
5.111433483440171112e+05 1.513773172572560696e-23
5.672426068491977639e+05 1.066377317047764568e-23
6.294988990221888525e+05 7.420904478903770558e-24
6.985879746785250027e+05 5.113810789642750541e-24
7.752597488629464060e+05 3.499088485297065987e-24
8.603464416684507160e+05 2.386831410201413504e-24
9.547716114208066138e+05 1.631482846995211710e-24
1.059560179277617019e+06 1.123202939195144661e-24
1.175849554052158026e+06 7.800328870638540678e-25
1.304901978014401859e+06 5.445448892630160679e-25
1.448118227674532915e+06 3.807238019344939053e-25
1.607052818261638284e+06 2.642621329908674280e-25
1.783430876931909472e+06 1.805167645458917412e-25
1.979166867853557458e+06 1.199473498142696148e-25
2.196385372416546568e+06 7.663376981184886539e-26
2.437444150122222025e+06 4.649397284463417410e-26
2.704959730463137385e+06 2.675366859591286867e-26
3.001835813575591892e+06 1.524725339276251528e-26
3.331294787934676744e+06 9.332083799864705327e-27
3.696912707195031922e+06 6.224767744091187126e-27
4.102658105827190448e+06 4.316296946747123179e-27
4.552935074866947718e+06 3.015364113320103861e-27
5.052631065335679799e+06 2.097465133223601099e-27
5.607169938205458224e+06 1.446574155634245558e-27
6.222570836730230600e+06 9.868099726427703294e-28
6.905513520162330940e+06 6.639256025367187692e-28
7.663410868007462472e+06 4.387910972376912985e-28
8.504489341802684590e+06 2.833865971777064072e-28
9.437878277775391936e+06 1.777399789100552573e-28
1.047370897959450819e+07 1.072531937160045154e-28
1.162322468679854274e+07 6.137854053208646620e-29
1.289890261253307760e+07 3.265730082758111182e-29
1.431458937523478456e+07 1.562891122438206451e-29
1.588565129428052530e+07 6.378737701015088481e-30
1.762914118095947802e+07 2.045427469778834133e-30
1.956398343517064676e+07 4.917101356810623738e-31
2.171117945694505423e+07 1.122205045320298027e-31
2.409403560239527002e+07 1.206831072309303391e-32
