1.000000000000000000e+02 1.469558365428230440e-15
1.109752496412072134e+02 1.198612061295783110e-15
1.231550603292826196e+02 9.698827369554810635e-16
1.366716356462005990e+02 7.836145411809341409e-16
1.516716888470922413e+02 6.310303150444285112e-16
1.683180353330956791e+02 5.069611919370817168e-16
1.867913599020782840e+02 4.079318674238013251e-16
2.072921779595371845e+02 3.280734570601977617e-16
2.300430119772916839e+02 2.650048693304083829e-16
2.552908068239516410e+02 2.149811158136514173e-16
2.833096101839323637e+02 1.756263464188231839e-16
3.144035471591500368e+02 1.444381233946995172e-16
3.489101213406774491e+02 1.201578144482030509e-16
3.872038781812557318e+02 1.007649153556970242e-16
4.297004704320843871e+02 8.534934989342023510e-17
4.768611697714468960e+02 7.275647465013734529e-17
5.291978735958442712e+02 6.261166161795526243e-17
5.872786613189482523e+02 5.408971804747900498e-17
6.517339604882420190e+02 4.698065845904142445e-17
7.232633896483533817e+02 4.091340483349137445e-17
8.026433522257173081e+02 3.568729990211732498e-17
8.907354638610439679e+02 3.112414891667658984e-17
9.884959046625587007e+02 2.716593743266187538e-17
1.096985797892383971e+03 2.364409744050024257e-17
1.217382727739662187e+03 2.053429878361922150e-17
1.350993521198027793e+03 1.783516776773093730e-17
1.499268432786045423e+03 1.538976564403411469e-17
1.663816886076128640e+03 1.324901850076490578e-17
1.846424942895544291e+03 1.137784529218596191e-17
2.049074689815845886e+03 9.707099115242546712e-18
2.273965752357927613e+03 8.249436042995687610e-18
2.523539170434765765e+03 6.979087675268446504e-18
2.800503894183631019e+03 5.870239785837760661e-18
3.107866187782013640e+03 4.905109874876243395e-18
3.448962260405759935e+03 4.075298537007878787e-18
3.827494478516314757e+03 3.363046226615623517e-18
4.247571552536898707e+03 2.755699008841318840e-18
4.713753134116724141e+03 2.241296455219890806e-18
5.231099308056262998e+03 1.808707069713876804e-18
5.805225516094896193e+03 1.447357835172950168e-18
6.442363508721369726e+03 1.149457871669671621e-18
7.149428986597576113e+03 9.063736198249557684e-19
7.934096665797491369e+03 7.098360065925869664e-19
8.804883581643463913e+03 5.517246884301325888e-19
9.771241535346502133e+03 4.257215053020015765e-19
1.084365968689610963e+04 3.275027479234848637e-19
1.203377840777589154e+04 2.518450322195877651e-19
1.335451562929898682e+04 1.940563394837274360e-19
1.482020705798858762e+04 1.502189665728033999e-19
1.644676177994664249e+04 1.170342435771883457e-19
1.825183494319044257e+04 9.195660612221428893e-20
2.025501939230666540e+04 7.294085944428918053e-20
2.247805833548725059e+04 5.841671082274705509e-20
2.494508135230316839e+04 4.718063944840913105e-20
2.768286630392066581e+04 3.831525618011569734e-20
3.072112998861759115e+04 3.127910038578716634e-20
3.409285069746814406e+04 2.559777750929236645e-20
3.783462617131928710e+04 2.099588128176001252e-20
4.198707084443910571e+04 1.723616404917359663e-20
4.659525668664683326e+04 1.416184012980099392e-20
5.170920242896761192e+04 1.163168909742050731e-20
5.738441648302398244e+04 9.546612477146232791e-21
6.368249944718585903e+04 7.820163111641225887e-21
7.067181273927491566e+04 6.392623527656750356e-21
7.842822061337680498e+04 5.213096662664126091e-21
8.703591361485165544e+04 4.241230422530823932e-21
9.658832241158708348e+04 3.441247428147494193e-21
1.071891319205127511e+05 2.784899350774914875e-21
1.189534067370319535e+05 2.248346527408390254e-21
1.320088400831418112e+05 1.808574110012898106e-21
1.464971398307286145e+05 1.451971354829966086e-21
1.625755666443794908e+05 1.160978667666193463e-21
1.804186409392071655e+05 9.253433532632583202e-22
2.002200371815584658e+05 7.348074070007926877e-22
2.221946860939523904e+05 5.813937545790952241e-22
2.465811075822604180e+05 4.584600325052750400e-22
2.736439997074671555e+05 3.596053897911679058e-22
3.036771118035460822e+05 2.813288267965079522e-22
3.370064329271928291e+05 2.190547677945605172e-22
3.739937302478798083e+05 1.700542673806808910e-22
4.150404757850476308e+05 1.316820104287707570e-22
4.605922041145108524e+05 1.014405109746879087e-22
5.111433483440171112e+05 7.792617111245431893e-23
5.672426068491977639e+05 5.968117337186250755e-23
6.294988990221888525e+05 4.551524673773185357e-23
6.985879746785250027e+05 3.460076298640156540e-23
7.752597488629464060e+05 2.621947475734252772e-23
8.603464416684507160e+05 1.978653219916360708e-23
9.547716114208066138e+05 1.487620186734223986e-23
1.059560179277617019e+06 1.113441370268319944e-23
1.175849554052158026e+06 8.294503952837645059e-24
1.304901978014401859e+06 6.148624166209359958e-24
1.448118227674532915e+06 4.534485751220509645e-24
1.607052818261638284e+06 3.328063550637028947e-24
1.783430876931909472e+06 2.431518810659269668e-24
1.979166867853557458e+06 1.771207175809285281e-24
2.196385372416546568e+06 1.288526931733998486e-24
2.437444150122222025e+06 9.373733974057657199e-25
2.704959730463137385e+06 6.828553542391133318e-25
3.001835813575591892e+06 4.983089026354509467e-25
3.331294787934676744e+06 3.639470165879696309e-25
3.696912707195031922e+06 2.657553720110810206e-25
4.102658105827190448e+06 1.938013965958175808e-25
4.552935074866947718e+06 1.410074036890163857e-25
5.052631065335679799e+06 1.022504586450481862e-25
5.607169938205458224e+06 7.383920133229979623e-26
6.222570836730230600e+06 5.305195680965362851e-26
6.905513520162330940e+06 3.789378812415508480e-26
7.663410868007462472e+06 2.688066245072460015e-26
8.504489341802684590e+06 1.891348338511964536e-26
9.437878277775391936e+06 1.318742504419731773e-26
1.047370897959450819e+07 9.094775100840570120e-27
1.162322468679854274e+07 6.193795729125762672e-27
1.289890261253307760e+07 4.153825283702977188e-27
1.431458937523478456e+07 2.734442305958030418e-27
1.588565129428052530e+07 1.757748077969488228e-27
1.762914118095947802e+07 1.095711340281978778e-27
1.956398343517064676e+07 6.548494839320393059e-28
2.171117945694505423e+07 3.687787741642912900e-28
2.409403560239527002e+07 1.900416306357394180e-28
2.673841615839949250e+07 8.493615541347716807e-29
2.967302408188872784e+07 2.944343631773984974e-29
3.292971255097155273e+07 6.094639471937875128e-30
3.654383070957254618e+07 6.689634650077123802e-31
