1.000000000000000000e+02 7.789005226566294174e-16
1.109752496412072134e+02 6.456305113627920302e-16
1.231550603292826196e+02 5.327491004859255907e-16
1.366716356462005990e+02 4.374317750748551259e-16
1.516716888470922413e+02 3.572929379325730088e-16
1.683180353330956791e+02 2.902223287118640334e-16
1.867913599020782840e+02 2.343808595170586806e-16
2.072921779595371845e+02 1.881714180126258765e-16
2.300430119772916839e+02 1.501695249557754907e-16
2.552908068239516410e+02 1.191573487151267093e-16
2.833096101839323637e+02 9.404439644360822685e-17
3.144035471591500368e+02 7.387978001707154866e-17
3.489101213406774491e+02 5.782465194173479411e-17
3.872038781812557318e+02 4.515150439269886906e-17
4.297004704320843871e+02 3.522394859553514286e-17
4.768611697714468960e+02 2.750537032411906215e-17
5.291978735958442712e+02 2.153895224790500398e-17
5.872786613189482523e+02 1.694687878030544859e-17
6.517339604882420190e+02 1.341954657797487582e-17
7.232633896483533817e+02 1.070869588750411881e-17
8.026433522257173081e+02 8.615761440195833414e-18
8.907354638610439679e+02 6.990803697569160256e-18
9.884959046625587007e+02 5.715568359020495767e-18
1.096985797892383971e+03 4.704495529906400011e-18
1.217382727739662187e+03 3.892962025591283393e-18
1.350993521198027793e+03 3.234380134565984814e-18
1.499268432786045423e+03 2.694845378440464784e-18
1.663816886076128640e+03 2.249168604508074621e-18
1.846424942895544291e+03 1.879359632490927302e-18
2.049074689815845886e+03 1.571124092548472395e-18
2.273965752357927613e+03 1.313881945086818577e-18
2.523539170434765765e+03 1.098806269729867022e-18
2.800503894183631019e+03 9.190208078334346038e-19
3.107866187782013640e+03 7.684482774856028138e-19
3.448962260405759935e+03 6.425704991440189038e-19
3.827494478516314757e+03 5.371029420111713126e-19
4.247571552536898707e+03 4.488291698782164969e-19
4.713753134116724141e+03 3.749063864143419718e-19
5.231099308056262998e+03 3.129962910045560296e-19
5.805225516094896193e+03 2.612094117546057090e-19
6.442363508721369726e+03 2.178658411457368043e-19
7.149428986597576113e+03 1.816380032390138820e-19
7.934096665797491369e+03 1.513326443162074008e-19
8.804883581643463913e+03 1.260338695116002513e-19
9.771241535346502133e+03 1.048875985013014739e-19
1.084365968689610963e+04 8.724957681378697584e-20
1.203377840777589154e+04 7.251593518369943407e-20
1.335451562929898682e+04 6.022978422715250015e-20
1.482020705798858762e+04 5.000025881762780298e-20
1.644676177994664249e+04 4.147273830570921538e-20
1.825183494319044257e+04 3.435847650471206215e-20
2.025501939230666540e+04 2.844407731302400701e-20
2.247805833548725059e+04 2.352712719308374815e-20
2.494508135230316839e+04 1.943369497608505932e-20
2.768286630392066581e+04 1.603287154665020777e-20
3.072112998861759115e+04 1.321007958075407286e-20
3.409285069746814406e+04 1.086856269473585878e-20
3.783462617131928710e+04 8.928184090070745607e-21
4.198707084443910571e+04 7.321005804800461141e-21
4.659525668664683326e+04 5.992196021136032596e-21
5.170920242896761192e+04 4.894521855984103844e-21
5.738441648302398244e+04 3.988352014990664710e-21
6.368249944718585903e+04 3.241770511382666801e-21
7.067181273927491566e+04 2.628372330234197210e-21
7.842822061337680498e+04 2.124770620696081422e-21
8.703591361485165544e+04 1.711910067776072994e-21
9.658832241158708348e+04 1.374715703821355774e-21
1.071891319205127511e+05 1.099501667645012953e-21
1.189534067370319535e+05 8.762052150048121495e-22
1.320088400831418112e+05 6.948901274104253342e-22
1.464971398307286145e+05 5.486869390498317313e-22
1.625755666443794908e+05 4.311814666864186627e-22
1.804186409392071655e+05 3.370927584563377374e-22
2.002200371815584658e+05 2.620302561231172894e-22
2.221946860939523904e+05 2.026341221884112175e-22
2.465811075822604180e+05 1.557719840500414657e-22
2.736439997074671555e+05 1.190928614927872082e-22
3.036771118035460822e+05 9.052668366028873517e-23
3.370064329271928291e+05 6.854102232308043908e-23
3.739937302478798083e+05 5.131418712925812133e-23
4.150404757850476308e+05 3.843238271146363347e-23
4.605922041145108524e+05 2.855959913865124193e-23
5.111433483440171112e+05 2.109193726773895977e-23
5.672426068491977639e+05 1.560982664467038011e-23
6.294988990221888525e+05 1.147246131195569684e-23
6.985879746785250027e+05 8.417269836140543500e-24
7.752597488629464060e+05 6.187200619243195572e-24
8.603464416684507160e+05 4.536052455211239397e-24
9.547716114208066138e+05 3.325849551139239683e-24
1.059560179277617019e+06 2.436797812188659791e-24
1.175849554052158026e+06 1.781113141802904650e-24
1.304901978014401859e+06 1.296426774856044569e-24
1.448118227674532915e+06 9.377331547294915345e-25
1.607052818261638284e+06 6.724077901397798900e-25
1.783430876931909472e+06 4.763076945551816146e-25
1.979166867853557458e+06 3.323955648630273273e-25
2.196385372416546568e+06 2.276309295414322899e-25
2.437444150122222025e+06 1.524828342440701304e-25
2.704959730463137385e+06 9.952857748090627055e-26
3.001835813575591892e+06 6.304839777209889904e-26
3.331294787934676744e+06 3.862170578092995030e-26
3.696912707195031922e+06 2.281757838147823857e-26
4.102658105827190448e+06 1.299465368856738489e-26
4.552935074866947718e+06 7.145546897969694629e-27
5.052631065335679799e+06 3.792236127506199390e-27
5.607169938205458224e+06 1.923801434212843314e-27
6.222570836730230600e+06 9.120300620855198986e-28
6.905513520162330940e+06 3.877153469985867539e-28
7.663410868007462472e+06 1.389395207153234734e-28
8.504489341802684590e+06 4.012140634353631784e-29
9.437878277775391936e+06 9.249158753133384634e-30
1.047370897959450819e+07 1.648206628180717524e-30
1.162322468679854274e+07 2.174668492384561106e-31
1.289890261253307760e+07 2.033955496438136245e-32
1.431458937523478456e+07 1.279677713759140258e-33
1.588565129428052530e+07 5.028318864687301357e-35
1.762914118095947802e+07 1.100689740194616596e-36
1.956398343517064676e+07 1.081962337626322010e-38
2.171117945694505423e+07 8.766499740309959973e-42
