1.000000000000000000e+02 3.808402734724474996e-13
1.109752496412072134e+02 3.303265157243101159e-13
1.231550603292826196e+02 2.861979038989078218e-13
1.366716356462005990e+02 2.478060314086029082e-13
1.516716888470922413e+02 2.143524492790364575e-13
1.683180353330956791e+02 1.852809868906223775e-13
1.867913599020782840e+02 1.599896203281301651e-13
2.072921779595371845e+02 1.380403781919684108e-13
2.300430119772916839e+02 1.189790029976277606e-13
2.552908068239516410e+02 1.024586102371280388e-13
2.833096101839323637e+02 8.816041576293675960e-14
3.144035471591500368e+02 7.577971688442710678e-14
3.489101213406774491e+02 6.508704482006213914e-14
3.872038781812557318e+02 5.584009485351848891e-14
4.297004704320843871e+02 4.787150445132372847e-14
4.768611697714468960e+02 4.099848421612024361e-14
5.291978735958442712e+02 3.507951921479577285e-14
5.872786613189482523e+02 2.999096792017139371e-14
6.517339604882420190e+02 2.561870102372760696e-14
7.232633896483533817e+02 2.186199646739373581e-14
8.026433522257173081e+02 1.864248568071079574e-14
8.907354638610439679e+02 1.588270633442079027e-14
9.884959046625587007e+02 1.352055685373170446e-14
1.096985797892383971e+03 1.150046319562262359e-14
1.217382727739662187e+03 9.773813878826692709e-15
1.350993521198027793e+03 8.299104338134916975e-15
1.499268432786045423e+03 7.041513613998918600e-15
1.663816886076128640e+03 5.968326599771308744e-15
1.846424942895544291e+03 5.054260882558893644e-15
2.049074689815845886e+03 4.276893603200689632e-15
2.273965752357927613e+03 3.614074640619010402e-15
2.523539170434765765e+03 3.051919152592074913e-15
2.800503894183631019e+03 2.573858951907954141e-15
3.107866187782013640e+03 2.168542910621456929e-15
3.448962260405759935e+03 1.824822711944085622e-15
3.827494478516314757e+03 1.533490654080483097e-15
4.247571552536898707e+03 1.287464702142922467e-15
4.713753134116724141e+03 1.079270397711470348e-15
5.231099308056262998e+03 9.036460694820271441e-16
5.805225516094896193e+03 7.559144845966718586e-16
6.442363508721369726e+03 6.313422896724567693e-16
7.149428986597576113e+03 5.268633162591639413e-16
7.934096665797491369e+03 4.391916365602976922e-16
8.804883581643463913e+03 3.656724896168132599e-16
9.771241535346502133e+03 3.042405974490052508e-16
1.084365968689610963e+04 2.528366307789513310e-16
1.203377840777589154e+04 2.099590784157659277e-16
1.335451562929898682e+04 1.742067518260958923e-16
1.482020705798858762e+04 1.443991952894131341e-16
1.644676177994664249e+04 1.196105245113821577e-16
1.825183494319044257e+04 9.899360669921147950e-17
2.025501939230666540e+04 8.188081055892137519e-17
2.247805833548725059e+04 6.766563986307215609e-17
2.494508135230316839e+04 5.588735793174638569e-17
2.768286630392066581e+04 4.612486618786840003e-17
3.072112998861759115e+04 3.804071419529196245e-17
3.409285069746814406e+04 3.134907145918772013e-17
3.783462617131928710e+04 2.581162683581067561e-17
4.198707084443910571e+04 2.123466760089327564e-17
4.659525668664683326e+04 1.745509011118914410e-17
5.170920242896761192e+04 1.433171860228484820e-17
5.738441648302398244e+04 1.175548479441202126e-17
6.368249944718585903e+04 9.631133089122793743e-18
7.067181273927491566e+04 7.881448535593900662e-18
7.842822061337680498e+04 6.441838343384980412e-18
8.703591361485165544e+04 5.257749615320554972e-18
9.658832241158708348e+04 4.285142437559806299e-18
1.071891319205127511e+05 3.487023027256437298e-18
1.189534067370319535e+05 2.833096076153105409e-18
1.320088400831418112e+05 2.298109878028922464e-18
1.464971398307286145e+05 1.861319435046050855e-18
1.625755666443794908e+05 1.504641981799375558e-18
1.804186409392071655e+05 1.214453865883923334e-18
2.002200371815584658e+05 9.784850104208448904e-19
2.221946860939523904e+05 7.870248416877845951e-19
2.465811075822604180e+05 6.320997076741403857e-19
2.736439997074671555e+05 5.069229240066437501e-19
3.036771118035460822e+05 4.060693154020381438e-19
3.370064329271928291e+05 3.249424381820963397e-19
3.739937302478798083e+05 2.597803910745715340e-19
4.150404757850476308e+05 2.074842321412640040e-19
4.605922041145108524e+05 1.655626389674130755e-19
5.111433483440171112e+05 1.319696489958729042e-19
5.672426068491977639e+05 1.050833284035500648e-19
6.294988990221888525e+05 8.358368106681726788e-20
6.985879746785250027e+05 6.640818150918670370e-20
7.752597488629464060e+05 5.269331465889231511e-20
8.603464416684507160e+05 4.176570923470291180e-20
9.547716114208066138e+05 3.306132816656083048e-20
1.059560179277617019e+06 2.613817673794830524e-20
1.175849554052158026e+06 2.063651846152103432e-20
1.304901978014401859e+06 1.627038581101186928e-20
1.448118227674532915e+06 1.280802433364351644e-20
1.607052818261638284e+06 1.006857279376579290e-20
1.783430876931909472e+06 7.903176460627955214e-21
1.979166867853557458e+06 6.193860148474935524e-21
2.196385372416546568e+06 4.846228403015773380e-21
2.437444150122222025e+06 3.785535044400967839e-21
2.704959730463137385e+06 2.952046985914622166e-21
3.001835813575591892e+06 2.297741234984369204e-21
3.331294787934676744e+06 1.785486624845277734e-21
3.696912707195031922e+06 1.384901999104316328e-21
4.102658105827190448e+06 1.072152239960598474e-21
4.552935074866947718e+06 8.285538522166341598e-22
5.052631065335679799e+06 6.388739795125787828e-22
5.607169938205458224e+06 4.917109073199089739e-22
6.222570836730230600e+06 3.777045420090885328e-22
6.905513520162330940e+06 2.894840887626132237e-22
7.663410868007462472e+06 2.214048638085897431e-22
8.504489341802684590e+06 1.689731778354410444e-22
9.437878277775391936e+06 1.286881581101319526e-22
1.047370897959450819e+07 9.779238717551041483e-23
1.162322468679854274e+07 7.414624276523548422e-23
1.289890261253307760e+07 5.608994036060520547e-23
1.431458937523478456e+07 4.233321501938860389e-23
1.588565129428052530e+07 3.187548582191739276e-23
1.762914118095947802e+07 2.394800969427359556e-23
1.956398343517064676e+07 1.794898771546667168e-23
2.171117945694505423e+07 1.342095807751755931e-23
2.409403560239527002e+07 1.001194306599833485e-23
2.673841615839949250e+07 7.451202988704845401e-24
2.967302408188872784e+07 5.532565015140061140e-24
3.292971255097155273e+07 4.098073641891513288e-24
3.654383070957254618e+07 3.028386628160441899e-24
4.055460735840827972e+07 2.232541846712933156e-24
4.500557675700496882e+07 1.641958330268439052e-24
4.994505115855139494e+07 1.204695833098837821e-24
5.542664520663107187e+07 8.817897337201986174e-25
6.150985788580504060e+07 6.438551826363611541e-25
6.826071834272393584e+07 4.689718244682471728e-25
7.575250258771920204e+07 3.407317940199351167e-25
8.406652885618332028e+07 2.469525040490543661e-25
9.329304026284696162e+07 1.785250721138386942e-25
1.035321843295663744e+08 1.287108755589491522e-25
1.148951000187308788e+08 9.255644206785197645e-26
1.275051240713012964e+08 6.636101106517142745e-26
1.414991297434575856e+08 4.743504564075082721e-26
1.570290124729377627e+08 3.379384317135080146e-26
1.742633386009651124e+08 2.399003473249061623e-26
1.933891750455232263e+08 1.696448286541894764e-26
2.146141197858406007e+08 1.194570397530258410e-26
2.381685551976160705e+08 8.372494962942659618e-27
2.643081486974108517e+08 5.836522139048208782e-27
2.933166278390048146e+08 4.044776461285084094e-27
3.255088599835056663e+08 2.784449561922699056e-27
3.612342699709430337e+08 1.901075357632394999e-27
4.008806328898465633e+08 1.286396074911009549e-27
4.448782831127585173e+08 8.608715405286503484e-28
4.937047852839003801e+08 5.690299980243203492e-28
5.478901179593944550e+08 3.692381632094905516e-28
6.080224261649426222e+08 2.350767424916188597e-28
6.747544053110699654e+08 1.455297777131575445e-28
7.488103857590031624e+08 8.689956828315215738e-29
8.309941949353404045e+08 4.917329374835027822e-29
9.221978823334341049e+08 2.567635679994059098e-29
1.023411402105452657e+09 1.168050897703548381e-29
1.135733358343105316e+09 3.977716757969812538e-30
1.260382929679727316e+09 5.893918961568916954e-31
1.398713102647238731e+09 7.607136958970164043e-70
