1.000000000000000000e+02 7.085384259334759373e-10
1.109752496412072134e+02 6.041218094854833982e-10
1.231550603292826196e+02 5.125811793539531087e-10
1.366716356462005990e+02 4.347882783688545238e-10
1.516716888470922413e+02 3.675810487693813377e-10
1.683180353330956791e+02 3.095364259084780387e-10
1.867913599020782840e+02 2.606510206598694463e-10
2.072921779595371845e+02 2.188278230738056803e-10
2.300430119772916839e+02 1.835870643685572699e-10
2.552908068239516410e+02 1.535005927289290226e-10
2.833096101839323637e+02 1.283740957951689139e-10
3.144035471591500368e+02 1.073146733841247678e-10
3.489101213406774491e+02 8.958020332126305267e-11
3.872038781812557318e+02 7.489024031085649911e-11
4.297004704320843871e+02 6.261185692432651583e-11
4.768611697714468960e+02 5.236150111303376659e-11
5.291978735958442712e+02 4.383397210744017384e-11
5.872786613189482523e+02 3.670475642640384339e-11
6.517339604882420190e+02 3.074888920037315115e-11
7.232633896483533817e+02 2.576353861189103543e-11
8.026433522257173081e+02 2.157299184116092529e-11
8.907354638610439679e+02 1.804127345277154286e-11
9.884959046625587007e+02 1.506045998027386348e-11
1.096985797892383971e+03 1.253632915273130684e-11
1.217382727739662187e+03 1.040599351664658833e-11
1.350993521198027793e+03 8.609637401252072526e-12
1.499268432786045423e+03 7.091730837327940165e-12
1.663816886076128640e+03 5.815191640782958803e-12
1.846424942895544291e+03 4.744886890597642973e-12
2.049074689815845886e+03 3.853158866474339363e-12
2.273965752357927613e+03 3.112721887690371062e-12
2.523539170434765765e+03 2.503541396684824949e-12
2.800503894183631019e+03 2.003482597163034393e-12
3.107866187782013640e+03 1.597231779828133748e-12
3.448962260405759935e+03 1.269807459457773866e-12
3.827494478516314757e+03 1.007217921929121700e-12
4.247571552536898707e+03 7.973158691693899789e-13
4.713753134116724141e+03 6.346845321216317439e-13
5.231099308056262998e+03 5.024130063430405478e-13
5.805225516094896193e+03 4.017812417805682762e-13
6.442363508721369726e+03 3.220815298572571127e-13
7.149428986597576113e+03 2.600337990634827875e-13
7.934096665797491369e+03 2.111220777282834170e-13
8.804883581643463913e+03 1.726320292202198234e-13
9.771241535346502133e+03 1.421080130807936045e-13
1.084365968689610963e+04 1.174736015702538714e-13
1.203377840777589154e+04 9.761578497226426889e-14
1.335451562929898682e+04 8.140550637288197079e-14
1.482020705798858762e+04 6.803905755768254645e-14
1.644676177994664249e+04 5.698411891790952858e-14
1.825183494319044257e+04 4.770933257770801480e-14
2.025501939230666540e+04 3.996652916017669772e-14
2.247805833548725059e+04 3.348693450429788222e-14
2.494508135230316839e+04 2.802115343032923498e-14
2.768286630392066581e+04 2.340616960118558846e-14
3.072112998861759115e+04 1.954148897109708753e-14
3.409285069746814406e+04 1.627808940439451801e-14
3.783462617131928710e+04 1.351633090144008285e-14
4.198707084443910571e+04 1.120391724166464219e-14
4.659525668664683326e+04 9.259916477559809307e-15
5.170920242896761192e+04 7.608768075705582765e-15
5.738441648302398244e+04 6.238679256523407923e-15
6.368249944718585903e+04 5.097219727411943474e-15
7.067181273927491566e+04 4.139993392834724952e-15
7.842822061337680498e+04 3.333745464175913906e-15
8.703591361485165544e+04 2.670637592990422582e-15
9.658832241158708348e+04 2.126597027330123563e-15
1.071891319205127511e+05 1.680112700337252539e-15
1.189534067370319535e+05 1.319716380657370746e-15
1.320088400831418112e+05 1.032471498493278351e-15
1.464971398307286145e+05 8.063319930789975422e-16
1.625755666443794908e+05 6.308338343091626916e-16
1.804186409392071655e+05 4.964682046911743534e-16
2.002200371815584658e+05 3.942933432943129528e-16
2.221946860939523904e+05 3.163243726067310387e-16
2.465811075822604180e+05 2.554189694183385441e-16
2.736439997074671555e+05 2.069659920982940266e-16
3.036771118035460822e+05 1.678097859979625876e-16
3.370064329271928291e+05 1.360171680287982218e-16
3.739937302478798083e+05 1.101019296402248745e-16
4.150404757850476308e+05 8.898953195981475288e-17
4.605922041145108524e+05 7.178308419401043871e-17
5.111433483440171112e+05 5.779590539595179074e-17
5.672426068491977639e+05 4.644152071320085521e-17
6.294988990221888525e+05 3.723000310406301768e-17
6.985879746785250027e+05 2.977295764217355226e-17
7.752597488629464060e+05 2.375461310227952005e-17
8.603464416684507160e+05 1.890886280670617730e-17
9.547716114208066138e+05 1.501392120219288974e-17
1.059560179277617019e+06 1.188857773442986687e-17
1.175849554052158026e+06 9.388051854144289084e-18
1.304901978014401859e+06 7.390944343654141426e-18
1.448118227674532915e+06 5.801933256646214236e-18
1.607052818261638284e+06 4.541569986495347430e-18
1.783430876931909472e+06 3.540752257874798087e-18
1.979166867853557458e+06 2.751228698669759856e-18
2.196385372416546568e+06 2.128708571525212252e-18
2.437444150122222025e+06 1.639846508647881469e-18
2.704959730463137385e+06 1.256746537211994136e-18
3.001835813575591892e+06 9.578702598702838882e-19
3.331294787934676744e+06 7.255011255686094775e-19
3.696912707195031922e+06 5.464779888987513420e-19
4.102658105827190448e+06 4.086392654479248056e-19
4.552935074866947718e+06 3.032576069300041749e-19
5.052631065335679799e+06 2.239571534670741714e-19
5.607169938205458224e+06 1.644891596208128973e-19
6.222570836730230600e+06 1.200370751935612328e-19
6.905513520162330940e+06 8.737294839916089033e-20
7.663410868007462472e+06 6.350381893525157400e-20
8.504489341802684590e+06 4.611725478718750782e-20
9.437878277775391936e+06 3.350306614989692238e-20
1.047370897959450819e+07 2.437297862280093658e-20
1.162322468679854274e+07 1.775743827365841241e-20
1.289890261253307760e+07 1.295440095843501480e-20
1.431458937523478456e+07 9.460848502400861516e-21
1.588565129428052530e+07 6.916425690947509491e-21
1.762914118095947802e+07 5.059789961177996816e-21
1.956398343517064676e+07 3.703127490506469850e-21
2.171117945694505423e+07 2.710760863342379627e-21
2.409403560239527002e+07 1.984319913798037938e-21
2.673841615839949250e+07 1.452119092110638382e-21
2.967302408188872784e+07 1.062285665868613548e-21
3.292971255097155273e+07 7.765946129875889437e-22
3.654383070957254618e+07 5.673303855005544969e-22
4.055460735840827972e+07 4.140268538365266492e-22
4.500557675700496882e+07 3.018554653444860894e-22
4.994505115855139494e+07 2.197648821206029205e-22
5.542664520663107187e+07 1.598101966523319021e-22
6.150985788580504060e+07 1.160246877518576156e-22
6.826071834272393584e+07 8.410983694443235417e-23
7.575250258771920204e+07 6.086801822614190011e-23
8.406652885618332028e+07 4.396664238925428747e-23
9.329304026284696162e+07 3.169332090402599277e-23
1.035321843295663744e+08 2.279183271733471372e-23
1.148951000187308788e+08 1.635146714211348517e-23
1.275051240713012964e+08 1.169760503220706593e-23
1.414991297434575856e+08 8.342510206446084159e-24
1.570290124729377627e+08 5.929450101403983962e-24
1.742633386009651124e+08 4.198684326527513500e-24
1.933891750455232263e+08 2.960167671723548063e-24
2.146141197858406007e+08 2.076922064907399829e-24
2.381685551976160705e+08 1.449301562693617536e-24
2.643081486974108517e+08 1.004778248879727802e-24
2.933166278390048146e+08 6.916279308739919351e-25
3.255088599835056663e+08 4.720000392233152309e-25
3.612342699709430337e+08 3.188498708490645343e-25
4.008806328898465633e+08 2.127160907326077239e-25
4.448782831127585173e+08 1.398229586261355627e-25
4.937047852839003801e+08 9.020559541130436621e-26
5.478901179593944550e+08 5.681776213593758835e-26
6.080224261649426222e+08 3.468333368100188113e-26
6.747544053110699654e+08 2.025107287674997093e-26
7.488103857590031624e+08 1.108571448667387368e-26
8.309941949353404045e+08 5.488252110224095948e-27
9.221978823334341049e+08 2.261851264098974769e-27
1.023411402105452657e+09 6.173301927749295436e-28
1.135733358343105316e+09 4.820273274118835186e-29
1.260382929679727316e+09 1.332336132278210320e-95
