1.000000000000000000e+02 3.466632071467247847e-12
1.109752496412072134e+02 2.994616073670134876e-12
1.231550603292826196e+02 2.577551719935971052e-12
1.366716356462005990e+02 2.211155211945903801e-12
1.516716888470922413e+02 1.890788439324765450e-12
1.683180353330956791e+02 1.609030401298802697e-12
1.867913599020782840e+02 1.363874394225949986e-12
2.072921779595371845e+02 1.151699416565989028e-12
2.300430119772916839e+02 9.671063799353715430e-13
2.552908068239516410e+02 8.091131605679189231e-13
2.833096101839323637e+02 6.722799907794965112e-13
3.144035471591500368e+02 5.566758375986928123e-13
3.489101213406774491e+02 4.573162329873531885e-13
3.872038781812557318e+02 3.740358722741665761e-13
4.297004704320843871e+02 3.032278906706749762e-13
4.768611697714468960e+02 2.453213871211700627e-13
5.291978735958442712e+02 1.962716482414272949e-13
5.872786613189482523e+02 1.567225514536896223e-13
6.517339604882420190e+02 1.236651098239053458e-13
7.232633896483533817e+02 9.757433749279026520e-14
8.026433522257173081e+02 7.619395052156327325e-14
8.907354638610439679e+02 5.943379470124303701e-14
9.884959046625587007e+02 4.609370188869453934e-14
1.096985797892383971e+03 3.574686352527195328e-14
1.217382727739662187e+03 2.765892005983851483e-14
1.350993521198027793e+03 2.144227750168460445e-14
1.499268432786045423e+03 1.669081406272076982e-14
1.663816886076128640e+03 1.307639235471295545e-14
1.846424942895544291e+03 1.031744678944353381e-14
2.049074689815845886e+03 8.214707175203662822e-15
2.273965752357927613e+03 6.608458160548982937e-15
2.523539170434765765e+03 5.359408105215239511e-15
2.800503894183631019e+03 4.394866620718956960e-15
3.107866187782013640e+03 3.618621289336658089e-15
3.448962260405759935e+03 3.002953703165599554e-15
3.827494478516314757e+03 2.496720047272930000e-15
4.247571552536898707e+03 2.079211707007335268e-15
4.713753134116724141e+03 1.732204864791089848e-15
5.231099308056262998e+03 1.440430462459463331e-15
5.805225516094896193e+03 1.198025802284135540e-15
6.442363508721369726e+03 9.885906332089960763e-16
7.149428986597576113e+03 8.154319925263204974e-16
7.934096665797491369e+03 6.683722584889914062e-16
8.804883581643463913e+03 5.460923335702024663e-16
9.771241535346502133e+03 4.441282126056051122e-16
1.084365968689610963e+04 3.604268980540332721e-16
1.203377840777589154e+04 2.901812320862735549e-16
1.335451562929898682e+04 2.322060419572717861e-16
1.482020705798858762e+04 1.862362316921211946e-16
1.644676177994664249e+04 1.490387412781266451e-16
1.825183494319044257e+04 1.185349912080371002e-16
2.025501939230666540e+04 9.479630622089614206e-17
2.247805833548725059e+04 7.590628598117007067e-17
2.494508135230316839e+04 6.074413504276320988e-17
2.768286630392066581e+04 4.890111281414127455e-17
3.072112998861759115e+04 3.958880764257785584e-17
3.409285069746814406e+04 3.221713926806927567e-17
3.783462617131928710e+04 2.634190363019350273e-17
4.198707084443910571e+04 2.163952828425401682e-17
4.659525668664683326e+04 1.784694424972886193e-17
5.170920242896761192e+04 1.475196366279346701e-17
5.738441648302398244e+04 1.220048616563080857e-17
6.368249944718585903e+04 1.007318978577618063e-17
7.067181273927491566e+04 8.295701565122305572e-18
7.842822061337680498e+04 6.795619887187595531e-18
8.703591361485165544e+04 5.530831313211699000e-18
9.658832241158708348e+04 4.461695977824376104e-18
1.071891319205127511e+05 3.564039764799195359e-18
1.189534067370319535e+05 2.813154056689297923e-18
1.320088400831418112e+05 2.188944233822030856e-18
1.464971398307286145e+05 1.676481004737653742e-18
1.625755666443794908e+05 1.261903760208444924e-18
1.804186409392071655e+05 9.311165673424275801e-19
2.002200371815584658e+05 6.740321267984376667e-19
2.221946860939523904e+05 4.807181829703961688e-19
2.465811075822604180e+05 3.414232561131105420e-19
2.736439997074671555e+05 2.437722472652590421e-19
3.036771118035460822e+05 1.782318132256038715e-19
3.370064329271928291e+05 1.348586083409785254e-19
3.739937302478798083e+05 1.054889566522211169e-19
4.150404757850476308e+05 8.440816721787677497e-20
4.605922041145108524e+05 6.841973536138275488e-20
5.111433483440171112e+05 5.578736199544608452e-20
5.672426068491977639e+05 4.558463545077468826e-20
6.294988990221888525e+05 3.725209046523633810e-20
6.985879746785250027e+05 3.041697536653301771e-20
7.752597488629464060e+05 2.480338299855323389e-20
8.603464416684507160e+05 2.019519538625786360e-20
9.547716114208066138e+05 1.641824405617734799e-20
1.059560179277617019e+06 1.333086949978080542e-20
1.175849554052158026e+06 1.080125708928617010e-20
1.304901978014401859e+06 8.737817464517426431e-21
1.448118227674532915e+06 7.054621009201586965e-21
1.607052818261638284e+06 5.682666864453302895e-21
1.783430876931909472e+06 4.567244920538579965e-21
1.979166867853557458e+06 3.661420303863913193e-21
2.196385372416546568e+06 2.927180515751616073e-21
2.437444150122222025e+06 2.333141257728832963e-21
2.704959730463137385e+06 1.853911535918865001e-21
3.001835813575591892e+06 1.467592858673435343e-21
3.331294787934676744e+06 1.157207354278274947e-21
3.696912707195031922e+06 9.085412448863220081e-22
4.102658105827190448e+06 7.101498488509943221e-22
4.552935074866947718e+06 5.523144684922354926e-22
5.052631065335679799e+06 4.271147159886860718e-22
5.607169938205458224e+06 3.279164676186457930e-22
6.222570836730230600e+06 2.502164240585701079e-22
6.905513520162330940e+06 1.894405741625852711e-22
7.663410868007462472e+06 1.419723228236227650e-22
8.504489341802684590e+06 1.055373095550107592e-22
9.437878277775391936e+06 7.750646185647933960e-23
1.047370897959450819e+07 5.619818542624952086e-23
1.162322468679854274e+07 4.012695940558818632e-23
1.289890261253307760e+07 2.821809070760762520e-23
1.431458937523478456e+07 1.945144933799344787e-23
1.588565129428052530e+07 1.312308475019144981e-23
1.762914118095947802e+07 8.640904142295810346e-24
1.956398343517064676e+07 5.532765508268678354e-24
2.171117945694505423e+07 3.435537422473018907e-24
2.409403560239527002e+07 2.069040688271171236e-24
2.673841615839949250e+07 1.209582700556589057e-24
2.967302408188872784e+07 6.905572840777454829e-25
3.292971255097155273e+07 3.901859853653095891e-25
3.654383070957254618e+07 2.189099465378404690e-25
4.055460735840827972e+07 1.204107128940753931e-25
4.500557675700496882e+07 6.130469071719013290e-26
4.994505115855139494e+07 2.585939425164940208e-26
5.542664520663107187e+07 6.760242665024221349e-27
6.150985788580504060e+07 2.490303432297899813e-28
6.826071834272393584e+07 3.693163895985813638e-90
