1.000000000000000000e+02 1.387758697845647952e-11
1.109752496412072134e+02 1.192411627807477388e-11
1.231550603292826196e+02 1.023356308033420264e-11
1.366716356462005990e+02 8.760991041967354905e-12
1.516716888470922413e+02 7.473437521217021034e-12
1.683180353330956791e+02 6.365967950509658987e-12
1.867913599020782840e+02 5.401213457568818661e-12
2.072921779595371845e+02 4.573847603709862004e-12
2.300430119772916839e+02 3.863363469409095727e-12
2.552908068239516410e+02 3.244688140539045532e-12
2.833096101839323637e+02 2.723185819806875139e-12
3.144035471591500368e+02 2.272314655436026105e-12
3.489101213406774491e+02 1.893526736680280215e-12
3.872038781812557318e+02 1.571262620818262944e-12
4.297004704320843871e+02 1.297235522541038694e-12
4.768611697714468960e+02 1.069124276053159486e-12
5.291978735958442712e+02 8.765551440183197169e-13
5.872786613189482523e+02 7.168886507163552893e-13
6.517339604882420190e+02 5.837530388815677706e-13
7.232633896483533817e+02 4.741260692668256908e-13
8.026433522257173081e+02 3.838574061995385589e-13
8.907354638610439679e+02 3.099629880250820571e-13
9.884959046625587007e+02 2.497466706158388714e-13
1.096985797892383971e+03 2.008611365929271544e-13
1.217382727739662187e+03 1.613700386942405397e-13
1.350993521198027793e+03 1.295760947946780015e-13
1.499268432786045423e+03 1.038635481967561129e-13
1.663816886076128640e+03 8.340982213952796316e-14
1.846424942895544291e+03 6.687744743538066420e-14
2.049074689815845886e+03 5.368515728345169930e-14
2.273965752357927613e+03 4.308118705033287758e-14
2.523539170434765765e+03 3.456079176395628510e-14
2.800503894183631019e+03 2.769719285677580419e-14
3.107866187782013640e+03 2.216077251537317945e-14
3.448962260405759935e+03 1.769355385321175945e-14
3.827494478516314757e+03 1.408301753079286780e-14
4.247571552536898707e+03 1.116778147092818157e-14
4.713753134116724141e+03 8.817421377185184306e-15
5.231099308056262998e+03 6.927662576869350053e-15
5.805225516094896193e+03 5.416951938758021572e-15
6.442363508721369726e+03 4.213926286159677695e-15
7.149428986597576113e+03 3.260904154956795505e-15
7.934096665797491369e+03 2.513091796359922098e-15
8.804883581643463913e+03 1.928365116334327364e-15
9.771241535346502133e+03 1.480004463312031894e-15
1.084365968689610963e+04 1.130914288790817721e-15
1.203377840777589154e+04 8.701449573713143726e-16
1.335451562929898682e+04 6.687105233346703323e-16
1.482020705798858762e+04 5.196083149362472043e-16
1.644676177994664249e+04 4.057107227081655600e-16
1.825183494319044257e+04 3.198804185806537571e-16
2.025501939230666540e+04 2.555430573538472458e-16
2.247805833548725059e+04 2.054745549545456939e-16
2.494508135230316839e+04 1.670389481592983071e-16
2.768286630392066581e+04 1.370150442933706070e-16
3.072112998861759115e+04 1.129388673385358256e-16
3.409285069746814406e+04 9.348884720387126940e-17
3.783462617131928710e+04 7.764490120236027877e-17
4.198707084443910571e+04 6.448978850725273523e-17
4.659525668664683326e+04 5.351810958278273318e-17
5.170920242896761192e+04 4.431695207420752398e-17
5.738441648302398244e+04 3.658151209914331378e-17
6.368249944718585903e+04 3.006060512127330410e-17
7.067181273927491566e+04 2.456746195391899039e-17
7.842822061337680498e+04 1.994869325484000354e-17
8.703591361485165544e+04 1.606668759951876919e-17
9.658832241158708348e+04 1.283298627787478256e-17
1.071891319205127511e+05 1.013730358386902885e-17
1.189534067370319535e+05 7.907966602124780319e-18
1.320088400831418112e+05 6.076432493436856576e-18
1.464971398307286145e+05 4.585555056537504787e-18
1.625755666443794908e+05 3.389075927496842392e-18
1.804186409392071655e+05 2.440251112035204495e-18
2.002200371815584658e+05 1.700801538907831711e-18
2.221946860939523904e+05 1.146058770817285213e-18
2.465811075822604180e+05 7.389812315380013506e-19
2.736439997074671555e+05 4.549149870620469243e-19
3.036771118035460822e+05 2.683973166150669750e-19
3.370064329271928291e+05 1.543689473736468655e-19
3.739937302478798083e+05 8.998174882046942224e-20
4.150404757850476308e+05 5.596319164982870119e-20
4.605922041145108524e+05 3.818114902756993625e-20
5.111433483440171112e+05 2.819190078950376123e-20
5.672426068491977639e+05 2.184094826284039935e-20
6.294988990221888525e+05 1.730685724864537557e-20
6.985879746785250027e+05 1.382972582226879798e-20
7.752597488629464060e+05 1.107662305275492994e-20
8.603464416684507160e+05 8.868710156956088354e-21
9.547716114208066138e+05 7.093765274867342105e-21
1.059560179277617019e+06 5.666444749693562972e-21
1.175849554052158026e+06 4.520869909338527322e-21
1.304901978014401859e+06 3.602559541044993439e-21
1.448118227674532915e+06 2.866451316634216963e-21
1.607052818261638284e+06 2.277735879490173508e-21
1.783430876931909472e+06 1.807141335324804140e-21
1.979166867853557458e+06 1.431359278754841552e-21
2.196385372416546568e+06 1.131862621511595204e-21
2.437444150122222025e+06 8.934243717819139292e-22
2.704959730463137385e+06 7.038434612528353123e-22
3.001835813575591892e+06 5.533675752821612493e-22
3.331294787934676744e+06 4.341270115402097123e-22
3.696912707195031922e+06 3.397898095519581726e-22
4.102658105827190448e+06 2.653174732425937989e-22
4.552935074866947718e+06 2.066513854277490907e-22
5.052631065335679799e+06 1.604764833861348254e-22
5.607169938205458224e+06 1.242752513142128235e-22
6.222570836730230600e+06 9.593423325239380355e-23
6.905513520162330940e+06 7.379392951159702452e-23
7.663410868007462472e+06 5.655700961783445007e-23
8.504489341802684590e+06 4.315539004502934308e-23
9.437878277775391936e+06 3.279565213837186765e-23
1.047370897959450819e+07 2.481435853278157171e-23
1.162322468679854274e+07 1.868448954292083684e-23
1.289890261253307760e+07 1.398249430828285759e-23
1.431458937523478456e+07 1.039695446302782035e-23
1.588565129428052530e+07 7.689718647725744402e-24
1.762914118095947802e+07 5.639611554681650915e-24
1.956398343517064676e+07 4.098418692005356772e-24
2.171117945694505423e+07 2.952088297502457384e-24
2.409403560239527002e+07 2.103821264502152316e-24
2.673841615839949250e+07 1.480313732616507802e-24
2.967302408188872784e+07 1.026804132780364652e-24
3.292971255097155273e+07 7.005333124699936408e-25
3.654383070957254618e+07 4.686651392596419925e-25
4.055460735840827972e+07 3.065406332771586457e-25
4.500557675700496882e+07 1.949925233572945577e-25
4.994505115855139494e+07 1.201370813026993092e-25
5.542664520663107187e+07 7.109311837677273058e-26
6.150985788580504060e+07 4.011504389470157747e-26
6.826071834272393584e+07 2.133332476041948113e-26
7.575250258771920204e+07 1.055620732034580758e-26
8.406652885618332028e+07 4.735800200758816760e-27
9.329304026284696162e+07 1.780961066323618593e-27
1.035321843295663744e+08 4.201106644066707192e-28
1.148951000187308788e+08 1.209511377252202060e-29
1.275051240713012964e+08 3.158173060797366396e-36
1.414991297434575856e+08 1.305522712837565004e-84
