1.000000000000000000e+02 3.538290742589488509e-13
1.109752496412072134e+02 3.061388420185322385e-13
1.231550603292826196e+02 2.655831495154599893e-13
1.366716356462005990e+02 2.307260993692129238e-13
1.516716888470922413e+02 2.005576623539347867e-13
1.683180353330956791e+02 1.743246246646550045e-13
1.867913599020782840e+02 1.513629821735522810e-13
2.072921779595371845e+02 1.312173291545937055e-13
2.300430119772916839e+02 1.135593059588688394e-13
2.552908068239516410e+02 9.803986079187281831e-14
2.833096101839323637e+02 8.447475577401647508e-14
3.144035471591500368e+02 7.253600218354715695e-14
3.489101213406774491e+02 6.209710549359635753e-14
3.872038781812557318e+02 5.301027843563862146e-14
4.297004704320843871e+02 4.513194805585356920e-14
4.768611697714468960e+02 3.827320345533004890e-14
5.291978735958442712e+02 3.231434962252326889e-14
5.872786613189482523e+02 2.719495950560677419e-14
6.517339604882420190e+02 2.280107049675618923e-14
7.232633896483533817e+02 1.904472440322663828e-14
8.026433522257173081e+02 1.584660354034835716e-14
8.907354638610439679e+02 1.313228677824733728e-14
9.884959046625587007e+02 1.082747174747194267e-14
1.096985797892383971e+03 8.890684177529655625e-15
1.217382727739662187e+03 7.277151207781202593e-15
1.350993521198027793e+03 5.937077553146626794e-15
1.499268432786045423e+03 4.828467755647697160e-15
1.663816886076128640e+03 3.912571740829798127e-15
1.846424942895544291e+03 3.161293034857541962e-15
2.049074689815845886e+03 2.551858167661433235e-15
2.273965752357927613e+03 2.058374143349513266e-15
2.523539170434765765e+03 1.659961933052062912e-15
2.800503894183631019e+03 1.339390562836426255e-15
3.107866187782013640e+03 1.082723488496073300e-15
3.448962260405759935e+03 8.773370915980991771e-16
3.827494478516314757e+03 7.129146599921657544e-16
4.247571552536898707e+03 5.810196567073783829e-16
4.713753134116724141e+03 4.749001191490173476e-16
5.231099308056262998e+03 3.891587170775452944e-16
5.805225516094896193e+03 3.196056140196965863e-16
6.442363508721369726e+03 2.628868093438797831e-16
7.149428986597576113e+03 2.164123272719239683e-16
7.934096665797491369e+03 1.782155165479833900e-16
8.804883581643463913e+03 1.467680347692017820e-16
9.771241535346502133e+03 1.208730659524871936e-16
1.084365968689610963e+04 9.958040553680670310e-17
1.203377840777589154e+04 8.213870181723934724e-17
1.335451562929898682e+04 6.788958889493206942e-17
1.482020705798858762e+04 5.629743406893652937e-17
1.644676177994664249e+04 4.687131253496457291e-17
1.825183494319044257e+04 3.917880954054590116e-17
2.025501939230666540e+04 3.286115287975272918e-17
2.247805833548725059e+04 2.762731618097081690e-17
2.494508135230316839e+04 2.325840646222375324e-17
2.768286630392066581e+04 1.959005332866217763e-17
3.072112998861759115e+04 1.650368127851102601e-17
3.409285069746814406e+04 1.390395905037434563e-17
3.783462617131928710e+04 1.170971574263268606e-17
4.198707084443910571e+04 9.860145588010952997e-18
4.659525668664683326e+04 8.299830782460222190e-18
5.170920242896761192e+04 6.984429170795659139e-18
5.738441648302398244e+04 5.875171517069476452e-18
6.368249944718585903e+04 4.940595819249527365e-18
7.067181273927491566e+04 4.152755316402653903e-18
7.842822061337680498e+04 3.489303497632271950e-18
8.703591361485165544e+04 2.930554722561291654e-18
9.658832241158708348e+04 2.460199600456677757e-18
1.071891319205127511e+05 2.064471231904817594e-18
1.189534067370319535e+05 1.731487322871790383e-18
1.320088400831418112e+05 1.451661870894391594e-18
1.464971398307286145e+05 1.216554698259355173e-18
1.625755666443794908e+05 1.019075306057108218e-18
1.804186409392071655e+05 8.532720495324296871e-19
2.002200371815584658e+05 7.142507305048913241e-19
2.221946860939523904e+05 5.976104067722272445e-19
2.465811075822604180e+05 4.998673694072047643e-19
2.736439997074671555e+05 4.179182042286244505e-19
3.036771118035460822e+05 3.492810479859241795e-19
3.370064329271928291e+05 2.917702798037868742e-19
3.739937302478798083e+05 2.436224691999904087e-19
4.150404757850476308e+05 2.033247746004372508e-19
4.605922041145108524e+05 1.696095120734820228e-19
5.111433483440171112e+05 1.414052948679226242e-19
5.672426068491977639e+05 1.178337140134313222e-19
6.294988990221888525e+05 9.812387815893326451e-20
6.985879746785250027e+05 8.166598115793473272e-20
7.752597488629464060e+05 6.792154968948784556e-20
8.603464416684507160e+05 5.645652166974154348e-20
9.547716114208066138e+05 4.688767698407532117e-20
1.059560179277617019e+06 3.891149214046654816e-20
1.175849554052158026e+06 3.226883518675221933e-20
1.304901978014401859e+06 2.673536537993559739e-20
1.448118227674532915e+06 2.213363357932678184e-20
1.607052818261638284e+06 1.830234484216324004e-20
1.783430876931909472e+06 1.512170148142541978e-20
1.979166867853557458e+06 1.248016819002351052e-20
2.196385372416546568e+06 1.028812902756169097e-20
2.437444150122222025e+06 8.468715492880720426e-21
2.704959730463137385e+06 6.963924412325836691e-21
3.001835813575591892e+06 5.716928120807630427e-21
3.331294787934676744e+06 4.687523983469099310e-21
3.696912707195031922e+06 3.836982064360895343e-21
4.102658105827190448e+06 3.134834628208612204e-21
4.552935074866947718e+06 2.556485242478569039e-21
5.052631065335679799e+06 2.080502781920859140e-21
5.607169938205458224e+06 1.689172336142582200e-21
6.222570836730230600e+06 1.368610583953583771e-21
6.905513520162330940e+06 1.105899160545023877e-21
7.663410868007462472e+06 8.907668003956027493e-22
8.504489341802684590e+06 7.153115544122076904e-22
9.437878277775391936e+06 5.723942559610586504e-22
1.047370897959450819e+07 4.563186478369842227e-22
1.162322468679854274e+07 3.620432835873806717e-22
1.289890261253307760e+07 2.859728514379154681e-22
1.431458937523478456e+07 2.248153429104408882e-22
1.588565129428052530e+07 1.754961342858744192e-22
1.762914118095947802e+07 1.361169195604238077e-22
1.956398343517064676e+07 1.048287065424986850e-22
2.171117945694505423e+07 8.001846865591365504e-23
2.409403560239527002e+07 6.047965118969294742e-23
2.673841615839949250e+07 4.520954935041662161e-23
2.967302408188872784e+07 3.337810542731924250e-23
3.292971255097155273e+07 2.426881414410837731e-23
3.654383070957254618e+07 1.734384174304642349e-23
4.055460735840827972e+07 1.213314931921436125e-23
4.500557675700496882e+07 8.276147618436930196e-24
4.994505115855139494e+07 5.473623166933190834e-24
5.542664520663107187e+07 3.492063530950795368e-24
6.150985788580504060e+07 2.139639809228931001e-24
6.826071834272393584e+07 1.250115333894657592e-24
7.575250258771920204e+07 6.920695232122589639e-25
8.406652885618332028e+07 3.603227390196860962e-25
9.329304026284696162e+07 1.721881543433887521e-25
1.035321843295663744e+08 6.818251991055332128e-26
1.148951000187308788e+08 1.615845735445770984e-26
1.275051240713012964e+08 1.877787476681808259e-28
