1.000000000000000000e+02 3.655325766437136280e-13
1.109752496412072134e+02 2.936641558664999626e-13
1.231550603292826196e+02 2.352899350560676317e-13
1.366716356462005990e+02 1.880913252703839728e-13
1.516716888470922413e+02 1.500612591742612425e-13
1.683180353330956791e+02 1.195474640869830676e-13
1.867913599020782840e+02 9.520309217332834083e-14
2.072921779595371845e+02 7.590296562727436060e-14
2.300430119772916839e+02 6.048332542483047524e-14
2.552908068239516410e+02 4.832042483763991936e-14
2.833096101839323637e+02 3.872480512821975149e-14
3.144035471591500368e+02 3.114505633959815617e-14
3.489101213406774491e+02 2.516773994741370041e-14
3.872038781812557318e+02 2.044346462580481112e-14
4.297004704320843871e+02 1.669425423128273071e-14
4.768611697714468960e+02 1.371172278012616703e-14
5.291978735958442712e+02 1.132154740524446090e-14
5.872786613189482523e+02 9.399726880046082067e-15
6.517339604882420190e+02 7.836897300649120207e-15
7.232633896483533817e+02 6.562129910032600480e-15
8.026433522257173081e+02 5.509699778364140337e-15
8.907354638610439679e+02 4.639269340995136463e-15
9.884959046625587007e+02 3.913009337468006737e-15
1.096985797892383971e+03 3.300692746105738340e-15
1.217382727739662187e+03 2.785511348057141228e-15
1.350993521198027793e+03 2.349908896403655470e-15
1.499268432786045423e+03 1.978387252273798759e-15
1.663816886076128640e+03 1.663013848062589048e-15
1.846424942895544291e+03 1.394986982797849191e-15
2.049074689815845886e+03 1.166043707147326947e-15
2.273965752357927613e+03 9.712258246513228577e-16
2.523539170434765765e+03 8.062535137272792228e-16
2.800503894183631019e+03 6.663828435896363852e-16
3.107866187782013640e+03 5.483805941770377620e-16
3.448962260405759935e+03 4.483642589006205405e-16
3.827494478516314757e+03 3.646763815030760469e-16
4.247571552536898707e+03 2.950334283989921570e-16
4.713753134116724141e+03 2.373742295487793298e-16
5.231099308056262998e+03 1.895965808200328315e-16
5.805225516094896193e+03 1.500754714593554919e-16
6.442363508721369726e+03 1.180609681300329944e-16
7.149428986597576113e+03 9.229518143895391333e-17
7.934096665797491369e+03 7.167500671959986193e-17
8.804883581643463913e+03 5.513370924303175445e-17
9.771241535346502133e+03 4.202784189328993350e-17
1.084365968689610963e+04 3.183878630193369607e-17
1.203377840777589154e+04 2.398964433082672166e-17
1.335451562929898682e+04 1.797727109558770354e-17
1.482020705798858762e+04 1.339576097296219286e-17
1.644676177994664249e+04 9.908757740690302148e-18
1.825183494319044257e+04 7.313626990149703459e-18
2.025501939230666540e+04 5.395733350856114847e-18
2.247805833548725059e+04 3.981097025272483625e-18
2.494508135230316839e+04 2.944244281587617349e-18
2.768286630392066581e+04 2.186371314642410265e-18
3.072112998861759115e+04 1.633535998190595137e-18
3.409285069746814406e+04 1.231401245841094895e-18
3.783462617131928710e+04 9.385047183758010677e-19
4.198707084443910571e+04 7.242639301233488218e-19
4.659525668664683326e+04 5.663781571217023265e-19
5.170920242896761192e+04 4.485036907601618171e-19
5.738441648302398244e+04 3.591858035116245964e-19
6.368249944718585903e+04 2.902255649862027976e-19
7.067181273927491566e+04 2.360205618004252180e-19
7.842822061337680498e+04 1.927977317577601938e-19
8.703591361485165544e+04 1.579298209341339856e-19
9.658832241158708348e+04 1.295495493314695937e-19
1.071891319205127511e+05 1.063231534761263023e-19
1.189534067370319535e+05 8.724391899754136548e-20
1.320088400831418112e+05 7.154409917179133513e-20
1.464971398307286145e+05 5.862000706017396360e-20
1.625755666443794908e+05 4.798083146702739419e-20
1.804186409392071655e+05 3.921307828533126887e-20
2.002200371815584658e+05 3.200560074401309307e-20
2.221946860939523904e+05 2.607731440540545793e-20
2.465811075822604180e+05 2.120918691330688423e-20
2.736439997074671555e+05 1.721832961437017867e-20
3.036771118035460822e+05 1.394622999352737429e-20
3.370064329271928291e+05 1.127680041203269298e-20
3.739937302478798083e+05 9.098694897065510535e-21
4.150404757850476308e+05 7.322267138077610454e-21
4.605922041145108524e+05 5.884498410306152026e-21
5.111433483440171112e+05 4.716810118442554220e-21
5.672426068491977639e+05 3.771385551460138046e-21
6.294988990221888525e+05 3.011578505696420973e-21
6.985879746785250027e+05 2.396079806584895488e-21
7.752597488629464060e+05 1.902382066021008774e-21
8.603464416684507160e+05 1.507326478034625107e-21
9.547716114208066138e+05 1.188953125024207055e-21
1.059560179277617019e+06 9.351093955138559902e-22
1.175849554052158026e+06 7.343385507659342635e-22
1.304901978014401859e+06 5.733935418086246428e-22
1.448118227674532915e+06 4.463867500217434139e-22
1.607052818261638284e+06 3.461342091821870935e-22
1.783430876931909472e+06 2.673211642064144158e-22
1.979166867853557458e+06 2.056317452788023475e-22
2.196385372416546568e+06 1.574300919152266299e-22
2.437444150122222025e+06 1.200507558064514263e-22
2.704959730463137385e+06 9.108278680983759901e-23
3.001835813575591892e+06 6.872368608393743840e-23
3.331294787934676744e+06 5.155524142967831949e-23
3.696912707195031922e+06 3.834517565145258469e-23
4.102658105827190448e+06 2.830828343288554351e-23
4.552935074866947718e+06 2.065763176419270678e-23
5.052631065335679799e+06 1.487338202019933180e-23
5.607169938205458224e+06 1.053743295654842186e-23
6.222570836730230600e+06 7.290420608991665311e-24
6.905513520162330940e+06 4.917066947307654993e-24
7.663410868007462472e+06 3.231258240586942069e-24
8.504489341802684590e+06 2.018941385217111421e-24
9.437878277775391936e+06 1.208657624916707457e-24
1.047370897959450819e+07 6.931615927711473457e-25
1.162322468679854274e+07 3.717879792942173967e-25
1.289890261253307760e+07 1.869463382015710621e-25
1.431458937523478456e+07 8.729453082407184507e-26
1.588565129428052530e+07 3.743298026934104726e-26
1.762914118095947802e+07 1.455925678545486215e-26
1.956398343517064676e+07 5.060014024562722662e-27
2.171117945694505423e+07 1.538589201033739239e-27
2.409403560239527002e+07 3.970306045612128954e-28
2.673841615839949250e+07 8.369171742698870318e-29
2.967302408188872784e+07 1.393605262335182809e-29
3.292971255097155273e+07 1.748338934719231169e-30
3.654383070957254618e+07 1.599725573824979068e-31
4.055460735840827972e+07 1.022985535137442409e-32
4.500557675700496882e+07 4.323406194415504287e-34
4.994505115855139494e+07 1.127428297601999024e-35
5.542664520663107187e+07 1.650882660294337155e-37
6.150985788580504060e+07 1.188258388932445800e-39
6.826071834272393584e+07 3.451810197481257709e-42
7.575250258771920204e+07 2.884687139669541039e-45
8.406652885618332028e+07 3.100022373641835246e-49
