1.000000000000000000e+02 6.647730355421297856e-15
1.109752496412072134e+02 5.652703451492673040e-15
1.231550603292826196e+02 4.809354515919988439e-15
1.366716356462005990e+02 4.087728150469455267e-15
1.516716888470922413e+02 3.474009215517501397e-15
1.683180353330956791e+02 2.954299610280720467e-15
1.867913599020782840e+02 2.513701745808041549e-15
2.072921779595371845e+02 2.140581913224743294e-15
2.300430119772916839e+02 1.823902741089739372e-15
2.552908068239516410e+02 1.556513791275561885e-15
2.833096101839323637e+02 1.329451002333658970e-15
3.144035471591500368e+02 1.137182824420611992e-15
3.489101213406774491e+02 9.734194434684173328e-16
3.872038781812557318e+02 8.335600092313896258e-16
4.297004704320843871e+02 7.139149917787080752e-16
4.768611697714468960e+02 6.113150879162346063e-16
5.291978735958442712e+02 5.232520738083686998e-16
5.872786613189482523e+02 4.473117893621923881e-16
6.517339604882420190e+02 3.817659562830641458e-16
7.232633896483533817e+02 3.250756059039356953e-16
8.026433522257173081e+02 2.760399088706421859e-16
8.907354638610439679e+02 2.335474122031543443e-16
9.884959046625587007e+02 1.968304020941868387e-16
1.096985797892383971e+03 1.649757138988137073e-16
1.217382727739662187e+03 1.374792072674554036e-16
1.350993521198027793e+03 1.138162299574188236e-16
1.499268432786045423e+03 9.346311717398326278e-17
1.663816886076128640e+03 7.603744290908754099e-17
1.846424942895544291e+03 6.119160400550378538e-17
2.049074689815845886e+03 4.862592736121404378e-17
2.273965752357927613e+03 3.808049723299677986e-17
2.523539170434765765e+03 2.932519987602291150e-17
2.800503894183631019e+03 2.216561068081820429e-17
3.107866187782013640e+03 1.637946964381728097e-17
3.448962260405759935e+03 1.183354634465779623e-17
3.827494478516314757e+03 8.355869415112807900e-18
4.247571552536898707e+03 5.792945194657565717e-18
4.713753134116724141e+03 3.993848239541880912e-18
5.231099308056262998e+03 2.792454418558742626e-18
5.805225516094896193e+03 2.023820565328049055e-18
6.442363508721369726e+03 1.537067266864445515e-18
7.149428986597576113e+03 1.216165438947717254e-18
7.934096665797491369e+03 9.867073416895407124e-19
8.804883581643463913e+03 8.107056590852499010e-19
9.771241535346502133e+03 6.699648414854987655e-19
1.084365968689610963e+04 5.545460251297414291e-19
1.203377840777589154e+04 4.589438906538206694e-19
1.335451562929898682e+04 3.796766131158425683e-19
1.482020705798858762e+04 3.137093409967139300e-19
1.644676177994664249e+04 2.587969495921234539e-19
1.825183494319044257e+04 2.133094814514531453e-19
2.025501939230666540e+04 1.756162542692409412e-19
2.247805833548725059e+04 1.444179232035075756e-19
2.494508135230316839e+04 1.186456666379780099e-19
2.768286630392066581e+04 9.741165104320689009e-20
3.072112998861759115e+04 7.989943923756356178e-20
3.409285069746814406e+04 6.548909529772032344e-20
3.783462617131928710e+04 5.363330431437586456e-20
4.198707084443910571e+04 4.389228420487033259e-20
4.659525668664683326e+04 3.588153130581939672e-20
5.170920242896761192e+04 2.931509017798333717e-20
5.738441648302398244e+04 2.392452250530167214e-20
6.368249944718585903e+04 1.950468309754442137e-20
7.067181273927491566e+04 1.588286048966713998e-20
7.842822061337680498e+04 1.291868135295521665e-20
8.703591361485165544e+04 1.049272697418102155e-20
9.658832241158708348e+04 8.510843569300046070e-21
1.071891319205127511e+05 6.892223885977249578e-21
1.189534067370319535e+05 5.572851832666745135e-21
1.320088400831418112e+05 4.496284259074280267e-21
1.464971398307286145e+05 3.621755476312752982e-21
1.625755666443794908e+05 2.910591175146317383e-21
1.804186409392071655e+05 2.334213742291948254e-21
2.002200371815584658e+05 1.867638381218873960e-21
2.221946860939523904e+05 1.490277467617330623e-21
2.465811075822604180e+05 1.186400880697419683e-21
2.736439997074671555e+05 9.420959325404726363e-22
3.036771118035460822e+05 7.462621659584987943e-22
3.370064329271928291e+05 5.898721638174047603e-22
3.739937302478798083e+05 4.653829821154815396e-22
4.150404757850476308e+05 3.665461300615462695e-22
4.605922041145108524e+05 2.882836531571787162e-22
5.111433483440171112e+05 2.264057012704143516e-22
5.672426068491977639e+05 1.775767974644809452e-22
6.294988990221888525e+05 1.390413828141751270e-22
6.985879746785250027e+05 1.087225434602386533e-22
7.752597488629464060e+05 8.487219172777426309e-23
8.603464416684507160e+05 6.614468889173489480e-23
9.547716114208066138e+05 5.147171232936941650e-23
1.059560179277617019e+06 3.997690989224234449e-23
1.175849554052158026e+06 3.099594882845768891e-23
1.304901978014401859e+06 2.398863904083967026e-23
1.448118227674532915e+06 1.853204047723595856e-23
1.607052818261638284e+06 1.428702799501733919e-23
1.783430876931909472e+06 1.099015937477506258e-23
1.979166867853557458e+06 8.440474525623960366e-24
2.196385372416546568e+06 6.467130810773216024e-24
2.437444150122222025e+06 4.943538923386736296e-24
2.704959730463137385e+06 3.770705421134954120e-24
3.001835813575591892e+06 2.869042051863533302e-24
3.331294787934676744e+06 2.177747245230663226e-24
3.696912707195031922e+06 1.648660535305964583e-24
4.102658105827190448e+06 1.244877234455616553e-24
4.552935074866947718e+06 9.371471123777140667e-25
5.052631065335679799e+06 7.034028849027813066e-25
5.607169938205458224e+06 5.263028962092316097e-25
6.222570836730230600e+06 3.924693820541014597e-25
6.905513520162330940e+06 2.915712129669341436e-25
7.663410868007462472e+06 2.157777286323253069e-25
8.504489341802684590e+06 1.590294697167948708e-25
9.437878277775391936e+06 1.166614248882453947e-25
1.047370897959450819e+07 8.516497319953056639e-26
1.162322468679854274e+07 6.181797891786109980e-26
1.289890261253307760e+07 4.462098330561740046e-26
1.431458937523478456e+07 3.197909121078695830e-26
1.588565129428052530e+07 2.275062978239867755e-26
1.762914118095947802e+07 1.605208259424545072e-26
1.956398343517064676e+07 1.121697939050087070e-26
2.171117945694505423e+07 7.755000835819020916e-27
2.409403560239527002e+07 5.295265343156857214e-27
2.673841615839949250e+07 3.564421534814776258e-27
2.967302408188872784e+07 2.360319489418515343e-27
3.292971255097155273e+07 1.532347284360146119e-27
3.654383070957254618e+07 9.727539331825990334e-28
4.055460735840827972e+07 6.005818811086295501e-28
4.500557675700496882e+07 3.585715247064735173e-28
4.994505115855139494e+07 2.047662263825471067e-28
5.542664520663107187e+07 1.098286412975321409e-28
6.150985788580504060e+07 5.317850428867696599e-29
6.826071834272393584e+07 2.112565485094987088e-29
7.575250258771920204e+07 5.159195866788489226e-30
8.406652885618332028e+07 1.637886060625279479e-31
