1.000000000000000000e+02 4.904470494117477415e-11
1.109752496412072134e+02 4.065743079046176906e-11
1.231550603292826196e+02 3.358825073786085674e-11
1.366716356462005990e+02 2.765924780956980119e-11
1.516716888470922413e+02 2.268916675757084173e-11
1.683180353330956791e+02 1.854684983823164225e-11
1.867913599020782840e+02 1.510531959493740532e-11
2.072921779595371845e+02 1.226462272435109322e-11
2.300430119772916839e+02 9.926769263844456572e-12
2.552908068239516410e+02 8.011798811904453357e-12
2.833096101839323637e+02 6.453169283599121699e-12
3.144035471591500368e+02 5.188819129023803527e-12
3.489101213406774491e+02 4.168321080085352490e-12
3.872038781812557318e+02 3.347341885902561596e-12
4.297004704320843871e+02 2.689704015876406295e-12
4.768611697714468960e+02 2.163325332843678321e-12
5.291978735958442712e+02 1.744761030665969814e-12
5.872786613189482523e+02 1.410978808338431753e-12
6.517339604882420190e+02 1.145003748778236072e-12
7.232633896483533817e+02 9.326379187747691343e-13
8.026433522257173081e+02 7.626629163617801018e-13
8.907354638610439679e+02 6.266513736768851764e-13
9.884959046625587007e+02 5.166647165296213964e-13
1.096985797892383971e+03 4.275453475673153069e-13
1.217382727739662187e+03 3.548184364939478438e-13
1.350993521198027793e+03 2.952115794551430417e-13
1.499268432786045423e+03 2.461129998430966651e-13
1.663816886076128640e+03 2.053534840677846666e-13
1.846424942895544291e+03 1.715221019527676012e-13
2.049074689815845886e+03 1.432168096301831193e-13
2.273965752357927613e+03 1.196123088462919943e-13
2.523539170434765765e+03 9.984422421159105235e-14
2.800503894183631019e+03 8.325126425909859845e-14
3.107866187782013640e+03 6.934234254848971685e-14
3.448962260405759935e+03 5.766882235703390760e-14
3.827494478516314757e+03 4.794221076819233465e-14
4.247571552536898707e+03 3.971731233966589656e-14
4.713753134116724141e+03 3.287335669222530994e-14
5.231099308056262998e+03 2.714653382404392727e-14
5.805225516094896193e+03 2.238964249371968056e-14
6.442363508721369726e+03 1.837699824625295384e-14
7.149428986597576113e+03 1.505342414329304149e-14
7.934096665797491369e+03 1.229787337096758817e-14
8.804883581643463913e+03 1.001121949061980594e-14
9.771241535346502133e+03 8.105374418291042696e-15
1.084365968689610963e+04 6.535252611320128912e-15
1.203377840777589154e+04 5.252403742297369668e-15
1.335451562929898682e+04 4.192505861119167929e-15
1.482020705798858762e+04 3.324724693232181701e-15
1.644676177994664249e+04 2.624904911177477077e-15
1.825183494319044257e+04 2.058109554989688316e-15
2.025501939230666540e+04 1.599128855582883823e-15
2.247805833548725059e+04 1.231207138149118796e-15
2.494508135230316839e+04 9.392995988345911048e-16
2.768286630392066581e+04 7.084839225506951706e-16
3.072112998861759115e+04 5.272825554281691406e-16
3.409285069746814406e+04 3.865825952695988730e-16
3.783462617131928710e+04 2.788364232832743541e-16
4.198707084443910571e+04 1.977931585972593499e-16
4.659525668664683326e+04 1.379748852031684979e-16
5.170920242896761192e+04 9.515302489306257099e-17
5.738441648302398244e+04 6.529915052167517233e-17
6.368249944718585903e+04 4.501922720498934799e-17
7.067181273927491566e+04 3.140585849166279067e-17
7.842822061337680498e+04 2.226028085430792039e-17
8.703591361485165544e+04 1.602601434003165555e-17
9.658832241158708348e+04 1.166737137219928642e-17
1.071891319205127511e+05 8.551358147094647762e-18
1.189534067370319535e+05 6.282683657112147188e-18
1.320088400831418112e+05 4.639185563850504209e-18
1.464971398307286145e+05 3.453110564147472915e-18
1.625755666443794908e+05 2.603613927618210796e-18
1.804186409392071655e+05 1.993279584116539164e-18
2.002200371815584658e+05 1.551163514434903656e-18
2.221946860939523904e+05 1.223504140963067636e-18
2.465811075822604180e+05 9.733878107190945409e-19
2.736439997074671555e+05 7.776717063323882445e-19
3.036771118035460822e+05 6.222333523649577340e-19
3.370064329271928291e+05 4.979039501736248207e-19
3.739937302478798083e+05 3.981717405115443425e-19
4.150404757850476308e+05 3.181496291808046866e-19
4.605922041145108524e+05 2.539566839405729427e-19
5.111433483440171112e+05 2.025108401961616006e-19
5.672426068491977639e+05 1.613398455001532181e-19
6.294988990221888525e+05 1.283868701025106440e-19
6.985879746785250027e+05 1.020492116295777791e-19
7.752597488629464060e+05 8.101934915563423928e-20
8.603464416684507160e+05 6.424232347741842180e-20
9.547716114208066138e+05 5.086904500365959200e-20
1.059560179277617019e+06 4.021843488473719068e-20
1.175849554052158026e+06 3.176069473870817667e-20
1.304901978014401859e+06 2.504058217820581004e-20
1.448118227674532915e+06 1.971425389581451991e-20
1.607052818261638284e+06 1.549445057130491132e-20
1.783430876931909472e+06 1.215930200352814933e-20
1.979166867853557458e+06 9.523662711780992823e-21
2.196385372416546568e+06 7.446948969069526368e-21
2.437444150122222025e+06 5.813337947193983656e-21
2.704959730463137385e+06 4.528752477984892498e-21
3.001835813575591892e+06 3.520754614206940337e-21
3.331294787934676744e+06 2.732149272568621434e-21
3.696912707195031922e+06 2.115718867028275822e-21
4.102658105827190448e+06 1.634677929487384214e-21
4.552935074866947718e+06 1.260262689126253740e-21
5.052631065335679799e+06 9.693586926796184996e-22
5.607169938205458224e+06 7.438662773423666318e-22
6.222570836730230600e+06 5.693618481052158385e-22
6.905513520162330940e+06 4.347653645399636760e-22
7.663410868007462472e+06 3.311132152744246532e-22
8.504489341802684590e+06 2.514895263737125597e-22
9.437878277775391936e+06 1.904913938637366958e-22
1.047370897959450819e+07 1.438487468472099789e-22
1.162322468679854274e+07 1.082996585081682161e-22
1.289890261253307760e+07 8.128969477730084137e-23
1.431458937523478456e+07 6.082151884190816956e-23
1.588565129428052530e+07 4.534514965702555844e-23
1.762914118095947802e+07 3.368802830044443437e-23
1.956398343517064676e+07 2.493967877557510738e-23
2.171117945694505423e+07 1.838862302129527267e-23
2.409403560239527002e+07 1.350050336369416268e-23
2.673841615839949250e+07 9.874255409293561205e-24
2.967302408188872784e+07 7.184109129173827295e-24
3.292971255097155273e+07 5.201873972060898469e-24
3.654383070957254618e+07 3.746004256910439184e-24
4.055460735840827972e+07 2.681598662160491659e-24
4.500557675700496882e+07 1.907407467024696552e-24
4.994505115855139494e+07 1.346693193326809990e-24
5.542664520663107187e+07 9.432041497392204188e-25
6.150985788580504060e+07 6.544864038824000414e-25
6.826071834272393584e+07 4.494314389829375221e-25
7.575250258771920204e+07 3.047367266723057993e-25
8.406652885618332028e+07 2.036971234868776543e-25
9.329304026284696162e+07 1.337851334522603449e-25
1.035321843295663744e+08 8.599718371305859894e-26
1.148951000187308788e+08 5.382609605303576259e-26
1.275051240713012964e+08 3.256169374833555568e-26
1.414991297434575856e+08 1.883952904977160530e-26
1.570290124729377627e+08 1.026257037179272159e-26
1.742633386009651124e+08 5.135380483042961329e-27
1.933891750455232263e+08 2.256965184807320090e-27
2.146141197858406007e+08 7.761502484856073426e-28
2.381685551976160705e+08 1.069517217295625119e-28
