1.000000000000000000e+02 8.944283227621018278e-13
1.109752496412072134e+02 7.442933798939555106e-13
1.231550603292826196e+02 6.178406261800879293e-13
1.366716356462005990e+02 5.101788052498862041e-13
1.516716888470922413e+02 4.204890945929928086e-13
1.683180353330956791e+02 3.448327630182821551e-13
1.867913599020782840e+02 2.816944783955154692e-13
2.072921779595371845e+02 2.293816982167912580e-13
2.300430119772916839e+02 1.856420518672549436e-13
2.552908068239516410e+02 1.499694764398164953e-13
2.833096101839323637e+02 1.204447521650503430e-13
3.144035471591500368e+02 9.652331798001248365e-14
3.489101213406774491e+02 7.695704825909215910e-14
3.872038781812557318e+02 6.120119995846806901e-14
4.297004704320843871e+02 4.857948392165476943e-14
4.768611697714468960e+02 3.841044575530002270e-14
5.291978735958442712e+02 3.032962261260635098e-14
5.872786613189482523e+02 2.388861617555149931e-14
6.517339604882420190e+02 1.882585169907741702e-14
7.232633896483533817e+02 1.483488326432755167e-14
8.026433522257173081e+02 1.170583624632561054e-14
8.907354638610439679e+02 9.247319191282831307e-15
9.884959046625587007e+02 7.321410685697034199e-15
1.096985797892383971e+03 5.813181872915664601e-15
1.217382727739662187e+03 4.623248460760125677e-15
1.350993521198027793e+03 3.692026677426941589e-15
1.499268432786045423e+03 2.949744391396956388e-15
1.663816886076128640e+03 2.366479739561029076e-15
1.846424942895544291e+03 1.895951399541209657e-15
2.049074689815845886e+03 1.522044558954633028e-15
2.273965752357927613e+03 1.222682805228063896e-15
2.523539170434765765e+03 9.827901594084571806e-16
2.800503894183631019e+03 7.875178543402920106e-16
3.107866187782013640e+03 6.319942846767760357e-16
3.448962260405759935e+03 5.054783003127698319e-16
3.827494478516314757e+03 4.049988394989020790e-16
4.247571552536898707e+03 3.234038979415045218e-16
4.713753134116724141e+03 2.589692623574953641e-16
5.231099308056262998e+03 2.068270805492389902e-16
5.805225516094896193e+03 1.659194780428385466e-16
6.442363508721369726e+03 1.328604877394160695e-16
7.149428986597576113e+03 1.070808927632773041e-16
7.934096665797491369e+03 8.623325797376888406e-17
8.804883581643463913e+03 6.990687775481567398e-17
9.771241535346502133e+03 5.680625119829713392e-17
1.084365968689610963e+04 4.636087893937320197e-17
1.203377840777589154e+04 3.802689102607649250e-17
1.335451562929898682e+04 3.123999110224175970e-17
1.482020705798858762e+04 2.577599886498103989e-17
1.644676177994664249e+04 2.129578191143767063e-17
1.825183494319044257e+04 1.762376578404179431e-17
2.025501939230666540e+04 1.458480838059894331e-17
2.247805833548725059e+04 1.207588668732687205e-17
2.494508135230316839e+04 9.978644834612858155e-18
2.768286630392066581e+04 8.229252473006001695e-18
3.072112998861759115e+04 6.768937523307697057e-18
3.409285069746814406e+04 5.549021508451988048e-18
3.783462617131928710e+04 4.531293350160947813e-18
4.198707084443910571e+04 3.678124215288569995e-18
4.659525668664683326e+04 2.970349647307296724e-18
5.170920242896761192e+04 2.382442681728047266e-18
5.738441648302398244e+04 1.897477360185503608e-18
6.368249944718585903e+04 1.497747599413640691e-18
7.067181273927491566e+04 1.170540964744661630e-18
7.842822061337680498e+04 9.049563330923821672e-19
8.703591361485165544e+04 6.904906609270361208e-19
9.658832241158708348e+04 5.189995091750494100e-19
1.071891319205127511e+05 3.839352594421273776e-19
1.189534067370319535e+05 2.785239693326532229e-19
1.320088400831418112e+05 1.977487863014320329e-19
1.464971398307286145e+05 1.372187923400145178e-19
1.625755666443794908e+05 9.290453798232385970e-20
1.804186409392071655e+05 6.140090424666290575e-20
2.002200371815584658e+05 3.984614685805607853e-20
2.221946860939523904e+05 2.567661146564817881e-20
2.465811075822604180e+05 1.670545270729779432e-20
2.736439997074671555e+05 1.122558046860601044e-20
3.036771118035460822e+05 7.918869580771087785e-21
3.370064329271928291e+05 5.870171089320078257e-21
3.739937302478798083e+05 4.517686897674394712e-21
4.150404757850476308e+05 3.557768919813504005e-21
4.605922041145108524e+05 2.835826905364548427e-21
5.111433483440171112e+05 2.273258506534581613e-21
5.672426068491977639e+05 1.825825157468530711e-21
6.294988990221888525e+05 1.466689241133427290e-21
6.985879746785250027e+05 1.177547889128655254e-21
7.752597488629464060e+05 9.443687182760296537e-22
8.603464416684507160e+05 7.567245853535715192e-22
9.547716114208066138e+05 6.057407595509372814e-22
1.059560179277617019e+06 4.842977953043275494e-22
1.175849554052158026e+06 3.868030138882838340e-22
1.304901978014401859e+06 3.085894763541553188e-22
1.448118227674532915e+06 2.457746707207248124e-22
1.607052818261638284e+06 1.954551738171416280e-22
1.783430876931909472e+06 1.552217843121904015e-22
1.979166867853557458e+06 1.230393319956160251e-22
2.196385372416546568e+06 9.735763100196082714e-23
2.437444150122222025e+06 7.688692944287035238e-23
2.704959730463137385e+06 6.058328997815964997e-23
3.001835813575591892e+06 4.762281089764747817e-23
3.331294787934676744e+06 3.733854176931460126e-23
3.696912707195031922e+06 2.919644525907351474e-23
4.102658105827190448e+06 2.276442178438084676e-23
4.552935074866947718e+06 1.769013963657060614e-23
5.052631065335679799e+06 1.369406673268711263e-23
5.607169938205458224e+06 1.055868149713301213e-23
6.222570836730230600e+06 8.099710493424668276e-24
6.905513520162330940e+06 6.190695697539509633e-24
7.663410868007462472e+06 4.704307210748984406e-24
8.504489341802684590e+06 3.554898693295675538e-24
9.437878277775391936e+06 2.666226605921737997e-24
1.047370897959450819e+07 1.987774735893798972e-24
1.162322468679854274e+07 1.468994778492022323e-24
1.289890261253307760e+07 1.075314231686669891e-24
1.431458937523478456e+07 7.784863225678710193e-25
1.588565129428052530e+07 5.567179446723210459e-25
1.762914118095947802e+07 3.925558894610286438e-25
1.956398343517064676e+07 2.722174647467028090e-25
2.171117945694505423e+07 1.852225329134057848e-25
2.409403560239527002e+07 1.232641671941398067e-25
2.673841615839949250e+07 7.990933565103504867e-26
2.967302408188872784e+07 5.025182777996642555e-26
3.292971255097155273e+07 3.050673898343394230e-26
3.654383070957254618e+07 1.778473677301004133e-26
4.055460735840827972e+07 9.920408538610042983e-27
4.500557675700496882e+07 5.285310435866139255e-27
4.994505115855139494e+07 2.692580265719900657e-27
5.542664520663107187e+07 1.303468554111146498e-27
6.150985788580504060e+07 5.752999323105306099e-28
6.826071834272393584e+07 1.987754197529094455e-28
7.575250258771920204e+07 3.375414829001955569e-29
8.406652885618332028e+07 6.429757311813260612e-31
9.329304026284696162e+07 4.732304680556487812e-41
1.035321843295663744e+08 1.538861391248932156e-104
