1.000000000000000000e+02 1.766509103281744579e-14
1.109752496412072134e+02 1.515132050156349643e-14
1.231550603292826196e+02 1.298794548683355569e-14
1.366716356462005990e+02 1.112407329552707774e-14
1.516716888470922413e+02 9.522168073949370023e-15
1.683180353330956791e+02 8.144945033295647925e-15
1.867913599020782840e+02 6.963515616203411254e-15
2.072921779595371845e+02 5.947856699269603332e-15
2.300430119772916839e+02 5.078217486590629518e-15
2.552908068239516410e+02 4.332633084389258952e-15
2.833096101839323637e+02 3.694124731453390330e-15
3.144035471591500368e+02 3.148297294005550104e-15
3.489101213406774491e+02 2.681501946824441542e-15
3.872038781812557318e+02 2.282914091555090483e-15
4.297004704320843871e+02 1.942828514434542855e-15
4.768611697714468960e+02 1.652652186729772723e-15
5.291978735958442712e+02 1.405220065684456912e-15
5.872786613189482523e+02 1.194568241564944161e-15
6.517339604882420190e+02 1.015122573469909360e-15
7.232633896483533817e+02 8.624298841806884868e-16
8.026433522257173081e+02 7.325043731292693865e-16
8.907354638610439679e+02 6.220463617472449476e-16
9.884959046625587007e+02 5.281271724371848611e-16
1.096985797892383971e+03 4.482963437096269617e-16
1.217382727739662187e+03 3.804387001934525201e-16
1.350993521198027793e+03 3.227967243746041273e-16
1.499268432786045423e+03 2.738209859466842147e-16
1.663816886076128640e+03 2.322411507305855739e-16
1.846424942895544291e+03 1.969293445748053987e-16
2.049074689815845886e+03 1.669568059628789012e-16
2.273965752357927613e+03 1.415089685199832906e-16
2.523539170434765765e+03 1.199254154440972540e-16
2.800503894183631019e+03 1.016122340243133444e-16
3.107866187782013640e+03 8.608847140230914798e-17
3.448962260405759935e+03 7.292237264186729217e-17
3.827494478516314757e+03 6.176038316138147291e-17
4.247571552536898707e+03 5.230001149477501405e-17
4.713753134116724141e+03 4.428251483452819631e-17
5.231099308056262998e+03 3.749065476169364930e-17
5.805225516094896193e+03 3.173289140290448720e-17
6.442363508721369726e+03 2.685865621593631013e-17
7.149428986597576113e+03 2.273055560565498600e-17
7.934096665797491369e+03 1.923405418769090733e-17
8.804883581643463913e+03 1.627409384098446803e-17
9.771241535346502133e+03 1.376714808371709568e-17
1.084365968689610963e+04 1.164503913614776132e-17
1.203377840777589154e+04 9.848435536219586576e-18
1.335451562929898682e+04 8.328581031865409718e-18
1.482020705798858762e+04 7.041687683981187132e-18
1.644676177994664249e+04 5.952862334728980312e-18
1.825183494319044257e+04 5.031358486686391703e-18
2.025501939230666540e+04 4.251519582931838190e-18
2.247805833548725059e+04 3.592080987582860549e-18
2.494508135230316839e+04 3.034420447856718848e-18
2.768286630392066581e+04 2.562782614148443793e-18
3.072112998861759115e+04 2.164041418687467283e-18
3.409285069746814406e+04 1.826747243106969733e-18
3.783462617131928710e+04 1.541802397500939165e-18
4.198707084443910571e+04 1.300939467470939164e-18
4.659525668664683326e+04 1.097391705391535531e-18
5.170920242896761192e+04 9.254376100076746416e-19
5.738441648302398244e+04 7.802377539062952961e-19
6.368249944718585903e+04 6.576169454737004732e-19
7.067181273927491566e+04 5.541110826995405554e-19
7.842822061337680498e+04 4.667352514632742118e-19
8.703591361485165544e+04 3.930227445306428544e-19
9.658832241158708348e+04 3.308203942719583163e-19
1.071891319205127511e+05 2.783837290776182428e-19
1.189534067370319535e+05 2.341638030880239068e-19
1.320088400831418112e+05 1.968898126930885629e-19
1.464971398307286145e+05 1.654932840650854201e-19
1.625755666443794908e+05 1.390544035535495018e-19
1.804186409392071655e+05 1.167921343987499029e-19
2.002200371815584658e+05 9.804622288031421982e-20
2.221946860939523904e+05 8.227478080653841375e-20
2.465811075822604180e+05 6.901107779597828109e-20
2.736439997074671555e+05 5.785747659606812017e-20
3.036771118035460822e+05 4.848361762822332895e-20
3.370064329271928291e+05 4.060535494867478199e-20
3.739937302478798083e+05 3.398973172023297332e-20
4.150404757850476308e+05 2.843524156468144770e-20
4.605922041145108524e+05 2.377294154860525702e-20
5.111433483440171112e+05 1.986418408724000325e-20
5.672426068491977639e+05 1.658592320844090378e-20
6.294988990221888525e+05 1.383886040823531918e-20
6.985879746785250027e+05 1.153800938553334885e-20
7.752597488629464060e+05 9.612893323056923313e-21
8.603464416684507160e+05 8.001769302947707073e-21
9.547716114208066138e+05 6.655012418875671602e-21
1.059560179277617019e+06 5.529618976093962191e-21
1.175849554052158026e+06 4.590116459159890574e-21
1.304901978014401859e+06 3.806450692097170608e-21
1.448118227674532915e+06 3.153052037122233803e-21
1.607052818261638284e+06 2.609048412109758107e-21
1.783430876931909472e+06 2.156016571838262683e-21
1.979166867853557458e+06 1.779477236154598950e-21
2.196385372416546568e+06 1.466696643220310767e-21
2.437444150122222025e+06 1.207092461566327616e-21
2.704959730463137385e+06 9.919398460687496052e-22
3.001835813575591892e+06 8.138252666194472194e-22
3.331294787934676744e+06 6.664216122348668059e-22
3.696912707195031922e+06 5.448346385159561315e-22
4.102658105827190448e+06 4.444521873162542355e-22
4.552935074866947718e+06 3.618042346744935118e-22
5.052631065335679799e+06 2.938549337868892354e-22
5.607169938205458224e+06 2.380955933013213448e-22
6.222570836730230600e+06 1.923825558782529936e-22
6.905513520162330940e+06 1.550112699260253505e-22
7.663410868007462472e+06 1.245187770652909495e-22
8.504489341802684590e+06 9.968941361422728735e-23
9.437878277775391936e+06 7.951290247796497855e-23
1.047370897959450819e+07 6.316100679725551059e-23
1.162322468679854274e+07 4.995283510532949801e-23
1.289890261253307760e+07 3.931590616357877854e-23
1.431458937523478456e+07 3.079149964830596489e-23
1.588565129428052530e+07 2.397287901389809496e-23
1.762914118095947802e+07 1.853030361256962597e-23
1.956398343517064676e+07 1.422757543320108907e-23
2.171117945694505423e+07 1.083571008480060293e-23
2.409403560239527002e+07 8.169859844821682084e-24
2.673841615839949250e+07 6.097362734745520524e-24
2.967302408188872784e+07 4.493518169415971974e-24
3.292971255097155273e+07 3.266538934385428609e-24
3.654383070957254618e+07 2.334267676445705426e-24
4.055460735840827972e+07 1.635985921575967227e-24
4.500557675700496882e+07 1.119834943771328471e-24
4.994505115855139494e+07 7.449249538465117896e-25
5.542664520663107187e+07 4.785261101230145163e-25
6.150985788580504060e+07 2.943151990056806521e-25
6.826071834272393584e+07 1.714981270653871016e-25
7.575250258771920204e+07 9.329592067652053828e-26
8.406652885618332028e+07 4.666203019662082948e-26
9.329304026284696162e+07 2.112746852467205075e-26
1.035321843295663744e+08 8.523547589644038962e-27
1.148951000187308788e+08 2.830437911182068838e-27
1.275051240713012964e+08 4.686790436859650834e-28
1.414991297434575856e+08 1.505187415812560004e-30
