1.000000000000000000e+02 1.641226617266728755e-17
1.109752496412072134e+02 1.435798537593118038e-17
1.231550603292826196e+02 1.257710349094752039e-17
1.366716356462005990e+02 1.101641599913604099e-17
1.516716888470922413e+02 9.646437173160896126e-18
1.683180353330956791e+02 8.435169358037503482e-18
1.867913599020782840e+02 7.368550738580244613e-18
2.072921779595371845e+02 6.423854847734362908e-18
2.300430119772916839e+02 5.590830283078657807e-18
2.552908068239516410e+02 4.854923147844167612e-18
2.833096101839323637e+02 4.205564490625191430e-18
3.144035471591500368e+02 3.632987240218463266e-18
3.489101213406774491e+02 3.136238398600458652e-18
3.872038781812557318e+02 2.692854451108098227e-18
4.297004704320843871e+02 2.306426727980752764e-18
4.768611697714468960e+02 1.969163156562718845e-18
5.291978735958442712e+02 1.677106962313060772e-18
5.872786613189482523e+02 1.424834638285932354e-18
6.517339604882420190e+02 1.205873116111933356e-18
7.232633896483533817e+02 1.017082375183243663e-18
8.026433522257173081e+02 8.554750027543674262e-19
8.907354638610439679e+02 7.174998234473075597e-19
9.884959046625587007e+02 5.997859467437601012e-19
1.096985797892383971e+03 5.001337288270552816e-19
1.217382727739662187e+03 4.163760867514908399e-19
1.350993521198027793e+03 3.461956067070857420e-19
1.499268432786045423e+03 2.875953842031977080e-19
1.663816886076128640e+03 2.388574284447657823e-19
1.846424942895544291e+03 1.982023205998544956e-19
2.049074689815845886e+03 1.643860251758500163e-19
2.273965752357927613e+03 1.365396142449593725e-19
2.523539170434765765e+03 1.136884769452863516e-19
2.800503894183631019e+03 9.456922724115823068e-20
3.107866187782013640e+03 7.878228794027343646e-20
3.448962260405759935e+03 6.561499221634332725e-20
3.827494478516314757e+03 5.460642561951308118e-20
4.247571552536898707e+03 4.534199235445217244e-20
4.713753134116724141e+03 3.753099606132490872e-20
5.231099308056262998e+03 3.085799327367986052e-20
5.805225516094896193e+03 2.520027230577206002e-20
6.442363508721369726e+03 2.038842355218030051e-20
7.149428986597576113e+03 1.629095959238370633e-20
7.934096665797491369e+03 1.283993039434527470e-20
8.804883581643463913e+03 9.958522954738407584e-21
9.771241535346502133e+03 7.588362591474719694e-21
1.084365968689610963e+04 5.685133002439774726e-21
1.203377840777589154e+04 4.192903520539141574e-21
1.335451562929898682e+04 3.068136744027124759e-21
1.482020705798858762e+04 2.256073593924737137e-21
1.644676177994664249e+04 1.695931883431381646e-21
1.825183494319044257e+04 1.316966392324767561e-21
2.025501939230666540e+04 1.053741020979136989e-21
2.247805833548725059e+04 8.584728632087526288e-22
2.494508135230316839e+04 7.056792150257269694e-22
2.768286630392066581e+04 5.820126130904827857e-22
3.072112998861759115e+04 4.805036215375066867e-22
3.409285069746814406e+04 3.965925051336113130e-22
3.783462617131928710e+04 3.271101266323770377e-22
4.198707084443910571e+04 2.695355196591110239e-22
4.659525668664683326e+04 2.218873678758674564e-22
5.170920242896761192e+04 1.824707764588280414e-22
5.738441648302398244e+04 1.499238721925185495e-22
6.368249944718585903e+04 1.230311272050160564e-22
7.067181273927491566e+04 1.008580604162131775e-22
7.842822061337680498e+04 8.257453735766494713e-23
8.703591361485165544e+04 6.752351104895671698e-23
9.658832241158708348e+04 5.514096400443738932e-23
1.071891319205127511e+05 4.497390645301098469e-23
1.189534067370319535e+05 3.662815543718726469e-23
1.320088400831418112e+05 2.978759823209994682e-23
1.464971398307286145e+05 2.419065831220549144e-23
1.625755666443794908e+05 1.961702226600093246e-23
1.804186409392071655e+05 1.588683945489092280e-23
2.002200371815584658e+05 1.284905515794243768e-23
2.221946860939523904e+05 1.037777348824293537e-23
2.465811075822604180e+05 8.371562175137128304e-24
2.736439997074671555e+05 6.745237154699587516e-24
3.036771118035460822e+05 5.428081046020365575e-24
3.370064329271928291e+05 4.362254394578475279e-24
3.739937302478798083e+05 3.501250813721497562e-24
4.150404757850476308e+05 2.806527023455701023e-24
4.605922041145108524e+05 2.246307674563363538e-24
5.111433483440171112e+05 1.795503298905575894e-24
5.672426068491977639e+05 1.433194190129550291e-24
6.294988990221888525e+05 1.142181794800908198e-24
6.985879746785250027e+05 9.089987158248855066e-25
7.752597488629464060e+05 7.221691102681708291e-25
8.603464416684507160e+05 5.728647108493407528e-25
9.547716114208066138e+05 4.537207884421418432e-25
1.059560179277617019e+06 3.586939789334897795e-25
1.175849554052158026e+06 2.831028336867323117e-25
1.304901978014401859e+06 2.230365076359471070e-25
1.448118227674532915e+06 1.753922315807424526e-25
1.607052818261638284e+06 1.376681662468839781e-25
1.783430876931909472e+06 1.078215453775287640e-25
1.979166867853557458e+06 8.427278931527185910e-26
2.196385372416546568e+06 6.571721703692882863e-26
2.437444150122222025e+06 5.113083669279349051e-26
2.704959730463137385e+06 3.967658552943491129e-26
3.001835813575591892e+06 3.071060667454808527e-26
3.331294787934676744e+06 2.370058271818158255e-26
3.696912707195031922e+06 1.823399322684070305e-26
4.102658105827190448e+06 1.398343007557966702e-26
4.552935074866947718e+06 1.068652299391869728e-26
5.052631065335679799e+06 8.134398182927676536e-27
5.607169938205458224e+06 6.165274812795989622e-27
6.222570836730230600e+06 4.650580054264173321e-27
6.905513520162330940e+06 3.490785952190104934e-27
7.663410868007462472e+06 2.606368956817475060e-27
8.504489341802684590e+06 1.933923946268499005e-27
9.437878277775391936e+06 1.424870501259455838e-27
1.047370897959450819e+07 1.042018814563254968e-27
1.162322468679854274e+07 7.556345086337317490e-28
1.289890261253307760e+07 5.427690998891578006e-28
1.431458937523478456e+07 3.857508093767476126e-28
1.588565129428052530e+07 2.708227127355735012e-28
1.762914118095947802e+07 1.876857670568521909e-28
1.956398343517064676e+07 1.280563489840832779e-28
2.171117945694505423e+07 8.588030772700314458e-29
2.409403560239527002e+07 5.649158163445336000e-29
2.673841615839949250e+07 3.632781300256243781e-29
2.967302408188872784e+07 2.279142770669881904e-29
3.292971255097155273e+07 1.386323416762439077e-29
3.654383070957254618e+07 8.123396899601193884e-30
4.055460735840827972e+07 4.519496084640257440e-30
4.500557675700496882e+07 2.321192562452848706e-30
4.994505115855139494e+07 1.036769838606943663e-30
5.542664520663107187e+07 3.514854418063300531e-31
6.150985788580504060e+07 6.071318581307077772e-32
6.826071834272393584e+07 1.472284096491996366e-33
