1.000000000000000000e+02 5.667018282635587300e-11
1.109752496412072134e+02 4.944755790706285923e-11
1.231550603292826196e+02 4.312131811553825539e-11
1.366716356462005990e+02 3.758521776123228229e-11
1.516716888470922413e+02 3.273038978837925474e-11
1.683180353330956791e+02 2.848540735118731758e-11
1.867913599020782840e+02 2.477200565791302127e-11
2.072921779595371845e+02 2.153157537271773233e-11
2.300430119772916839e+02 1.869406480161046528e-11
2.552908068239516410e+02 1.622198002286557829e-11
2.833096101839323637e+02 1.406591916846461909e-11
3.144035471591500368e+02 1.218643276913949502e-11
3.489101213406774491e+02 1.054926741404545779e-11
3.872038781812557318e+02 9.126509471117066130e-12
4.297004704320843871e+02 7.888363540681699079e-12
4.768611697714468960e+02 6.812433274748396695e-12
5.291978735958442712e+02 5.879045159176167075e-12
5.872786613189482523e+02 5.068256729648921632e-12
6.517339604882420190e+02 4.366746916123115689e-12
7.232633896483533817e+02 3.758271574466252016e-12
8.026433522257173081e+02 3.232003506810332637e-12
8.907354638610439679e+02 2.776237480653240738e-12
9.884959046625587007e+02 2.382978301390908479e-12
1.096985797892383971e+03 2.042768654669477994e-12
1.217382727739662187e+03 1.749480268727548879e-12
1.350993521198027793e+03 1.496629977759031490e-12
1.499268432786045423e+03 1.278796873909158775e-12
1.663816886076128640e+03 1.091388762915030552e-12
1.846424942895544291e+03 9.303448105721786435e-13
2.049074689815845886e+03 7.920199965907913539e-13
2.273965752357927613e+03 6.734464013432009253e-13
2.523539170434765765e+03 5.717389895131467430e-13
2.800503894183631019e+03 4.848926385338395259e-13
3.107866187782013640e+03 4.105677880152053062e-13
3.448962260405759935e+03 3.472216164720221252e-13
3.827494478516314757e+03 2.932072847430216788e-13
4.247571552536898707e+03 2.472368790097003915e-13
4.713753134116724141e+03 2.082130199279520990e-13
5.231099308056262998e+03 1.750791770988343887e-13
5.805225516094896193e+03 1.470172227578025264e-13
6.442363508721369726e+03 1.232638175396476132e-13
7.149428986597576113e+03 1.032119506960532108e-13
7.934096665797491369e+03 8.627686170680349577e-14
8.804883581643463913e+03 7.201487983986613904e-14
9.771241535346502133e+03 6.002356132097277477e-14
1.084365968689610963e+04 4.995460084892348992e-14
1.203377840777589154e+04 4.150580024918930504e-14
1.335451562929898682e+04 3.443345778282824663e-14
1.482020705798858762e+04 2.851836113774079980e-14
1.644676177994664249e+04 2.357433985137075983e-14
1.825183494319044257e+04 1.946345980056975812e-14
2.025501939230666540e+04 1.603320841851905757e-14
2.247805833548725059e+04 1.318086391383551849e-14
2.494508135230316839e+04 1.082224430497281006e-14
2.768286630392066581e+04 8.857263469362248603e-15
3.072112998861759115e+04 7.245097128179278911e-15
3.409285069746814406e+04 5.901320051628782613e-15
3.783462617131928710e+04 4.806847849459715471e-15
4.198707084443910571e+04 3.895341389251766667e-15
4.659525668664683326e+04 3.156881737768354916e-15
5.170920242896761192e+04 2.545256233542098030e-15
5.738441648302398244e+04 2.051130364832755764e-15
6.368249944718585903e+04 1.644868039383643255e-15
7.067181273927491566e+04 1.317304283123954015e-15
7.842822061337680498e+04 1.050582336010039732e-15
8.703591361485165544e+04 8.363606587217459862e-16
9.658832241158708348e+04 6.627597413581660364e-16
1.071891319205127511e+05 5.250974742659782930e-16
1.189534067370319535e+05 4.133935530831087737e-16
1.320088400831418112e+05 3.264340038589849109e-16
1.464971398307286145e+05 2.555151510310063396e-16
1.625755666443794908e+05 2.006255958921355402e-16
1.804186409392071655e+05 1.570395805634392527e-16
2.002200371815584658e+05 1.227614472935748548e-16
2.221946860939523904e+05 9.593446900580224634e-17
2.465811075822604180e+05 7.499309252300840735e-17
2.736439997074671555e+05 5.850168365912592960e-17
3.036771118035460822e+05 4.563269771989544834e-17
3.370064329271928291e+05 3.555316068700953064e-17
3.739937302478798083e+05 2.763375511594228657e-17
4.150404757850476308e+05 2.144536711446356081e-17
4.605922041145108524e+05 1.658184329582937649e-17
5.111433483440171112e+05 1.276810095107182234e-17
5.672426068491977639e+05 9.786195439865733559e-18
6.294988990221888525e+05 7.455038050603729884e-18
6.985879746785250027e+05 5.643190933845938740e-18
7.752597488629464060e+05 4.242159576992910804e-18
8.603464416684507160e+05 3.163216944928766279e-18
9.547716114208066138e+05 2.341757159020267553e-18
1.059560179277617019e+06 1.720532069771072576e-18
1.175849554052158026e+06 1.254582070850089644e-18
1.304901978014401859e+06 9.105895535030296121e-19
1.448118227674532915e+06 6.589350410990766073e-19
1.607052818261638284e+06 4.771442479169540528e-19
1.783430876931909472e+06 3.470502996916609773e-19
1.979166867853557458e+06 2.545020397228566506e-19
2.196385372416546568e+06 1.886124982400053050e-19
2.437444150122222025e+06 1.414635222012039041e-19
2.704959730463137385e+06 1.072311760380726226e-19
3.001835813575591892e+06 8.193840280774463153e-20
3.331294787934676744e+06 6.301692726990515538e-20
3.696912707195031922e+06 4.857992726526617880e-20
4.102658105827190448e+06 3.781132883189818149e-20
4.552935074866947718e+06 2.969143367233953752e-20
5.052631065335679799e+06 2.347227179771205864e-20
5.607169938205458224e+06 1.861735155532788583e-20
6.222570836730230600e+06 1.478127024101941997e-20
6.905513520162330940e+06 1.172535454665613411e-20
7.663410868007462472e+06 9.289694660854675429e-21
8.504489341802684590e+06 7.346064126232801517e-21
9.437878277775391936e+06 5.797286247146622882e-21
1.047370897959450819e+07 4.565989295580953760e-21
1.162322468679854274e+07 3.586600920315214252e-21
1.289890261253307760e+07 2.811197199416014554e-21
1.431458937523478456e+07 2.196875987847028580e-21
1.588565129428052530e+07 1.712488657118562622e-21
1.762914118095947802e+07 1.330220117407236909e-21
1.956398343517064676e+07 1.030377920359351907e-21
2.171117945694505423e+07 7.954883620852365007e-22
2.409403560239527002e+07 6.114402501735324701e-22
2.673841615839949250e+07 4.682714516935981361e-22
2.967302408188872784e+07 3.571918691454258810e-22
3.292971255097155273e+07 2.709313225505045539e-22
3.654383070957254618e+07 2.046571358046211887e-22
4.055460735840827972e+07 1.538494847869545725e-22
4.500557675700496882e+07 1.149449918080321796e-22
4.994505115855139494e+07 8.542411818460861371e-23
5.542664520663107187e+07 6.310676348903173607e-23
6.150985788580504060e+07 4.637418376483260511e-23
6.826071834272393584e+07 3.388236855941781468e-23
7.575250258771920204e+07 2.463176443630952274e-23
8.406652885618332028e+07 1.781815596901562281e-23
9.329304026284696162e+07 1.283814442390411733e-23
1.035321843295663744e+08 9.215304044859189243e-24
1.148951000187308788e+08 6.594616461382516363e-24
1.275051240713012964e+08 4.706099485198838429e-24
1.414991297434575856e+08 3.350116505753340603e-24
1.570290124729377627e+08 2.378788369033874781e-24
1.742633386009651124e+08 1.684396564566768253e-24
1.933891750455232263e+08 1.188459272710114204e-24
2.146141197858406007e+08 8.354691788134678809e-25
2.381685551976160705e+08 5.847222513632982403e-25
2.643081486974108517e+08 4.069406938594618511e-25
2.933166278390048146e+08 2.815171338716813353e-25
3.255088599835056663e+08 1.932254157700221151e-25
3.612342699709430337e+08 1.315379719316183111e-25
4.008806328898465633e+08 8.868483274891314542e-26
4.448782831127585173e+08 5.916936500508711107e-26
4.937047852839003801e+08 3.901014004842893613e-26
5.478901179593944550e+08 2.535677296887145957e-26
6.080224261649426222e+08 1.616170946686439635e-26
6.747544053110699654e+08 1.004005373673358963e-26
7.488103857590031624e+08 6.030258035663405257e-27
8.309941949353404045e+08 3.447358957379922420e-27
9.221978823334341049e+08 1.833080541732575202e-27
1.023411402105452657e+09 8.658302178674979384e-28
1.135733358343105316e+09 3.252382214925091165e-28
1.260382929679727316e+09 6.618921432569145267e-29
1.398713102647238731e+09 8.496551203430142400e-31
1.552225357427047968e+09 3.330700500165361696e-43
1.722585965398787737e+09 5.580280874306911754e-64
1.911644075385703564e+09 3.611136828965046262e-87
2.121451784910631895e+09 1.407959405940261409e-112
2.354286414322420120e+09 9.537836354077077088e-133
