1.000000000000000000e+02 2.679888868559631548e-15
1.109752496412072134e+02 2.350746105734018209e-15
1.231550603292826196e+02 2.057396688757501148e-15
1.366716356462005990e+02 1.794189001296504587e-15
1.516716888470922413e+02 1.561438110586081578e-15
1.683180353330956791e+02 1.356508981620793827e-15
1.867913599020782840e+02 1.172899968686878697e-15
2.072921779595371845e+02 1.010594158162352623e-15
2.300430119772916839e+02 8.702559356070996682e-16
2.552908068239516410e+02 7.445250875231487169e-16
2.833096101839323637e+02 6.350979940542739773e-16
3.144035471591500368e+02 5.406475142178898439e-16
3.489101213406774491e+02 4.578782376515458785e-16
3.872038781812557318e+02 3.866475024393002472e-16
4.297004704320843871e+02 3.253077591934807528e-16
4.768611697714468960e+02 2.728306355507531234e-16
5.291978735958442712e+02 2.278283274318082520e-16
5.872786613189482523e+02 1.899100661317335061e-16
6.517339604882420190e+02 1.579233126714817509e-16
7.232633896483533817e+02 1.312253696638158170e-16
8.026433522257173081e+02 1.084463653059637507e-16
8.907354638610439679e+02 8.957749729264380661e-17
9.884959046625587007e+02 7.416653341349512355e-17
1.096985797892383971e+03 6.142055675138846025e-17
1.217382727739662187e+03 5.075575119073749499e-17
1.350993521198027793e+03 4.206430062520260352e-17
1.499268432786045423e+03 3.490671786403993369e-17
1.663816886076128640e+03 2.897989773116022366e-17
1.846424942895544291e+03 2.407559909871387566e-17
2.049074689815845886e+03 1.999796368974743711e-17
2.273965752357927613e+03 1.657961442241046768e-17
2.523539170434765765e+03 1.369568662705523768e-17
2.800503894183631019e+03 1.126556944064474948e-17
3.107866187782013640e+03 9.188721041398492805e-18
3.448962260405759935e+03 7.422822383218718021e-18
3.827494478516314757e+03 5.917884187403180258e-18
4.247571552536898707e+03 4.641461735493186246e-18
4.713753134116724141e+03 3.564882176852190780e-18
5.231099308056262998e+03 2.671802323477576925e-18
5.805225516094896193e+03 1.942558353957747483e-18
6.442363508721369726e+03 1.361104659713548609e-18
7.149428986597576113e+03 9.138685212638256027e-19
7.934096665797491369e+03 5.836257724028456950e-19
8.804883581643463913e+03 3.549166526473397408e-19
9.771241535346502133e+03 2.091727147058503715e-19
1.084365968689610963e+04 1.249328828054091332e-19
1.203377840777589154e+04 8.019981414462234289e-20
1.335451562929898682e+04 5.683409713410778941e-20
1.482020705798858762e+04 4.362743350052211242e-20
1.644676177994664249e+04 3.516196124232684288e-20
1.825183494319044257e+04 2.903381903436798334e-20
2.025501939230666540e+04 2.421574658040274884e-20
2.247805833548725059e+04 2.026582461951118068e-20
2.494508135230316839e+04 1.697280665913695765e-20
2.768286630392066581e+04 1.421113726068374959e-20
3.072112998861759115e+04 1.189082046744504074e-20
3.409285069746814406e+04 9.944043794794767458e-21
3.783462617131928710e+04 8.308098996410003556e-21
4.198707084443910571e+04 6.936834416802738614e-21
4.659525668664683326e+04 5.786227830642838614e-21
5.170920242896761192e+04 4.823355316440977345e-21
5.738441648302398244e+04 4.016856758867932488e-21
6.368249944718585903e+04 3.342188172305128853e-21
7.067181273927491566e+04 2.778762858180609509e-21
7.842822061337680498e+04 2.307900765834381976e-21
8.703591361485165544e+04 1.915075463610933330e-21
9.658832241158708348e+04 1.587354517912221855e-21
1.071891319205127511e+05 1.314590320835755826e-21
1.189534067370319535e+05 1.087450254315519840e-21
1.320088400831418112e+05 8.985823957939291780e-22
1.464971398307286145e+05 7.418098498068074463e-22
1.625755666443794908e+05 6.116030864399625849e-22
1.804186409392071655e+05 5.037030944807093240e-22
2.002200371815584658e+05 4.142765722425886333e-22
2.221946860939523904e+05 3.403770522050972237e-22
2.465811075822604180e+05 2.793018900342254307e-22
2.736439997074671555e+05 2.289083745953199856e-22
3.036771118035460822e+05 1.873594013861384776e-22
3.370064329271928291e+05 1.531429013165419561e-22
3.739937302478798083e+05 1.250233657830718316e-22
4.150404757850476308e+05 1.019221159617118894e-22
4.605922041145108524e+05 8.296730035633482662e-23
5.111433483440171112e+05 6.744148726648969034e-23
5.672426068491977639e+05 5.473441460432850145e-23
6.294988990221888525e+05 4.435672465752120740e-23
6.985879746785250027e+05 3.588845284073776360e-23
7.752597488629464060e+05 2.898727316615517241e-23
8.603464416684507160e+05 2.337317845578253369e-23
9.547716114208066138e+05 1.881480823294168413e-23
1.059560179277617019e+06 1.511492400252969357e-23
1.175849554052158026e+06 1.212159454120509685e-23
1.304901978014401859e+06 9.702871150241836956e-24
1.448118227674532915e+06 7.748952474750628466e-24
1.607052818261638284e+06 6.175914616875891630e-24
1.783430876931909472e+06 4.911909524194714192e-24
1.979166867853557458e+06 3.897898500887463248e-24
2.196385372416546568e+06 3.085418010168303148e-24
2.437444150122222025e+06 2.436430225472121047e-24
2.704959730463137385e+06 1.918803847012649367e-24
3.001835813575591892e+06 1.507109986410135693e-24
3.331294787934676744e+06 1.180460667402382355e-24
3.696912707195031922e+06 9.217295603680357769e-25
4.102658105827190448e+06 7.175498490646220066e-25
4.552935074866947718e+06 5.565858329067196785e-25
5.052631065335679799e+06 4.302157028062704892e-25
5.607169938205458224e+06 3.312164147602221626e-25
6.222570836730230600e+06 2.539656710378238811e-25
6.905513520162330940e+06 1.938767478021149789e-25
7.663410868007462472e+06 1.473150825418509038e-25
8.504489341802684590e+06 1.113089932248545773e-25
9.437878277775391936e+06 8.359959057683224432e-26
1.047370897959450819e+07 6.242731149975751227e-26
1.162322468679854274e+07 4.628955799757133019e-26
1.289890261253307760e+07 3.404235758351806524e-26
1.431458937523478456e+07 2.482298702630654776e-26
1.588565129428052530e+07 1.792132019582789068e-26
1.762914118095947802e+07 1.279723981204853513e-26
1.956398343517064676e+07 9.024428856553370374e-27
2.171117945694505423e+07 6.271446797749680885e-27
2.409403560239527002e+07 4.286035158423850019e-27
2.673841615839949250e+07 2.874250132482647110e-27
2.967302408188872784e+07 1.885047665126434852e-27
3.292971255097155273e+07 1.205040935762863174e-27
3.654383070957254618e+07 7.478942264920330317e-28
4.055460735840827972e+07 4.491935549263736090e-28
4.500557675700496882e+07 2.600452925337273723e-28
4.994505115855139494e+07 1.447778308078752989e-28
5.542664520663107187e+07 7.724663004295521975e-29
6.150985788580504060e+07 3.900730820879400191e-29
6.826071834272393584e+07 1.776477625693545327e-29
7.575250258771920204e+07 6.329275448653946366e-30
8.406652885618332028e+07 1.055778605872146095e-30
9.329304026284696162e+07 3.104291077922288378e-33
