1.000000000000000000e+02 1.821614430920357988e-11
1.109752496412072134e+02 1.606641183804861729e-11
1.231550603292826196e+02 1.416266808896967577e-11
1.366716356462005990e+02 1.247595466968903219e-11
1.516716888470922413e+02 1.097993418777182096e-11
1.683180353330956791e+02 9.658104994204960311e-12
1.867913599020782840e+02 8.486570530650040772e-12
2.072921779595371845e+02 7.451532574399086534e-12
2.300430119772916839e+02 6.537212137697390207e-12
2.552908068239516410e+02 5.728138678925040576e-12
2.833096101839323637e+02 5.015173330436643593e-12
3.144035471591500368e+02 4.385224519753056813e-12
3.489101213406774491e+02 3.830078303877609860e-12
3.872038781812557318e+02 3.342300678312310661e-12
4.297004704320843871e+02 2.910665885458187664e-12
4.768611697714468960e+02 2.533376600088680296e-12
5.291978735958442712e+02 2.200424752270708872e-12
5.872786613189482523e+02 1.909086793047509053e-12
6.517339604882420190e+02 1.654124798433260313e-12
7.232633896483533817e+02 1.429928309100695196e-12
8.026433522257173081e+02 1.234881962059361137e-12
8.907354638610439679e+02 1.063806258941039613e-12
9.884959046625587007e+02 9.151423714031872981e-13
1.096985797892383971e+03 7.856156760159779899e-13
1.217382727739662187e+03 6.730857613216993827e-13
1.350993521198027793e+03 5.754789810929419136e-13
1.499268432786045423e+03 4.908690191413681542e-13
1.663816886076128640e+03 4.179495944818154515e-13
1.846424942895544291e+03 3.547907473080573970e-13
2.049074689815845886e+03 3.007170362950720039e-13
2.273965752357927613e+03 2.540854371265951744e-13
2.523539170434765765e+03 2.142850997097796001e-13
2.800503894183631019e+03 1.801430302508123800e-13
3.107866187782013640e+03 1.510948699621710622e-13
3.448962260405759935e+03 1.264947482277108245e-13
3.827494478516314757e+03 1.054597435206050956e-13
4.247571552536898707e+03 8.784260068652377857e-14
4.713753134116724141e+03 7.282822051894965602e-14
5.231099308056262998e+03 6.034842766293925666e-14
5.805225516094896193e+03 4.979721087126820306e-14
6.442363508721369726e+03 4.101890370265370612e-14
7.149428986597576113e+03 3.370962406909844769e-14
7.934096665797491369e+03 2.762142656516993117e-14
8.804883581643463913e+03 2.259542466246370392e-14
9.771241535346502133e+03 1.843386212352902502e-14
1.084365968689610963e+04 1.501641070697529869e-14
1.203377840777589154e+04 1.220265181247651686e-14
1.335451562929898682e+04 9.906955812181539144e-15
1.482020705798858762e+04 8.021395980946970400e-15
1.644676177994664249e+04 6.495392963877452787e-15
1.825183494319044257e+04 5.245157529204064461e-15
2.025501939230666540e+04 4.236191103288753731e-15
2.247805833548725059e+04 3.410470790703627082e-15
2.494508135230316839e+04 2.746360126305152518e-15
2.768286630392066581e+04 2.208553949998901554e-15
3.072112998861759115e+04 1.770927285800201235e-15
3.409285069746814406e+04 1.421747152357842530e-15
3.783462617131928710e+04 1.135154204532025572e-15
4.198707084443910571e+04 9.072345477766007859e-16
4.659525668664683326e+04 7.222689425013713294e-16
5.170920242896761192e+04 5.734111725881313126e-16
5.738441648302398244e+04 4.544879691487346614e-16
6.368249944718585903e+04 3.585517703698950101e-16
7.067181273927491566e+04 2.823082631924916488e-16
7.842822061337680498e+04 2.214376178380460180e-16
8.703591361485165544e+04 1.729766428184234485e-16
9.658832241158708348e+04 1.347350831301162748e-16
1.071891319205127511e+05 1.045441366228582633e-16
1.189534067370319535e+05 8.086933670406482842e-17
1.320088400831418112e+05 6.238434485219907910e-17
1.464971398307286145e+05 4.797688540021871226e-17
1.625755666443794908e+05 3.682966139195562912e-17
1.804186409392071655e+05 2.820991473816718940e-17
2.002200371815584658e+05 2.157925514070807431e-17
2.221946860939523904e+05 1.647824360094725617e-17
2.465811075822604180e+05 1.257346763669667712e-17
2.736439997074671555e+05 9.579375589045337529e-18
3.036771118035460822e+05 7.286674460956861796e-18
3.370064329271928291e+05 5.527625399370253267e-18
3.739937302478798083e+05 4.179119293061822764e-18
4.150404757850476308e+05 3.144017645828968221e-18
4.605922041145108524e+05 2.349711587795598517e-18
5.111433483440171112e+05 1.739782342761603777e-18
5.672426068491977639e+05 1.274794433885390672e-18
6.294988990221888525e+05 9.231378293124721383e-19
6.985879746785250027e+05 6.575800975370428244e-19
7.752597488629464060e+05 4.601199489812955411e-19
8.603464416684507160e+05 3.158791576828005968e-19
9.547716114208066138e+05 2.124227094611581752e-19
1.059560179277617019e+06 1.400216565839969352e-19
1.175849554052158026e+06 9.069991456651701756e-20
1.304901978014401859e+06 5.800974447617943736e-20
1.448118227674532915e+06 3.688916371405452822e-20
1.607052818261638284e+06 2.345880549427146184e-20
1.783430876931909472e+06 1.502469168985079720e-20
1.979166867853557458e+06 9.712128022153564826e-21
2.196385372416546568e+06 6.325491182214546698e-21
2.437444150122222025e+06 4.124263731475295879e-21
2.704959730463137385e+06 2.675699137659105860e-21
3.001835813575591892e+06 1.714948219526145265e-21
3.331294787934676744e+06 1.081180315743411392e-21
3.696912707195031922e+06 6.692238423969414356e-22
4.102658105827190448e+06 4.073094039395056968e-22
4.552935074866947718e+06 2.447644377109589711e-22
5.052631065335679799e+06 1.460511018050545079e-22
5.607169938205458224e+06 8.667811979345758264e-23
6.222570836730230600e+06 5.128588532983239445e-23
6.905513520162330940e+06 3.036970399072481314e-23
7.663410868007462472e+06 1.831407039166110698e-23
8.504489341802684590e+06 1.159411652963473470e-23
9.437878277775391936e+06 7.802974041655485244e-24
1.047370897959450819e+07 5.489629749704633720e-24
1.162322468679854274e+07 3.952838637700456416e-24
1.289890261253307760e+07 2.870299552840806376e-24
1.431458937523478456e+07 2.088662818215172215e-24
1.588565129428052530e+07 1.519412893687730168e-24
1.762914118095947802e+07 1.103529519209738730e-24
1.956398343517064676e+07 7.995294272466839283e-25
2.171117945694505423e+07 5.779227452205737500e-25
2.409403560239527002e+07 4.163018837681746277e-25
2.673841615839949250e+07 2.987376617649097207e-25
2.967302408188872784e+07 2.134322770772414117e-25
3.292971255097155273e+07 1.516939375432521755e-25
3.654383070957254618e+07 1.071592593337113829e-25
4.055460735840827972e+07 7.517498273138968342e-26
4.500557675700496882e+07 5.230455062949337174e-26
4.994505115855139494e+07 3.604447031814758901e-26
5.542664520663107187e+07 2.455098194992059677e-26
6.150985788580504060e+07 1.649929504407241505e-26
6.826071834272393584e+07 1.090363054441860312e-26
7.575250258771920204e+07 7.062929899757968346e-27
8.406652885618332028e+07 4.459388871668233706e-27
9.329304026284696162e+07 2.728738837476251229e-27
1.035321843295663744e+08 1.602774187061077192e-27
1.148951000187308788e+08 8.925046686431318764e-28
1.275051240713012964e+08 4.627782782577688791e-28
1.414991297434575856e+08 2.179055302454670144e-28
1.570290124729377627e+08 8.993382724798134479e-29
1.742633386009651124e+08 3.098246174495513214e-29
1.933891750455232263e+08 7.518736751283808345e-30
2.146141197858406007e+08 1.674434333913801338e-31
