1.000000000000000000e+02 1.313601869410852195e-14
1.109752496412072134e+02 1.130952169819523347e-14
1.231550603292826196e+02 9.728461280095725987e-15
1.366716356462005990e+02 8.358542949573070644e-15
1.516716888470922413e+02 7.174911979225057862e-15
1.683180353330956791e+02 6.152301050975486473e-15
1.867913599020782840e+02 5.273379881918225468e-15
2.072921779595371845e+02 4.515092954280685890e-15
2.300430119772916839e+02 3.862895693903060218e-15
2.552908068239516410e+02 3.302941469433172000e-15
2.833096101839323637e+02 2.822123374943129022e-15
3.144035471591500368e+02 2.409354538613057065e-15
3.489101213406774491e+02 2.055853890245439632e-15
3.872038781812557318e+02 1.752818866748480180e-15
4.297004704320843871e+02 1.493588039390165197e-15
4.768611697714468960e+02 1.271644402198136939e-15
5.291978735958442712e+02 1.081964159359109456e-15
5.872786613189482523e+02 9.197079615408138507e-16
6.517339604882420190e+02 7.811659085973832988e-16
7.232633896483533817e+02 6.629719783640209512e-16
8.026433522257173081e+02 5.618724909682469307e-16
8.907354638610439679e+02 4.757919457291705924e-16
9.884959046625587007e+02 4.023490279554865096e-16
1.096985797892383971e+03 3.396812312563189284e-16
1.217382727739662187e+03 2.863306373689429327e-16
1.350993521198027793e+03 2.408789398070839916e-16
1.499268432786045423e+03 2.022130057949704974e-16
1.663816886076128640e+03 1.693721296028268408e-16
1.846424942895544291e+03 1.414587483832181987e-16
2.049074689815845886e+03 1.178558614807536101e-16
2.273965752357927613e+03 9.791157834756089263e-17
2.523539170434765765e+03 8.111984221129503131e-17
2.800503894183631019e+03 6.702768965808501462e-17
3.107866187782013640e+03 5.527567331611594283e-17
3.448962260405759935e+03 4.551277199695506626e-17
3.827494478516314757e+03 3.746366810936413128e-17
4.247571552536898707e+03 3.087582017386185864e-17
4.713753134116724141e+03 2.549668537198046395e-17
5.231099308056262998e+03 2.113181193809517644e-17
5.805225516094896193e+03 1.757968937330419339e-17
6.442363508721369726e+03 1.466485969045698424e-17
7.149428986597576113e+03 1.225714358402053232e-17
7.934096665797491369e+03 1.025383685138949595e-17
8.804883581643463913e+03 8.580299822699925181e-18
9.771241535346502133e+03 7.179796589304399594e-18
1.084365968689610963e+04 6.007363723937173992e-18
1.203377840777589154e+04 5.025254469020466601e-18
1.335451562929898682e+04 4.202703991584371348e-18
1.482020705798858762e+04 3.514004444437176157e-18
1.644676177994664249e+04 2.937504834558347445e-18
1.825183494319044257e+04 2.454930694205354165e-18
2.025501939230666540e+04 2.050808162372199855e-18
2.247805833548725059e+04 1.712654868601847930e-18
2.494508135230316839e+04 1.429714272869186422e-18
2.768286630392066581e+04 1.192944660238305511e-18
3.072112998861759115e+04 9.948827761748895375e-19
3.409285069746814406e+04 8.292852400721574540e-19
3.783462617131928710e+04 6.907799787028023932e-19
4.198707084443910571e+04 5.750111272732022523e-19
4.659525668664683326e+04 4.783065427095213372e-19
5.170920242896761192e+04 3.975090916797732629e-19
5.738441648302398244e+04 3.300997152463207742e-19
6.368249944718585903e+04 2.738427900776767972e-19
7.067181273927491566e+04 2.269464548511096061e-19
7.842822061337680498e+04 1.878787028459567766e-19
8.703591361485165544e+04 1.553704104418292655e-19
9.658832241158708348e+04 1.283344824556154399e-19
1.071891319205127511e+05 1.058826338052045135e-19
1.189534067370319535e+05 8.726015221337623532e-20
1.320088400831418112e+05 7.182397270371531693e-20
1.464971398307286145e+05 5.905341730562750855e-20
1.625755666443794908e+05 4.850166912808333836e-20
1.804186409392071655e+05 3.980308936279117968e-20
2.002200371815584658e+05 3.263571297059582534e-20
2.221946860939523904e+05 2.674123323942364122e-20
2.465811075822604180e+05 2.189908838129634633e-20
2.736439997074671555e+05 1.792297273142647151e-20
3.036771118035460822e+05 1.465943672028135958e-20
3.370064329271928291e+05 1.198346639738543500e-20
3.739937302478798083e+05 9.786641768759979760e-21
4.150404757850476308e+05 7.987293022740905276e-21
4.605922041145108524e+05 6.512229131932434952e-21
5.111433483440171112e+05 5.304635068981980578e-21
5.672426068491977639e+05 4.316280227948350679e-21
6.294988990221888525e+05 3.507489847301617015e-21
6.985879746785250027e+05 2.846676422443149033e-21
7.752597488629464060e+05 2.307018588553706688e-21
8.603464416684507160e+05 1.866646100216988995e-21
9.547716114208066138e+05 1.507990394301938136e-21
1.059560179277617019e+06 1.215698488844621580e-21
1.175849554052158026e+06 9.778916173045069650e-22
1.304901978014401859e+06 7.849057591627954773e-22
1.448118227674532915e+06 6.284031913221362830e-22
1.607052818261638284e+06 5.016593418581830612e-22
1.783430876931909472e+06 3.992844993337120816e-22
1.979166867853557458e+06 3.167264850866629201e-22
2.196385372416546568e+06 2.502963300365522509e-22
2.437444150122222025e+06 1.970258266895395746e-22
2.704959730463137385e+06 1.544144230092935540e-22
3.001835813575591892e+06 1.203657213853249201e-22
3.331294787934676744e+06 9.331252327288988050e-23
3.696912707195031922e+06 7.190849245521321974e-23
4.102658105827190448e+06 5.507284555926020049e-23
4.552935074866947718e+06 4.190412180496210154e-23
5.052631065335679799e+06 3.161415578666554219e-23
5.607169938205458224e+06 2.365469157351421992e-23
6.222570836730230600e+06 1.755104408142816731e-23
6.905513520162330940e+06 1.289977679743341557e-23
7.663410868007462472e+06 9.386071391953689526e-24
8.504489341802684590e+06 6.760054444757417570e-24
9.437878277775391936e+06 4.820774885399904867e-24
1.047370897959450819e+07 3.402202281373549221e-24
1.162322468679854274e+07 2.374781033477783650e-24
1.289890261253307760e+07 1.638535058924635410e-24
1.431458937523478456e+07 1.114606755689757310e-24
1.588565129428052530e+07 7.441609011059937555e-25
1.762914118095947802e+07 4.831930851873633641e-25
1.956398343517064676e+07 3.008233891300892951e-25
2.171117945694505423e+07 1.752338861712601960e-25
2.409403560239527002e+07 9.198192320542064242e-26
2.673841615839949250e+07 4.052892677750997106e-26
2.967302408188872784e+07 1.289418922759362029e-26
3.292971255097155273e+07 2.108036090698895006e-27
3.654383070957254618e+07 2.228752986651760770e-28
