1.000000000000000000e+02 1.963911577703025768e-14
1.109752496412072134e+02 1.690293841946651899e-14
1.231550603292826196e+02 1.453650031722957985e-14
1.366716356462005990e+02 1.248886527062359435e-14
1.516716888470922413e+02 1.072197661519551972e-14
1.683180353330956791e+02 9.195631570158599310e-15
1.867913599020782840e+02 7.879759383288877260e-15
2.072921779595371845e+02 6.746705155355729347e-15
2.300430119772916839e+02 5.769256457916380154e-15
2.552908068239516410e+02 4.929707060087867199e-15
2.833096101839323637e+02 4.206619645354698460e-15
3.144035471591500368e+02 3.587089085931272233e-15
3.489101213406774491e+02 3.054434020159871223e-15
3.872038781812557318e+02 2.599024789480025591e-15
4.297004704320843871e+02 2.208312901165031254e-15
4.768611697714468960e+02 1.874737603764894884e-15
5.291978735958442712e+02 1.589304482317300595e-15
5.872786613189482523e+02 1.345966623596349099e-15
6.517339604882420190e+02 1.138419418138537715e-15
7.232633896483533817e+02 9.618567859153484418e-16
8.026433522257173081e+02 8.117331054288391960e-16
8.907354638610439679e+02 6.841548680456087379e-16
9.884959046625587007e+02 5.759996516539656663e-16
1.096985797892383971e+03 4.843360883397194696e-16
1.217382727739662187e+03 4.068667472131433897e-16
1.350993521198027793e+03 3.413778497115439678e-16
1.499268432786045423e+03 2.861755074132815247e-16
1.663816886076128640e+03 2.395834992873444890e-16
1.846424942895544291e+03 2.004512287575633359e-16
2.049074689815845886e+03 1.674837568168413539e-16
2.273965752357927613e+03 1.398797128484721505e-16
2.523539170434765765e+03 1.167317247702881769e-16
2.800503894183631019e+03 9.732311379740351776e-17
3.107866187782013640e+03 8.110362088043572773e-17
3.448962260405759935e+03 6.754027551156704889e-17
3.827494478516314757e+03 5.622347377105575285e-17
4.247571552536898707e+03 4.677481808569413174e-17
4.713753134116724141e+03 3.889554276115368077e-17
5.231099308056262998e+03 3.233330746966279058e-17
5.805225516094896193e+03 2.686281446679178925e-17
6.442363508721369726e+03 2.231242232320464218e-17
7.149428986597576113e+03 1.852298988529424510e-17
7.934096665797491369e+03 1.536930714927519537e-17
8.804883581643463913e+03 1.274779983196880544e-17
9.771241535346502133e+03 1.056704711732576736e-17
1.084365968689610963e+04 8.753208687812830396e-18
1.203377840777589154e+04 7.247149654381558501e-18
1.335451562929898682e+04 5.995280503591016049e-18
1.482020705798858762e+04 4.955453235224038629e-18
1.644676177994664249e+04 4.093644365318673752e-18
1.825183494319044257e+04 3.378343603163271314e-18
2.025501939230666540e+04 2.785072192526511057e-18
2.247805833548725059e+04 2.294016786355328693e-18
2.494508135230316839e+04 1.887454491620681752e-18
2.768286630392066581e+04 1.551213277694023611e-18
3.072112998861759115e+04 1.273431250398183952e-18
3.409285069746814406e+04 1.043965073501090764e-18
3.783462617131928710e+04 8.546924544080534853e-19
4.198707084443910571e+04 6.987440164859884240e-19
4.659525668664683326e+04 5.704208471931152961e-19
5.170920242896761192e+04 4.648392756111189806e-19
5.738441648302398244e+04 3.782498908475869655e-19
6.368249944718585903e+04 3.071239365249962820e-19
7.067181273927491566e+04 2.489086035389671959e-19
7.842822061337680498e+04 2.013118997801338170e-19
8.703591361485165544e+04 1.624417539057662662e-19
9.658832241158708348e+04 1.307918578384677993e-19
1.071891319205127511e+05 1.050348999986567209e-19
1.189534067370319535e+05 8.409883496552380808e-20
1.320088400831418112e+05 6.715015130730826683e-20
1.464971398307286145e+05 5.346944105471104752e-20
1.625755666443794908e+05 4.243309906482723681e-20
1.804186409392071655e+05 3.356529226143235219e-20
2.002200371815584658e+05 2.645972170708317081e-20
2.221946860939523904e+05 2.078492029267390967e-20
2.465811075822604180e+05 1.626660429243639583e-20
2.736439997074671555e+05 1.268474713261582535e-20
3.036771118035460822e+05 9.853602625360043590e-21
3.370064329271928291e+05 7.627853161918696256e-21
3.739937302478798083e+05 5.884085171191952026e-21
4.150404757850476308e+05 4.523860073378128349e-21
4.605922041145108524e+05 3.468299433721669188e-21
5.111433483440171112e+05 2.653428126816690425e-21
5.672426068491977639e+05 2.026247185382447066e-21
6.294988990221888525e+05 1.545438376338777297e-21
6.985879746785250027e+05 1.177242045641611342e-21
7.752597488629464060e+05 8.957024809514400916e-22
8.603464416684507160e+05 6.808434720651498555e-22
9.547716114208066138e+05 5.169378160555825510e-22
1.059560179277617019e+06 3.920992896076730191e-22
1.175849554052158026e+06 2.971997619632538580e-22
1.304901978014401859e+06 2.250568142159678628e-22
1.448118227674532915e+06 1.703062221729719883e-22
1.607052818261638284e+06 1.287974365823871304e-22
1.783430876931909472e+06 9.733482240640619682e-23
1.979166867853557458e+06 7.351941488109974827e-23
2.196385372416546568e+06 5.549586890259809632e-23
2.437444150122222025e+06 4.187393244453495717e-23
2.704959730463137385e+06 3.158139541964634814e-23
3.001835813575591892e+06 2.380839212864208760e-23
3.331294787934676744e+06 1.793916140349683375e-23
3.696912707195031922e+06 1.351314551149836702e-23
4.102658105827190448e+06 1.017419880445961160e-23
4.552935074866947718e+06 7.657899294590005261e-24
5.052631065335679799e+06 5.760568182263153741e-24
5.607169938205458224e+06 4.331680119379052444e-24
6.222570836730230600e+06 3.255552966961159847e-24
6.905513520162330940e+06 2.445645312081208578e-24
7.663410868007462472e+06 1.836113442677640126e-24
8.504489341802684590e+06 1.377674600315937788e-24
9.437878277775391936e+06 1.033114798323246149e-24
1.047370897959450819e+07 7.739752956978249805e-25
1.162322468679854274e+07 5.795122411752746381e-25
1.289890261253307760e+07 4.334418279402307435e-25
1.431458937523478456e+07 3.239051881563011921e-25
1.588565129428052530e+07 2.418260639627740565e-25
1.762914118095947802e+07 1.803306379790027811e-25
1.956398343517064676e+07 1.342941930485210847e-25
2.171117945694505423e+07 9.989916979671483661e-26
2.409403560239527002e+07 7.418740309504960172e-26
2.673841615839949250e+07 5.501324480542838994e-26
2.967302408188872784e+07 4.072691731215070848e-26
3.292971255097155273e+07 3.009061409744053306e-26
3.654383070957254618e+07 2.219007046848685828e-26
4.055460735840827972e+07 1.632935907738335481e-26
4.500557675700496882e+07 1.198530114830625607e-26
4.994505115855139494e+07 8.774920822151235448e-27
5.542664520663107187e+07 6.405930611091729356e-27
6.150985788580504060e+07 4.661559726403720176e-27
6.826071834272393584e+07 3.380996273138928007e-27
7.575250258771920204e+07 2.442088048074615716e-27
8.406652885618332028e+07 1.756759979796716679e-27
9.329304026284696162e+07 1.257276582767577342e-27
1.035321843295663744e+08 8.949750311259636113e-28
1.148951000187308788e+08 6.331503442592610073e-28
1.275051240713012964e+08 4.446873355200520062e-28
1.414991297434575856e+08 3.097517127787397436e-28
1.570290124729377627e+08 2.136564424915378986e-28
1.742633386009651124e+08 1.457139589557683579e-28
1.933891750455232263e+08 9.795683403645789402e-29
2.146141197858406007e+08 6.476848398610461284e-29
2.381685551976160705e+08 4.192003565938026167e-29
2.643081486974108517e+08 2.639869038559326371e-29
2.933166278390048146e+08 1.603303433256910041e-29
3.255088599835056663e+08 9.256835534117424579e-30
3.612342699709430337e+08 4.967103630853357240e-30
4.008806328898465633e+08 2.372278697451593015e-30
4.448782831127585173e+08 9.219511213283333486e-31
4.937047852839003801e+08 2.337946722361579433e-31
5.478901179593944550e+08 2.472999340647636443e-32
