1.000000000000000000e+02 3.456141769135041495e-15
1.109752496412072134e+02 2.883189491539628024e-15
1.231550603292826196e+02 2.432413386201315054e-15
1.366716356462005990e+02 2.071813058511829163e-15
1.516716888470922413e+02 1.778494402769611190e-15
1.683180353330956791e+02 1.535290702314021128e-15
1.867913599020782840e+02 1.330479412590339152e-15
2.072921779595371845e+02 1.155502367294428872e-15
2.300430119772916839e+02 1.004472755303476987e-15
2.552908068239516410e+02 8.731608279134506991e-16
2.833096101839323637e+02 7.581963105380672796e-16
3.144035471591500368e+02 6.573012865734108995e-16
3.489101213406774491e+02 5.687282109112453785e-16
3.872038781812557318e+02 4.912020731008651910e-16
4.297004704320843871e+02 4.228983873961591559e-16
4.768611697714468960e+02 3.625177228205830018e-16
5.291978735958442712e+02 3.102422994878288707e-16
5.872786613189482523e+02 2.646365435424405669e-16
6.517339604882420190e+02 2.245031710404438539e-16
7.232633896483533817e+02 1.899136553667457944e-16
8.026433522257173081e+02 1.601272931832408561e-16
8.907354638610439679e+02 1.343763646115407710e-16
9.884959046625587007e+02 1.122094469226832931e-16
1.096985797892383971e+03 9.337597739405481955e-17
1.217382727739662187e+03 7.731082722005548043e-17
1.350993521198027793e+03 6.382733584952719846e-17
1.499268432786045423e+03 5.249022605387335827e-17
1.663816886076128640e+03 4.291804114772307840e-17
1.846424942895544291e+03 3.497672010161427864e-17
2.049074689815845886e+03 2.845616903406702225e-17
2.273965752357927613e+03 2.313330377383131471e-17
2.523539170434765765e+03 1.878192604426895405e-17
2.800503894183631019e+03 1.520299901832310068e-17
3.107866187782013640e+03 1.232383091082570972e-17
3.448962260405759935e+03 1.001679952415362359e-17
3.827494478516314757e+03 8.156282044429564281e-18
4.247571552536898707e+03 6.656960282674566932e-18
4.713753134116724141e+03 5.446593866908208875e-18
5.231099308056262998e+03 4.472633257049502881e-18
5.805225516094896193e+03 3.677756559772257571e-18
6.442363508721369726e+03 3.026717586570922485e-18
7.149428986597576113e+03 2.491698046111444625e-18
7.934096665797491369e+03 2.047150959384181864e-18
8.804883581643463913e+03 1.678764180319730004e-18
9.771241535346502133e+03 1.372709118587147861e-18
1.084365968689610963e+04 1.118597251528769252e-18
1.203377840777589154e+04 9.077308674735702973e-19
1.335451562929898682e+04 7.351156445253826709e-19
1.482020705798858762e+04 5.946833858239006132e-19
1.644676177994664249e+04 4.817010696769033731e-19
1.825183494319044257e+04 3.918952380050822682e-19
2.025501939230666540e+04 3.211580489568840157e-19
2.247805833548725059e+04 2.645139383930193399e-19
2.494508135230316839e+04 2.191250041349666594e-19
2.768286630392066581e+04 1.820244526828783484e-19
3.072112998861759115e+04 1.513342650557155420e-19
3.409285069746814406e+04 1.258335875929192386e-19
3.783462617131928710e+04 1.045216818842692828e-19
4.198707084443910571e+04 8.677734517802233646e-20
4.659525668664683326e+04 7.194611577022025009e-20
5.170920242896761192e+04 5.959204162488119476e-20
5.738441648302398244e+04 4.929816189350777722e-20
6.368249944718585903e+04 4.071797514919264621e-20
7.067181273927491566e+04 3.359309774194552407e-20
7.842822061337680498e+04 2.766617359527591743e-20
8.703591361485165544e+04 2.275773024144093527e-20
9.658832241158708348e+04 1.868612834736390671e-20
1.071891319205127511e+05 1.531974693669150977e-20
1.189534067370319535e+05 1.253914097300268282e-20
1.320088400831418112e+05 1.024377343648399282e-20
1.464971398307286145e+05 8.355874564431300157e-21
1.625755666443794908e+05 6.802992233186406379e-21
1.804186409392071655e+05 5.529910147093896973e-21
2.002200371815584658e+05 4.487637730138171604e-21
2.221946860939523904e+05 3.635663142264371502e-21
2.465811075822604180e+05 2.940005462705209610e-21
2.736439997074671555e+05 2.373925605123279179e-21
3.036771118035460822e+05 1.912591767759658766e-21
3.370064329271928291e+05 1.538374239543465146e-21
3.739937302478798083e+05 1.234734582066959083e-21
4.150404757850476308e+05 9.889661054428514772e-22
4.605922041145108524e+05 7.905048327716965208e-22
5.111433483440171112e+05 6.302029958146281296e-22
5.672426068491977639e+05 5.013843164013645128e-22
6.294988990221888525e+05 3.977150979895322955e-22
6.985879746785250027e+05 3.146897151874849525e-22
7.752597488629464060e+05 2.483884409945260896e-22
8.603464416684507160e+05 1.953343254176677803e-22
9.547716114208066138e+05 1.532286415551524474e-22
1.059560179277617019e+06 1.198611577013795937e-22
1.175849554052158026e+06 9.340958793028121128e-23
1.304901978014401859e+06 7.254613246180863877e-23
1.448118227674532915e+06 5.616368680745040009e-23
1.607052818261638284e+06 4.331919612824395396e-23
1.783430876931909472e+06 3.328521016330037418e-23
1.979166867853557458e+06 2.548485698081343707e-23
2.196385372416546568e+06 1.944324640643503851e-23
2.437444150122222025e+06 1.477698670684982415e-23
2.704959730463137385e+06 1.119028932090292080e-23
3.001835813575591892e+06 8.444145785301956714e-24
3.331294787934676744e+06 6.351007646378489612e-24
3.696912707195031922e+06 4.759786412778253883e-24
4.102658105827190448e+06 3.556200687462789368e-24
4.552935074866947718e+06 2.648205777351895794e-24
5.052631065335679799e+06 1.966055368089728576e-24
5.607169938205458224e+06 1.455035838792435854e-24
6.222570836730230600e+06 1.073379650542163508e-24
6.905513520162330940e+06 7.892805596945439214e-25
7.663410868007462472e+06 5.783186826116571004e-25
8.504489341802684590e+06 4.221510812209088126e-25
9.437878277775391936e+06 3.067073145811558601e-25
1.047370897959450819e+07 2.218448869059400917e-25
1.162322468679854274e+07 1.596073385868727566e-25
1.289890261253307760e+07 1.140806116808201406e-25
1.431458937523478456e+07 8.097082109837941643e-26
1.588565129428052530e+07 5.699484050493786673e-26
1.762914118095947802e+07 3.974902413794230016e-26
1.956398343517064676e+07 2.742237758048439094e-26
2.171117945694505423e+07 1.868326138757338028e-26
2.409403560239527002e+07 1.254522921224531660e-26
2.673841615839949250e+07 8.287960308150564631e-27
2.967302408188872784e+07 5.368888571528005469e-27
3.292971255097155273e+07 3.404863692701952037e-27
3.654383070957254618e+07 2.103478608555990442e-27
4.055460735840827972e+07 1.262025411166804010e-27
4.500557675700496882e+07 7.297710183081387184e-28
4.994505115855139494e+07 4.025390210726283498e-28
5.542664520663107187e+07 2.067315749250475985e-28
6.150985788580504060e+07 9.363855943259963718e-29
6.826071834272393584e+07 3.274039154781700854e-29
7.575250258771920204e+07 5.634069051548851468e-30
8.406652885618332028e+07 4.401040122423553454e-32
