1.000000000000000000e+02 1.324585310509514946e-13
1.109752496412072134e+02 1.129309678920588187e-13
1.231550603292826196e+02 9.615669115876012517e-14
1.366716356462005990e+02 8.173456668972563320e-14
1.516716888470922413e+02 6.936101359429145017e-14
1.683180353330956791e+02 5.879805407102638165e-14
1.867913599020782840e+02 4.974927612569801843e-14
2.072921779595371845e+02 4.202865480184267910e-14
2.300430119772916839e+02 3.547024873909296959e-14
2.552908068239516410e+02 2.988661757032582571e-14
2.833096101839323637e+02 2.515576816927950185e-14
3.144035471591500368e+02 2.115125502206634362e-14
3.489101213406774491e+02 1.776422717858469287e-14
3.872038781812557318e+02 1.491027272853921844e-14
4.297004704320843871e+02 1.250181623087774184e-14
4.768611697714468960e+02 1.047839604035124974e-14
5.291978735958442712e+02 8.778735004157691847e-15
5.872786613189482523e+02 7.349463983011721238e-15
6.517339604882420190e+02 6.151696598806420292e-15
7.232633896483533817e+02 5.147817056744497888e-15
8.026433522257173081e+02 4.306577077552141332e-15
8.907354638610439679e+02 3.602345471497631011e-15
9.884959046625587007e+02 3.012783632295223696e-15
1.096985797892383971e+03 2.519432781659226023e-15
1.217382727739662187e+03 2.106223036137750794e-15
1.350993521198027793e+03 1.760696927500351985e-15
1.499268432786045423e+03 1.471669035401210599e-15
1.663816886076128640e+03 1.229731547944746056e-15
1.846424942895544291e+03 1.027575315533934667e-15
2.049074689815845886e+03 8.583963763337897160e-16
2.273965752357927613e+03 7.169556540027690913e-16
2.523539170434765765e+03 5.987408583549720698e-16
2.800503894183631019e+03 4.998946707116567361e-16
3.107866187782013640e+03 4.173193710876633807e-16
3.448962260405759935e+03 3.483050747188315169e-16
3.827494478516314757e+03 2.906837585994995248e-16
4.247571552536898707e+03 2.425490883119924601e-16
4.713753134116724141e+03 2.023412507996381721e-16
5.231099308056262998e+03 1.687705331263993473e-16
5.805225516094896193e+03 1.407710759898611319e-16
6.442363508721369726e+03 1.173905732153694310e-16
7.149428986597576113e+03 9.788638524397189632e-17
7.934096665797491369e+03 8.161162653893914001e-17
8.804883581643463913e+03 6.803150434777310028e-17
9.771241535346502133e+03 5.670316257921827435e-17
1.084365968689610963e+04 4.725683701126840501e-17
1.203377840777589154e+04 3.938105438408584690e-17
1.335451562929898682e+04 3.280778479127026567e-17
1.482020705798858762e+04 2.732889036352081901e-17
1.644676177994664249e+04 2.276135903039287518e-17
1.825183494319044257e+04 1.894980761574697456e-17
2.025501939230666540e+04 1.577723430226362824e-17
2.247805833548725059e+04 1.313102030080657140e-17
2.494508135230316839e+04 1.092651225151383195e-17
2.768286630392066581e+04 9.088593984620573640e-18
3.072112998861759115e+04 7.557978970723336873e-18
3.409285069746814406e+04 6.283602249457803229e-18
3.783462617131928710e+04 5.229933431989670554e-18
4.198707084443910571e+04 4.338336804619845874e-18
4.659525668664683326e+04 3.602585851968645964e-18
5.170920242896761192e+04 2.990590150122713527e-18
5.738441648302398244e+04 2.481375007314746273e-18
6.368249944718585903e+04 2.058030456620475156e-18
7.067181273927491566e+04 1.706294411099311149e-18
7.842822061337680498e+04 1.413914305824888097e-18
8.703591361485165544e+04 1.171073462161468264e-18
9.658832241158708348e+04 9.696478975539586751e-19
1.071891319205127511e+05 8.023458955845077661e-19
1.189534067370319535e+05 6.636322589113052274e-19
1.320088400831418112e+05 5.486801773755375259e-19
1.464971398307286145e+05 4.534756198975411528e-19
1.625755666443794908e+05 3.746439267640884040e-19
1.804186409392071655e+05 3.093625445274897963e-19
2.002200371815584658e+05 2.554014777569763103e-19
2.221946860939523904e+05 2.107406489559103332e-19
2.465811075822604180e+05 1.738286023488293224e-19
2.736439997074671555e+05 1.433279290949745980e-19
3.036771118035460822e+05 1.181063748900987236e-19
3.370064329271928291e+05 9.728421652493625841e-20
3.739937302478798083e+05 8.009932405481402244e-20
4.150404757850476308e+05 6.591407912532204007e-20
4.605922041145108524e+05 5.421101739298135679e-20
5.111433483440171112e+05 4.456305953878306274e-20
5.672426068491977639e+05 3.661104804477043178e-20
6.294988990221888525e+05 3.006245830328751337e-20
6.985879746785250027e+05 2.466565447575104396e-20
7.752597488629464060e+05 2.022849914211061281e-20
8.603464416684507160e+05 1.657613846659494845e-20
9.547716114208066138e+05 1.357562222691523935e-20
1.059560179277617019e+06 1.110972217925218820e-20
1.175849554052158026e+06 9.086030530601336315e-21
1.304901978014401859e+06 7.424275882914217447e-21
1.448118227674532915e+06 6.061632215689222418e-21
1.607052818261638284e+06 4.945745643821873268e-21
1.783430876931909472e+06 4.031350625366632385e-21
1.979166867853557458e+06 3.283436827161667489e-21
2.196385372416546568e+06 2.671664074248296630e-21
2.437444150122222025e+06 2.171678004352858566e-21
2.704959730463137385e+06 1.763934650462566577e-21
3.001835813575591892e+06 1.431068182009391187e-21
3.331294787934676744e+06 1.159858971657972817e-21
3.696912707195031922e+06 9.390226303540243917e-22
4.102658105827190448e+06 7.593838451186188840e-22
4.552935074866947718e+06 6.134184046302605201e-22
5.052631065335679799e+06 4.948960701366446876e-22
5.607169938205458224e+06 3.988076875263513979e-22
6.222570836730230600e+06 3.209259923855241964e-22
6.905513520162330940e+06 2.579195856635362794e-22
7.663410868007462472e+06 2.069866949999308726e-22
8.504489341802684590e+06 1.659094409229104467e-22
9.437878277775391936e+06 1.327498348033296416e-22
1.047370897959450819e+07 1.060547557212553536e-22
1.162322468679854274e+07 8.460005928310879146e-23
1.289890261253307760e+07 6.736027957522529871e-23
1.431458937523478456e+07 5.353802045656252932e-23
1.588565129428052530e+07 4.246615357518404517e-23
1.762914118095947802e+07 3.362162015654042676e-23
1.956398343517064676e+07 2.655946325917295025e-23
2.171117945694505423e+07 2.093517326146387998e-23
2.409403560239527002e+07 1.646152850561888426e-23
2.673841615839949250e+07 1.291126910950227337e-23
2.967302408188872784e+07 1.009742365359004285e-23
3.292971255097155273e+07 7.871659947182314711e-24
3.654383070957254618e+07 6.117450744643243020e-24
4.055460735840827972e+07 4.736985361875326297e-24
4.500557675700496882e+07 3.654854679823537335e-24
4.994505115855139494e+07 2.807291477535309015e-24
5.542664520663107187e+07 2.144177177728176457e-24
6.150985788580504060e+07 1.627852646931651858e-24
6.826071834272393584e+07 1.230859943004902098e-24
7.575250258771920204e+07 9.214746738272217132e-25
8.406652885618332028e+07 6.845055221802309723e-25
9.329304026284696162e+07 5.033536039826450862e-25
1.035321843295663744e+08 3.659289345190961495e-25
1.148951000187308788e+08 2.622124242160444642e-25
1.275051240713012964e+08 1.846631471191857325e-25
1.414991297434575856e+08 1.273973458475774296e-25
1.570290124729377627e+08 8.557448030566827771e-26
1.742633386009651124e+08 5.542878382470771731e-26
1.933891750455232263e+08 3.419953041147488679e-26
2.146141197858406007e+08 1.966428061691684235e-26
2.381685551976160705e+08 1.015109489180113568e-26
2.643081486974108517e+08 4.402606552223142758e-27
2.933166278390048146e+08 1.413513150664053662e-27
3.255088599835056663e+08 2.662778028919251739e-28
3.612342699709430337e+08 2.171671555178564344e-29
4.008806328898465633e+08 2.032016660534635855e-31
4.448782831127585173e+08 3.553094448295685810e-38
4.937047852839003801e+08 2.486574679298234884e-49
5.478901179593944550e+08 1.167631960696607077e-77
