1.000000000000000000e+02 8.592862287496030991e-15
1.109752496412072134e+02 7.496262138438786349e-15
1.231550603292826196e+02 6.536233217611144904e-15
1.366716356462005990e+02 5.694453618865789405e-15
1.516716888470922413e+02 4.959345219148025180e-15
1.683180353330956791e+02 4.315330159808480965e-15
1.867913599020782840e+02 3.754001010752644771e-15
2.072921779595371845e+02 3.263452686929932938e-15
2.300430119772916839e+02 2.835782547481094985e-15
2.552908068239516410e+02 2.463007295534220407e-15
2.833096101839323637e+02 2.138467992242538464e-15
3.144035471591500368e+02 1.855822797960232633e-15
3.489101213406774491e+02 1.609781293110609957e-15
3.872038781812557318e+02 1.396058672102096481e-15
4.297004704320843871e+02 1.210085787576340511e-15
4.768611697714468960e+02 1.048600326084238295e-15
5.291978735958442712e+02 9.083235367514716696e-16
5.872786613189482523e+02 7.865040515308609297e-16
6.517339604882420190e+02 6.807258991139830530e-16
7.232633896483533817e+02 5.889569234993537169e-16
8.026433522257173081e+02 5.093173378312779435e-16
8.907354638610439679e+02 4.402364904970643344e-16
9.884959046625587007e+02 3.803437891529636022e-16
1.096985797892383971e+03 3.284558214847659220e-16
1.217382727739662187e+03 2.834510358672334098e-16
1.350993521198027793e+03 2.444946363485074361e-16
1.499268432786045423e+03 2.107627713398812743e-16
1.663816886076128640e+03 1.816020499689476326e-16
1.846424942895544291e+03 1.563610434301843752e-16
2.049074689815845886e+03 1.345643052501547452e-16
2.273965752357927613e+03 1.157269922810362564e-16
2.523539170434765765e+03 9.947444192088672603e-17
2.800503894183631019e+03 8.545800791214606326e-17
3.107866187782013640e+03 7.336967694317313120e-17
3.448962260405759935e+03 6.296596574019569623e-17
3.827494478516314757e+03 5.399981903316319763e-17
4.247571552536898707e+03 4.629878345473375002e-17
4.713753134116724141e+03 3.967216485117593986e-17
5.231099308056262998e+03 3.398141074417005968e-17
5.805225516094896193e+03 2.909395799278880203e-17
6.442363508721369726e+03 2.489797778172368156e-17
7.149428986597576113e+03 2.130207388550733251e-17
7.934096665797491369e+03 1.821701936990444600e-17
8.804883581643463913e+03 1.557241675692320620e-17
9.771241535346502133e+03 1.330738497260169304e-17
1.084365968689610963e+04 1.136775486904783028e-17
1.203377840777589154e+04 9.706468572739840144e-18
1.335451562929898682e+04 8.283836825649935749e-18
1.482020705798858762e+04 7.066546901387960565e-18
1.644676177994664249e+04 6.022578389300661723e-18
1.825183494319044257e+04 5.134068108319246359e-18
2.025501939230666540e+04 4.372502252163911424e-18
2.247805833548725059e+04 3.721427897259331458e-18
2.494508135230316839e+04 3.165061249885196336e-18
2.768286630392066581e+04 2.689995656954791548e-18
3.072112998861759115e+04 2.284681233104148791e-18
3.409285069746814406e+04 1.938792253832746929e-18
3.783462617131928710e+04 1.643976964304615593e-18
4.198707084443910571e+04 1.392876593757783776e-18
4.659525668664683326e+04 1.179034634197613842e-18
5.170920242896761192e+04 9.972067868803238713e-19
5.738441648302398244e+04 8.426224051636116521e-19
6.368249944718585903e+04 7.113941704162167422e-19
7.067181273927491566e+04 6.000848492522039161e-19
7.842822061337680498e+04 5.058198960450146213e-19
8.703591361485165544e+04 4.259990786979210450e-19
9.658832241158708348e+04 3.585318152536859497e-19
1.071891319205127511e+05 3.015846476002144922e-19
1.189534067370319535e+05 2.535241932505710764e-19
1.320088400831418112e+05 2.130221544991273718e-19
1.464971398307286145e+05 1.789163238746258587e-19
1.625755666443794908e+05 1.502042459244980672e-19
1.804186409392071655e+05 1.260525806043069749e-19
2.002200371815584658e+05 1.057288136795107569e-19
2.221946860939523904e+05 8.864888708288909113e-20
2.465811075822604180e+05 7.429120827237967058e-20
2.736439997074671555e+05 6.223346910889717928e-20
3.036771118035460822e+05 5.210868339084306699e-20
3.370064329271928291e+05 4.360605897455036384e-20
3.739937302478798083e+05 3.647809657275263977e-20
4.150404757850476308e+05 3.049587714251685917e-20
4.605922041145108524e+05 2.548467018913923029e-20
5.111433483440171112e+05 2.128755411104779875e-20
5.672426068491977639e+05 1.777250399797034331e-20
6.294988990221888525e+05 1.482916118096388423e-20
6.985879746785250027e+05 1.236711573645002004e-20
7.752597488629464060e+05 1.030844900163946122e-20
8.603464416684507160e+05 8.588028707589016699e-21
9.547716114208066138e+05 7.150428805343789748e-21
1.059560179277617019e+06 5.949680638633808061e-21
1.175849554052158026e+06 4.948109610761558047e-21
1.304901978014401859e+06 4.112960935609821156e-21
1.448118227674532915e+06 3.415855755917833793e-21
1.607052818261638284e+06 2.835318410688468140e-21
1.783430876931909472e+06 2.351142768545072451e-21
1.979166867853557458e+06 1.948930828761149631e-21
2.196385372416546568e+06 1.613691709958999933e-21
2.437444150122222025e+06 1.335064747224548742e-21
2.704959730463137385e+06 1.103322446349384704e-21
3.001835813575591892e+06 9.106861247044778089e-22
3.331294787934676744e+06 7.509262497381608467e-22
3.696912707195031922e+06 6.181157712079667491e-22
4.102658105827190448e+06 5.082066394307357272e-22
4.552935074866947718e+06 4.170312668704805052e-22
5.052631065335679799e+06 3.414289260531155748e-22
5.607169938205458224e+06 2.791625185186596567e-22
6.222570836730230600e+06 2.276338501469103803e-22
6.905513520162330940e+06 1.851336989097154208e-22
7.663410868007462472e+06 1.501540863683883238e-22
8.504489341802684590e+06 1.213845596401624002e-22
9.437878277775391936e+06 9.779858462498027226e-23
1.047370897959450819e+07 7.851424632715435694e-23
1.162322468679854274e+07 6.277229713237374496e-23
1.289890261253307760e+07 4.999472476495541645e-23
1.431458937523478456e+07 3.962532087597463654e-23
1.588565129428052530e+07 3.123330349904480641e-23
1.762914118095947802e+07 2.448395778732638627e-23
1.956398343517064676e+07 1.906019559147927977e-23
2.171117945694505423e+07 1.471684725978469392e-23
2.409403560239527002e+07 1.125602504073086495e-23
2.673841615839949250e+07 8.506550854020640397e-24
2.967302408188872784e+07 6.342800628797683377e-24
3.292971255097155273e+07 4.662413289848622420e-24
3.654383070957254618e+07 3.374923100853866331e-24
4.055460735840827972e+07 2.401499422227711212e-24
4.500557675700496882e+07 1.673930450527173918e-24
4.994505115855139494e+07 1.140306316662464968e-24
5.542664520663107187e+07 7.560011468679084348e-25
6.150985788580504060e+07 4.858033740159874856e-25
6.826071834272393584e+07 3.007859953703259048e-25
7.575250258771920204e+07 1.779154398730043169e-25
8.406652885618332028e+07 9.870742323601332441e-26
9.329304026284696162e+07 4.901345584295616623e-26
1.035321843295663744e+08 1.899975180705868661e-26
1.148951000187308788e+08 3.325386457546954705e-27
