1.000000000000000000e+02 1.695405192885709645e-16
1.109752496412072134e+02 1.492216471813615885e-16
1.231550603292826196e+02 1.312498409166946484e-16
1.366716356462005990e+02 1.153442339551485230e-16
1.516716888470922413e+02 1.012977579938276527e-16
1.683180353330956791e+02 8.887270623867284078e-17
1.867913599020782840e+02 7.791375256671350598e-17
2.072921779595371845e+02 6.825094608762339997e-17
2.300430119772916839e+02 5.972555622809700346e-17
2.552908068239516410e+02 5.222497973381266598e-17
2.833096101839323637e+02 4.562335359824294121e-17
3.144035471591500368e+02 3.982877300103785857e-17
3.489101213406774491e+02 3.472945385622858171e-17
3.872038781812557318e+02 3.026240546475122926e-17
4.297004704320843871e+02 2.634637988928034671e-17
4.768611697714468960e+02 2.292104801422566241e-17
5.291978735958442712e+02 1.992116249683785316e-17
5.872786613189482523e+02 1.730529545017800557e-17
6.517339604882420190e+02 1.501806699836562905e-17
7.232633896483533817e+02 1.302529346369797741e-17
8.026433522257173081e+02 1.128605127242621997e-17
8.907354638610439679e+02 9.772591220156345732e-18
9.884959046625587007e+02 8.455540690736843695e-18
1.096985797892383971e+03 7.310356197689098217e-18
1.217382727739662187e+03 6.315440306427532853e-18
1.350993521198027793e+03 5.450875902592668165e-18
1.499268432786045423e+03 4.701315937179050703e-18
1.663816886076128640e+03 4.051017534373851453e-18
1.846424942895544291e+03 3.487688582381638509e-18
2.049074689815845886e+03 3.000087977954512026e-18
2.273965752357927613e+03 2.578443651327053053e-18
2.523539170434765765e+03 2.214119979930789516e-18
2.800503894183631019e+03 1.899689281274576479e-18
3.107866187782013640e+03 1.628522684290413134e-18
3.448962260405759935e+03 1.394897459996425401e-18
3.827494478516314757e+03 1.193885015360433444e-18
4.247571552536898707e+03 1.021035542103452087e-18
4.713753134116724141e+03 8.727086916996528707e-19
5.231099308056262998e+03 7.456271390641883067e-19
5.805225516094896193e+03 6.367186043625807842e-19
6.442363508721369726e+03 5.434567563320934282e-19
7.149428986597576113e+03 4.637396220873308237e-19
7.934096665797491369e+03 3.956788393993155090e-19
8.804883581643463913e+03 3.376751649885924131e-19
9.771241535346502133e+03 2.882849823536585486e-19
1.084365968689610963e+04 2.461840958952357330e-19
1.203377840777589154e+04 2.101995954822447334e-19
1.335451562929898682e+04 1.794667171559869750e-19
1.482020705798858762e+04 1.531927419638344837e-19
1.644676177994664249e+04 1.307369009706655563e-19
1.825183494319044257e+04 1.115304473761290692e-19
2.025501939230666540e+04 9.509603527934857591e-20
2.247805833548725059e+04 8.102038952372134040e-20
2.494508135230316839e+04 6.898470527052857764e-20
2.768286630392066581e+04 5.871487279225226096e-20
3.072112998861759115e+04 4.992892651131362988e-20
3.409285069746814406e+04 4.242751643010487219e-20
3.783462617131928710e+04 3.601880401267346841e-20
4.198707084443910571e+04 3.056184842864517615e-20
4.659525668664683326e+04 2.590700498283488573e-20
5.170920242896761192e+04 2.193839297571292209e-20
5.738441648302398244e+04 1.855621086574515574e-20
6.368249944718585903e+04 1.568105579647084577e-20
7.067181273927491566e+04 1.323598670770217711e-20
7.842822061337680498e+04 1.115734659354359864e-20
8.703591361485165544e+04 9.390595189706485816e-21
9.658832241158708348e+04 7.893407079882630287e-21
1.071891319205127511e+05 6.620970402520197626e-21
1.189534067370319535e+05 5.545031884138357663e-21
1.320088400831418112e+05 4.634170923869186703e-21
1.464971398307286145e+05 3.864113423704484977e-21
1.625755666443794908e+05 3.214629119229239961e-21
1.804186409392071655e+05 2.667329930855114813e-21
2.002200371815584658e+05 2.206506265557459319e-21
2.221946860939523904e+05 1.819858638531728763e-21
2.465811075822604180e+05 1.495685832599618246e-21
2.736439997074671555e+05 1.224979129085529031e-21
3.036771118035460822e+05 9.990336501192789206e-22
3.370064329271928291e+05 8.112148433981062204e-22
3.739937302478798083e+05 6.558026954683866554e-22
4.150404757850476308e+05 5.279366553365504571e-22
4.605922041145108524e+05 4.219378415139674577e-22
5.111433483440171112e+05 3.356977151222900515e-22
5.672426068491977639e+05 2.659413782142488682e-22
6.294988990221888525e+05 2.089025089126815006e-22
6.985879746785250027e+05 1.638777800286528896e-22
7.752597488629464060e+05 1.268328079673620605e-22
8.603464416684507160e+05 9.838291920250167051e-23
9.547716114208066138e+05 7.557122035965035120e-23
1.059560179277617019e+06 5.801422199464724404e-23
1.175849554052158026e+06 4.432539213692114587e-23
1.304901978014401859e+06 3.386518195231213177e-23
1.448118227674532915e+06 2.583094304894913067e-23
1.607052818261638284e+06 1.972737319075372905e-23
1.783430876931909472e+06 1.507865777011274831e-23
1.979166867853557458e+06 1.154150429107370869e-23
2.196385372416546568e+06 8.838287235891476766e-24
2.437444150122222025e+06 6.754545031700054881e-24
2.704959730463137385e+06 5.149480773490280830e-24
3.001835813575591892e+06 3.895294011151431275e-24
3.331294787934676744e+06 2.912211464722294994e-24
3.696912707195031922e+06 2.145030077858259620e-24
4.102658105827190448e+06 1.548244519514478407e-24
4.552935074866947718e+06 1.089306241704963881e-24
5.052631065335679799e+06 7.409932566204624348e-25
5.607169938205458224e+06 4.843859122977370056e-25
6.222570836730230600e+06 3.013686151255419926e-25
6.905513520162330940e+06 1.788190683343904340e-25
7.663410868007462472e+06 9.801586481751510275e-26
8.504489341802684590e+06 5.144957769699270080e-26
9.437878277775391936e+06 2.633469931345837814e-26
1.047370897959450819e+07 1.339158016267964920e-26
1.162322468679854274e+07 6.960739364965091002e-27
1.289890261253307760e+07 3.937494022678741991e-27
1.431458937523478456e+07 2.445885628198357772e-27
1.588565129428052530e+07 1.573870343627454237e-27
1.762914118095947802e+07 1.013513711096956419e-27
1.956398343517064676e+07 6.445795234703749826e-28
2.171117945694505423e+07 4.031063190058916998e-28
2.409403560239527002e+07 2.475308167260585558e-28
2.673841615839949250e+07 1.491069994409596624e-28
2.967302408188872784e+07 8.791958077654235731e-29
3.292971255097155273e+07 5.054808073995392450e-29
3.654383070957254618e+07 2.797948430406247284e-29
4.055460735840827972e+07 1.446767106903851182e-29
4.500557675700496882e+07 6.558190663598712268e-30
4.994505115855139494e+07 2.250855476348671395e-30
5.542664520663107187e+07 3.539954627569179003e-31
6.150985788580504060e+07 7.108612333519688993e-33
6.826071834272393584e+07 4.341240512204206595e-50
