1.000000000000000000e+02 1.086007637407992942e-11
1.109752496412072134e+02 9.503372121894449083e-12
1.231550603292826196e+02 8.315759453550580475e-12
1.366716356462005990e+02 7.276146774742665249e-12
1.516716888470922413e+02 6.365837011181895122e-12
1.683180353330956791e+02 5.569467494452956162e-12
1.867913599020782840e+02 4.872221576007673718e-12
2.072921779595371845e+02 4.262195384448664326e-12
2.300430119772916839e+02 3.727949265014469585e-12
2.552908068239516410e+02 3.260553734245182435e-12
2.833096101839323637e+02 2.851524737186975812e-12
3.144035471591500368e+02 2.493526615297934627e-12
3.489101213406774491e+02 2.180468531228408948e-12
3.872038781812557318e+02 1.906277279414645434e-12
4.297004704320843871e+02 1.666530890608432939e-12
4.768611697714468960e+02 1.456722955973591385e-12
5.291978735958442712e+02 1.273220586805579692e-12
5.872786613189482523e+02 1.112643892653318874e-12
6.517339604882420190e+02 9.723171120854793075e-13
7.232633896483533817e+02 8.495126528763731549e-13
8.026433522257173081e+02 7.420763823490183300e-13
8.907354638610439679e+02 6.481851254852770383e-13
9.884959046625587007e+02 5.660997335391750161e-13
1.096985797892383971e+03 4.942808543827071974e-13
1.217382727739662187e+03 4.315231965038477757e-13
1.350993521198027793e+03 3.767058832024048028e-13
1.499268432786045423e+03 3.287561027058377123e-13
1.663816886076128640e+03 2.868709304429559149e-13
1.846424942895544291e+03 2.502917680250520227e-13
2.049074689815845886e+03 2.183224065545195938e-13
2.273965752357927613e+03 1.903797943263313010e-13
2.523539170434765765e+03 1.659831787231413060e-13
2.800503894183631019e+03 1.446791655634897192e-13
3.107866187782013640e+03 1.260884090601543153e-13
3.448962260405759935e+03 1.098615659911454280e-13
3.827494478516314757e+03 9.569311046140667679e-14
4.247571552536898707e+03 8.332737083845206244e-14
4.713753134116724141e+03 7.253683220443818999e-14
5.231099308056262998e+03 6.312911313782911497e-14
5.805225516094896193e+03 5.491401240558389182e-14
6.442363508721369726e+03 4.776071611738672497e-14
7.149428986597576113e+03 4.151717705295730506e-14
7.934096665797491369e+03 3.607978908191256749e-14
8.804883581643463913e+03 3.133951722123144717e-14
9.771241535346502133e+03 2.720665847376911636e-14
1.084365968689610963e+04 2.361237338807090073e-14
1.203377840777589154e+04 2.047659822905583466e-14
1.335451562929898682e+04 1.775020988777565381e-14
1.482020705798858762e+04 1.537811905351993135e-14
1.644676177994664249e+04 1.331247304459825306e-14
1.825183494319044257e+04 1.151784153276632214e-14
2.025501939230666540e+04 9.957821488499083550e-15
2.247805833548725059e+04 8.601405120654160111e-15
2.494508135230316839e+04 7.424673087514607972e-15
2.768286630392066581e+04 6.401272578930453226e-15
3.072112998861759115e+04 5.515047770751098093e-15
3.409285069746814406e+04 4.746079425508855621e-15
3.783462617131928710e+04 4.079646887155628398e-15
4.198707084443910571e+04 3.502906854015900884e-15
4.659525668664683326e+04 3.002958902460858684e-15
5.170920242896761192e+04 2.572361750171641474e-15
5.738441648302398244e+04 2.198381884183352351e-15
6.368249944718585903e+04 1.876777419354270185e-15
7.067181273927491566e+04 1.599491592212840818e-15
7.842822061337680498e+04 1.360138672816057804e-15
8.703591361485165544e+04 1.155048641810750683e-15
9.658832241158708348e+04 9.777602365358775647e-16
1.071891319205127511e+05 8.267993617320274029e-16
1.189534067370319535e+05 6.964735190982417715e-16
1.320088400831418112e+05 5.857840307293536652e-16
1.464971398307286145e+05 4.909931339763476078e-16
1.625755666443794908e+05 4.100487687545104620e-16
1.804186409392071655e+05 3.419922236476328785e-16
2.002200371815584658e+05 2.831885125667713507e-16
2.221946860939523904e+05 2.347479197304525378e-16
2.465811075822604180e+05 1.926528583030170022e-16
2.736439997074671555e+05 1.580745790435410956e-16
3.036771118035460822e+05 1.288166315786867906e-16
3.370064329271928291e+05 1.044092525969058588e-16
3.739937302478798083e+05 8.457570843975156369e-17
4.150404757850476308e+05 6.765986976409592649e-17
4.605922041145108524e+05 5.399587451821548422e-17
5.111433483440171112e+05 4.283633192566589000e-17
5.672426068491977639e+05 3.367040305114691772e-17
6.294988990221888525e+05 2.640746603593427392e-17
6.985879746785250027e+05 2.054184533382488925e-17
7.752597488629464060e+05 1.588163102180586782e-17
8.603464416684507160e+05 1.221964149043837549e-17
9.547716114208066138e+05 9.369084800468269874e-18
1.059560179277617019e+06 7.141811718263145920e-18
1.175849554052158026e+06 5.433074665787304560e-18
1.304901978014401859e+06 4.121702673231557273e-18
1.448118227674532915e+06 3.122224666185866599e-18
1.607052818261638284e+06 2.361631484597488365e-18
1.783430876931909472e+06 1.783768305095060385e-18
1.979166867853557458e+06 1.344474247865651796e-18
2.196385372416546568e+06 1.009828780843976288e-18
2.437444150122222025e+06 7.544364731503901294e-19
2.704959730463137385e+06 5.590793608334192265e-19
3.001835813575591892e+06 4.097116845802415254e-19
3.331294787934676744e+06 2.963733639470767499e-19
3.696912707195031922e+06 2.105602349593802961e-19
4.102658105827190448e+06 1.466277588125914311e-19
4.552935074866947718e+06 9.988505041411174797e-20
5.052631065335679799e+06 6.652246034114741390e-20
5.607169938205458224e+06 4.337940903508340365e-20
6.222570836730230600e+06 2.774679218922548677e-20
6.905513520162330940e+06 1.773657561949981972e-20
7.663410868007462472e+06 1.134568127287709034e-20
8.504489341802684590e+06 7.382395222533349375e-21
9.437878277775391936e+06 4.944215006891176831e-21
1.047370897959450819e+07 3.433159300463884505e-21
1.162322468679854274e+07 2.471332048750285121e-21
1.289890261253307760e+07 1.828044170153868987e-21
1.431458937523478456e+07 1.369177687488311552e-21
1.588565129428052530e+07 1.034936061868010467e-21
1.762914118095947802e+07 7.713595309530044433e-22
1.956398343517064676e+07 5.715360819236780048e-22
2.171117945694505423e+07 4.193727269901143369e-22
2.409403560239527002e+07 3.029595362536880392e-22
2.673841615839949250e+07 2.150309615178481177e-22
2.967302408188872784e+07 1.505662703601252682e-22
3.292971255097155273e+07 1.036524473044909722e-22
3.654383070957254618e+07 7.001074268695178346e-23
4.055460735840827972e+07 4.645348700597513494e-23
4.500557675700496882e+07 3.023037946296091284e-23
4.994505115855139494e+07 1.925125003867607812e-23
5.542664520663107187e+07 1.195692848097134177e-23
6.150985788580504060e+07 7.211350383060143818e-24
6.826071834272393584e+07 4.211009185297437427e-24
7.575250258771920204e+07 2.396426924058002085e-24
8.406652885618332028e+07 1.332670330524804534e-24
9.329304026284696162e+07 7.190769040134895160e-25
1.035321843295663744e+08 3.690979265429753441e-25
1.148951000187308788e+08 1.758333637320358161e-25
1.275051240713012964e+08 7.529377745121622457e-26
1.414991297434575856e+08 2.786679200669111144e-26
1.570290124729377627e+08 8.460020112463301799e-27
1.742633386009651124e+08 1.599282502763965605e-27
1.933891750455232263e+08 3.759761159286698681e-29
2.146141197858406007e+08 1.143151910831404903e-32
2.381685551976160705e+08 5.207624632612599350e-38
2.643081486974108517e+08 7.082169526336268195e-42
2.933166278390048146e+08 2.982892873757017575e-45
3.255088599835056663e+08 2.167034312475040739e-48
3.612342699709430337e+08 1.559729420506993864e-51
4.008806328898465633e+08 6.181447033247962663e-55
4.448782831127585173e+08 1.070798699859201147e-58
4.937047852839003801e+08 7.227317376070731932e-63
5.478901179593944550e+08 1.756395287233417090e-67
6.080224261649426222e+08 2.137171457951101162e-72
6.747544053110699654e+08 4.773629109053970875e-78
7.488103857590031624e+08 1.603947929058335356e-84
8.309941949353404045e+08 8.437140772717410887e-92
9.221978823334341049e+08 5.124571053588554267e-100
1.023411402105452657e+09 2.459213847217304114e-109
1.135733358343105316e+09 5.752387883952558235e-120
1.260382929679727316e+09 3.476835622004363548e-132
1.398713102647238731e+09 2.280298619533715839e-146
1.552225357427047968e+09 2.772324378748527492e-163
