1.000000000000000000e+02 5.509580442528144390e-15
1.109752496412072134e+02 4.845303021950540939e-15
1.231550603292826196e+02 4.275223753165612229e-15
1.366716356462005990e+02 3.779531432094767125e-15
1.516716888470922413e+02 3.342803619257289769e-15
1.683180353330956791e+02 2.953980655544655809e-15
1.867913599020782840e+02 2.608227698317631257e-15
2.072921779595371845e+02 2.297989380536001607e-15
2.300430119772916839e+02 2.020425457695704169e-15
2.552908068239516410e+02 1.771124183608805248e-15
2.833096101839323637e+02 1.548539546946789199e-15
3.144035471591500368e+02 1.349169200648973125e-15
3.489101213406774491e+02 1.171926909902308509e-15
3.872038781812557318e+02 1.013847831814796101e-15
4.297004704320843871e+02 8.735117671022427688e-16
4.768611697714468960e+02 7.492152036813764475e-16
5.291978735958442712e+02 6.396546582384720207e-16
5.872786613189482523e+02 5.441663835920204329e-16
6.517339604882420190e+02 4.607516898624636139e-16
7.232633896483533817e+02 3.873096265232669836e-16
8.026433522257173081e+02 3.239195625062929660e-16
8.907354638610439679e+02 2.698205441664743966e-16
9.884959046625587007e+02 2.232779358462695461e-16
1.096985797892383971e+03 1.838772863189259945e-16
1.217382727739662187e+03 1.505838874373032222e-16
1.350993521198027793e+03 1.226439974646970467e-16
1.499268432786045423e+03 9.950592193640818287e-17
1.663816886076128640e+03 8.033725977287941688e-17
1.846424942895544291e+03 6.456504358186767118e-17
2.049074689815845886e+03 5.173512669883625997e-17
2.273965752357927613e+03 4.139083264045922683e-17
2.523539170434765765e+03 3.313566458131549363e-17
2.800503894183631019e+03 2.652405610444737980e-17
3.107866187782013640e+03 2.128222805892881952e-17
3.448962260405759935e+03 1.711441288863716258e-17
3.827494478516314757e+03 1.377257631252299359e-17
4.247571552536898707e+03 1.109839007510072729e-17
4.713753134116724141e+03 8.905660281232337589e-18
5.231099308056262998e+03 7.125780715798853040e-18
5.805225516094896193e+03 5.648121680461394851e-18
6.442363508721369726e+03 4.418837049761183716e-18
7.149428986597576113e+03 3.392053547824048169e-18
7.934096665797491369e+03 2.540407718860361386e-18
8.804883581643463913e+03 1.841041766893115108e-18
9.771241535346502133e+03 1.279686591108401001e-18
1.084365968689610963e+04 8.442195037255645457e-19
1.203377840777589154e+04 5.201504138159955892e-19
1.335451562929898682e+04 2.954762343507842337e-19
1.482020705798858762e+04 1.540548599218848254e-19
1.644676177994664249e+04 7.603062926374373891e-20
1.825183494319044257e+04 3.854877765125273677e-20
2.025501939230666540e+04 2.205806605854771651e-20
2.247805833548725059e+04 1.473982527867690687e-20
2.494508135230316839e+04 1.107121776375302978e-20
2.768286630392066581e+04 8.840672381777479732e-21
3.072112998861759115e+04 7.236065946895293144e-21
3.409285069746814406e+04 5.970490205114106455e-21
3.783462617131928710e+04 4.935512970038854417e-21
4.198707084443910571e+04 4.079666075537856349e-21
4.659525668664683326e+04 3.368758800395606508e-21
5.170920242896761192e+04 2.778500554458571129e-21
5.738441648302398244e+04 2.288765407745450924e-21
6.368249944718585903e+04 1.882897877532609121e-21
7.067181273927491566e+04 1.546713407116459803e-21
7.842822061337680498e+04 1.268683532237218009e-21
8.703591361485165544e+04 1.038802312298325899e-21
9.658832241158708348e+04 8.490375741558711539e-22
1.071891319205127511e+05 6.927059453704246638e-22
1.189534067370319535e+05 5.639344821294271256e-22
1.320088400831418112e+05 4.581319058664887811e-22
1.464971398307286145e+05 3.713230710714218011e-22
1.625755666443794908e+05 3.002697201822482722e-22
1.804186409392071655e+05 2.422563691387174839e-22
2.002200371815584658e+05 1.949855124376851364e-22
2.221946860939523904e+05 1.566359275030568396e-22
2.465811075822604180e+05 1.255306950365632364e-22
2.736439997074671555e+05 1.004577713825563396e-22
3.036771118035460822e+05 8.024834343705967385e-23
3.370064329271928291e+05 6.395907012823545559e-23
3.739937302478798083e+05 5.087937421815144922e-23
4.150404757850476308e+05 4.037012729185486209e-23
4.605922041145108524e+05 3.195612268923132935e-23
5.111433483440171112e+05 2.523093639317942266e-23
5.672426068491977639e+05 1.986176007576635104e-23
6.294988990221888525e+05 1.558987471276676364e-23
6.985879746785250027e+05 1.219277029574130902e-23
7.752597488629464060e+05 9.507448623084685128e-24
8.603464416684507160e+05 7.380926042607499712e-24
9.547716114208066138e+05 5.707005162611823924e-24
1.059560179277617019e+06 4.392984260495308256e-24
1.175849554052158026e+06 3.366374130719009491e-24
1.304901978014401859e+06 2.567081491440536227e-24
1.448118227674532915e+06 1.947025844336271044e-24
1.607052818261638284e+06 1.468280389076399942e-24
1.783430876931909472e+06 1.100583508894864212e-24
1.979166867853557458e+06 8.194578735400824997e-25
2.196385372416546568e+06 6.059220541739816072e-25
2.437444150122222025e+06 4.448143060527376188e-25
2.704959730463137385e+06 3.240020228600583634e-25
3.001835813575591892e+06 2.341537639551538700e-25
3.331294787934676744e+06 1.677822601145833556e-25
3.696912707195031922e+06 1.191841468738315372e-25
4.102658105827190448e+06 8.389261650451397244e-26
4.552935074866947718e+06 5.848898098569848846e-26
5.052631065335679799e+06 4.035932514443393086e-26
5.607169938205458224e+06 2.754915575641457847e-26
6.222570836730230600e+06 1.857934888553213878e-26
6.905513520162330940e+06 1.235946467239943423e-26
7.663410868007462472e+06 8.091980357183233531e-27
8.504489341802684590e+06 5.195442777083976520e-27
9.437878277775391936e+06 3.253423608207266247e-27
1.047370897959450819e+07 1.972554166456264316e-27
1.162322468679854274e+07 1.144007557684715138e-27
1.289890261253307760e+07 6.233974558390810992e-28
1.431458937523478456e+07 3.099295726238362358e-28
1.588565129428052530e+07 1.332844496586794815e-28
1.762914118095947802e+07 4.476850102690036113e-29
1.956398343517064676e+07 9.757503717271890208e-30
2.171117945694505423e+07 1.546480631971245267e-30
2.409403560239527002e+07 1.035039085274255294e-31
