1.000000000000000000e+02 1.000744899294997747e-13
1.109752496412072134e+02 8.589932368962314439e-14
1.231550603292826196e+02 7.356920557487813775e-14
1.366716356462005990e+02 6.293262903186097158e-14
1.516716888470922413e+02 5.376570754551232078e-14
1.683180353330956791e+02 4.585406430581556333e-14
1.867913599020782840e+02 3.906505994566588360e-14
2.072921779595371845e+02 3.324580048638908770e-14
2.300430119772916839e+02 2.827715616037652140e-14
2.552908068239516410e+02 2.403093602904871252e-14
2.833096101839323637e+02 2.041092635156215955e-14
3.144035471591500368e+02 1.733315627169396371e-14
3.489101213406774491e+02 1.472043622613460495e-14
3.872038781812557318e+02 1.250430873001141569e-14
4.297004704320843871e+02 1.062338306758029668e-14
4.768611697714468960e+02 9.026316864531023852e-15
5.291978735958442712e+02 7.675598375897177642e-15
5.872786613189482523e+02 6.527796820875342810e-15
6.517339604882420190e+02 5.555564143455118406e-15
7.232633896483533817e+02 4.728030179172884470e-15
8.026433522257173081e+02 4.026889891529307311e-15
8.907354638610439679e+02 3.429184787648030702e-15
9.884959046625587007e+02 2.920847956664739573e-15
1.096985797892383971e+03 2.487459895870016167e-15
1.217382727739662187e+03 2.117797649923908694e-15
1.350993521198027793e+03 1.803152814308708971e-15
1.499268432786045423e+03 1.533813073144643138e-15
1.663816886076128640e+03 1.304553421172390920e-15
1.846424942895544291e+03 1.108732002363547383e-15
2.049074689815845886e+03 9.417478844622526065e-16
2.273965752357927613e+03 7.994968519075116692e-16
2.523539170434765765e+03 6.779115453866161178e-16
2.800503894183631019e+03 5.747479744999492477e-16
3.107866187782013640e+03 4.867387635418120366e-16
3.448962260405759935e+03 4.119914187677348810e-16
3.827494478516314757e+03 3.485835271281026611e-16
4.247571552536898707e+03 2.947821423067800470e-16
4.713753134116724141e+03 2.492286880548266795e-16
5.231099308056262998e+03 2.106690247563599718e-16
5.805225516094896193e+03 1.780700734804027811e-16
6.442363508721369726e+03 1.505321082870338469e-16
7.149428986597576113e+03 1.272446953691292089e-16
7.934096665797491369e+03 1.075820922389655890e-16
8.804883581643463913e+03 9.093832883584302746e-17
9.771241535346502133e+03 7.687574025301251105e-17
1.084365968689610963e+04 6.498088355500529283e-17
1.203377840777589154e+04 5.491881685330785134e-17
1.335451562929898682e+04 4.640921619648991744e-17
1.482020705798858762e+04 3.921668362940060737e-17
1.644676177994664249e+04 3.312809814826502315e-17
1.825183494319044257e+04 2.798314904097847611e-17
2.025501939230666540e+04 2.362900827678013350e-17
2.247805833548725059e+04 1.994983282871500684e-17
2.494508135230316839e+04 1.683833873615112459e-17
2.768286630392066581e+04 1.420703088823902514e-17
3.072112998861759115e+04 1.198399198028962426e-17
3.409285069746814406e+04 1.010413262145513459e-17
3.783462617131928710e+04 8.516342613556607375e-18
4.198707084443910571e+04 7.173991709628575907e-18
4.659525668664683326e+04 6.040930463057295305e-18
5.170920242896761192e+04 5.083382241337833525e-18
5.738441648302398244e+04 4.275694310086844528e-18
6.368249944718585903e+04 3.593749427769082982e-18
7.067181273927491566e+04 3.018714027029918777e-18
7.842822061337680498e+04 2.533813849251737515e-18
8.703591361485165544e+04 2.125163520211381534e-18
9.658832241158708348e+04 1.781238283438069279e-18
1.071891319205127511e+05 1.491743724176020955e-18
1.189534067370319535e+05 1.248494465696747084e-18
1.320088400831418112e+05 1.044228309416128697e-18
1.464971398307286145e+05 8.729041196009690399e-19
1.625755666443794908e+05 7.292616858309951434e-19
1.804186409392071655e+05 6.090124196206255956e-19
2.002200371815584658e+05 5.082983174386718619e-19
2.221946860939523904e+05 4.240604352718424662e-19
2.465811075822604180e+05 3.536406955089067898e-19
2.736439997074671555e+05 2.948054080178059655e-19
3.036771118035460822e+05 2.456248237089974870e-19
3.370064329271928291e+05 2.045344458791120081e-19
3.739937302478798083e+05 1.702225651090091514e-19
4.150404757850476308e+05 1.415745946046503463e-19
4.605922041145108524e+05 1.177031939486400230e-19
5.111433483440171112e+05 9.779996409006349269e-20
5.672426068491977639e+05 8.117889426007698653e-20
6.294988990221888525e+05 6.733712550144539903e-20
6.985879746785250027e+05 5.580942778883368182e-20
7.752597488629464060e+05 4.623034713677433398e-20
8.603464416684507160e+05 3.824546921792122814e-20
9.547716114208066138e+05 3.160817534385588490e-20
1.059560179277617019e+06 2.609799568114647852e-20
1.175849554052158026e+06 2.152818977999660181e-20
1.304901978014401859e+06 1.772973276111687923e-20
1.448118227674532915e+06 1.458348535064065579e-20
1.607052818261638284e+06 1.197863149953695491e-20
1.783430876931909472e+06 9.819039278481746251e-21
1.979166867853557458e+06 8.038853137549260368e-21
2.196385372416546568e+06 6.567022161332609511e-21
2.437444150122222025e+06 5.353215083941528413e-21
2.704959730463137385e+06 4.353703115186596953e-21
3.001835813575591892e+06 3.531443575152513910e-21
3.331294787934676744e+06 2.856281824208329707e-21
3.696912707195031922e+06 2.303191225874029721e-21
4.102658105827190448e+06 1.850915462835943411e-21
4.552935074866947718e+06 1.481915107660922617e-21
5.052631065335679799e+06 1.182004597456737533e-21
5.607169938205458224e+06 9.388005384611415409e-22
6.222570836730230600e+06 7.422275531713518697e-22
6.905513520162330940e+06 5.840639781178195564e-22
7.663410868007462472e+06 4.572804632487301819e-22
8.504489341802684590e+06 3.561056316899061491e-22
9.437878277775391936e+06 2.755903984289312304e-22
1.047370897959450819e+07 2.118489933399722558e-22
1.162322468679854274e+07 1.617173378118932069e-22
1.289890261253307760e+07 1.223269927311461308e-22
1.431458937523478456e+07 9.150069111529042947e-23
1.588565129428052530e+07 6.794666943696763485e-23
1.762914118095947802e+07 4.960314650664054238e-23
1.956398343517064676e+07 3.583570251073544961e-23
2.171117945694505423e+07 2.553671444025985302e-23
2.409403560239527002e+07 1.798132996811069724e-23
2.673841615839949250e+07 1.247111325923639727e-23
2.967302408188872784e+07 8.496418898921958931e-24
3.292971255097155273e+07 5.668152048175479837e-24
3.654383070957254618e+07 3.685896750025734982e-24
4.055460735840827972e+07 2.325324132986020839e-24
4.500557675700496882e+07 1.414448747816487627e-24
4.994505115855139494e+07 8.251399663262444035e-25
5.542664520663107187e+07 4.592576301279801956e-25
6.150985788580504060e+07 2.429801398033570696e-25
6.826071834272393584e+07 1.218063142128705570e-25
7.575250258771920204e+07 5.747778620740391262e-26
8.406652885618332028e+07 2.510940846120854687e-26
9.329304026284696162e+07 9.564252433933652907e-27
1.035321843295663744e+08 2.541294620229837320e-27
1.148951000187308788e+08 1.410373541330157669e-28
