1.000000000000000000e+02 1.706789386748316633e-11
1.109752496412072134e+02 1.468194755996976504e-11
1.231550603292826196e+02 1.262275413151123627e-11
1.366716356462005990e+02 1.084663017401221296e-11
1.516716888470922413e+02 9.315190846020491527e-12
1.683180353330956791e+02 7.996692811668310219e-12
1.867913599020782840e+02 6.860223383344409757e-12
2.072921779595371845e+02 5.882224038394475330e-12
2.300430119772916839e+02 5.040914590178004097e-12
2.552908068239516410e+02 4.317711622768874083e-12
2.833096101839323637e+02 3.696063930394642692e-12
3.144035471591500368e+02 3.162251994179587770e-12
3.489101213406774491e+02 2.704092668849582941e-12
3.872038781812557318e+02 2.311017929713150725e-12
4.297004704320843871e+02 1.974168891524313674e-12
4.768611697714468960e+02 1.685275524149753757e-12
5.291978735958442712e+02 1.437928974037320223e-12
5.872786613189482523e+02 1.226373139793963435e-12
6.517339604882420190e+02 1.045255439690402457e-12
7.232633896483533817e+02 8.903834039203441900e-13
8.026433522257173081e+02 7.581637023877062023e-13
8.907354638610439679e+02 6.452092912780221661e-13
9.884959046625587007e+02 5.487742452334112242e-13
1.096985797892383971e+03 4.665230060161161298e-13
1.217382727739662187e+03 3.963451546538480292e-13
1.350993521198027793e+03 3.365614624343182221e-13
1.499268432786045423e+03 2.856519591618699982e-13
1.663816886076128640e+03 2.422768845875423241e-13
1.846424942895544291e+03 2.053745821343678093e-13
2.049074689815845886e+03 1.739823872562632826e-13
2.273965752357927613e+03 1.472979502575962469e-13
2.523539170434765765e+03 1.246416136910627448e-13
2.800503894183631019e+03 1.053976086771139483e-13
3.107866187782013640e+03 8.907107117354957173e-14
3.448962260405759935e+03 7.521773124420800354e-14
3.827494478516314757e+03 6.348329628742603781e-14
4.247571552536898707e+03 5.354121946810899433e-14
4.713753134116724141e+03 4.512755730573782760e-14
5.231099308056262998e+03 3.802208201400566606e-14
5.805225516094896193e+03 3.200387436456455029e-14
6.442363508721369726e+03 2.692847419153958232e-14
7.149428986597576113e+03 2.264171415676090173e-14
7.934096665797491369e+03 1.902677983249929707e-14
8.804883581643463913e+03 1.598079501094920692e-14
9.771241535346502133e+03 1.341332498381850556e-14
1.084365968689610963e+04 1.125338765628721200e-14
1.203377840777589154e+04 9.435276354006363050e-15
1.335451562929898682e+04 7.905439711869220293e-15
1.482020705798858762e+04 6.620730506586198625e-15
1.644676177994664249e+04 5.541308334294880242e-15
1.825183494319044257e+04 4.634626605645703906e-15
2.025501939230666540e+04 3.873895696595762353e-15
2.247805833548725059e+04 3.235970242504343822e-15
2.494508135230316839e+04 2.700925841973207611e-15
2.768286630392066581e+04 2.252779922757888401e-15
3.072112998861759115e+04 1.877403889300359053e-15
3.409285069746814406e+04 1.563381151298130144e-15
3.783462617131928710e+04 1.300758425405261066e-15
4.198707084443910571e+04 1.081240520114927862e-15
4.659525668664683326e+04 8.978836598778390115e-16
5.170920242896761192e+04 7.449538521776271618e-16
5.738441648302398244e+04 6.174072099897868324e-16
6.368249944718585903e+04 5.111736549376169922e-16
7.067181273927491566e+04 4.227887396202324434e-16
7.842822061337680498e+04 3.493022672501293555e-16
8.703591361485165544e+04 2.882736713004278624e-16
9.658832241158708348e+04 2.375817629620733378e-16
1.071891319205127511e+05 1.956178140188981399e-16
1.189534067370319535e+05 1.608827072701786811e-16
1.320088400831418112e+05 1.321595567424518118e-16
1.464971398307286145e+05 1.084376419055859231e-16
1.625755666443794908e+05 8.888838130164652266e-17
1.804186409392071655e+05 7.278275787472555064e-17
2.002200371815584658e+05 5.954302448397860718e-17
2.221946860939523904e+05 4.867384362536748542e-17
2.465811075822604180e+05 3.975352984150486295e-17
2.736439997074671555e+05 3.244594948573874506e-17
3.036771118035460822e+05 2.646369479502207092e-17
3.370064329271928291e+05 2.156745727643922318e-17
3.739937302478798083e+05 1.756417640493294330e-17
4.150404757850476308e+05 1.429305849645781971e-17
4.605922041145108524e+05 1.162220035614765040e-17
5.111433483440171112e+05 9.441840978665734559e-18
5.672426068491977639e+05 7.664121656042901080e-18
6.294988990221888525e+05 6.216840739507917752e-18
6.985879746785250027e+05 5.037944366857865075e-18
7.752597488629464060e+05 4.079064131919382604e-18
8.603464416684507160e+05 3.299819731352120861e-18
9.547716114208066138e+05 2.666973869125172174e-18
1.059560179277617019e+06 2.153514147852088995e-18
1.175849554052158026e+06 1.737174120179250985e-18
1.304901978014401859e+06 1.399849793202152205e-18
1.448118227674532915e+06 1.126892227243999943e-18
1.607052818261638284e+06 9.062208814357932913e-19
1.783430876931909472e+06 7.279692067706226776e-19
1.979166867853557458e+06 5.840551752573068417e-19
2.196385372416546568e+06 4.680921072088075147e-19
2.437444150122222025e+06 3.746837920615318671e-19
2.704959730463137385e+06 2.995383854116093174e-19
3.001835813575591892e+06 2.391510991331536335e-19
3.331294787934676744e+06 1.906777268395591334e-19
3.696912707195031922e+06 1.518294161402921530e-19
4.102658105827190448e+06 1.207187821657352618e-19
4.552935074866947718e+06 9.583624950020691564e-20
5.052631065335679799e+06 7.596841074403806893e-20
5.607169938205458224e+06 6.012365515114625368e-20
6.222570836730230600e+06 4.750483448691499864e-20
6.905513520162330940e+06 3.746661051023866128e-20
7.663410868007462472e+06 2.950026957998497026e-20
8.504489341802684590e+06 2.318399526221455043e-20
9.437878277775391936e+06 1.818528662116342793e-20
1.047370897959450819e+07 1.423741167782274521e-20
1.162322468679854274e+07 1.112667231862225734e-20
1.289890261253307760e+07 8.675717805107348334e-21
1.431458937523478456e+07 6.750366815870955937e-21
1.588565129428052530e+07 5.240253893178494590e-21
1.762914118095947802e+07 4.058720609752638989e-21
1.956398343517064676e+07 3.136271641082940483e-21
2.171117945694505423e+07 2.417512454364149622e-21
2.409403560239527002e+07 1.858917913075749148e-21
2.673841615839949250e+07 1.425523833112391088e-21
2.967302408188872784e+07 1.090552028696427773e-21
3.292971255097155273e+07 8.319595767413624535e-22
3.654383070957254618e+07 6.329141459434379357e-22
4.055460735840827972e+07 4.801158199765465909e-22
4.500557675700496882e+07 3.631412064939512713e-22
4.994505115855139494e+07 2.738318285676548768e-22
5.542664520663107187e+07 2.058304439061003451e-22
6.150985788580504060e+07 1.542297396077218194e-22
6.826071834272393584e+07 1.151754046493066991e-22
7.575250258771920204e+07 8.572719333409024873e-23
8.406652885618332028e+07 6.357960695612313470e-23
9.329304026284696162e+07 4.696357271038265765e-23
1.035321843295663744e+08 3.455412131532123122e-23
1.148951000187308788e+08 2.531416387854441395e-23
1.275051240713012964e+08 1.845786084605685090e-23
1.414991297434575856e+08 1.339111453492933147e-23
1.570290124729377627e+08 9.661994525388317089e-24
1.742633386009651124e+08 6.927759303572385211e-24
1.933891750455232263e+08 4.935068328309741906e-24
2.146141197858406007e+08 3.490124826553466056e-24
2.381685551976160705e+08 2.447652176665120564e-24
2.643081486974108517e+08 1.702095008267419266e-24
2.933166278390048146e+08 1.171934113784696304e-24
3.255088599835056663e+08 7.984453567027977914e-25
3.612342699709430337e+08 5.360178588605408711e-25
4.008806328898465633e+08 3.539592683386695324e-25
4.448782831127585173e+08 2.286330616687081744e-25
4.937047852839003801e+08 1.435471890758636592e-25
5.478901179593944550e+08 8.679628116982422915e-26
6.080224261649426222e+08 4.971528047140930818e-26
6.747544053110699654e+08 2.634046486516910285e-26
7.488103857590031624e+08 1.222514519072558425e-26
8.309941949353404045e+08 4.408106037085967916e-27
9.221978823334341049e+08 8.681970356995609561e-28
1.023411402105452657e+09 1.141011791557787950e-32
1.135733358343105316e+09 9.992836776352121404e-54
1.260382929679727316e+09 1.225857620850285214e-127
