1.000000000000000000e+02 1.679013497940493882e-12
1.109752496412072134e+02 1.448539241759408610e-12
1.231550603292826196e+02 1.249196069763008798e-12
1.366716356462005990e+02 1.076621061724454681e-12
1.516716888470922413e+02 9.275109786488658535e-13
1.683180353330956791e+02 7.986117267298814954e-13
1.867913599020782840e+02 6.873098747097363001e-13
2.072921779595371845e+02 5.912101832018433894e-13
2.300430119772916839e+02 5.082623671352238418e-13
2.552908068239516410e+02 4.367319957289414528e-13
2.833096101839323637e+02 3.750562407033521087e-13
3.144035471591500368e+02 3.218777205837867504e-13
3.489101213406774491e+02 2.761182536239796804e-13
3.872038781812557318e+02 2.367348721589311864e-13
4.297004704320843871e+02 2.028309292586936766e-13
4.768611697714468960e+02 1.736834040374859544e-13
5.291978735958442712e+02 1.486533696761245744e-13
5.872786613189482523e+02 1.271382004178502283e-13
6.517339604882420190e+02 1.087092110447838938e-13
7.232633896483533817e+02 9.288068141791337903e-14
8.026433522257173081e+02 7.932924050269429046e-14
8.907354638610439679e+02 6.771899032462846100e-14
9.884959046625587007e+02 5.777956786438733497e-14
1.096985797892383971e+03 4.928257170602321819e-14
1.217382727739662187e+03 4.201808112294628701e-14
1.350993521198027793e+03 3.581461623275473192e-14
1.499268432786045423e+03 3.051617262274537809e-14
1.663816886076128640e+03 2.599465789670149392e-14
1.846424942895544291e+03 2.213720701769661963e-14
2.049074689815845886e+03 1.884674430237202178e-14
2.273965752357927613e+03 1.604378659928716019e-14
2.523539170434765765e+03 1.365190315101593634e-14
2.800503894183631019e+03 1.161771996671563184e-14
3.107866187782013640e+03 9.882043964631578307e-15
3.448962260405759935e+03 8.403479127389282968e-15
3.827494478516314757e+03 7.144952154029310479e-15
4.247571552536898707e+03 6.073516901607188820e-15
4.713753134116724141e+03 5.160762775139591462e-15
5.231099308056262998e+03 4.384438959034894253e-15
5.805225516094896193e+03 3.723173139472984451e-15
6.442363508721369726e+03 3.161025862952465340e-15
7.149428986597576113e+03 2.682542113985792709e-15
7.934096665797491369e+03 2.275864240527709581e-15
8.804883581643463913e+03 1.929867186799803563e-15
9.771241535346502133e+03 1.635816098723143365e-15
1.084365968689610963e+04 1.386056163524337251e-15
1.203377840777589154e+04 1.173779195966360192e-15
1.335451562929898682e+04 9.935954866171804729e-16
1.482020705798858762e+04 8.406707409556525039e-16
1.644676177994664249e+04 7.108788583540334723e-16
1.825183494319044257e+04 6.007672504599095563e-16
2.025501939230666540e+04 5.074706322749129621e-16
2.247805833548725059e+04 4.284009652806623068e-16
2.494508135230316839e+04 3.614208861523532707e-16
2.768286630392066581e+04 3.047333537663348552e-16
3.072112998861759115e+04 2.567844007975201821e-16
3.409285069746814406e+04 2.162361153163762886e-16
3.783462617131928710e+04 1.819762302349937644e-16
4.198707084443910571e+04 1.530448265168861511e-16
4.659525668664683326e+04 1.286415094274561246e-16
5.170920242896761192e+04 1.080559847708690715e-16
5.738441648302398244e+04 9.070835916362326435e-17
6.368249944718585903e+04 7.609488681965077278e-17
7.067181273927491566e+04 6.380306542861181953e-17
7.842822061337680498e+04 5.346854019477540963e-17
8.703591361485165544e+04 4.477795266712625578e-17
9.658832241158708348e+04 3.747745429498902160e-17
1.071891319205127511e+05 3.135146776185726337e-17
1.189534067370319535e+05 2.621512661062453028e-17
1.320088400831418112e+05 2.190913459814619049e-17
1.464971398307286145e+05 1.829880095873672400e-17
1.625755666443794908e+05 1.527477197319599132e-17
1.804186409392071655e+05 1.274232751503685061e-17
2.002200371815584658e+05 1.062341088765297293e-17
2.221946860939523904e+05 8.851714062490702599e-18
2.465811075822604180e+05 7.369626491409518739e-18
2.736439997074671555e+05 6.132031638879456391e-18
3.036771118035460822e+05 5.098207222467730084e-18
3.370064329271928291e+05 4.235262667547389393e-18
3.739937302478798083e+05 3.515433799021495947e-18
4.150404757850476308e+05 2.915578813453781132e-18
4.605922041145108524e+05 2.416310354806697854e-18
5.111433483440171112e+05 2.000536338773665297e-18
5.672426068491977639e+05 1.654699835257871886e-18
6.294988990221888525e+05 1.367259594544561341e-18
6.985879746785250027e+05 1.128646397044034096e-18
7.752597488629464060e+05 9.306639462314283204e-19
8.603464416684507160e+05 7.664924664958824378e-19
9.547716114208066138e+05 6.306370661216455381e-19
1.059560179277617019e+06 5.181998420766201321e-19
1.175849554052158026e+06 4.252601905739872762e-19
1.304901978014401859e+06 3.485901260015171535e-19
1.448118227674532915e+06 2.853507092973335360e-19
1.607052818261638284e+06 2.332284513380439949e-19
1.783430876931909472e+06 1.903922786007281817e-19
1.979166867853557458e+06 1.551984389944621907e-19
2.196385372416546568e+06 1.263016032250372178e-19
2.437444150122222025e+06 1.026276697896487810e-19
2.704959730463137385e+06 8.325844798333149959e-20
3.001835813575591892e+06 6.742610395049547295e-20
3.331294787934676744e+06 5.451486483706941282e-20
3.696912707195031922e+06 4.399212200123592278e-20
4.102658105827190448e+06 3.543247123742734813e-20
4.552935074866947718e+06 2.848709497860075011e-20
5.052631065335679799e+06 2.285633440601815818e-20
5.607169938205458224e+06 1.829945533501618061e-20
6.222570836730230600e+06 1.461900886297567326e-20
6.905513520162330940e+06 1.165514279178894169e-20
7.663410868007462472e+06 9.269320729285316496e-21
8.504489341802684590e+06 7.354503280658102328e-21
9.437878277775391936e+06 5.820331880625212172e-21
1.047370897959450819e+07 4.595006006217903836e-21
1.162322468679854274e+07 3.617636648977610174e-21
1.289890261253307760e+07 2.840374321047769996e-21
1.431458937523478456e+07 2.223867734144407947e-21
1.588565129428052530e+07 1.735976116614652922e-21
1.762914118095947802e+07 1.350894530734618022e-21
1.956398343517064676e+07 1.047915440387923283e-21
2.171117945694505423e+07 8.101610712784621577e-22
2.409403560239527002e+07 6.242045322176712654e-22
2.673841615839949250e+07 4.791638403526298895e-22
2.967302408188872784e+07 3.664652608188157649e-22
3.292971255097155273e+07 2.791560597664925818e-22
3.654383070957254618e+07 2.117799329052463036e-22
4.055460735840827972e+07 1.599719732757649414e-22
4.500557675700496882e+07 1.202804360121753005e-22
4.994505115855139494e+07 8.999868732506234890e-23
5.542664520663107187e+07 6.701587177644081039e-23
6.150985788580504060e+07 4.960991720645914127e-23
6.826071834272393584e+07 3.651897193482522130e-23
7.575250258771920204e+07 2.670654618687927658e-23
8.406652885618332028e+07 1.939548365205104424e-23
9.329304026284696162e+07 1.397623179161507467e-23
1.035321843295663744e+08 9.984008087000692340e-24
1.148951000187308788e+08 7.061332053269215569e-24
1.275051240713012964e+08 4.937732113261936778e-24
1.414991297434575856e+08 3.407390689167098522e-24
1.570290124729377627e+08 2.314442651953893756e-24
1.742633386009651124e+08 1.542081696351678460e-24
1.933891750455232263e+08 1.003194989476523147e-24
2.146141197858406007e+08 6.332634466940813080e-25
2.381685551976160705e+08 3.840626553721196672e-25
2.643081486974108517e+08 2.205837256029147832e-25
2.933166278390048146e+08 1.172292154134617102e-25
3.255088599835056663e+08 5.535449594632339404e-26
3.612342699709430337e+08 2.151104508057664691e-26
4.008806328898465633e+08 5.665767881652458332e-27
4.448782831127585173e+08 1.408210928927228407e-29
