1.000000000000000000e+02 4.466263901272185934e-16
1.109752496412072134e+02 3.886522828027380905e-16
1.231550603292826196e+02 3.377819591085591532e-16
1.366716356462005990e+02 2.932181847793914894e-16
1.516716888470922413e+02 2.541852599345517213e-16
1.683180353330956791e+02 2.200821508992494175e-16
1.867913599020782840e+02 1.902906781085736805e-16
2.072921779595371845e+02 1.642943671988002904e-16
2.300430119772916839e+02 1.417014457124821610e-16
2.552908068239516410e+02 1.220053918928303282e-16
2.833096101839323637e+02 1.049523941585493716e-16
3.144035471591500368e+02 9.016201560645771517e-17
3.489101213406774491e+02 7.734613463577428728e-17
3.872038781812557318e+02 6.629586390924805870e-17
4.297004704320843871e+02 5.675531894202039389e-17
4.768611697714468960e+02 4.854918482351115731e-17
5.291978735958442712e+02 4.149310475251051934e-17
5.872786613189482523e+02 3.543511180524985677e-17
6.517339604882420190e+02 3.024544917715214236e-17
7.232633896483533817e+02 2.580270007930672501e-17
8.026433522257173081e+02 2.200787820794372822e-17
8.907354638610439679e+02 1.876595954767062480e-17
9.884959046625587007e+02 1.600031919574328376e-17
1.096985797892383971e+03 1.364137520063292954e-17
1.217382727739662187e+03 1.163072995895184934e-17
1.350993521198027793e+03 9.913957350437860828e-18
1.499268432786045423e+03 8.451238068616731695e-18
1.663816886076128640e+03 7.201777727135995408e-18
1.846424942895544291e+03 6.135547410714121332e-18
2.049074689815845886e+03 5.224504935316905645e-18
2.273965752357927613e+03 4.446380356786481898e-18
2.523539170434765765e+03 3.782355026683029461e-18
2.800503894183631019e+03 3.214609671151278757e-18
3.107866187782013640e+03 2.730424547708100151e-18
3.448962260405759935e+03 2.317067780625695137e-18
3.827494478516314757e+03 1.964701609400673697e-18
4.247571552536898707e+03 1.664179911823850424e-18
4.713753134116724141e+03 1.411247090337118600e-18
5.231099308056262998e+03 1.190751881579364428e-18
5.805225516094896193e+03 1.005683140059806818e-18
6.442363508721369726e+03 8.486816802723535823e-19
7.149428986597576113e+03 7.152718881328663301e-19
7.934096665797491369e+03 6.023453251852955935e-19
8.804883581643463913e+03 5.067125044126002961e-19
9.771241535346502133e+03 4.257155636839803940e-19
1.084365968689610963e+04 3.574391993527046313e-19
1.203377840777589154e+04 2.996541131799619750e-19
1.335451562929898682e+04 2.509935319405357128e-19
1.482020705798858762e+04 2.099727086592292243e-19
1.644676177994664249e+04 1.754356462281398644e-19
1.825183494319044257e+04 1.463827787723901929e-19
2.025501939230666540e+04 1.219865741569703862e-19
2.247805833548725059e+04 1.014862342414249166e-19
2.494508135230316839e+04 8.432342133493939852e-20
2.768286630392066581e+04 6.992765435351121847e-20
3.072112998861759115e+04 5.792043441115578044e-20
3.409285069746814406e+04 4.786287978623247243e-20
3.783462617131928710e+04 3.950608267935568467e-20
4.198707084443910571e+04 3.252112401809557551e-20
4.659525668664683326e+04 2.674021437007132346e-20
5.170920242896761192e+04 2.192851474133945600e-20
5.738441648302398244e+04 1.795076729729084725e-20
6.368249944718585903e+04 1.466125462264182943e-20
7.067181273927491566e+04 1.194993439593485150e-20
7.842822061337680498e+04 9.714949553272217902e-21
8.703591361485165544e+04 7.882391640857402860e-21
9.658832241158708348e+04 6.377608038066280886e-21
1.071891319205127511e+05 5.152807685942887065e-21
1.189534067370319535e+05 4.148639593632244355e-21
1.320088400831418112e+05 3.335208617741532984e-21
1.464971398307286145e+05 2.672857383052234251e-21
1.625755666443794908e+05 2.138958566587517192e-21
1.804186409392071655e+05 1.707550534773231271e-21
2.002200371815584658e+05 1.360337942623347439e-21
2.221946860939523904e+05 1.081161798263237522e-21
2.465811075822604180e+05 8.573526079851074227e-22
2.736439997074671555e+05 6.783221955223892134e-22
3.036771118035460822e+05 5.350548644354472229e-22
3.370064329271928291e+05 4.209969129723509853e-22
3.739937302478798083e+05 3.300045054501472398e-22
4.150404757850476308e+05 2.576828721790476667e-22
4.605922041145108524e+05 2.003945012196666693e-22
5.111433483440171112e+05 1.549584706555680882e-22
5.672426068491977639e+05 1.191770859332422227e-22
6.294988990221888525e+05 9.103868720236779855e-23
6.985879746785250027e+05 6.906036138449912183e-23
7.752597488629464060e+05 5.194820445911079155e-23
8.603464416684507160e+05 3.871047570700345366e-23
9.547716114208066138e+05 2.855195078510155979e-23
1.059560179277617019e+06 2.081045739889212284e-23
1.175849554052158026e+06 1.499019679218559389e-23
1.304901978014401859e+06 1.064800404682861825e-23
1.448118227674532915e+06 7.453058224314227352e-24
1.607052818261638284e+06 5.138776926524273442e-24
1.783430876931909472e+06 3.486237472011204863e-24
1.979166867853557458e+06 2.328592502195338118e-24
2.196385372416546568e+06 1.531332964126950999e-24
2.437444150122222025e+06 9.901879753393643603e-25
2.704959730463137385e+06 6.276416326095347584e-25
3.001835813575591892e+06 3.884276347606843654e-25
3.331294787934676744e+06 2.339561528824704493e-25
3.696912707195031922e+06 1.363110735520769141e-25
4.102658105827190448e+06 7.638462280335647282e-26
4.552935074866947718e+06 4.098382398737536908e-26
5.052631065335679799e+06 2.094450276306741856e-26
5.607169938205458224e+06 1.014446280587923057e-26
6.222570836730230600e+06 4.626275918133028791e-27
6.905513520162330940e+06 1.970081935253008532e-27
7.663410868007462472e+06 7.721637950301321595e-28
8.504489341802684590e+06 2.715786404162341790e-28
9.437878277775391936e+06 8.342496122433527277e-29
1.047370897959450819e+07 2.196484536372775888e-29
1.162322468679854274e+07 4.841902442978649516e-30
1.289890261253307760e+07 8.739904000598405530e-31
1.431458937523478456e+07 1.265485181692536620e-31
1.588565129428052530e+07 1.441143996935366310e-32
1.762914118095947802e+07 1.265758844546883292e-33
1.956398343517064676e+07 8.404054008283644761e-35
2.171117945694505423e+07 4.127731811942369674e-36
2.409403560239527002e+07 1.465663381053262712e-37
2.673841615839949250e+07 3.664710685449847279e-39
2.967302408188872784e+07 6.262901107605008893e-41
3.292971255097155273e+07 7.070559740295661396e-43
3.654383070957254618e+07 5.071275555228508826e-45
4.055460735840827972e+07 2.208791578012956666e-47
4.500557675700496882e+07 5.538670018627370421e-50
4.994505115855139494e+07 7.509340896383110023e-53
5.542664520663107187e+07 5.116093853848444189e-56
6.150985788580504060e+07 1.609925229902221406e-59
6.826071834272393584e+07 2.121597976155618477e-63
7.575250258771920204e+07 1.042545571519457942e-67
8.406652885618332028e+07 1.662826417018069051e-72
9.329304026284696162e+07 7.306099419697211976e-78
1.035321843295663744e+08 7.278696683628317182e-84
1.148951000187308788e+08 3.823519750509749063e-90
1.275051240713012964e+08 2.242183184868417527e-91
1.414991297434575856e+08 9.539041092951949653e-92
1.570290124729377627e+08 3.427199746192750853e-92
1.742633386009651124e+08 6.535374655402608295e-93
1.933891750455232263e+08 3.550799497199814922e-104
