1.000000000000000000e+02 3.133022145181745373e-14
1.109752496412072134e+02 2.490624468625969544e-14
1.231550603292826196e+02 1.985823512158187665e-14
1.366716356462005990e+02 1.590049753450581648e-14
1.516716888470922413e+02 1.279910706623537231e-14
1.683180353330956791e+02 1.037214776181638925e-14
1.867913599020782840e+02 8.467070494278838008e-15
2.072921779595371845e+02 6.965783524655701970e-15
2.300430119772916839e+02 5.774225035775440864e-15
2.552908068239516410e+02 4.821164882699790009e-15
2.833096101839323637e+02 4.052031699512735000e-15
3.144035471591500368e+02 3.424592834610373495e-15
3.489101213406774491e+02 2.907516626908317418e-15
3.872038781812557318e+02 2.477269422125770526e-15
4.297004704320843871e+02 2.115810753433787495e-15
4.768611697714468960e+02 1.810473556357253098e-15
5.291978735958442712e+02 1.550772299665979266e-15
5.872786613189482523e+02 1.328404907831684017e-15
6.517339604882420190e+02 1.137797506618287528e-15
7.232633896483533817e+02 9.744343327007756991e-16
8.026433522257173081e+02 8.332723900844573151e-16
8.907354638610439679e+02 7.116596625858461836e-16
9.884959046625587007e+02 6.072002974494243836e-16
1.096985797892383971e+03 5.170532280336978314e-16
1.217382727739662187e+03 4.392384029545789330e-16
1.350993521198027793e+03 3.724561768149430724e-16
1.499268432786045423e+03 3.151834031477272350e-16
1.663816886076128640e+03 2.660254680065195837e-16
1.846424942895544291e+03 2.238309030937636873e-16
2.049074689815845886e+03 1.877924040483515101e-16
2.273965752357927613e+03 1.571758137550100669e-16
2.523539170434765765e+03 1.312029904891940167e-16
2.800503894183631019e+03 1.090640872047288774e-16
3.107866187782013640e+03 9.033189692962723392e-17
3.448962260405759935e+03 7.464973746450107494e-17
3.827494478516314757e+03 6.148468501592592796e-17
4.247571552536898707e+03 5.046929190159934347e-17
4.713753134116724141e+03 4.127562720435891345e-17
5.231099308056262998e+03 3.369550617474003146e-17
5.805225516094896193e+03 2.743587615627304941e-17
6.442363508721369726e+03 2.226318393049974766e-17
7.149428986597576113e+03 1.804144431533305238e-17
7.934096665797491369e+03 1.461615309357460422e-17
8.804883581643463913e+03 1.183082274621457653e-17
9.771241535346502133e+03 9.560831841653521071e-18
1.084365968689610963e+04 7.734825111861762860e-18
1.203377840777589154e+04 6.267241892697848880e-18
1.335451562929898682e+04 5.079697216684718604e-18
1.482020705798858762e+04 4.120535061966393449e-18
1.644676177994664249e+04 3.348644041589653395e-18
1.825183494319044257e+04 2.726242292935065520e-18
2.025501939230666540e+04 2.220846565386642594e-18
2.247805833548725059e+04 1.813677426929573140e-18
2.494508135230316839e+04 1.482898409185320883e-18
2.768286630392066581e+04 1.217229189499822354e-18
3.072112998861759115e+04 1.003624094035598977e-18
3.409285069746814406e+04 8.318914086240923844e-19
3.783462617131928710e+04 6.934927304672846438e-19
4.198707084443910571e+04 5.809382150126952915e-19
4.659525668664683326e+04 4.884004475151766153e-19
5.170920242896761192e+04 4.114139884826617289e-19
5.738441648302398244e+04 3.468812467862373087e-19
6.368249944718585903e+04 2.925650585533489683e-19
7.067181273927491566e+04 2.467565178956576613e-19
7.842822061337680498e+04 2.080803209295838561e-19
8.703591361485165544e+04 1.753967871144611619e-19
9.658832241158708348e+04 1.478021022527461588e-19
1.071891319205127511e+05 1.245030954855577625e-19
1.189534067370319535e+05 1.048461717232457654e-19
1.320088400831418112e+05 8.825589375677747452e-20
1.464971398307286145e+05 7.426361888438466326e-20
1.625755666443794908e+05 6.246974302275467432e-20
1.804186409392071655e+05 5.253039915940779737e-20
2.002200371815584658e+05 4.415597284916151350e-20
2.221946860939523904e+05 3.710392136539976437e-20
2.465811075822604180e+05 3.116577611884719268e-20
2.736439997074671555e+05 2.616889881508686698e-20
3.036771118035460822e+05 2.196164203650400439e-20
3.370064329271928291e+05 1.842378188150953378e-20
3.739937302478798083e+05 1.544836792955913241e-20
4.150404757850476308e+05 1.294753920597060775e-20
4.605922041145108524e+05 1.084571738468165822e-20
5.111433483440171112e+05 9.079621982330501989e-21
5.672426068491977639e+05 7.597410329563107072e-21
6.294988990221888525e+05 6.352853223193446710e-21
6.985879746785250027e+05 5.308722494703655748e-21
7.752597488629464060e+05 4.433680212503586359e-21
8.603464416684507160e+05 3.700180066763458388e-21
9.547716114208066138e+05 3.085718658968684635e-21
1.059560179277617019e+06 2.571141097841031809e-21
1.175849554052158026e+06 2.140674936456258780e-21
1.304901978014401859e+06 1.780916075348128448e-21
1.448118227674532915e+06 1.480099437037828080e-21
1.607052818261638284e+06 1.228971057314802010e-21
1.783430876931909472e+06 1.019463462270744190e-21
1.979166867853557458e+06 8.446277439131283321e-22
2.196385372416546568e+06 6.990102708327998261e-22
2.437444150122222025e+06 5.779298919596372776e-22
2.704959730463137385e+06 4.771132064903409562e-22
3.001835813575591892e+06 3.933802915164779558e-22
3.331294787934676744e+06 3.238431741293575372e-22
3.696912707195031922e+06 2.662118919118269364e-22
4.102658105827190448e+06 2.184871681862338381e-22
4.552935074866947718e+06 1.790083471812348683e-22
5.052631065335679799e+06 1.463885640773868274e-22
5.607169938205458224e+06 1.194810635409749941e-22
6.222570836730230600e+06 9.730156582525493982e-23
6.905513520162330940e+06 7.907342970826991706e-23
7.663410868007462472e+06 6.410412176634374465e-23
8.504489341802684590e+06 5.182927101140722876e-23
9.437878277775391936e+06 4.178904654048893527e-23
1.047370897959450819e+07 3.358591272850454184e-23
1.162322468679854274e+07 2.690616327806709600e-23
1.289890261253307760e+07 2.147576873246237962e-23
1.431458937523478456e+07 1.707886817372226214e-23
1.588565129428052530e+07 1.352717999196025528e-23
1.762914118095947802e+07 1.065926002350669988e-23
1.956398343517064676e+07 8.352821056044602120e-24
2.171117945694505423e+07 6.517608921290287357e-24
2.409403560239527002e+07 5.048419948674250107e-24
2.673841615839949250e+07 3.884377253345972917e-24
2.967302408188872784e+07 2.966199954291698065e-24
3.292971255097155273e+07 2.244822655971533939e-24
3.654383070957254618e+07 1.682456815544799067e-24
4.055460735840827972e+07 1.247080595411013600e-24
4.500557675700496882e+07 9.123649041907096782e-25
4.994505115855139494e+07 6.576023645993091625e-25
5.542664520663107187e+07 4.658748232598871649e-25
6.150985788580504060e+07 3.232160774751770078e-25
6.826071834272393584e+07 2.187979954420661311e-25
7.575250258771920204e+07 1.437008702290103366e-25
8.406652885618332028e+07 9.091852022848645478e-26
9.329304026284696162e+07 5.484064821860611382e-26
1.035321843295663744e+08 3.112614647256455947e-26
1.148951000187308788e+08 1.631190091664314257e-26
1.275051240713012964e+08 7.702031042459658890e-27
1.414991297434575856e+08 3.180626536220532892e-27
1.570290124729377627e+08 1.098142516540311720e-27
1.742633386009651124e+08 2.377260691903719515e-28
1.933891750455232263e+08 5.910417194932392527e-31
