1.000000000000000000e+02 9.314685408690170023e-13
1.109752496412072134e+02 8.227629878718762786e-13
1.231550603292826196e+02 7.263834007650771649e-13
1.366716356462005990e+02 6.411422449426104836e-13
1.516716888470922413e+02 5.657506586576239429e-13
1.683180353330956791e+02 4.989323425280787577e-13
1.867913599020782840e+02 4.398312169317025753e-13
2.072921779595371845e+02 3.875568682044942541e-13
2.300430119772916839e+02 3.412810922789968187e-13
2.552908068239516410e+02 3.003484830452531553e-13
2.833096101839323637e+02 2.642337696617785917e-13
3.144035471591500368e+02 2.322487374704185220e-13
3.489101213406774491e+02 2.039804223166570649e-13
3.872038781812557318e+02 1.790583964900182632e-13
4.297004704320843871e+02 1.569958308911357936e-13
4.768611697714468960e+02 1.375899413491157595e-13
5.291978735958442712e+02 1.203925824385751160e-13
5.872786613189482523e+02 1.052817874788797107e-13
6.517339604882420190e+02 9.196085462326080482e-14
7.232633896483533817e+02 8.022236825445330827e-14
8.026433522257173081e+02 6.991903050333960913e-14
8.907354638610439679e+02 6.081442719078560581e-14
9.884959046625587007e+02 5.285583863525598582e-14
1.096985797892383971e+03 4.583664930054432425e-14
1.217382727739662187e+03 3.970677733749900010e-14
1.350993521198027793e+03 3.431552936073430587e-14
1.499268432786045423e+03 2.960634145074673606e-14
1.663816886076128640e+03 2.551526752351362573e-14
1.846424942895544291e+03 2.191105117009666694e-14
2.049074689815845886e+03 1.879434420655378862e-14
2.273965752357927613e+03 1.607454221309328048e-14
2.523539170434765765e+03 1.371992876670858900e-14
2.800503894183631019e+03 1.168175039712245874e-14
3.107866187782013640e+03 9.908290176274694986e-15
3.448962260405759935e+03 8.383859589597686258e-15
3.827494478516314757e+03 7.084455540092353486e-15
4.247571552536898707e+03 5.952316994960155625e-15
4.713753134116724141e+03 4.994174648731601207e-15
5.231099308056262998e+03 4.175114924052257002e-15
5.805225516094896193e+03 3.479218034365275140e-15
6.442363508721369726e+03 2.887924372803069118e-15
7.149428986597576113e+03 2.386674054797888558e-15
7.934096665797491369e+03 1.962477203918907152e-15
8.804883581643463913e+03 1.610986768663238675e-15
9.771241535346502133e+03 1.317256882671403500e-15
1.084365968689610963e+04 1.071496767485110790e-15
1.203377840777589154e+04 8.687033985771430971e-16
1.335451562929898682e+04 7.018635630259159930e-16
1.482020705798858762e+04 5.647204921835154577e-16
1.644676177994664249e+04 4.528196843135058150e-16
1.825183494319044257e+04 3.616540196679372215e-16
2.025501939230666540e+04 2.884541586656576288e-16
2.247805833548725059e+04 2.295123320390159464e-16
2.494508135230316839e+04 1.823714740252616968e-16
2.768286630392066581e+04 1.448840488293505178e-16
3.072112998861759115e+04 1.151502917391064366e-16
3.409285069746814406e+04 9.150784182690280648e-17
3.783462617131928710e+04 7.295313109300046918e-17
4.198707084443910571e+04 5.828494345106016624e-17
4.659525668664683326e+04 4.668373161434013728e-17
5.170920242896761192e+04 3.749651996202100992e-17
5.738441648302398244e+04 3.020950316703927159e-17
6.368249944718585903e+04 2.436959445865932876e-17
7.067181273927491566e+04 1.969922682006176875e-17
7.842822061337680498e+04 1.591400589240112934e-17
8.703591361485165544e+04 1.285515706207947227e-17
9.658832241158708348e+04 1.036349851176313361e-17
1.071891319205127511e+05 8.334677470558125822e-18
1.189534067370319535e+05 6.680026621330834009e-18
1.320088400831418112e+05 5.335149047271644053e-18
1.464971398307286145e+05 4.239233400883664355e-18
1.625755666443794908e+05 3.351787390266053524e-18
1.804186409392071655e+05 2.635771042504217471e-18
2.002200371815584658e+05 2.062330103424790140e-18
2.221946860939523904e+05 1.605260911821834651e-18
2.465811075822604180e+05 1.242135532721467829e-18
2.736439997074671555e+05 9.566827134574083424e-19
3.036771118035460822e+05 7.335430110491016789e-19
3.370064329271928291e+05 5.600298323251893648e-19
3.739937302478798083e+05 4.258596931700713866e-19
4.150404757850476308e+05 3.225009552856130879e-19
4.605922041145108524e+05 2.432554670950130227e-19
5.111433483440171112e+05 1.825230241918297103e-19
5.672426068491977639e+05 1.361034415763106767e-19
6.294988990221888525e+05 1.006145090794855692e-19
6.985879746785250027e+05 7.342513352384610228e-20
7.752597488629464060e+05 5.289284169137361645e-20
8.603464416684507160e+05 3.741275506353473597e-20
9.547716114208066138e+05 2.571549594188410323e-20
1.059560179277617019e+06 1.699429191335215185e-20
1.175849554052158026e+06 1.073684572910302071e-20
1.304901978014401859e+06 6.362384618518489993e-21
1.448118227674532915e+06 3.461237212535231755e-21
1.607052818261638284e+06 1.694114792135058372e-21
1.783430876931909472e+06 7.421161977465744820e-22
1.979166867853557458e+06 2.972624848492174172e-22
2.196385372416546568e+06 1.118452267362299601e-22
2.437444150122222025e+06 4.009563082455559086e-23
2.704959730463137385e+06 1.461307587275934645e-23
3.001835813575591892e+06 6.364007453450160577e-24
3.331294787934676744e+06 3.696415038944623018e-24
3.696912707195031922e+06 2.586721410682693174e-24
4.102658105827190448e+06 1.925822156676559320e-24
4.552935074866947718e+06 1.453101519429584310e-24
5.052631065335679799e+06 1.098324102318326830e-24
5.607169938205458224e+06 8.295229297504294644e-25
6.222570836730230600e+06 6.260031331415368368e-25
6.905513520162330940e+06 4.718074523832313640e-25
7.663410868007462472e+06 3.550045481876918120e-25
8.504489341802684590e+06 2.665723573958084388e-25
9.437878277775391936e+06 1.996860419857503711e-25
1.047370897959450819e+07 1.491728895749208234e-25
1.162322468679854274e+07 1.110857334161138769e-25
1.289890261253307760e+07 8.242749348303778671e-26
1.431458937523478456e+07 6.088493618974061855e-26
1.588565129428052530e+07 4.475993510399612784e-26
1.762914118095947802e+07 3.274909317666640663e-26
1.956398343517064676e+07 2.379082737971461273e-26
2.171117945694505423e+07 1.716964983364608202e-26
2.409403560239527002e+07 1.228662298789020842e-26
2.673841615839949250e+07 8.710930693406445986e-27
2.967302408188872784e+07 6.108834832188190220e-27
3.292971255097155273e+07 4.228268351383726480e-27
3.654383070957254618e+07 2.882489583493684484e-27
4.055460735840827972e+07 1.929815047529395456e-27
4.500557675700496882e+07 1.263918029303907741e-27
4.994505115855139494e+07 8.060536181544549701e-28
5.542664520663107187e+07 4.974196499480227648e-28
6.150985788580504060e+07 2.946594414046244860e-28
6.826071834272393584e+07 1.659039773706805082e-28
7.575250258771920204e+07 8.769217322553966044e-29
8.406652885618332028e+07 4.296146949561670204e-29
9.329304026284696162e+07 1.935610127831551263e-29
1.035321843295663744e+08 8.002971763941797291e-30
1.148951000187308788e+08 2.884340326403379426e-30
1.275051240713012964e+08 6.204854609417404178e-31
1.414991297434575856e+08 6.258277342306430660e-33
