1.000000000000000000e+02 2.428901337631979176e-12
1.109752496412072134e+02 2.072700384391046984e-12
1.231550603292826196e+02 1.767284142454179451e-12
1.366716356462005990e+02 1.505307583849879750e-12
1.516716888470922413e+02 1.280684745530322358e-12
1.683180353330956791e+02 1.088729016702221685e-12
1.867913599020782840e+02 9.245947409875256476e-13
2.072921779595371845e+02 7.842566677309132107e-13
2.300430119772916839e+02 6.645299135903388012e-13
2.552908068239516410e+02 5.625295180398891246e-13
2.833096101839323637e+02 4.756157439311781144e-13
3.144035471591500368e+02 4.017960501375022234e-13
3.489101213406774491e+02 3.390048625330332531e-13
3.872038781812557318e+02 2.857023565103778487e-13
4.297004704320843871e+02 2.405772264952757073e-13
4.768611697714468960e+02 2.023493987126092425e-13
5.291978735958442712e+02 1.700472219569843869e-13
5.872786613189482523e+02 1.427286971318926358e-13
6.517339604882420190e+02 1.196853221189340111e-13
7.232633896483533817e+02 1.003102753970204644e-13
8.026433522257173081e+02 8.396200322618736287e-14
8.907354638610439679e+02 7.022609603287792088e-14
9.884959046625587007e+02 5.871341854091745440e-14
1.096985797892383971e+03 4.903192732641685380e-14
1.217382727739662187e+03 4.092967224963493048e-14
1.350993521198027793e+03 3.415027019358238956e-14
1.499268432786045423e+03 2.846907054542514559e-14
1.663816886076128640e+03 2.372411201473572932e-14
1.846424942895544291e+03 1.975975966778737444e-14
2.049074689815845886e+03 1.644602897458559374e-14
2.273965752357927613e+03 1.368361334706608360e-14
2.523539170434765765e+03 1.137871456811213183e-14
2.800503894183631019e+03 9.456283235367903535e-15
3.107866187782013640e+03 7.855516035803653054e-15
3.448962260405759935e+03 6.520630772770203668e-15
3.827494478516314757e+03 5.410505601557057240e-15
4.247571552536898707e+03 4.485746740439003229e-15
4.713753134116724141e+03 3.717248481335433126e-15
5.231099308056262998e+03 3.077658325213808034e-15
5.805225516094896193e+03 2.547000188456159111e-15
6.442363508721369726e+03 2.106507903869703104e-15
7.149428986597576113e+03 1.740956765879787758e-15
7.934096665797491369e+03 1.437857750013857199e-15
8.804883581643463913e+03 1.186989005235817117e-15
9.771241535346502133e+03 9.791480217742883039e-16
1.084365968689610963e+04 8.072113474249569537e-16
1.203377840777589154e+04 6.650937687671714684e-16
1.335451562929898682e+04 5.478139825428911505e-16
1.482020705798858762e+04 4.508932592294108103e-16
1.644676177994664249e+04 3.709659764430729431e-16
1.825183494319044257e+04 3.050848999098521062e-16
2.025501939230666540e+04 2.507634553740097777e-16
2.247805833548725059e+04 2.060433676632930255e-16
2.494508135230316839e+04 1.692105036268217366e-16
2.768286630392066581e+04 1.388995061785748958e-16
3.072112998861759115e+04 1.139589340668359755e-16
3.409285069746814406e+04 9.345575654340061143e-17
3.783462617131928710e+04 7.660114798809049559e-17
4.198707084443910571e+04 6.274977515278817030e-17
4.659525668664683326e+04 5.137463573416164824e-17
5.170920242896761192e+04 4.203417796331233423e-17
5.738441648302398244e+04 3.437132992263114690e-17
6.368249944718585903e+04 2.808041385500134108e-17
7.067181273927491566e+04 2.293475548998552022e-17
7.842822061337680498e+04 1.871478344245248251e-17
8.703591361485165544e+04 1.525806423625848815e-17
9.658832241158708348e+04 1.243245399226526815e-17
1.071891319205127511e+05 1.012101539381605545e-17
1.189534067370319535e+05 8.232398754863547460e-18
1.320088400831418112e+05 6.689906802208854949e-18
1.464971398307286145e+05 5.432592292433555529e-18
1.625755666443794908e+05 4.407299795067022784e-18
1.804186409392071655e+05 3.572230199322574363e-18
2.002200371815584658e+05 2.893247174392427521e-18
2.221946860939523904e+05 2.340967578491607473e-18
2.465811075822604180e+05 1.893089586087877217e-18
2.736439997074671555e+05 1.529383689143191772e-18
3.036771118035460822e+05 1.234752225509316670e-18
3.370064329271928291e+05 9.961508909122909362e-19
3.739937302478798083e+05 8.032174888539177386e-19
4.150404757850476308e+05 6.470584019584373481e-19
4.605922041145108524e+05 5.209646937306784835e-19
5.111433483440171112e+05 4.190830382468394034e-19
5.672426068491977639e+05 3.368459101132582048e-19
6.294988990221888525e+05 2.705371827587351401e-19
6.985879746785250027e+05 2.170981135371782571e-19
7.752597488629464060e+05 1.740643638446824421e-19
8.603464416684507160e+05 1.394208011186566201e-19
9.547716114208066138e+05 1.115686969942451196e-19
1.059560179277617019e+06 8.920106619116899601e-20
1.175849554052158026e+06 7.123826892083396420e-20
1.304901978014401859e+06 5.683619328927875141e-20
1.448118227674532915e+06 4.529139203914478154e-20
1.607052818261638284e+06 3.606082933604071336e-20
1.783430876931909472e+06 2.866793263464954681e-20
1.979166867853557458e+06 2.276961455473746633e-20
2.196385372416546568e+06 1.806063599565006463e-20
2.437444150122222025e+06 1.430659631932012496e-20
2.704959730463137385e+06 1.131927249262658913e-20
3.001835813575591892e+06 8.943037059768486338e-21
3.331294787934676744e+06 7.056134981997248449e-21
3.696912707195031922e+06 5.559364987250807322e-21
4.102658105827190448e+06 4.372861112351448709e-21
4.552935074866947718e+06 3.434756420595211107e-21
5.052631065335679799e+06 2.693693213020577362e-21
5.607169938205458224e+06 2.109194561083874637e-21
6.222570836730230600e+06 1.648631236501286917e-21
6.905513520162330940e+06 1.286425870797084487e-21
7.663410868007462472e+06 1.002189438055955256e-21
8.504489341802684590e+06 7.791406149955222047e-22
9.437878277775391936e+06 6.047859933874165802e-22
1.047370897959450819e+07 4.684387481035671507e-22
1.162322468679854274e+07 3.621666818473970658e-22
1.289890261253307760e+07 2.794879937296899261e-22
1.431458937523478456e+07 2.151764147910528258e-22
1.588565129428052530e+07 1.653281656570637021e-22
1.762914118095947802e+07 1.267703697633136666e-22
1.956398343517064676e+07 9.697176604639307926e-23
2.171117945694505423e+07 7.401956583059519099e-23
2.409403560239527002e+07 5.636802975810029864e-23
2.673841615839949250e+07 4.282504019932917500e-23
2.967302408188872784e+07 3.245521476865290275e-23
3.292971255097155273e+07 2.453325380666737793e-23
3.654383070957254618e+07 1.849873647977913745e-23
4.055460735840827972e+07 1.391095401581390316e-23
4.500557675700496882e+07 1.043270278090764842e-23
4.994505115855139494e+07 7.802098841769523493e-24
5.542664520663107187e+07 5.817792506784986055e-24
6.150985788580504060e+07 4.324903635831991338e-24
6.826071834272393584e+07 3.205282050934966310e-24
7.575250258771920204e+07 2.367498993209467002e-24
8.406652885618332028e+07 1.742664203689288827e-24
9.329304026284696162e+07 1.278350291841930685e-24
1.035321843295663744e+08 9.342796237036171348e-25
1.148951000187308788e+08 6.801798869870855613e-25
1.275051240713012964e+08 4.930369895094065900e-25
1.414991297434575856e+08 3.558701941541606459e-25
1.570290124729377627e+08 2.555991023300433615e-25
1.742633386009651124e+08 1.826201142067180690e-25
1.933891750455232263e+08 1.297290831985038556e-25
2.146141197858406007e+08 9.155181660155546123e-26
2.381685551976160705e+08 6.413631836923225211e-26
2.643081486974108517e+08 4.455874904564452647e-26
2.933166278390048146e+08 3.065691513627618299e-26
3.255088599835056663e+08 2.085202904902165372e-26
3.612342699709430337e+08 1.399303552820132390e-26
4.008806328898465633e+08 9.230661533129125050e-27
4.448782831127585173e+08 5.961405385622921297e-27
4.937047852839003801e+08 3.742590653376331303e-27
5.478901179593944550e+08 2.259379876643395419e-27
6.080224261649426222e+08 1.287576971961267725e-27
6.747544053110699654e+08 6.686665522335147418e-28
7.488103857590031624e+08 2.951754504094825484e-28
8.309941949353404045e+08 9.467052931215859930e-29
9.221978823334341049e+08 1.493887513098655443e-29
1.023411402105452657e+09 4.983385137437284797e-31
1.135733358343105316e+09 1.461093085285488589e-50
1.260382929679727316e+09 4.647381840497828682e-101
