1.000000000000000000e+02 4.892833898608984090e-14
1.109752496412072134e+02 4.200313017330441901e-14
1.231550603292826196e+02 3.604412802928247755e-14
1.366716356462005990e+02 3.092126904293124405e-14
1.516716888470922413e+02 2.651858882290971845e-14
1.683180353330956791e+02 2.273615164539140495e-14
1.867913599020782840e+02 1.948809690715154421e-14
2.072921779595371845e+02 1.669801971752964181e-14
2.300430119772916839e+02 1.430406927760997141e-14
2.552908068239516410e+02 1.224908020239117605e-14
2.833096101839323637e+02 1.048725493771542891e-14
3.144035471591500368e+02 8.976681791689528082e-15
3.489101213406774491e+02 7.680949560275678076e-15
3.872038781812557318e+02 6.571423487162256659e-15
4.297004704320843871e+02 5.620901608789287040e-15
4.768611697714468960e+02 4.806841382670089430e-15
5.291978735958442712e+02 4.109518647443291565e-15
5.872786613189482523e+02 3.512847665061947969e-15
6.517339604882420190e+02 3.002276557656665187e-15
7.232633896483533817e+02 2.565480964810078436e-15
8.026433522257173081e+02 2.191716323700103873e-15
8.907354638610439679e+02 1.872132858923304448e-15
9.884959046625587007e+02 1.598813747255889908e-15
1.096985797892383971e+03 1.365253808992338417e-15
1.217382727739662187e+03 1.165427161248469418e-15
1.350993521198027793e+03 9.948536360208947955e-16
1.499268432786045423e+03 8.489458110638841299e-16
1.663816886076128640e+03 7.244018602632446172e-16
1.846424942895544291e+03 6.179498129610252494e-16
2.049074689815845886e+03 5.270525979063422334e-16
2.273965752357927613e+03 4.494828967547964617e-16
2.523539170434765765e+03 3.832568716380626302e-16
2.800503894183631019e+03 3.266895900141618423e-16
3.107866187782013640e+03 2.784509231479274533e-16
3.448962260405759935e+03 2.372831263609420069e-16
3.827494478516314757e+03 2.021744419118719045e-16
4.247571552536898707e+03 1.722293860680034065e-16
4.713753134116724141e+03 1.466885614547601493e-16
5.231099308056262998e+03 1.249136213564700480e-16
5.805225516094896193e+03 1.063625877821105577e-16
6.442363508721369726e+03 9.054446091189340097e-17
7.149428986597576113e+03 7.705851225136699043e-17
7.934096665797491369e+03 6.557605124677365125e-17
8.804883581643463913e+03 5.579428746721855970e-17
9.771241535346502133e+03 4.745717991936449428e-17
1.084365968689610963e+04 4.036186572108967485e-17
1.203377840777589154e+04 3.443559819514430596e-17
1.335451562929898682e+04 2.917350623508030304e-17
1.482020705798858762e+04 2.479444621999455277e-17
1.644676177994664249e+04 2.106867125511506194e-17
1.825183494319044257e+04 1.789645328444797682e-17
2.025501939230666540e+04 1.520014460061875890e-17
2.247805833548725059e+04 1.290673585945920834e-17
2.494508135230316839e+04 1.095513770870987625e-17
2.768286630392066581e+04 9.297076703662436574e-18
3.072112998861759115e+04 7.887505138388342959e-18
3.409285069746814406e+04 6.689091543013896959e-18
3.783462617131928710e+04 5.672018367534982698e-18
4.198707084443910571e+04 4.807776179452950005e-18
4.659525668664683326e+04 4.073846185155796904e-18
5.170920242896761192e+04 3.451027896754179561e-18
5.738441648302398244e+04 2.922341685338022506e-18
6.368249944718585903e+04 2.473762911526066919e-18
7.067181273927491566e+04 2.093294027399548680e-18
7.842822061337680498e+04 1.770883183405187875e-18
8.703591361485165544e+04 1.497389765119883787e-18
9.658832241158708348e+04 1.265731994148734891e-18
1.071891319205127511e+05 1.069522396606986309e-18
1.189534067370319535e+05 9.032648885394293035e-19
1.320088400831418112e+05 7.626382369970430532e-19
1.464971398307286145e+05 6.436025410414769046e-19
1.625755666443794908e+05 5.429567209122867228e-19
1.804186409392071655e+05 4.577674691498500431e-19
2.002200371815584658e+05 3.857980910908434565e-19
2.221946860939523904e+05 3.250090598832056272e-19
2.465811075822604180e+05 2.736338136749276608e-19
2.736439997074671555e+05 2.302951334524348280e-19
3.036771118035460822e+05 1.937101314002736657e-19
3.370064329271928291e+05 1.628454907844769471e-19
3.739937302478798083e+05 1.368257713444890967e-19
4.150404757850476308e+05 1.148913552402923019e-19
4.605922041145108524e+05 9.641532889985414876e-20
5.111433483440171112e+05 8.087261648252259661e-20
5.672426068491977639e+05 6.777793239835991946e-20
6.294988990221888525e+05 5.677399621901452745e-20
6.985879746785250027e+05 4.752282987174632333e-20
7.752597488629464060e+05 3.974778042357699232e-20
8.603464416684507160e+05 3.322569023066961537e-20
9.547716114208066138e+05 2.775051257900645569e-20
1.059560179277617019e+06 2.316088121201779286e-20
1.175849554052158026e+06 1.931332187701418604e-20
1.304901978014401859e+06 1.609368405836868033e-20
1.448118227674532915e+06 1.339702920654097202e-20
1.607052818261638284e+06 1.114369246574061427e-20
1.783430876931909472e+06 9.260871882067257140e-21
1.979166867853557458e+06 7.688067126925326366e-21
2.196385372416546568e+06 6.377435482475271416e-21
2.437444150122222025e+06 5.283921639404737360e-21
2.704959730463137385e+06 4.373815617768825804e-21
3.001835813575591892e+06 3.616619701459676818e-21
3.331294787934676744e+06 2.986770481663760355e-21
3.696912707195031922e+06 2.463861062536841427e-21
4.102658105827190448e+06 2.030313524412047677e-21
4.552935074866947718e+06 1.670975956894570181e-21
5.052631065335679799e+06 1.373290395518276998e-21
5.607169938205458224e+06 1.127228932454431656e-21
6.222570836730230600e+06 9.239205972544958759e-22
6.905513520162330940e+06 7.562148548451598269e-22
7.663410868007462472e+06 6.180132303492720079e-22
8.504489341802684590e+06 5.042549558876488349e-22
9.437878277775391936e+06 4.107728679313899274e-22
1.047370897959450819e+07 3.340455155849702895e-22
1.162322468679854274e+07 2.711345545426137067e-22
1.289890261253307760e+07 2.196793738349194827e-22
1.431458937523478456e+07 1.776061792001755807e-22
1.588565129428052530e+07 1.432940726705175457e-22
1.762914118095947802e+07 1.153409056009938159e-22
1.956398343517064676e+07 9.262400887772782085e-23
2.171117945694505423e+07 7.418817635868843952e-23
2.409403560239527002e+07 5.926206653508238362e-23
2.673841615839949250e+07 4.719443934190533267e-23
2.967302408188872784e+07 3.745774033445942412e-23
3.292971255097155273e+07 2.962867741506569091e-23
3.654383070957254618e+07 2.334263359419114561e-23
4.055460735840827972e+07 1.831790860355588452e-23
4.500557675700496882e+07 1.430998341123189988e-23
4.994505115855139494e+07 1.111238669407609759e-23
5.542664520663107187e+07 8.583841222602254840e-24
6.150985788580504060e+07 6.585662160079076532e-24
6.826071834272393584e+07 5.014262229652474988e-24
7.575250258771920204e+07 3.784625869633230471e-24
8.406652885618332028e+07 2.827804297073973650e-24
9.329304026284696162e+07 2.096928107474434190e-24
1.035321843295663744e+08 1.520043125155965164e-24
1.148951000187308788e+08 1.088071664175461427e-24
1.275051240713012964e+08 7.623112429779678517e-25
1.414991297434575856e+08 5.200441208171736710e-25
1.570290124729377627e+08 3.429614296781105638e-25
1.742633386009651124e+08 2.158395478614140548e-25
1.933891750455232263e+08 1.281548789386384066e-25
2.146141197858406007e+08 6.964512351215190301e-26
2.381685551976160705e+08 3.335879653332110407e-26
2.643081486974108517e+08 1.321518661856870942e-26
2.933166278390048146e+08 3.930880492842618409e-27
3.255088599835056663e+08 7.227163489141511145e-28
3.612342699709430337e+08 3.027955316343147693e-29
4.008806328898465633e+08 6.246282222087880005e-32
4.448782831127585173e+08 8.606081680176233147e-36
4.937047852839003801e+08 5.337135764117069335e-41
5.478901179593944550e+08 1.669244368222958451e-48
6.080224261649426222e+08 5.408009735273627897e-60
6.747544053110699654e+08 3.519334298172769331e-78
7.488103857590031624e+08 3.983430588806884307e-109
8.309941949353404045e+08 3.815732020407587067e-163
