1.000000000000000000e+02 1.319361101330981063e-16
1.109752496412072134e+02 1.127091853858298326e-16
1.231550603292826196e+02 9.616109644939548347e-17
1.366716356462005990e+02 8.191887640398402229e-17
1.516716888470922413e+02 6.973071960814909258e-17
1.683180353330956791e+02 5.932089660988216047e-17
1.867913599020782840e+02 5.044098417905024953e-17
2.072921779595371845e+02 4.286772583362236178e-17
2.300430119772916839e+02 3.642737598773168468e-17
2.552908068239516410e+02 3.095503075119107420e-17
2.833096101839323637e+02 2.631532987746596875e-17
3.144035471591500368e+02 2.237569165648192565e-17
3.489101213406774491e+02 1.903103353760041227e-17
3.872038781812557318e+02 1.618512964329844053e-17
4.297004704320843871e+02 1.376706700771633427e-17
4.768611697714468960e+02 1.170641731954392439e-17
5.291978735958442712e+02 9.958074161205211047e-18
5.872786613189482523e+02 8.461484981916260854e-18
6.517339604882420190e+02 7.185760977467497583e-18
7.232633896483533817e+02 6.092264584055601503e-18
8.026433522257173081e+02 5.155970874730357015e-18
8.907354638610439679e+02 4.352840143281742392e-18
9.884959046625587007e+02 3.663785652212955619e-18
1.096985797892383971e+03 3.072497019849591139e-18
1.217382727739662187e+03 2.565246147724066721e-18
1.350993521198027793e+03 2.130921985044876656e-18
1.499268432786045423e+03 1.759490967554123158e-18
1.663816886076128640e+03 1.442988223584294731e-18
1.846424942895544291e+03 1.173932004934612645e-18
2.049074689815845886e+03 9.467789159583511004e-19
2.273965752357927613e+03 7.558226807031492628e-19
2.523539170434765765e+03 5.970369432778054863e-19
2.800503894183631019e+03 4.659646288048204933e-19
3.107866187782013640e+03 3.594718080939164872e-19
3.448962260405759935e+03 2.741000049886338268e-19
3.827494478516314757e+03 2.071050451998268865e-19
4.247571552536898707e+03 1.556141190191581001e-19
4.713753134116724141e+03 1.171442705708150321e-19
5.231099308056262998e+03 8.903358702026514896e-20
5.805225516094896193e+03 6.874603484491674286e-20
6.442363508721369726e+03 5.408033472549732062e-20
7.149428986597576113e+03 4.328193303036491927e-20
7.934096665797491369e+03 3.508541745747724410e-20
8.804883581643463913e+03 2.864961957712570359e-20
9.771241535346502133e+03 2.348938566643235072e-20
1.084365968689610963e+04 1.928831615579739463e-20
1.203377840777589154e+04 1.584999172524884560e-20
1.335451562929898682e+04 1.302662010715606626e-20
1.482020705798858762e+04 1.070209558862996961e-20
1.644676177994664249e+04 8.791677164390904244e-21
1.825183494319044257e+04 7.217690875366087867e-21
2.025501939230666540e+04 5.924016161158584900e-21
2.247805833548725059e+04 4.859101580255503151e-21
2.494508135230316839e+04 3.983907931904004496e-21
2.768286630392066581e+04 3.263056197083393054e-21
3.072112998861759115e+04 2.671071966768539746e-21
3.409285069746814406e+04 2.183822501619784238e-21
3.783462617131928710e+04 1.783869849982262253e-21
4.198707084443910571e+04 1.455389489051176235e-21
4.659525668664683326e+04 1.185738432012253536e-21
5.170920242896761192e+04 9.646732113436665801e-22
5.738441648302398244e+04 7.834310865227815036e-22
6.368249944718585903e+04 6.350562913010611748e-22
7.067181273927491566e+04 5.138229312865655906e-22
7.842822061337680498e+04 4.148060720342415316e-22
8.703591361485165544e+04 3.341269804280418458e-22
9.658832241158708348e+04 2.684817902424642029e-22
1.071891319205127511e+05 2.151842209151866019e-22
1.189534067370319535e+05 1.720508183150752624e-22
1.320088400831418112e+05 1.372393777661475714e-22
1.464971398307286145e+05 1.092419088901128784e-22
1.625755666443794908e+05 8.677575205045408742e-23
1.804186409392071655e+05 6.882730689395290541e-23
2.002200371815584658e+05 5.451457937984093783e-23
2.221946860939523904e+05 4.314138591696806981e-23
2.465811075822604180e+05 3.411462921303333065e-23
2.736439997074671555e+05 2.695791043918745817e-23
3.036771118035460822e+05 2.128587654529489654e-23
3.370064329271928291e+05 1.678954884211960806e-23
3.739937302478798083e+05 1.323271034899774843e-23
4.150404757850476308e+05 1.041731232077213751e-23
4.605922041145108524e+05 8.193922036595848842e-24
5.111433483440171112e+05 6.436916892952602037e-24
5.672426068491977639e+05 5.051663957109868595e-24
6.294988990221888525e+05 3.959146045437522391e-24
6.985879746785250027e+05 3.099366455457258308e-24
7.752597488629464060e+05 2.422779223792521765e-24
8.603464416684507160e+05 1.891356867773156477e-24
9.547716114208066138e+05 1.474404243609270797e-24
1.059560179277617019e+06 1.147379914826445427e-24
1.175849554052158026e+06 8.915925656678327185e-25
1.304901978014401859e+06 6.916869255910449325e-25
1.448118227674532915e+06 5.355493542221612671e-25
1.607052818261638284e+06 4.138736811836553793e-25
1.783430876931909472e+06 3.192784629939594923e-25
1.979166867853557458e+06 2.457481404919965537e-25
2.196385372416546568e+06 1.887541019554260964e-25
2.437444150122222025e+06 1.446356057523519250e-25
2.704959730463137385e+06 1.105588123203088263e-25
3.001835813575591892e+06 8.428670416465514294e-26
3.331294787934676744e+06 6.409555793451453064e-26
3.696912707195031922e+06 4.858167020537967161e-26
4.102658105827190448e+06 3.672036773566182544e-26
4.552935074866947718e+06 2.765640760301269598e-26
5.052631065335679799e+06 2.075970113712813868e-26
5.607169938205458224e+06 1.552121544990759586e-26
6.222570836730230600e+06 1.155583637531564490e-26
6.905513520162330940e+06 8.565157024724984864e-27
7.663410868007462472e+06 6.317129373019908757e-27
8.504489341802684590e+06 4.635575016933311747e-27
9.437878277775391936e+06 3.380101751730692986e-27
1.047370897959450819e+07 2.448413359723182431e-27
1.162322468679854274e+07 1.762254456433272190e-27
1.289890261253307760e+07 1.257137047834706622e-27
1.431458937523478456e+07 8.888640004388359270e-28
1.588565129428052530e+07 6.222065501044584782e-28
1.762914118095947802e+07 4.305720115353080914e-28
1.956398343517064676e+07 2.941300252069683686e-28
2.171117945694505423e+07 1.979900681747311531e-28
2.409403560239527002e+07 1.310254716136126606e-28
2.673841615839949250e+07 8.507309300913672760e-29
2.967302408188872784e+07 5.403578879324340639e-29
3.292971255097155273e+07 3.345148419498633332e-29
3.654383070957254618e+07 2.009543534886149310e-29
4.055460735840827972e+07 1.162043379155419783e-29
4.500557675700496882e+07 6.370780837785624051e-30
4.994505115855139494e+07 3.210668629120201623e-30
5.542664520663107187e+07 1.382557946669507598e-30
6.150985788580504060e+07 4.209580798195384183e-31
6.826071834272393584e+07 4.247536133932847246e-32
7.575250258771920204e+07 1.311197237593633214e-34
