1.000000000000000000e+02 1.169293456399264231e-12
1.109752496412072134e+02 1.004313835008695758e-12
1.231550603292826196e+02 8.614934202959536644e-13
1.366716356462005990e+02 7.384579387767954692e-13
1.516716888470922413e+02 6.322438119199717250e-13
1.683180353330956791e+02 5.407351361929122548e-13
1.867913599020782840e+02 4.620138622194388302e-13
2.072921779595371845e+02 3.942628234538296403e-13
2.300430119772916839e+02 3.361469742914964875e-13
2.552908068239516410e+02 2.861793512620523178e-13
2.833096101839323637e+02 2.433970643151657860e-13
3.144035471591500368e+02 2.067657344903322447e-13
3.489101213406774491e+02 1.754163686023736787e-13
3.872038781812557318e+02 1.487051310214183979e-13
4.297004704320843871e+02 1.258788410451717559e-13
4.768611697714468960e+02 1.064510604726076051e-13
5.291978735958442712e+02 8.994504812998685245e-14
5.872786613189482523e+02 7.590793391315405812e-14
6.517339604882420190e+02 6.399383553780246167e-14
7.232633896483533817e+02 5.391161958080014740e-14
8.026433522257173081e+02 4.536496106429190353e-14
8.907354638610439679e+02 3.815313497685443989e-14
9.884959046625587007e+02 3.204909292558512788e-14
1.096985797892383971e+03 2.690396682176816842e-14
1.217382727739662187e+03 2.257256277175134340e-14
1.350993521198027793e+03 1.891881716905141029e-14
1.499268432786045423e+03 1.584386022105092150e-14
1.663816886076128640e+03 1.326119563172587561e-14
1.846424942895544291e+03 1.108689504400700049e-14
2.049074689815845886e+03 9.265164919129399659e-15
2.273965752357927613e+03 7.733383256065457286e-15
2.523539170434765765e+03 6.448272490882316964e-15
2.800503894183631019e+03 5.373377281000593002e-15
3.107866187782013640e+03 4.471792161029827581e-15
3.448962260405759935e+03 3.718576127404725400e-15
3.827494478516314757e+03 3.088461426859478311e-15
4.247571552536898707e+03 2.562683373618971827e-15
4.713753134116724141e+03 2.124918564417159277e-15
5.231099308056262998e+03 1.759428310576521227e-15
5.805225516094896193e+03 1.456050457574128648e-15
6.442363508721369726e+03 1.203583110692696747e-15
7.149428986597576113e+03 9.941957955238500172e-16
7.934096665797491369e+03 8.207311949072569844e-16
8.804883581643463913e+03 6.769177057513396058e-16
9.771241535346502133e+03 5.580615549833315231e-16
1.084365968689610963e+04 4.598162540301830106e-16
1.203377840777589154e+04 3.786484989378925409e-16
1.335451562929898682e+04 3.116507404983972520e-16
1.482020705798858762e+04 2.564134163401066366e-16
1.644676177994664249e+04 2.108867581899722143e-16
1.825183494319044257e+04 1.733300207869531384e-16
2.025501939230666540e+04 1.424268658290975953e-16
2.247805833548725059e+04 1.169544087073581999e-16
2.494508135230316839e+04 9.598724488530058415e-17
2.768286630392066581e+04 7.874261939174139870e-17
3.072112998861759115e+04 6.455002571553471044e-17
3.409285069746814406e+04 5.287285595853392245e-17
3.783462617131928710e+04 4.328149192535059449e-17
4.198707084443910571e+04 3.539971748755854303e-17
4.659525668664683326e+04 2.892666826095239769e-17
5.170920242896761192e+04 2.361475394311822861e-17
5.738441648302398244e+04 1.925835876016648539e-17
6.368249944718585903e+04 1.568779913376938349e-17
7.067181273927491566e+04 1.276448386668738988e-17
7.842822061337680498e+04 1.037185111563227949e-17
8.703591361485165544e+04 8.415949346178076664e-18
9.658832241158708348e+04 6.819916307113972861e-18
1.071891319205127511e+05 5.517623592340634708e-18
1.189534067370319535e+05 4.457220988676401882e-18
1.320088400831418112e+05 3.595527477630148350e-18
1.464971398307286145e+05 2.894528486544244923e-18
1.625755666443794908e+05 2.326877641508456593e-18
1.804186409392071655e+05 1.867595831687911583e-18
2.002200371815584658e+05 1.496882145710114380e-18
2.221946860939523904e+05 1.198181298575673143e-18
2.465811075822604180e+05 9.580056594283930106e-19
2.736439997074671555e+05 7.651822360263813713e-19
3.036771118035460822e+05 6.105565152205658051e-19
3.370064329271928291e+05 4.868059861514968698e-19
3.739937302478798083e+05 3.877243309698262278e-19
4.150404757850476308e+05 3.085079718959021744e-19
4.605922041145108524e+05 2.452306459010153586e-19
5.111433483440171112e+05 1.947006213908426446e-19
5.672426068491977639e+05 1.544395061575118121e-19
6.294988990221888525e+05 1.223541114091062368e-19
6.985879746785250027e+05 9.681777782535353644e-20
7.752597488629464060e+05 7.652496257008102978e-20
8.603464416684507160e+05 6.039596525733564031e-20
9.547716114208066138e+05 4.761348601952353182e-20
1.059560179277617019e+06 3.748056103723394173e-20
1.175849554052158026e+06 2.946967098259928198e-20
1.304901978014401859e+06 2.313430385420804028e-20
1.448118227674532915e+06 1.813488735354775842e-20
1.607052818261638284e+06 1.419634688526499925e-20
1.783430876931909472e+06 1.109472300796541515e-20
1.979166867853557458e+06 8.656103365616605954e-21
2.196385372416546568e+06 6.742709948001718046e-21
2.437444150122222025e+06 5.243752732424652436e-21
2.704959730463137385e+06 4.070823797499127895e-21
3.001835813575591892e+06 3.154304839411640637e-21
3.331294787934676744e+06 2.439869821790524318e-21
3.696912707195031922e+06 1.883765148628230881e-21
4.102658105827190448e+06 1.451599133614429554e-21
4.552935074866947718e+06 1.116460833300523753e-21
5.052631065335679799e+06 8.568275250290161661e-22
5.607169938205458224e+06 6.563596869540386774e-22
6.222570836730230600e+06 5.017308235916348667e-22
6.905513520162330940e+06 3.827217989411248144e-22
7.663410868007462472e+06 2.913247813170451845e-22
8.504489341802684590e+06 2.212442674724131319e-22
9.437878277775391936e+06 1.676737692312431864e-22
1.047370897959450819e+07 1.267562862283439176e-22
1.162322468679854274e+07 9.561609365401333088e-23
1.289890261253307760e+07 7.196997655200891714e-23
1.431458937523478456e+07 5.403367584558496220e-23
1.588565129428052530e+07 4.047200372279181542e-23
1.762914118095947802e+07 3.024668658207441444e-23
1.956398343517064676e+07 2.254923220970665796e-23
2.171117945694505423e+07 1.676888145645349156e-23
2.409403560239527002e+07 1.243931965405370601e-23
2.673841615839949250e+07 9.206328819345683293e-24
2.967302408188872784e+07 6.795845583330194990e-24
3.292971255097155273e+07 5.004627561368485617e-24
3.654383070957254618e+07 3.675786885770531593e-24
4.055460735840827972e+07 2.693294554928243258e-24
4.500557675700496882e+07 1.968229222418098369e-24
4.994505115855139494e+07 1.434850961493416574e-24
5.542664520663107187e+07 1.043061732437192377e-24
6.150985788580504060e+07 7.563630349894866834e-25
6.826071834272393584e+07 5.470103256594973722e-25
7.575250258771920204e+07 3.944541981611673604e-25
8.406652885618332028e+07 2.836530108402414729e-25
9.329304026284696162e+07 2.033465438125246535e-25
1.035321843295663744e+08 1.453437079673669083e-25
1.148951000187308788e+08 1.035265616062470572e-25
1.275051240713012964e+08 7.351161410264513567e-26
1.414991297434575856e+08 5.198321546191424481e-26
1.570290124729377627e+08 3.662455108647631326e-26
1.742633386009651124e+08 2.568893190439481323e-26
1.933891750455232263e+08 1.793303793579231563e-26
2.146141197858406007e+08 1.245159277148071851e-26
2.381685551976160705e+08 8.594652845382286149e-27
2.643081486974108517e+08 5.892750717750284306e-27
2.933166278390048146e+08 4.007860506132553161e-27
3.255088599835056663e+08 2.701691885323749788e-27
3.612342699709430337e+08 1.801263877800922610e-27
4.008806328898465633e+08 1.185461939797633953e-27
4.448782831127585173e+08 7.675845975486181979e-28
4.937047852839003801e+08 4.869497434300162617e-28
5.478901179593944550e+08 3.008477675427144806e-28
6.080224261649426222e+08 1.792725544631612330e-28
6.747544053110699654e+08 1.014775138973333371e-28
7.488103857590031624e+08 5.309943565677770857e-29
8.309941949353404045e+08 2.431674695592616745e-29
9.221978823334341049e+08 8.483025080465145095e-30
1.023411402105452657e+09 1.390356112436049127e-30
