1.000000000000000000e+02 4.372009001010053561e-13
1.109752496412072134e+02 3.855757282088194541e-13
1.231550603292826196e+02 3.398626710316749316e-13
1.366716356462005990e+02 2.994187760314605996e-13
1.516716888470922413e+02 2.636519437447362189e-13
1.683180353330956791e+02 2.319950672414980726e-13
1.867913599020782840e+02 2.040436807105930300e-13
2.072921779595371845e+02 1.793271875582270188e-13
2.300430119772916839e+02 1.575283512270810322e-13
2.552908068239516410e+02 1.382649970623296155e-13
2.833096101839323637e+02 1.212962550117054308e-13
3.144035471591500368e+02 1.063109473099364858e-13
3.489101213406774491e+02 9.313782949923362866e-14
3.872038781812557318e+02 8.151189406385973959e-14
4.297004704320843871e+02 7.130173988297745655e-14
4.768611697714468960e+02 6.231252762620630094e-14
5.291978735958442712e+02 5.441921429868218837e-14
5.872786613189482523e+02 4.747861120323896268e-14
6.517339604882420190e+02 4.140199981179265514e-14
7.232633896483533817e+02 3.606735122761212752e-14
8.026433522257173081e+02 3.139113588279603532e-14
8.907354638610439679e+02 2.729871105158936028e-14
9.884959046625587007e+02 2.372131985273385692e-14
1.096985797892383971e+03 2.059762310072757021e-14
1.217382727739662187e+03 1.786814743784231349e-14
1.350993521198027793e+03 1.548658405330741625e-14
1.499268432786045423e+03 1.340965883023098131e-14
1.663816886076128640e+03 1.160079979660557760e-14
1.846424942895544291e+03 1.002931297377778696e-14
2.049074689815845886e+03 8.661081013304300620e-15
2.273965752357927613e+03 7.474290192949413050e-15
2.523539170434765765e+03 6.443335370374397665e-15
2.800503894183631019e+03 5.547724576363101268e-15
3.107866187782013640e+03 4.773590428101246758e-15
3.448962260405759935e+03 4.102546665198583293e-15
3.827494478516314757e+03 3.522279440122524512e-15
4.247571552536898707e+03 3.020621596647998937e-15
4.713753134116724141e+03 2.587301747001264915e-15
5.231099308056262998e+03 2.213574516321445920e-15
5.805225516094896193e+03 1.891427081375164599e-15
6.442363508721369726e+03 1.614152903053957139e-15
7.149428986597576113e+03 1.375673399743381089e-15
7.934096665797491369e+03 1.170850784060338216e-15
8.804883581643463913e+03 9.950801981312772162e-16
9.771241535346502133e+03 8.444515559806606622e-16
1.084365968689610963e+04 7.158328248885526128e-16
1.203377840777589154e+04 6.057675192388568401e-16
1.335451562929898682e+04 5.118598418507675022e-16
1.482020705798858762e+04 4.322546364947363319e-16
1.644676177994664249e+04 3.642035421567030032e-16
1.825183494319044257e+04 3.066008007291507378e-16
2.025501939230666540e+04 2.578487629621092110e-16
2.247805833548725059e+04 2.165728450938099015e-16
2.494508135230316839e+04 1.817144568781723150e-16
2.768286630392066581e+04 1.523319460382314209e-16
3.072112998861759115e+04 1.275772804299310087e-16
3.409285069746814406e+04 1.067724071652941132e-16
3.783462617131928710e+04 8.932427080299980492e-17
4.198707084443910571e+04 7.463200894893401868e-17
4.659525668664683326e+04 6.233559649211820946e-17
5.170920242896761192e+04 5.203273590364146611e-17
5.738441648302398244e+04 4.340701425653522399e-17
6.368249944718585903e+04 3.618857750536780363e-17
7.067181273927491566e+04 3.014991714361844434e-17
7.842822061337680498e+04 2.510194805213523033e-17
8.703591361485165544e+04 2.088327055252886736e-17
9.658832241158708348e+04 1.735891684974543566e-17
1.071891319205127511e+05 1.441594526423470570e-17
1.189534067370319535e+05 1.196135492484777358e-17
1.320088400831418112e+05 9.915008705967764104e-18
1.464971398307286145e+05 8.209669161523196198e-18
1.625755666443794908e+05 6.790093327008385484e-18
1.804186409392071655e+05 5.609692315750971564e-18
2.002200371815584658e+05 4.628220777104468794e-18
2.221946860939523904e+05 3.813715506099099771e-18
2.465811075822604180e+05 3.138137014561702786e-18
2.736439997074671555e+05 2.578865194350525642e-18
3.036771118035460822e+05 2.116409665129773602e-18
3.370064329271928291e+05 1.734659583728808082e-18
3.739937302478798083e+05 1.420177805220807672e-18
4.150404757850476308e+05 1.161685897626822531e-18
4.605922041145108524e+05 9.494314877184843365e-19
5.111433483440171112e+05 7.753270001921629727e-19
5.672426068491977639e+05 6.326295144265813966e-19
6.294988990221888525e+05 5.157924483180195796e-19
6.985879746785250027e+05 4.201833364016958413e-19
7.752597488629464060e+05 3.419940109121968473e-19
8.603464416684507160e+05 2.780844522523889180e-19
9.547716114208066138e+05 2.259002012385668437e-19
1.059560179277617019e+06 1.833227478199851617e-19
1.175849554052158026e+06 1.486290407202086311e-19
1.304901978014401859e+06 1.203714350490466566e-19
1.448118227674532915e+06 9.737087726972695070e-20
1.607052818261638284e+06 7.868335958407899025e-20
1.783430876931909472e+06 6.350994410045926003e-20
1.979166867853557458e+06 5.119628154530073224e-20
2.196385372416546568e+06 4.121805453249659457e-20
2.437444150122222025e+06 3.314477507814465489e-20
2.704959730463137385e+06 2.661184211099922457e-20
3.001835813575591892e+06 2.133884636143264556e-20
3.331294787934676744e+06 1.708636891872841260e-20
3.696912707195031922e+06 1.366097314850233600e-20
4.102658105827190448e+06 1.090442933330140578e-20
4.552935074866947718e+06 8.690507272987580207e-21
5.052631065335679799e+06 6.915032016544565486e-21
5.607169938205458224e+06 5.492439640142376738e-21
6.222570836730230600e+06 4.354885453269522271e-21
6.905513520162330940e+06 3.446378670321683736e-21
7.663410868007462472e+06 2.722014479426682650e-21
8.504489341802684590e+06 2.145759515162984359e-21
9.437878277775391936e+06 1.688038204205435817e-21
1.047370897959450819e+07 1.325304996827277228e-21
1.162322468679854274e+07 1.038077908279166339e-21
1.289890261253307760e+07 8.111974104167305786e-22
1.431458937523478456e+07 6.324368005204621173e-22
1.588565129428052530e+07 4.918858288852035916e-22
1.762914118095947802e+07 3.815721997711644354e-22
1.956398343517064676e+07 2.952312621665448249e-22
2.171117945694505423e+07 2.278062672817727329e-22
2.409403560239527002e+07 1.752821522554547303e-22
2.673841615839949250e+07 1.344930930669321652e-22
2.967302408188872784e+07 1.028975759817022798e-22
3.292971255097155273e+07 7.848129104866047749e-23
3.654383070957254618e+07 5.967280946712133340e-23
4.055460735840827972e+07 4.522328189540520668e-23
4.500557675700496882e+07 3.416338758800483457e-23
4.994505115855139494e+07 2.571758660318352585e-23
5.542664520663107187e+07 1.929099551195517206e-23
6.150985788580504060e+07 1.441734592663776058e-23
6.826071834272393584e+07 1.073333155516041678e-23
7.575250258771920204e+07 7.961047792951533310e-24
8.406652885618332028e+07 5.878487837090820462e-24
9.329304026284696162e+07 4.322465018065423960e-24
1.035321843295663744e+08 3.163739826928494305e-24
1.148951000187308788e+08 2.304011094011451252e-24
1.275051240713012964e+08 1.669251215915325230e-24
1.414991297434575856e+08 1.202552755398200794e-24
1.570290124729377627e+08 8.607763614022431531e-25
1.742633386009651124e+08 6.117463019231803050e-25
1.933891750455232263e+08 4.310239432480283617e-25
2.146141197858406007e+08 3.006201785825180944e-25
2.381685551976160705e+08 2.073261693956299880e-25
2.643081486974108517e+08 1.412120339207885368e-25
2.933166278390048146e+08 9.467238958104438350e-26
3.255088599835056663e+08 6.226206226111338385e-26
3.612342699709430337e+08 3.994009054488570565e-26
4.008806328898465633e+08 2.482252754943270181e-26
4.448782831127585173e+08 1.481086876742119397e-26
4.937047852839003801e+08 8.384213648143571521e-27
5.478901179593944550e+08 4.406275093963737797e-27
6.080224261649426222e+08 2.062325268265783559e-27
6.747544053110699654e+08 7.772541125626191723e-28
7.488103857590031624e+08 1.818817517498155101e-28
8.309941949353404045e+08 3.239353571956646813e-31
