1.000000000000000000e+02 3.380048686633730707e-14
1.109752496412072134e+02 2.991429227125078707e-14
1.231550603292826196e+02 2.645493778013967996e-14
1.366716356462005990e+02 2.338710166218507827e-14
1.516716888470922413e+02 2.066140590441542149e-14
1.683180353330956791e+02 1.823031970660891972e-14
1.867913599020782840e+02 1.607995778600583225e-14
2.072921779595371845e+02 1.416963263296106453e-14
2.300430119772916839e+02 1.247695964052990072e-14
2.552908068239516410e+02 1.097767372913250078e-14
2.833096101839323637e+02 9.645644324467927021e-15
3.144035471591500368e+02 8.472886652400131511e-15
3.489101213406774491e+02 7.431014597342291311e-15
3.872038781812557318e+02 6.511115516150396649e-15
4.297004704320843871e+02 5.701888919829616540e-15
4.768611697714468960e+02 4.986694408333449075e-15
5.291978735958442712e+02 4.356282130951096727e-15
5.872786613189482523e+02 3.800432876705893153e-15
6.517339604882420190e+02 3.312329244658626422e-15
7.232633896483533817e+02 2.883249229633917464e-15
8.026433522257173081e+02 2.506382186891395700e-15
8.907354638610439679e+02 2.176451528305370400e-15
9.884959046625587007e+02 1.885412220164322486e-15
1.096985797892383971e+03 1.631600763330757493e-15
1.217382727739662187e+03 1.408842116958448217e-15
1.350993521198027793e+03 1.214875218029344408e-15
1.499268432786045423e+03 1.044975420906956250e-15
1.663816886076128640e+03 8.970858083972376875e-16
1.846424942895544291e+03 7.682604604376788643e-16
2.049074689815845886e+03 6.562883756011328728e-16
2.273965752357927613e+03 5.589916572955627865e-16
2.523539170434765765e+03 4.749456702021734608e-16
2.800503894183631019e+03 4.021931620834225794e-16
3.107866187782013640e+03 3.395990854439859583e-16
3.448962260405759935e+03 2.857349584497565370e-16
3.827494478516314757e+03 2.397049177668367195e-16
4.247571552536898707e+03 2.003119427515991888e-16
4.713753134116724141e+03 1.669590148461622481e-16
5.231099308056262998e+03 1.386026416277542207e-16
5.805225516094896193e+03 1.147951854575939693e-16
6.442363508721369726e+03 9.479358077410561143e-17
7.149428986597576113e+03 7.810112069452368951e-17
7.934096665797491369e+03 6.429309926893214359e-17
8.804883581643463913e+03 5.287197628319479693e-17
9.771241535346502133e+03 4.345618895384675818e-17
1.084365968689610963e+04 3.571620531654671787e-17
1.203377840777589154e+04 2.934973001502404497e-17
1.335451562929898682e+04 2.409479897390968392e-17
1.482020705798858762e+04 1.978030976170096626e-17
1.644676177994664249e+04 1.620286232092750456e-17
1.825183494319044257e+04 1.326364988477031364e-17
2.025501939230666540e+04 1.082144056702856773e-17
2.247805833548725059e+04 8.819598521577020941e-18
2.494508135230316839e+04 7.168817945990228685e-18
2.768286630392066581e+04 5.805195341555376290e-18
3.072112998861759115e+04 4.694936806728300141e-18
3.409285069746814406e+04 3.778376499935354786e-18
3.783462617131928710e+04 3.033670932660396238e-18
4.198707084443910571e+04 2.426194378942253115e-18
4.659525668664683326e+04 1.933756660336736762e-18
5.170920242896761192e+04 1.535577918097694695e-18
5.738441648302398244e+04 1.214443436829047746e-18
6.368249944718585903e+04 9.565958934813002725e-19
7.067181273927491566e+04 7.506596489737808015e-19
7.842822061337680498e+04 5.867276763049090535e-19
8.703591361485165544e+04 4.569188455049271525e-19
9.658832241158708348e+04 3.543514787849924179e-19
1.071891319205127511e+05 2.739756204009297071e-19
1.189534067370319535e+05 2.110690074261561440e-19
1.320088400831418112e+05 1.623192314809706206e-19
1.464971398307286145e+05 1.245506967204919433e-19
1.625755666443794908e+05 9.541374233477065998e-20
1.804186409392071655e+05 7.302279001273582794e-20
2.002200371815584658e+05 5.585023237907744645e-20
2.221946860939523904e+05 4.269975525699035878e-20
2.465811075822604180e+05 3.265076480695513522e-20
2.736439997074671555e+05 2.496258305215509122e-20
3.036771118035460822e+05 1.903267479305062293e-20
3.370064329271928291e+05 1.449311873692787899e-20
3.739937302478798083e+05 1.099963709607853711e-20
4.150404757850476308e+05 8.303918183304274155e-21
4.605922041145108524e+05 6.232186577124435927e-21
5.111433483440171112e+05 4.640745162302818081e-21
5.672426068491977639e+05 3.421851479953305873e-21
6.294988990221888525e+05 2.497874967728326614e-21
6.985879746785250027e+05 1.804603334029539228e-21
7.752597488629464060e+05 1.288441034803044590e-21
8.603464416684507160e+05 9.100858057062695293e-22
9.547716114208066138e+05 6.366431546141082122e-22
1.059560179277617019e+06 4.413436506188191502e-22
1.175849554052158026e+06 3.039746953697881691e-22
1.304901978014401859e+06 2.083666469792197116e-22
1.448118227674532915e+06 1.428379243449715682e-22
1.607052818261638284e+06 9.805328852742015766e-23
1.783430876931909472e+06 6.755479053503633804e-23
1.979166867853557458e+06 4.669699335693805153e-23
2.196385372416546568e+06 3.224921730608341123e-23
2.437444150122222025e+06 2.223259338722201552e-23
2.704959730463137385e+06 1.523585756771702282e-23
3.001835813575591892e+06 1.036628451121181334e-23
3.331294787934676744e+06 7.024984210154780209e-24
3.696912707195031922e+06 4.796362051855603507e-24
4.102658105827190448e+06 3.347849754891219931e-24
4.552935074866947718e+06 2.404618642231173029e-24
5.052631065335679799e+06 1.764593968229579570e-24
5.607169938205458224e+06 1.310221552810438468e-24
6.222570836730230600e+06 9.778954872970402689e-25
6.905513520162330940e+06 7.312331893544289779e-25
7.663410868007462472e+06 5.469607039545363731e-25
8.504489341802684590e+06 4.089266181671516181e-25
9.437878277775391936e+06 3.055491402905060943e-25
1.047370897959450819e+07 2.280793680680640596e-25
1.162322468679854274e+07 1.700210580781732334e-25
1.289890261253307760e+07 1.265393908116393228e-25
1.431458937523478456e+07 9.400507123543001587e-26
1.588565129428052530e+07 6.969160376401850884e-26
1.762914118095947802e+07 5.154848457689618400e-26
1.956398343517064676e+07 3.802212517382715044e-26
2.171117945694505423e+07 2.796279165792841788e-26
2.409403560239527002e+07 2.048889260923992946e-26
2.673841615839949250e+07 1.496787289712423521e-26
2.967302408188872784e+07 1.087636671475110964e-26
3.292971255097155273e+07 7.870743402886751973e-27
3.654383070957254618e+07 5.662227012658779552e-27
4.055460735840827972e+07 4.048792110977976890e-27
4.500557675700496882e+07 2.874501404266725483e-27
4.994505115855139494e+07 2.024146784025693385e-27
5.542664520663107187e+07 1.411371818015083599e-27
6.150985788580504060e+07 9.731229002949558955e-28
6.826071834272393584e+07 6.621132253227495667e-28
7.575250258771920204e+07 4.432465244742386539e-28
8.406652885618332028e+07 2.909274869034451421e-28
9.329304026284696162e+07 1.863091367009558198e-28
1.035321843295663744e+08 1.156405882255034735e-28
1.148951000187308788e+08 6.893253913033750898e-29
1.275051240713012964e+08 3.891388614842430978e-29
1.414991297434575856e+08 2.037725954029539273e-29
1.570290124729377627e+08 9.578790000341992881e-30
1.742633386009651124e+08 3.834146267537326350e-30
1.933891750455232263e+08 1.214197480935833800e-30
2.146141197858406007e+08 2.880230001241075344e-31
2.381685551976160705e+08 2.740124525915332928e-32
