1.000000000000000000e+02 1.296525464259278367e-17
1.109752496412072134e+02 1.143171262583875713e-17
1.231550603292826196e+02 1.006636246571442685e-17
1.366716356462005990e+02 8.856484112543592092e-18
1.516716888470922413e+02 7.788131708607467294e-18
1.683180353330956791e+02 6.843319674602747370e-18
1.867913599020782840e+02 6.001144171012193366e-18
2.072921779595371845e+02 5.269069611195717191e-18
2.300430119772916839e+02 4.618451614402023944e-18
2.552908068239516410e+02 4.043986898778781665e-18
2.833096101839323637e+02 3.540009738570253563e-18
3.144035471591500368e+02 3.096161477560173294e-18
3.489101213406774491e+02 2.705348559697388328e-18
3.872038781812557318e+02 2.361955938486625471e-18
4.297004704320843871e+02 2.060328668523465479e-18
4.768611697714468960e+02 1.795688660085500853e-18
5.291978735958442712e+02 1.563403593684504154e-18
5.872786613189482523e+02 1.359235216773550364e-18
6.517339604882420190e+02 1.179946726252127338e-18
7.232633896483533817e+02 1.022872769063313325e-18
8.026433522257173081e+02 8.850728477359347831e-19
8.907354638610439679e+02 7.642134393814841352e-19
9.884959046625587007e+02 6.584075514358115983e-19
1.096985797892383971e+03 5.657253210528304829e-19
1.217382727739662187e+03 4.853208390454292486e-19
1.350993521198027793e+03 4.149644237022605751e-19
1.499268432786045423e+03 3.536495660455768554e-19
1.663816886076128640e+03 3.007738282589183957e-19
1.846424942895544291e+03 2.550064467114205312e-19
2.049074689815845886e+03 2.153608838073282017e-19
2.273965752357927613e+03 1.818565805567151716e-19
2.523539170434765765e+03 1.526137666255572297e-19
2.800503894183631019e+03 1.279383391033784892e-19
3.107866187782013640e+03 1.070381182608664167e-19
3.448962260405759935e+03 8.934639782956789302e-20
3.827494478516314757e+03 7.443325057974665373e-20
4.247571552536898707e+03 6.195786756945723694e-20
4.713753134116724141e+03 5.153011610578922387e-20
5.231099308056262998e+03 4.282422355640184601e-20
5.805225516094896193e+03 3.564584339294148234e-20
6.442363508721369726e+03 2.965066991464908361e-20
7.149428986597576113e+03 2.470874330004300819e-20
7.934096665797491369e+03 2.062771875677417111e-20
8.804883581643463913e+03 1.719459721828414223e-20
9.771241535346502133e+03 1.441560120688531375e-20
1.084365968689610963e+04 1.202845829257006896e-20
1.203377840777589154e+04 1.007917216834773013e-20
1.335451562929898682e+04 8.427203529554783553e-21
1.482020705798858762e+04 7.051099168841994139e-21
1.644676177994664249e+04 5.870987184424633615e-21
1.825183494319044257e+04 4.885812524952759663e-21
2.025501939230666540e+04 4.048951439530246086e-21
2.247805833548725059e+04 3.338910484654493876e-21
2.494508135230316839e+04 2.745945359852102273e-21
2.768286630392066581e+04 2.238998487131993521e-21
3.072112998861759115e+04 1.819286359994386635e-21
3.409285069746814406e+04 1.467691582279644645e-21
3.783462617131928710e+04 1.174347950431175393e-21
4.198707084443910571e+04 9.339764662893960841e-22
4.659525668664683326e+04 7.382718501961955227e-22
5.170920242896761192e+04 5.781678851311551896e-22
5.738441648302398244e+04 4.502831849114887592e-22
6.368249944718585903e+04 3.486649384042888880e-22
7.067181273927491566e+04 2.684928178595440378e-22
7.842822061337680498e+04 2.061508013111939800e-22
8.703591361485165544e+04 1.580158584218781591e-22
9.658832241158708348e+04 1.212362590250129209e-22
1.071891319205127511e+05 9.336654385406002074e-23
1.189534067370319535e+05 7.253891623129416569e-23
1.320088400831418112e+05 5.656972386985069165e-23
1.464971398307286145e+05 4.458858980030923090e-23
1.625755666443794908e+05 3.555773739456464212e-23
1.804186409392071655e+05 2.851262377169447586e-23
2.002200371815584658e+05 2.296372557573556384e-23
2.221946860939523904e+05 1.851177797549857061e-23
2.465811075822604180e+05 1.484384660112118393e-23
2.736439997074671555e+05 1.178311506144517086e-23
3.036771118035460822e+05 9.232950652992165666e-24
3.370064329271928291e+05 7.121544125022057699e-24
3.739937302478798083e+05 5.347154558062051318e-24
4.150404757850476308e+05 3.891104443486260474e-24
4.605922041145108524e+05 2.726558507996886686e-24
5.111433483440171112e+05 1.816713615220014603e-24
5.672426068491977639e+05 1.128356748327325151e-24
6.294988990221888525e+05 6.377813019983023605e-25
6.985879746785250027e+05 3.152078324145842842e-25
7.752597488629464060e+05 1.309478760216657012e-25
8.603464416684507160e+05 4.694393056110175140e-26
9.547716114208066138e+05 1.780687214052080223e-26
1.059560179277617019e+06 9.111323363269742560e-27
1.175849554052158026e+06 5.923761781066970196e-27
1.304901978014401859e+06 4.172886736823831304e-27
1.448118227674532915e+06 2.983818734041690508e-27
1.607052818261638284e+06 2.133422185717993728e-27
1.783430876931909472e+06 1.524109052210182401e-27
1.979166867853557458e+06 1.086837539482459713e-27
2.196385372416546568e+06 7.725969953244453080e-28
2.437444150122222025e+06 5.470081792486642626e-28
2.704959730463137385e+06 3.853473593548206852e-28
3.001835813575591892e+06 2.696758068255083866e-28
3.331294787934676744e+06 1.872047041776904729e-28
3.696912707195031922e+06 1.286465787734711352e-28
4.102658105827190448e+06 8.728849086937040734e-29
4.552935074866947718e+06 5.827465332816743393e-29
5.052631065335679799e+06 3.811865802068332559e-29
5.607169938205458224e+06 2.430020671648479706e-29
6.222570836730230600e+06 1.497434003835413362e-29
6.905513520162330940e+06 8.830213632574595492e-30
7.663410868007462472e+06 4.906985379818860611e-30
8.504489341802684590e+06 2.512859358536180142e-30
9.437878277775391936e+06 1.148196801704126786e-30
1.047370897959450819e+07 4.509716620675509904e-31
1.162322468679854274e+07 1.522864837935488772e-31
1.289890261253307760e+07 4.851375631816672434e-32
1.431458937523478456e+07 8.424759619497462429e-33
