1.000000000000000000e+02 2.589686608973756380e-10
1.109752496412072134e+02 2.200411475602844742e-10
1.231550603292826196e+02 1.865414769749471574e-10
1.366716356462005990e+02 1.578608142714673674e-10
1.516716888470922413e+02 1.333150923817307684e-10
1.683180353330956791e+02 1.123866324715410226e-10
1.867913599020782840e+02 9.457944617073561158e-11
2.072921779595371845e+02 7.944903014827701355e-11
2.300430119772916839e+02 6.666294891223025166e-11
2.552908068239516410e+02 5.585646237731889647e-11
2.833096101839323637e+02 4.676190233228770094e-11
3.144035471591500368e+02 3.914904990933311704e-11
3.489101213406774491e+02 3.276701643994134343e-11
3.872038781812557318e+02 2.745339415125402760e-11
4.297004704320843871e+02 2.302116536952124343e-11
4.768611697714468960e+02 1.933016154186317677e-11
5.291978735958442712e+02 1.627730319717767101e-11
5.872786613189482523e+02 1.372220974523033422e-11
6.517339604882420190e+02 1.160403137973682450e-11
7.232633896483533817e+02 9.830966308309273558e-12
8.026433522257173081e+02 8.370169978276172866e-12
8.907354638610439679e+02 7.127525085682120773e-12
9.884959046625587007e+02 6.092681451981535668e-12
1.096985797892383971e+03 5.210517388681071746e-12
1.217382727739662187e+03 4.469858122207291867e-12
1.350993521198027793e+03 3.835768717859033776e-12
1.499268432786045423e+03 3.296939943608275499e-12
1.663816886076128640e+03 2.831565006922162972e-12
1.846424942895544291e+03 2.435549299128705031e-12
2.049074689815845886e+03 2.092618648466357921e-12
2.273965752357927613e+03 1.797179426494043579e-12
2.523539170434765765e+03 1.543678295993883888e-12
2.800503894183631019e+03 1.322503420767551093e-12
3.107866187782013640e+03 1.133932395083993492e-12
3.448962260405759935e+03 9.696787215875944537e-13
3.827494478516314757e+03 8.283435506304641099e-13
4.247571552536898707e+03 7.065745145022081080e-13
4.713753134116724141e+03 6.015227316789439448e-13
5.231099308056262998e+03 5.113007758322473921e-13
5.805225516094896193e+03 4.335885948297033635e-13
6.442363508721369726e+03 3.670495850619040774e-13
7.149428986597576113e+03 3.098183078961523948e-13
7.934096665797491369e+03 2.609133155742315289e-13
8.804883581643463913e+03 2.192106934798991541e-13
9.771241535346502133e+03 1.836713885845123734e-13
1.084365968689610963e+04 1.534310302787408453e-13
1.203377840777589154e+04 1.280766570197841623e-13
1.335451562929898682e+04 1.064303911201003049e-13
1.482020705798858762e+04 8.843666076460481606e-14
1.644676177994664249e+04 7.330866504043232674e-14
1.825183494319044257e+04 6.063689011862365139e-14
2.025501939230666540e+04 5.019756000371480353e-14
2.247805833548725059e+04 4.146302138358665033e-14
2.494508135230316839e+04 3.426777116622041365e-14
2.768286630392066581e+04 2.833675890494384689e-14
3.072112998861759115e+04 2.342790872035681316e-14
3.409285069746814406e+04 1.940315971707219676e-14
3.783462617131928710e+04 1.608057469785761476e-14
4.198707084443910571e+04 1.334169605526968764e-14
4.659525668664683326e+04 1.107407382459010295e-14
5.170920242896761192e+04 9.202897553773344326e-15
5.738441648302398244e+04 7.646352711232351799e-15
6.368249944718585903e+04 6.357606212658873304e-15
7.067181273927491566e+04 5.280638170912547283e-15
7.842822061337680498e+04 4.386751881961113925e-15
8.703591361485165544e+04 3.639228073080202979e-15
9.658832241158708348e+04 3.017258522936167421e-15
1.071891319205127511e+05 2.496461233438527262e-15
1.189534067370319535e+05 2.063278056825181390e-15
1.320088400831418112e+05 1.701942871259201350e-15
1.464971398307286145e+05 1.401033906096757750e-15
1.625755666443794908e+05 1.150822176684723135e-15
1.804186409392071655e+05 9.430422087091096246e-16
2.002200371815584658e+05 7.709768669429271647e-16
2.221946860939523904e+05 6.285165435580171267e-16
2.465811075822604180e+05 5.109589646567556875e-16
2.736439997074671555e+05 4.143257058523018426e-16
3.036771118035460822e+05 3.350977169662505769e-16
3.370064329271928291e+05 2.703816623858540102e-16
3.739937302478798083e+05 2.176653193458744907e-16
4.150404757850476308e+05 1.747863044469242708e-16
4.605922041145108524e+05 1.399556908963478355e-16
5.111433483440171112e+05 1.117379000447249382e-16
5.672426068491977639e+05 8.891596791958013656e-17
6.294988990221888525e+05 7.049726775583973082e-17
6.985879746785250027e+05 5.568375876075780784e-17
7.752597488629464060e+05 4.380064772292899657e-17
8.603464416684507160e+05 3.430217525267314078e-17
9.547716114208066138e+05 2.674291235120436937e-17
1.059560179277617019e+06 2.074911516889687973e-17
1.175849554052158026e+06 1.602187477674453465e-17
1.304901978014401859e+06 1.231696751529953942e-17
1.448118227674532915e+06 9.420005727788802147e-18
1.607052818261638284e+06 7.175521846101016720e-18
1.783430876931909472e+06 5.443534019794346591e-18
1.979166867853557458e+06 4.115048259656373926e-18
2.196385372416546568e+06 3.100918009262275769e-18
2.437444150122222025e+06 2.330421940209380833e-18
2.704959730463137385e+06 1.746889816793654340e-18
3.001835813575591892e+06 1.307445375334852068e-18
3.331294787934676744e+06 9.747166289170705996e-19
3.696912707195031922e+06 7.257572220582807606e-19
4.102658105827190448e+06 5.394756837447832994e-19
4.552935074866947718e+06 4.006170303935348382e-19
5.052631065335679799e+06 2.974183573538148318e-19
5.607169938205458224e+06 2.208381691627326339e-19
6.222570836730230600e+06 1.639705712418116201e-19
6.905513520162330940e+06 1.218555249527499037e-19
7.663410868007462472e+06 9.048352055410794480e-20
8.504489341802684590e+06 6.718595552467002403e-20
9.437878277775391936e+06 4.987261734232467999e-20
1.047370897959450819e+07 3.700511834435368421e-20
1.162322468679854274e+07 2.744516838961035853e-20
1.289890261253307760e+07 2.033843598734413863e-20
1.431458937523478456e+07 1.505982861700732798e-20
1.588565129428052530e+07 1.114169841340377131e-20
1.762914118095947802e+07 8.234374453706358169e-21
1.956398343517064676e+07 6.078161515469372542e-21
2.171117945694505423e+07 4.483633966930398220e-21
2.409403560239527002e+07 3.302130907131091560e-21
2.673841615839949250e+07 2.428912300066298771e-21
2.967302408188872784e+07 1.784321834733422816e-21
3.292971255097155273e+07 1.308957113169646480e-21
3.654383070957254618e+07 9.588723678139786383e-22
4.055460735840827972e+07 7.014386216786637999e-22
4.500557675700496882e+07 5.123565667835381944e-22
4.994505115855139494e+07 3.736992150304635037e-22
5.542664520663107187e+07 2.720763552076417016e-22
6.150985788580504060e+07 1.977934475741898606e-22
6.826071834272393584e+07 1.435646351874670504e-22
7.575250258771920204e+07 1.040334284510763930e-22
8.406652885618332028e+07 7.526212663750349243e-23
9.329304026284696162e+07 5.435674185659602965e-23
1.035321843295663744e+08 3.918874900201041187e-23
1.148951000187308788e+08 2.820278160254633249e-23
1.275051240713012964e+08 2.026003205420769647e-23
1.414991297434575856e+08 1.452405183768327277e-23
1.570290124729377627e+08 1.039146869290279882e-23
1.742633386009651124e+08 7.418137955718195898e-24
1.933891750455232263e+08 5.285473080166697627e-24
2.146141197858406007e+08 3.754786444061678152e-24
2.381685551976160705e+08 2.661229238734132667e-24
2.643081486974108517e+08 1.880936902685859378e-24
2.933166278390048146e+08 1.325294362569958139e-24
3.255088599835056663e+08 9.306784517437526550e-25
3.612342699709430337e+08 6.511692492979828467e-25
4.008806328898465633e+08 4.537459289824044140e-25
4.448782831127585173e+08 3.146998377821715677e-25
4.937047852839003801e+08 2.171326659443279398e-25
5.478901179593944550e+08 1.489320947969287985e-25
6.080224261649426222e+08 1.014525662336787844e-25
6.747544053110699654e+08 6.856050380068286658e-26
7.488103857590031624e+08 4.589748857799932836e-26
8.309941949353404045e+08 3.038208226476055628e-26
9.221978823334341049e+08 1.983832016731283834e-26
1.023411402105452657e+09 1.273344389136220344e-26
1.135733358343105316e+09 7.996579839789851927e-27
1.260382929679727316e+09 4.879351537988509829e-27
1.398713102647238731e+09 2.862328794716320408e-27
1.552225357427047968e+09 1.585419583477878167e-27
1.722585965398787737e+09 8.018090149358626640e-28
1.911644075385703564e+09 3.438126570932227127e-28
2.121451784910631895e+09 9.876921204162967588e-29
2.354286414322420120e+09 1.883946659905984097e-30
