1.000000000000000000e+02 2.091873733548735866e-13
1.109752496412072134e+02 1.820785096350929087e-13
1.231550603292826196e+02 1.584082788593585877e-13
1.366716356462005990e+02 1.378065750505836165e-13
1.516716888470922413e+02 1.198384488766746283e-13
1.683180353330956791e+02 1.041892109708157743e-13
1.867913599020782840e+02 9.053749556902392629e-14
2.072921779595371845e+02 7.865342028433811096e-14
2.300430119772916839e+02 6.826502139557822875e-14
2.552908068239516410e+02 5.923202588271168584e-14
2.833096101839323637e+02 5.132063773208470660e-14
3.144035471591500368e+02 4.445079856385642925e-14
3.489101213406774491e+02 3.843303878582312394e-14
3.872038781812557318e+02 3.321129886485627281e-14
4.297004704320843871e+02 2.865089208026543596e-14
4.768611697714468960e+02 2.469022113274941029e-14
5.291978735958442712e+02 2.124973222565326308e-14
5.872786613189482523e+02 1.825559886778630925e-14
6.517339604882420190e+02 1.567394068069751231e-14
7.232633896483533817e+02 1.343199941673783834e-14
8.026433522257173081e+02 1.149868537814202267e-14
8.907354638610439679e+02 9.832244080215511134e-15
9.884959046625587007e+02 8.397787654345938818e-15
1.096985797892383971e+03 7.167732847908929024e-15
1.217382727739662187e+03 6.112556488746655341e-15
1.350993521198027793e+03 5.208668342230971012e-15
1.499268432786045423e+03 4.435705957383149177e-15
1.663816886076128640e+03 3.775807582499719320e-15
1.846424942895544291e+03 3.213405536111403156e-15
2.049074689815845886e+03 2.733899531926221426e-15
2.273965752357927613e+03 2.325206461014935836e-15
2.523539170434765765e+03 1.977453010529728446e-15
2.800503894183631019e+03 1.681343921764592612e-15
3.107866187782013640e+03 1.429351229428655084e-15
3.448962260405759935e+03 1.214898972447691686e-15
3.827494478516314757e+03 1.032172584611047688e-15
4.247571552536898707e+03 8.768647548316856252e-16
4.713753134116724141e+03 7.445038792423366306e-16
5.231099308056262998e+03 6.319759031408967446e-16
5.805225516094896193e+03 5.361615809507840041e-16
6.442363508721369726e+03 4.547249749533116745e-16
7.149428986597576113e+03 3.853659423965095146e-16
7.934096665797491369e+03 3.264928966838132756e-16
8.804883581643463913e+03 2.763541459794727121e-16
9.771241535346502133e+03 2.338940685449573480e-16
1.084365968689610963e+04 1.977835735543560403e-16
1.203377840777589154e+04 1.671711561761013856e-16
1.335451562929898682e+04 1.412317892706463266e-16
1.482020705798858762e+04 1.192420521873082242e-16
1.644676177994664249e+04 1.006322490531429359e-16
1.825183494319044257e+04 8.489306545760456655e-17
2.025501939230666540e+04 7.158056519852948671e-17
2.247805833548725059e+04 6.033590137234479149e-17
2.494508135230316839e+04 5.083577514549184178e-17
2.768286630392066581e+04 4.281923809570897852e-17
3.072112998861759115e+04 3.605027317529599189e-17
3.409285069746814406e+04 3.033969307229366698e-17
3.783462617131928710e+04 2.552544516360523366e-17
4.198707084443910571e+04 2.147065613831113735e-17
4.659525668664683326e+04 1.804948809167982034e-17
5.170920242896761192e+04 1.516832512637953965e-17
5.738441648302398244e+04 1.274309272044366958e-17
6.368249944718585903e+04 1.070202077956633188e-17
7.067181273927491566e+04 8.982675570630531334e-18
7.842822061337680498e+04 7.537581689535934669e-18
8.703591361485165544e+04 6.322602384510260519e-18
9.658832241158708348e+04 5.301416536871567285e-18
1.071891319205127511e+05 4.442983807629129495e-18
1.189534067370319535e+05 3.722113349303724064e-18
1.320088400831418112e+05 3.117114414480375823e-18
1.464971398307286145e+05 2.608549214302240847e-18
1.625755666443794908e+05 2.182108518682674687e-18
1.804186409392071655e+05 1.824093738316192836e-18
2.002200371815584658e+05 1.523633879712253252e-18
2.221946860939523904e+05 1.271762312087413662e-18
2.465811075822604180e+05 1.060726484019395828e-18
2.736439997074671555e+05 8.839011440413018942e-19
3.036771118035460822e+05 7.361242885670596017e-19
3.370064329271928291e+05 6.125521813200149023e-19
3.739937302478798083e+05 5.093464458589751819e-19
4.150404757850476308e+05 4.232492613526534525e-19
4.605922041145108524e+05 3.513939543924305232e-19
5.111433483440171112e+05 2.914970995662104240e-19
5.672426068491977639e+05 2.416301253087228209e-19
6.294988990221888525e+05 2.000937100548043204e-19
6.985879746785250027e+05 1.655503799117970150e-19
7.752597488629464060e+05 1.368076306481738576e-19
8.603464416684507160e+05 1.127907431561633122e-19
9.547716114208066138e+05 9.311170253856770653e-20
1.059560179277617019e+06 7.672007181170088271e-20
1.175849554052158026e+06 6.307738933041013772e-20
1.304901978014401859e+06 5.181733423227212113e-20
1.448118227674532915e+06 4.248871390251789426e-20
1.607052818261638284e+06 3.479414050002174295e-20
1.783430876931909472e+06 2.843733258447254887e-20
1.979166867853557458e+06 2.321687827151179413e-20
2.196385372416546568e+06 1.891402933525691065e-20
2.437444150122222025e+06 1.538406317856120433e-20
2.704959730463137385e+06 1.248962800088577937e-20
3.001835813575591892e+06 1.012277448897599514e-20
3.331294787934676744e+06 8.183558919141177663e-21
3.696912707195031922e+06 6.605334897842404976e-21
4.102658105827190448e+06 5.316551339315878962e-21
4.552935074866947718e+06 4.268408167890843043e-21
5.052631065335679799e+06 3.418485401502044461e-21
5.607169938205458224e+06 2.728647471944581853e-21
6.222570836730230600e+06 2.171909516305088614e-21
6.905513520162330940e+06 1.723309554177082297e-21
7.663410868007462472e+06 1.362513240463089803e-21
8.504489341802684590e+06 1.073737410991120235e-21
9.437878277775391936e+06 8.420882125520530777e-22
1.047370897959450819e+07 6.584092286131276302e-22
1.162322468679854274e+07 5.128932069775507028e-22
1.289890261253307760e+07 3.978395738855690751e-22
1.431458937523478456e+07 3.074104209798824758e-22
1.588565129428052530e+07 2.365222548774264195e-22
1.762914118095947802e+07 1.811199637844697802e-22
1.956398343517064676e+07 1.380817496454662292e-22
2.171117945694505423e+07 1.047388325191234991e-22
2.409403560239527002e+07 7.908079644784046444e-23
2.673841615839949250e+07 5.941239153843963641e-23
2.967302408188872784e+07 4.442040063718456245e-23
3.292971255097155273e+07 3.305876072705061564e-23
3.654383070957254618e+07 2.449226233121853150e-23
4.055460735840827972e+07 1.806553790355958170e-23
4.500557675700496882e+07 1.326817899259771406e-23
4.994505115855139494e+07 9.707549903945471883e-24
5.542664520663107187e+07 7.077401893910921539e-24
6.150985788580504060e+07 5.142819074243436123e-24
6.826071834272393584e+07 3.725400694758040910e-24
7.575250258771920204e+07 2.690576674984057802e-24
8.406652885618332028e+07 1.938130899717539528e-24
9.329304026284696162e+07 1.391246772516915658e-24
1.035321843295663744e+08 9.955476242225097425e-25
1.148951000187308788e+08 7.096401951635454945e-25
1.275051240713012964e+08 5.036083667218325407e-25
1.414991297434575856e+08 3.555585999734069562e-25
1.570290124729377627e+08 2.494678259839786883e-25
1.742633386009651124e+08 1.737707926072984243e-25
1.933891750455232263e+08 1.199554168913517671e-25
2.146141197858406007e+08 8.192449441579162889e-26
2.381685551976160705e+08 5.521284285065993766e-26
2.643081486974108517e+08 3.659633963444661744e-26
2.933166278390048146e+08 2.374788822681719988e-26
3.255088599835056663e+08 1.500007162321727142e-26
3.612342699709430337e+08 9.133217560529630845e-27
4.008806328898465633e+08 5.288351382912796526e-27
4.448782831127585173e+08 2.840549793734772152e-27
4.937047852839003801e+08 1.351240342870502520e-27
5.478901179593944550e+08 5.143607630927740389e-28
6.080224261649426222e+08 1.190893674596200786e-28
6.747544053110699654e+08 9.474848462239422635e-30
