1.000000000000000000e+02 1.931915247569729099e-11
1.109752496412072134e+02 1.057971421070232647e-11
1.231550603292826196e+02 5.651322381597311003e-12
1.366716356462005990e+02 2.937739251548532929e-12
1.516716888470922413e+02 1.500804242478098790e-12
1.683180353330956791e+02 7.697140640857201597e-13
1.867913599020782840e+02 4.112629157106026147e-13
2.072921779595371845e+02 2.399336060511886041e-13
2.300430119772916839e+02 1.578479476083876309e-13
2.552908068239516410e+02 1.162385301476217168e-13
2.833096101839323637e+02 9.241304129837360775e-14
3.144035471591500368e+02 7.648928553210867422e-14
3.489101213406774491e+02 6.439609522181062016e-14
3.872038781812557318e+02 5.454452341857936569e-14
4.297004704320843871e+02 4.626733579421053849e-14
4.768611697714468960e+02 3.923928636241754404e-14
5.291978735958442712e+02 3.326323865335031510e-14
5.872786613189482523e+02 2.818472392621249209e-14
6.517339604882420190e+02 2.386862041626682230e-14
7.232633896483533817e+02 2.020034837289692174e-14
8.026433522257173081e+02 1.708624250420889565e-14
8.907354638610439679e+02 1.444872135170060029e-14
9.884959046625587007e+02 1.221046022127036107e-14
1.096985797892383971e+03 1.031317144709537553e-14
1.217382727739662187e+03 8.707307268450294169e-15
1.350993521198027793e+03 7.347950566256627528e-15
1.499268432786045423e+03 6.197208234660900940e-15
1.663816886076128640e+03 5.224425457613364049e-15
1.846424942895544291e+03 4.401763610592899278e-15
2.049074689815845886e+03 3.706771469085911186e-15
2.273965752357927613e+03 3.119818770618399210e-15
2.523539170434765765e+03 2.624235225218832275e-15
2.800503894183631019e+03 2.206202547494906493e-15
3.107866187782013640e+03 1.853679084908828925e-15
3.448962260405759935e+03 1.556725354135231943e-15
3.827494478516314757e+03 1.306538639812738398e-15
4.247571552536898707e+03 1.096050182263808831e-15
4.713753134116724141e+03 9.189557420471459415e-16
5.231099308056262998e+03 7.699362856438632635e-16
5.805225516094896193e+03 6.447297925818023754e-16
6.442363508721369726e+03 5.396316893249212816e-16
7.149428986597576113e+03 4.513893021125833607e-16
7.934096665797491369e+03 3.773539806650933935e-16
8.804883581643463913e+03 3.152620949856729415e-16
9.771241535346502133e+03 2.632502390552469115e-16
1.084365968689610963e+04 2.197177394408832829e-16
1.203377840777589154e+04 1.832131472263807831e-16
1.335451562929898682e+04 1.527165531893024673e-16
1.482020705798858762e+04 1.272209959812606709e-16
1.644676177994664249e+04 1.058757504060386841e-16
1.825183494319044257e+04 8.807998325747123903e-17
2.025501939230666540e+04 7.322134044307483548e-17
2.247805833548725059e+04 6.082492278061711062e-17
2.494508135230316839e+04 5.048967156289404759e-17
2.768286630392066581e+04 4.188180016918199251e-17
3.072112998861759115e+04 3.471507981043077568e-17
3.409285069746814406e+04 2.875019764824959474e-17
3.783462617131928710e+04 2.379337448512137400e-17
4.198707084443910571e+04 1.967447136933067496e-17
4.659525668664683326e+04 1.625483874819653448e-17
5.170920242896761192e+04 1.341868083401613836e-17
5.738441648302398244e+04 1.106673368716204421e-17
6.368249944718585903e+04 9.118950832791549368e-18
7.067181273927491566e+04 7.507407126225274705e-18
7.842822061337680498e+04 6.174488619491972216e-18
8.703591361485165544e+04 5.073723281599855824e-18
9.658832241158708348e+04 4.165835277035932563e-18
1.071891319205127511e+05 3.416398174300931672e-18
1.189534067370319535e+05 2.799660487554752252e-18
1.320088400831418112e+05 2.291662724167903780e-18
1.464971398307286145e+05 1.874551105472684104e-18
1.625755666443794908e+05 1.531537446423157969e-18
1.804186409392071655e+05 1.250444206932316136e-18
2.002200371815584658e+05 1.019802768174126862e-18
2.221946860939523904e+05 8.312627011865647919e-19
2.465811075822604180e+05 6.767996617326819533e-19
2.736439997074671555e+05 5.505656623136782855e-19
3.036771118035460822e+05 4.474950011050733359e-19
3.370064329271928291e+05 3.633471884306804179e-19
3.739937302478798083e+05 2.948180042113338825e-19
4.150404757850476308e+05 2.389356837609288219e-19
4.605922041145108524e+05 1.935881748935717237e-19
5.111433483440171112e+05 1.565493340659117782e-19
5.672426068491977639e+05 1.265242883239829852e-19
6.294988990221888525e+05 1.021867998833567200e-19
6.985879746785250027e+05 8.243637402944866920e-20
7.752597488629464060e+05 6.644678986718887750e-20
8.603464416684507160e+05 5.350687237195230346e-20
9.547716114208066138e+05 4.304804475332703956e-20
1.059560179277617019e+06 3.460024062638815693e-20
1.175849554052158026e+06 2.778585684588078806e-20
1.304901978014401859e+06 2.228777963554002035e-20
1.448118227674532915e+06 1.786658625625368118e-20
1.607052818261638284e+06 1.430416365369892085e-20
1.783430876931909472e+06 1.144470921654609755e-20
1.979166867853557458e+06 9.146048296655627929e-21
2.196385372416546568e+06 7.302993904018759524e-21
2.437444150122222025e+06 5.825942353048283017e-21
2.704959730463137385e+06 4.642537681168166702e-21
3.001835813575591892e+06 3.696852774470468159e-21
3.331294787934676744e+06 2.940241065679534621e-21
3.696912707195031922e+06 2.336161133279434537e-21
4.102658105827190448e+06 1.854426964610515023e-21
4.552935074866947718e+06 1.470745415665096512e-21
5.052631065335679799e+06 1.165070059063991326e-21
5.607169938205458224e+06 9.219611592225074239e-22
6.222570836730230600e+06 7.287999313439467476e-22
6.905513520162330940e+06 5.754774001894422214e-22
7.663410868007462472e+06 4.539152454959588922e-22
8.504489341802684590e+06 3.576371128387764026e-22
9.437878277775391936e+06 2.814013350816346882e-22
1.047370897959450819e+07 2.212024754410260453e-22
1.162322468679854274e+07 1.736111419664183647e-22
1.289890261253307760e+07 1.361216009736727114e-22
1.431458937523478456e+07 1.065840284753230515e-22
1.588565129428052530e+07 8.333284606450256311e-23
1.762914118095947802e+07 6.506995443484197516e-23
1.956398343517064676e+07 5.074590500051276892e-23
2.171117945694505423e+07 3.951083511218663685e-23
2.409403560239527002e+07 3.071803397431130178e-23
2.673841615839949250e+07 2.384393986070003305e-23
2.967302408188872784e+07 1.848233157008354633e-23
3.292971255097155273e+07 1.430328946818307233e-23
3.654383070957254618e+07 1.105038843747814352e-23
4.055460735840827972e+07 8.522084399512687906e-24
4.500557675700496882e+07 6.561248745828431091e-24
4.994505115855139494e+07 5.042353849456773331e-24
5.542664520663107187e+07 3.867705327804525135e-24
6.150985788580504060e+07 2.961523178133359825e-24
6.826071834272393584e+07 2.262290482153779325e-24
7.575250258771920204e+07 1.725133763921267484e-24
8.406652885618332028e+07 1.312466522686458897e-24
9.329304026284696162e+07 9.965466327276569050e-25
1.035321843295663744e+08 7.546631746946757534e-25
1.148951000187308788e+08 5.701853952479262309e-25
1.275051240713012964e+08 4.297781805844292163e-25
1.414991297434575856e+08 3.230208998773144644e-25
1.570290124729377627e+08 2.421296407740027735e-25
1.742633386009651124e+08 1.809584404646949495e-25
1.933891750455232263e+08 1.348057356930979191e-25
2.146141197858406007e+08 1.001201364636054944e-25
2.381685551976160705e+08 7.407682731980828084e-26
2.643081486974108517e+08 5.462544461042609842e-26
2.933166278390048146e+08 4.010936203496150328e-26
3.255088599835056663e+08 2.932833083795372518e-26
3.612342699709430337e+08 2.134391522354933965e-26
4.008806328898465633e+08 1.545590899657318048e-26
4.448782831127585173e+08 1.113139082154030620e-26
4.937047852839003801e+08 7.968241540577589565e-27
5.478901179593944550e+08 5.664798952463285957e-27
6.080224261649426222e+08 3.996512918134569225e-27
6.747544053110699654e+08 2.795826454276717295e-27
7.488103857590031624e+08 1.935647799678429942e-27
8.309941949353404045e+08 1.324978215904749601e-27
9.221978823334341049e+08 8.942143919472060483e-28
1.023411402105452657e+09 5.933461080311291589e-28
1.135733358343105316e+09 3.853021883394224476e-28
1.260382929679727316e+09 2.433671470741526635e-28
1.398713102647238731e+09 1.480265467120460298e-28
1.552225357427047968e+09 8.526590465277801556e-29
1.722585965398787737e+09 4.506993167099248839e-29
1.911644075385703564e+09 2.036744929078258823e-29
2.121451784910631895e+09 6.263853256028734149e-30
2.354286414322420120e+09 1.798137964677303047e-31
