1.000000000000000000e+02 3.846629746686952221e-15
1.109752496412072134e+02 3.206793620435608133e-15
1.231550603292826196e+02 2.666649740192555919e-15
1.366716356462005990e+02 2.210737020730482684e-15
1.516716888470922413e+02 1.826806540155257321e-15
1.683180353330956791e+02 1.504322405822623874e-15
1.867913599020782840e+02 1.234036451215163586e-15
2.072921779595371845e+02 1.007845745212618500e-15
2.300430119772916839e+02 8.192316768051453766e-16
2.552908068239516410e+02 6.626429816774666765e-16
2.833096101839323637e+02 5.330561324840960064e-16
3.144035471591500368e+02 4.263346963412878319e-16
3.489101213406774491e+02 3.389621914608275533e-16
3.872038781812557318e+02 2.678296091775080579e-16
4.297004704320843871e+02 2.102985008123155241e-16
4.768611697714468960e+02 1.640823436921016208e-16
5.291978735958442712e+02 1.272407909279715250e-16
5.872786613189482523e+02 9.811465254143849975e-17
6.517339604882420190e+02 7.526787511813543478e-17
7.232633896483533817e+02 5.749605170864764355e-17
8.026433522257173081e+02 4.378679602740214738e-17
8.907354638610439679e+02 3.328773065988520065e-17
9.884959046625587007e+02 2.530425676744573689e-17
1.096985797892383971e+03 1.926441581124106563e-17
1.217382727739662187e+03 1.471194082674826594e-17
1.350993521198027793e+03 1.128701100270383398e-17
1.499268432786045423e+03 8.708672638756347714e-18
1.663816886076128640e+03 6.759956799000490495e-18
1.846424942895544291e+03 5.278672645496195554e-18
2.049074689815845886e+03 4.143758196654724403e-18
2.273965752357927613e+03 3.265781699731080691e-18
2.523539170434765765e+03 2.582063805462543324e-18
2.800503894183631019e+03 2.046644823492818831e-18
3.107866187782013640e+03 1.627435688757920287e-18
3.448962260405759935e+03 1.299823894527865854e-18
3.827494478516314757e+03 1.044579542093444381e-18
4.247571552536898707e+03 8.453918802332380175e-19
4.713753134116724141e+03 6.889166143543393414e-19
5.231099308056262998e+03 5.642142806653996235e-19
5.805225516094896193e+03 4.633192821497334633e-19
6.442363508721369726e+03 3.808033279743370673e-19
7.149428986597576113e+03 3.128648545516871585e-19
7.934096665797491369e+03 2.567519681079524486e-19
8.804883581643463913e+03 2.104429958698739084e-19
9.771241535346502133e+03 1.722605834558232140e-19
1.084365968689610963e+04 1.407808298699855746e-19
1.203377840777589154e+04 1.148894442072588545e-19
1.335451562929898682e+04 9.364861172135764278e-20
1.482020705798858762e+04 7.622257836034488904e-20
1.644676177994664249e+04 6.195173289845709388e-20
1.825183494319044257e+04 5.026283606681033689e-20
2.025501939230666540e+04 4.072342395420839308e-20
2.247805833548725059e+04 3.293969190258026801e-20
2.494508135230316839e+04 2.658554578444089355e-20
2.768286630392066581e+04 2.142321793729165341e-20
3.072112998861759115e+04 1.722671006773212434e-20
3.409285069746814406e+04 1.381505452295037799e-20
3.783462617131928710e+04 1.105111289401700878e-20
4.198707084443910571e+04 8.816112392556978493e-21
4.659525668664683326e+04 7.011027779474877077e-21
5.170920242896761192e+04 5.553859776327067431e-21
5.738441648302398244e+04 4.386224304101324560e-21
6.368249944718585903e+04 3.445763238833910310e-21
7.067181273927491566e+04 2.695181700179440325e-21
7.842822061337680498e+04 2.098485674863560021e-21
8.703591361485165544e+04 1.625190820286795253e-21
9.658832241158708348e+04 1.249937358722899022e-21
1.071891319205127511e+05 9.560077906256620487e-22
1.189534067370319535e+05 7.266686757484348816e-22
1.320088400831418112e+05 5.479451134117681467e-22
1.464971398307286145e+05 4.102347044348378653e-22
1.625755666443794908e+05 3.048458603410640497e-22
1.804186409392071655e+05 2.248151216650421059e-22
2.002200371815584658e+05 1.644699805814069977e-22
2.221946860939523904e+05 1.193592778650602484e-22
2.465811075822604180e+05 8.590067198047825709e-23
2.736439997074671555e+05 6.128685390755973212e-23
3.036771118035460822e+05 4.333873908862079034e-23
3.370064329271928291e+05 3.037164684655655127e-23
3.739937302478798083e+05 2.108366747162394443e-23
4.150404757850476308e+05 1.450500388245536359e-23
4.605922041145108524e+05 9.882238480515631475e-24
5.111433483440171112e+05 6.666483872468397571e-24
5.672426068491977639e+05 4.448546949163627121e-24
6.294988990221888525e+05 2.931960205837656669e-24
6.985879746785250027e+05 1.903066576615309875e-24
7.752597488629464060e+05 1.210897792434703030e-24
8.603464416684507160e+05 7.502490050369792277e-25
9.547716114208066138e+05 4.479412166480140142e-25
1.059560179277617019e+06 2.538048952458503896e-25
1.175849554052158026e+06 1.334928226469831740e-25
1.304901978014401859e+06 6.334536489819162910e-26
1.448118227674532915e+06 2.641606688104344878e-26
1.607052818261638284e+06 9.620893890438269249e-27
1.783430876931909472e+06 3.086711469278274629e-27
1.979166867853557458e+06 8.678220471177631155e-28
2.196385372416546568e+06 2.119940122975673968e-28
2.437444150122222025e+06 4.463158699305580811e-29
2.704959730463137385e+06 8.033696247581718810e-30
3.001835813575591892e+06 1.227127263826068519e-30
3.331294787934676744e+06 1.580249602504129713e-31
3.696912707195031922e+06 1.701809457028375182e-32
4.102658105827190448e+06 1.523552932929536389e-33
4.552935074866947718e+06 1.123127818846690831e-34
5.052631065335679799e+06 6.782573742660627764e-36
5.607169938205458224e+06 3.328301262484341050e-37
6.222570836730230600e+06 1.316963208268176122e-38
6.905513520162330940e+06 4.168291213764425102e-40
7.663410868007462472e+06 1.046951482995694477e-41
8.504489341802684590e+06 2.074321636383169872e-43
9.437878277775391936e+06 3.252316290699260903e-45
1.047370897959450819e+07 4.143941201402509059e-47
1.162322468679854274e+07 4.364601357823975885e-49
1.289890261253307760e+07 3.732344785269405383e-51
1.431458937523478456e+07 2.596380451342630498e-53
1.588565129428052530e+07 1.477862215651655434e-55
1.762914118095947802e+07 6.923272124567369159e-58
1.956398343517064676e+07 2.682447675261759716e-60
2.171117945694505423e+07 8.628396903494009848e-63
2.409403560239527002e+07 2.308700060854977156e-65
2.673841615839949250e+07 5.130133015104017757e-68
2.967302408188872784e+07 9.408475252992106965e-71
3.292971255097155273e+07 1.409087530864010851e-73
3.654383070957254618e+07 1.697174180991747234e-76
4.055460735840827972e+07 1.610805103910229857e-79
4.500557675700496882e+07 1.170666949183418764e-82
4.994505115855139494e+07 6.302866118048262066e-86
5.542664520663107187e+07 7.452950629511076947e-89
6.150985788580504060e+07 2.718192265436919863e-89
6.826071834272393584e+07 1.847647089203723480e-89
7.575250258771920204e+07 1.230483845884755504e-89
8.406652885618332028e+07 8.004118619278277689e-90
9.329304026284696162e+07 5.063883731444158286e-90
1.035321843295663744e+08 3.091904803019904216e-90
1.148951000187308788e+08 1.805867402422928488e-90
1.275051240713012964e+08 9.959303016695792863e-91
1.414991297434575856e+08 5.095024078791029402e-91
1.570290124729377627e+08 2.329834733881564336e-91
1.742633386009651124e+08 8.585510593426405851e-92
1.933891750455232263e+08 1.436234866651976820e-92
2.146141197858406007e+08 2.017506187329741321e-117
