1.000000000000000000e+02 4.078240234712415405e-12
1.109752496412072134e+02 3.449757675853909194e-12
1.231550603292826196e+02 2.908871452704046084e-12
1.366716356462005990e+02 2.447131271607514025e-12
1.516716888470922413e+02 2.055247806383250292e-12
1.683180353330956791e+02 1.719461697115026262e-12
1.867913599020782840e+02 1.436985280472572828e-12
2.072921779595371845e+02 1.197145826516026795e-12
2.300430119772916839e+02 9.948293838136212969e-13
2.552908068239516410e+02 8.250689716841279217e-13
2.833096101839323637e+02 6.819598844234227694e-13
3.144035471591500368e+02 5.638900026463720478e-13
3.489101213406774491e+02 4.633923147941911133e-13
3.872038781812557318e+02 3.812675619613815325e-13
4.297004704320843871e+02 3.128603059238796176e-13
4.768611697714468960e+02 2.564512595283843502e-13
5.291978735958442712e+02 2.100391049054591579e-13
5.872786613189482523e+02 1.719228879114604467e-13
6.517339604882420190e+02 1.408338193528115316e-13
7.232633896483533817e+02 1.151766616815287268e-13
8.026433522257173081e+02 9.449522077618031681e-14
8.907354638610439679e+02 7.736605876494190332e-14
9.884959046625587007e+02 6.354505412969322487e-14
1.096985797892383971e+03 5.213857623352459104e-14
1.217382727739662187e+03 4.288428271874332708e-14
1.350993521198027793e+03 3.522821246522618626e-14
1.499268432786045423e+03 2.900487628880075507e-14
1.663816886076128640e+03 2.380667507417648427e-14
1.846424942895544291e+03 1.958930562307448796e-14
2.049074689815845886e+03 1.603289318336739034e-14
2.273965752357927613e+03 1.313451381280611848e-14
2.523539170434765765e+03 1.071156927910811461e-14
2.800503894183631019e+03 8.745069916212464166e-15
3.107866187782013640e+03 7.080916088465681126e-15
3.448962260405759935e+03 5.730560322194307838e-15
3.827494478516314757e+03 4.599044118191386423e-15
4.247571552536898707e+03 3.692684801739793882e-15
4.713753134116724141e+03 2.941630644411104210e-15
5.231099308056262998e+03 2.337594535368621841e-15
5.805225516094896193e+03 1.851004001646863863e-15
6.442363508721369726e+03 1.456017928619242873e-15
7.149428986597576113e+03 1.148871819363854222e-15
7.934096665797491369e+03 8.992165740868075868e-16
8.804883581643463913e+03 7.054855416133155753e-16
9.771241535346502133e+03 5.492558284601407880e-16
1.084365968689610963e+04 4.307217054209019764e-16
1.203377840777589154e+04 3.380786176394631785e-16
1.335451562929898682e+04 2.656225967502892664e-16
1.482020705798858762e+04 2.104639909600705859e-16
1.644676177994664249e+04 1.668399212892519237e-16
1.825183494319044257e+04 1.332388806115858404e-16
2.025501939230666540e+04 1.070038837228984411e-16
2.247805833548725059e+04 8.625360024609910151e-17
2.494508135230316839e+04 6.984109382165272135e-17
2.768286630392066581e+04 5.670053207215829741e-17
3.072112998861759115e+04 4.608562056438949948e-17
3.409285069746814406e+04 3.746354859421278858e-17
3.783462617131928710e+04 3.040384452131011496e-17
4.198707084443910571e+04 2.460238558041599178e-17
4.659525668664683326e+04 1.981872922690176973e-17
5.170920242896761192e+04 1.586647789583446988e-17
5.738441648302398244e+04 1.261341587741004555e-17
6.368249944718585903e+04 9.931021686647497770e-18
7.067181273927491566e+04 7.741576076609388505e-18
7.842822061337680498e+04 5.954630732713848806e-18
8.703591361485165544e+04 4.513057052661637398e-18
9.658832241158708348e+04 3.359762567747786148e-18
1.071891319205127511e+05 2.447420835073055393e-18
1.189534067370319535e+05 1.739953613799833079e-18
1.320088400831418112e+05 1.200520853576419740e-18
1.464971398307286145e+05 7.995982910256526289e-19
1.625755666443794908e+05 5.109681414926257517e-19
1.804186409392071655e+05 3.114986687864592248e-19
2.002200371815584658e+05 1.793808721439927258e-19
2.221946860939523904e+05 9.733878302574063688e-20
2.465811075822604180e+05 4.955519422884080128e-20
2.736439997074671555e+05 2.387321961951521416e-20
3.036771118035460822e+05 1.095832867596145527e-20
3.370064329271928291e+05 4.901783397880650569e-21
3.739937302478798083e+05 2.216100156496071851e-21
4.150404757850476308e+05 1.066951347445271570e-21
4.605922041145108524e+05 5.779722188659429764e-22
5.111433483440171112e+05 3.600485514021895108e-22
5.672426068491977639e+05 2.506818680838698106e-22
6.294988990221888525e+05 1.864406060517104396e-22
6.985879746785250027e+05 1.430204495185553017e-22
7.752597488629464060e+05 1.110415167643877854e-22
8.603464416684507160e+05 8.651388939356971449e-23
9.547716114208066138e+05 6.741561530641615095e-23
1.059560179277617019e+06 5.244985659089443284e-23
1.175849554052158026e+06 4.073456875636104764e-23
1.304901978014401859e+06 3.158564067260065017e-23
1.448118227674532915e+06 2.445400627128897722e-23
1.607052818261638284e+06 1.889707691275619326e-23
1.783430876931909472e+06 1.457514329084669034e-23
1.979166867853557458e+06 1.121877017129463604e-23
2.196385372416546568e+06 8.615813590633732311e-24
2.437444150122222025e+06 6.601849204201559001e-24
2.704959730463137385e+06 5.045728007481678471e-24
3.001835813575591892e+06 3.845956322908613176e-24
3.331294787934676744e+06 2.922627954569909677e-24
3.696912707195031922e+06 2.214018802201571624e-24
4.102658105827190448e+06 1.671358328591991905e-24
4.552935074866947718e+06 1.257075636389514142e-24
5.052631065335679799e+06 9.416493247912743522e-25
5.607169938205458224e+06 7.021770182577001198e-25
6.222570836730230600e+06 5.210754643454908894e-25
6.905513520162330940e+06 3.846244977589177818e-25
7.663410868007462472e+06 2.822221847311102395e-25
8.504489341802684590e+06 2.057337511207753225e-25
9.437878277775391936e+06 1.488751676694456706e-25
1.047370897959450819e+07 1.068674248303176513e-25
1.162322468679854274e+07 7.601872597059061348e-26
1.289890261253307760e+07 5.354257551082290673e-26
1.431458937523478456e+07 3.727544711812657881e-26
1.588565129428052530e+07 2.562626858106276189e-26
1.762914118095947802e+07 1.736863826690734349e-26
1.956398343517064676e+07 1.158574108896167344e-26
2.171117945694505423e+07 7.591705781952981409e-27
2.409403560239527002e+07 4.878923373499853857e-27
2.673841615839949250e+07 3.065516761229585072e-27
2.967302408188872784e+07 1.880603511009594212e-27
3.292971255097155273e+07 1.121001405371447297e-27
3.654383070957254618e+07 6.447177376074027932e-28
4.055460735840827972e+07 3.519605920508413660e-28
4.500557675700496882e+07 1.761111935645226650e-28
4.994505115855139494e+07 7.501388033584381789e-29
5.542664520663107187e+07 2.257276034962084828e-29
6.150985788580504060e+07 2.302510205454145635e-30
