1.000000000000000000e+02 3.933997867487657136e-13
1.109752496412072134e+02 3.189705415295562927e-13
1.231550603292826196e+02 2.582503297175712502e-13
1.366716356462005990e+02 2.093899300841445786e-13
1.516716888470922413e+02 1.693637290832550937e-13
1.683180353330956791e+02 1.373189837347477251e-13
1.867913599020782840e+02 1.112715228282625946e-13
2.072921779595371845e+02 9.035125200708591770e-14
2.300430119772916839e+02 7.332730563463738740e-14
2.552908068239516410e+02 5.961996572713120390e-14
2.833096101839323637e+02 4.842194554868316581e-14
3.144035471591500368e+02 3.942646444515863410e-14
3.489101213406774491e+02 3.201872341514756978e-14
3.872038781812557318e+02 2.606688502366635604e-14
4.297004704320843871e+02 2.114606335818836722e-14
4.768611697714468960e+02 1.718670965964238375e-14
5.291978735958442712e+02 1.391314072746279631e-14
5.872786613189482523e+02 1.127906686150718291e-14
6.517339604882420190e+02 9.110029698007827531e-15
7.232633896483533817e+02 7.365929787289584569e-15
8.026433522257173081e+02 5.943393954785290801e-15
8.907354638610439679e+02 4.791092023064352224e-15
9.884959046625587007e+02 3.873759315481538233e-15
1.096985797892383971e+03 3.130512770914955544e-15
1.217382727739662187e+03 2.536106557793386378e-15
1.350993521198027793e+03 2.058282627923989377e-15
1.499268432786045423e+03 1.677913969548127614e-15
1.663816886076128640e+03 1.371444744564245847e-15
1.846424942895544291e+03 1.128012680630220852e-15
2.049074689815845886e+03 9.304303972705597483e-16
2.273965752357927613e+03 7.722473755848918019e-16
2.523539170434765765e+03 6.433100595466225907e-16
2.800503894183631019e+03 5.382785870174754781e-16
3.107866187782013640e+03 4.518246127072338301e-16
3.448962260405759935e+03 3.804754498751986082e-16
3.827494478516314757e+03 3.207198214558214973e-16
4.247571552536898707e+03 2.708462367345012502e-16
4.713753134116724141e+03 2.286518816031125161e-16
5.231099308056262998e+03 1.929102946662595593e-16
5.805225516094896193e+03 1.626018908682570183e-16
6.442363508721369726e+03 1.367412791580635180e-16
7.149428986597576113e+03 1.147223318898912708e-16
7.934096665797491369e+03 9.588692916795712166e-17
8.804883581643463913e+03 7.987837688404944221e-17
9.771241535346502133e+03 6.623379195924052194e-17
1.084365968689610963e+04 5.466542000738199531e-17
1.203377840777589154e+04 4.487726656749932035e-17
1.335451562929898682e+04 3.666249566369034372e-17
1.482020705798858762e+04 2.969727829603786091e-17
1.644676177994664249e+04 2.386809315721305323e-17
1.825183494319044257e+04 1.903847916628547114e-17
2.025501939230666540e+04 1.507046447331600608e-17
2.247805833548725059e+04 1.180369592299224917e-17
2.494508135230316839e+04 9.141205107217701178e-18
2.768286630392066581e+04 6.994282273950799713e-18
3.072112998861759115e+04 5.287489297301280118e-18
3.409285069746814406e+04 3.945414609534268516e-18
3.783462617131928710e+04 2.900057478661380331e-18
4.198707084443910571e+04 2.101288308933053103e-18
4.659525668664683326e+04 1.498363465697933679e-18
5.170920242896761192e+04 1.055688996852356079e-18
5.738441648302398244e+04 7.337927484280963977e-19
6.368249944718585903e+04 5.061949179078580858e-19
7.067181273927491566e+04 3.487771579537684900e-19
7.842822061337680498e+04 2.423403242139822679e-19
8.703591361485165544e+04 1.714883279339813373e-19
9.658832241158708348e+04 1.247435515725289839e-19
1.071891319205127511e+05 9.376202945273300447e-20
1.189534067370319535e+05 7.279191772624865034e-20
1.320088400831418112e+05 5.807175303292049554e-20
1.464971398307286145e+05 4.732137635290247146e-20
1.625755666443794908e+05 3.911481268549009356e-20
1.804186409392071655e+05 3.261259624761694215e-20
2.002200371815584658e+05 2.731603946117524785e-20
2.221946860939523904e+05 2.293107498870604155e-20
2.465811075822604180e+05 1.926937412752580372e-20
2.736439997074671555e+05 1.619598576719368124e-20
3.036771118035460822e+05 1.360953096974005511e-20
3.370064329271928291e+05 1.143106403843467681e-20
3.739937302478798083e+05 9.597217379730361264e-21
4.150404757850476308e+05 8.052108532777986069e-21
4.605922041145108524e+05 6.751996174794995970e-21
5.111433483440171112e+05 5.658268420268092761e-21
5.672426068491977639e+05 4.737847472621918646e-21
6.294988990221888525e+05 3.964479692160329471e-21
6.985879746785250027e+05 3.314751799042366843e-21
7.752597488629464060e+05 2.768936842032557794e-21
8.603464416684507160e+05 2.311002193417381490e-21
9.547716114208066138e+05 1.927135226869958431e-21
1.059560179277617019e+06 1.605033751994604606e-21
1.175849554052158026e+06 1.335057276609801505e-21
1.304901978014401859e+06 1.109207605120706997e-21
1.448118227674532915e+06 9.203378782944924290e-22
1.607052818261638284e+06 7.627243320273920090e-22
1.783430876931909472e+06 6.309816979949665819e-22
1.979166867853557458e+06 5.210385391380680372e-22
2.196385372416546568e+06 4.295564240432719892e-22
2.437444150122222025e+06 3.533330404555731713e-22
2.704959730463137385e+06 2.898618178535624231e-22
3.001835813575591892e+06 2.373103117572367594e-22
3.331294787934676744e+06 1.938441401877179007e-22
3.696912707195031922e+06 1.578238581710806917e-22
4.102658105827190448e+06 1.281167076397688740e-22
4.552935074866947718e+06 1.036208603391038844e-22
5.052631065335679799e+06 8.344147763204052073e-23
5.607169938205458224e+06 6.695335399114693193e-23
6.222570836730230600e+06 5.346588523367471180e-23
6.905513520162330940e+06 4.246053565940502345e-23
7.663410868007462472e+06 3.351892299754829070e-23
8.504489341802684590e+06 2.629983150741672162e-23
9.437878277775391936e+06 2.047569473973061874e-23
1.047370897959450819e+07 1.581915639138807863e-23
1.162322468679854274e+07 1.209817342875410050e-23
1.289890261253307760e+07 9.157512568274378186e-24
1.431458937523478456e+07 6.848163678420114384e-24
1.588565129428052530e+07 5.050800504387844312e-24
1.762914118095947802e+07 3.667444536346602850e-24
1.956398343517064676e+07 2.615180944425142587e-24
2.171117945694505423e+07 1.827499981282199252e-24
2.409403560239527002e+07 1.248164386742227909e-24
2.673841615839949250e+07 8.320357654491895140e-25
2.967302408188872784e+07 5.398065186394602443e-25
3.292971255097155273e+07 3.407779511479719788e-25
3.654383070957254618e+07 2.092228160643524079e-25
4.055460735840827972e+07 1.247457931119245126e-25
4.500557675700496882e+07 7.138970133385910239e-26
4.994505115855139494e+07 3.785776927108181775e-26
5.542664520663107187e+07 1.693609579414559847e-26
6.150985788580504060e+07 5.070440414867214922e-27
6.826071834272393584e+07 4.639968847488344150e-28
7.575250258771920204e+07 1.929776625274940450e-30
