1.000000000000000000e+02 2.577774213655068060e-10
1.109752496412072134e+02 2.222113390060218022e-10
1.231550603292826196e+02 1.914000919547129545e-10
1.366716356462005990e+02 1.647867895351827624e-10
1.516716888470922413e+02 1.418123835345596403e-10
1.683180353330956791e+02 1.219297492296374515e-10
1.867913599020782840e+02 1.047819601601716668e-10
2.072921779595371845e+02 8.998071367740495806e-11
2.300430119772916839e+02 7.721423151253379033e-11
2.552908068239516410e+02 6.624523042294953506e-11
2.833096101839323637e+02 5.675586111076038373e-11
3.144035471591500368e+02 4.862830403182867020e-11
3.489101213406774491e+02 4.161407456644173374e-11
3.872038781812557318e+02 3.558562839219995823e-11
4.297004704320843871e+02 3.043297875879052665e-11
4.768611697714468960e+02 2.597932216388407638e-11
5.291978735958442712e+02 2.218073310433725481e-11
5.872786613189482523e+02 1.892309454532939142e-11
6.517339604882420190e+02 1.612507491516267347e-11
7.232633896483533817e+02 1.374119533475992200e-11
8.026433522257173081e+02 1.169339860256719647e-11
8.907354638610439679e+02 9.947568872683414403e-12
9.884959046625587007e+02 8.457883972455970258e-12
1.096985797892383971e+03 7.184136785874709937e-12
1.217382727739662187e+03 6.098746589913425542e-12
1.350993521198027793e+03 5.173393614693632595e-12
1.499268432786045423e+03 4.384760874632814697e-12
1.663816886076128640e+03 3.712657050476515778e-12
1.846424942895544291e+03 3.140493712676890840e-12
2.049074689815845886e+03 2.654270706650644568e-12
2.273965752357927613e+03 2.241622794999390573e-12
2.523539170434765765e+03 1.889996523818595686e-12
2.800503894183631019e+03 1.592023845580226683e-12
3.107866187782013640e+03 1.339002091405456767e-12
3.448962260405759935e+03 1.124568643234079968e-12
3.827494478516314757e+03 9.432873256587709849e-13
4.247571552536898707e+03 7.895255139618253488e-13
4.713753134116724141e+03 6.602662331157323452e-13
5.231099308056262998e+03 5.505665660366099824e-13
5.805225516094896193e+03 4.587358167265000680e-13
6.442363508721369726e+03 3.809959247998816773e-13
7.149428986597576113e+03 3.162285045489533580e-13
7.934096665797491369e+03 2.615157030355855562e-13
8.804883581643463913e+03 2.161878675549914372e-13
9.771241535346502133e+03 1.780134139022120647e-13
1.084365968689610963e+04 1.464353357837982035e-13
1.203377840777589154e+04 1.201246771891128366e-13
1.335451562929898682e+04 9.841498496622101302e-14
1.482020705798858762e+04 8.035953347222386340e-14
1.644676177994664249e+04 6.554721144343049036e-14
1.825183494319044257e+04 5.330502507600096906e-14
2.025501939230666540e+04 4.326974956357580784e-14
2.247805833548725059e+04 3.503697731732045694e-14
2.494508135230316839e+04 2.832100722363684242e-14
2.768286630392066581e+04 2.282718854456213756e-14
3.072112998861759115e+04 1.835971874857817160e-14
3.409285069746814406e+04 1.471957194853183748e-14
3.783462617131928710e+04 1.177964479125374983e-14
4.198707084443910571e+04 9.390497507744828405e-15
4.659525668664683326e+04 7.461893775369419972e-15
5.170920242896761192e+04 5.906334549853557282e-15
5.738441648302398244e+04 4.653676257973010270e-15
6.368249944718585903e+04 3.648058791796008873e-15
7.067181273927491566e+04 2.845273614433389536e-15
7.842822061337680498e+04 2.203710096045762187e-15
8.703591361485165544e+04 1.695179921293157082e-15
9.658832241158708348e+04 1.292196753763827515e-15
1.071891319205127511e+05 9.766592879741317404e-16
1.189534067370319535e+05 7.296442015124580587e-16
1.320088400831418112e+05 5.389856808584655509e-16
1.464971398307286145e+05 3.918626335495096111e-16
1.625755666443794908e+05 2.805291829112085321e-16
1.804186409392071655e+05 1.968308689679235418e-16
2.002200371815584658e+05 1.352039952517793334e-16
2.221946860939523904e+05 9.095724228160300187e-17
2.465811075822604180e+05 5.949517976710914130e-17
2.736439997074671555e+05 3.756553534049684218e-17
3.036771118035460822e+05 2.301200228325135130e-17
3.370064329271928291e+05 1.363766657748788814e-17
3.739937302478798083e+05 7.814518930166436060e-18
4.150404757850476308e+05 4.351001986946308748e-18
4.605922041145108524e+05 2.373162113613274716e-18
5.111433483440171112e+05 1.289254298953567685e-18
5.672426068491977639e+05 7.088209196101902632e-19
6.294988990221888525e+05 3.964139586297300093e-19
6.985879746785250027e+05 2.247337393750480141e-19
7.752597488629464060e+05 1.258511745482625225e-19
8.603464416684507160e+05 6.835202973413512474e-20
9.547716114208066138e+05 3.467668508190437221e-20
1.059560179277617019e+06 1.559093564819532343e-20
1.175849554052158026e+06 6.014240257017024652e-21
1.304901978014401859e+06 1.949158055505047051e-21
1.448118227674532915e+06 5.439823162580840922e-22
1.607052818261638284e+06 1.475517617125096494e-22
1.783430876931909472e+06 5.102192187099428969e-23
1.979166867853557458e+06 2.660366646601570968e-23
2.196385372416546568e+06 1.727533485338051771e-23
2.437444150122222025e+06 1.190181548795363769e-23
2.704959730463137385e+06 8.274637087730030755e-24
3.001835813575591892e+06 5.746667696472271595e-24
3.331294787934676744e+06 3.983513424759202825e-24
3.696912707195031922e+06 2.752546133541177662e-24
4.102658105827190448e+06 1.896548051916375094e-24
4.552935074866947718e+06 1.300797860992467919e-24
5.052631065335679799e+06 8.872887959497330215e-25
5.607169938205458224e+06 6.011730143609004386e-25
6.222570836730230600e+06 4.037969631543734390e-25
6.905513520162330940e+06 2.684107741233010120e-25
7.663410868007462472e+06 1.764243198781373970e-25
8.504489341802684590e+06 1.141081431512223378e-25
9.437878277775391936e+06 7.261281238815128107e-26
1.047370897959450819e+07 4.498596947562606681e-26
1.162322468679854274e+07 2.704116748312991809e-26
1.289890261253307760e+07 1.561053815151769778e-26
1.431458937523478456e+07 8.529883622490143406e-27
1.588565129428052530e+07 4.304137648211229832e-27
1.762914118095947802e+07 1.926183427207032766e-27
1.956398343517064676e+07 7.116146305394773117e-28
2.171117945694505423e+07 1.866644383486700214e-28
2.409403560239527002e+07 1.798928604727852225e-29
2.673841615839949250e+07 2.751150724885513647e-102
