1.000000000000000000e+02 6.839264040982775902e-13
1.109752496412072134e+02 5.945006049811837889e-13
1.231550603292826196e+02 5.165858557653481482e-13
1.366716356462005990e+02 4.487108768334346839e-13
1.516716888470922413e+02 3.895426561280652198e-13
1.683180353330956791e+02 3.380778530793326852e-13
1.867913599020782840e+02 2.932702947464811583e-13
2.072921779595371845e+02 2.543005005022267405e-13
2.300430119772916839e+02 2.203964515984036940e-13
2.552908068239516410e+02 1.909308942303601610e-13
2.833096101839323637e+02 1.653091394284083596e-13
3.144035471591500368e+02 1.430668785536215831e-13
3.489101213406774491e+02 1.237434902166169900e-13
3.872038781812557318e+02 1.069873423777730227e-13
4.297004704320843871e+02 9.243168563387887775e-14
4.768611697714468960e+02 7.982626185204242560e-14
5.291978735958442712e+02 6.889055061126644114e-14
5.872786613189482523e+02 5.942516585809320483e-14
6.517339604882420190e+02 5.121638196725595191e-14
7.232633896483533817e+02 4.412624863926048762e-14
8.026433522257173081e+02 3.798628214877201459e-14
8.907354638610439679e+02 3.267979434219285827e-14
9.884959046625587007e+02 2.809364015485360818e-14
1.096985797892383971e+03 2.413528568468308712e-14
1.217382727739662187e+03 2.071756826166009608e-14
1.350993521198027793e+03 1.777146298299454884e-14
1.499268432786045423e+03 1.523258975733216326e-14
1.663816886076128640e+03 1.304583391795056077e-14
1.846424942895544291e+03 1.116387110123831628e-14
2.049074689815845886e+03 9.545864762912779751e-15
2.273965752357927613e+03 8.154264539561432057e-15
2.523539170434765765e+03 6.960766954059093511e-15
2.800503894183631019e+03 5.935701341038923056e-15
3.107866187782013640e+03 5.057172453567660961e-15
3.448962260405759935e+03 4.304884236642787726e-15
3.827494478516314757e+03 3.661539570064008975e-15
4.247571552536898707e+03 3.111273038629067439e-15
4.713753134116724141e+03 2.641137490435423824e-15
5.231099308056262998e+03 2.239825735774183291e-15
5.805225516094896193e+03 1.897930091032426878e-15
6.442363508721369726e+03 1.606643713339549886e-15
7.149428986597576113e+03 1.358938579540659123e-15
7.934096665797491369e+03 1.148354903776400530e-15
8.804883581643463913e+03 9.695300548772131973e-16
9.771241535346502133e+03 8.178427614254264827e-16
1.084365968689610963e+04 6.893317470732696201e-16
1.203377840777589154e+04 5.805345198189402143e-16
1.335451562929898682e+04 4.884643331822980856e-16
1.482020705798858762e+04 4.107398940684504408e-16
1.644676177994664249e+04 3.450628427498891563e-16
1.825183494319044257e+04 2.897075123659699016e-16
2.025501939230666540e+04 2.430499600588851459e-16
2.247805833548725059e+04 2.037445960392742677e-16
2.494508135230316839e+04 1.707154546142719119e-16
2.768286630392066581e+04 1.429158311846210317e-16
3.072112998861759115e+04 1.195769122766620158e-16
3.409285069746814406e+04 9.998266729222983944e-17
3.783462617131928710e+04 8.354529441539291364e-17
4.198707084443910571e+04 6.977104865061042230e-17
4.659525668664683326e+04 5.822419916780484080e-17
5.170920242896761192e+04 4.855775028812404269e-17
5.738441648302398244e+04 4.047101991491726153e-17
6.368249944718585903e+04 3.371322603601768473e-17
7.067181273927491566e+04 2.806073152659105561e-17
7.842822061337680498e+04 2.334257129549613512e-17
8.703591361485165544e+04 1.940423722619294311e-17
9.658832241158708348e+04 1.611975108947077073e-17
1.071891319205127511e+05 1.338071336623667768e-17
1.189534067370319535e+05 1.109957904819916259e-17
1.320088400831418112e+05 9.200884752024501567e-18
1.464971398307286145e+05 7.620623871767006702e-18
1.625755666443794908e+05 6.307056798915537616e-18
1.804186409392071655e+05 5.216443212083358514e-18
2.002200371815584658e+05 4.310023950991914590e-18
2.221946860939523904e+05 3.558368934318068218e-18
2.465811075822604180e+05 2.935198028333621714e-18
2.736439997074671555e+05 2.419271939747985905e-18
3.036771118035460822e+05 1.991819951193679932e-18
3.370064329271928291e+05 1.638550746553607931e-18
3.739937302478798083e+05 1.346396488025788829e-18
4.150404757850476308e+05 1.105348438170763409e-18
4.605922041145108524e+05 9.064044493068281070e-19
5.111433483440171112e+05 7.425074139604973103e-19
5.672426068491977639e+05 6.074340061141041969e-19
6.294988990221888525e+05 4.963663673320057990e-19
6.985879746785250027e+05 4.050905674180897098e-19
7.752597488629464060e+05 3.301541704052259290e-19
8.603464416684507160e+05 2.687222483887342516e-19
9.547716114208066138e+05 2.183956220559418248e-19
1.059560179277617019e+06 1.772163470077540011e-19
1.175849554052158026e+06 1.435618717699675473e-19
1.304901978014401859e+06 1.161318610887908081e-19
1.448118227674532915e+06 9.376775653633132481e-20
1.607052818261638284e+06 7.556712195648333641e-20
1.783430876931909472e+06 6.078768952780812415e-20
1.979166867853557458e+06 4.878978715000213160e-20
2.196385372416546568e+06 3.908340784343266620e-20
2.437444150122222025e+06 3.122847343321094250e-20
2.704959730463137385e+06 2.489592099764640936e-20
3.001835813575591892e+06 1.979195600279908608e-20
3.331294787934676744e+06 1.569258537871992731e-20
3.696912707195031922e+06 1.240358863356381717e-20
4.102658105827190448e+06 9.775978967287390705e-21
4.552935074866947718e+06 7.675923728557141641e-21
5.052631065335679799e+06 6.006401133984389496e-21
5.607169938205458224e+06 4.682188698576667256e-21
6.222570836730230600e+06 3.634011416208569063e-21
6.905513520162330940e+06 2.809167400361373985e-21
7.663410868007462472e+06 2.158544892377838726e-21
8.504489341802684590e+06 1.651864052908713328e-21
9.437878277775391936e+06 1.255400599121704770e-21
1.047370897959450819e+07 9.487061153823088200e-22
1.162322468679854274e+07 7.119848042757560007e-22
1.289890261253307760e+07 5.296778073220271602e-22
1.431458937523478456e+07 3.917359085695777908e-22
1.588565129428052530e+07 2.861446056818790854e-22
1.762914118095947802e+07 2.066327613669399673e-22
1.956398343517064676e+07 1.481192482761834067e-22
2.171117945694505423e+07 1.042406015017917462e-22
2.409403560239527002e+07 7.216828008834235925e-23
2.673841615839949250e+07 4.932912451185677329e-23
2.967302408188872784e+07 3.300781981941895024e-23
3.292971255097155273e+07 2.147596801532644514e-23
3.654383070957254618e+07 1.363483561024212593e-23
4.055460735840827972e+07 8.411694333954267101e-24
4.500557675700496882e+07 4.995843818858565300e-24
4.994505115855139494e+07 2.836613600698794524e-24
5.542664520663107187e+07 1.541465725796321232e-24
6.150985788580504060e+07 7.951168914173189825e-25
6.826071834272393584e+07 3.853043740555745656e-25
7.575250258771920204e+07 1.723304203578792477e-25
8.406652885618332028e+07 6.892948481685829072e-26
9.329304026284696162e+07 2.386268832295349494e-26
1.035321843295663744e+08 6.935768992525374554e-27
1.148951000187308788e+08 1.656396558832997508e-27
1.275051240713012964e+08 3.225351595592341327e-28
1.414991297434575856e+08 5.166589912679488291e-29
1.570290124729377627e+08 6.990333931953032501e-30
1.742633386009651124e+08 8.220790301329847487e-31
1.933891750455232263e+08 8.469848332982720066e-32
2.146141197858406007e+08 7.330135355224606444e-33
2.381685551976160705e+08 4.912992338208042321e-34
2.643081486974108517e+08 2.155230606183763333e-35
2.933166278390048146e+08 5.795298891725211898e-37
3.255088599835056663e+08 1.121664269130568175e-38
3.612342699709430337e+08 1.526535706174225466e-40
4.008806328898465633e+08 1.419008019008713405e-42
4.448782831127585173e+08 8.711286123457300888e-45
4.937047852839003801e+08 3.392786638275697970e-47
5.478901179593944550e+08 7.992212414421553632e-50
6.080224261649426222e+08 1.072352174512900014e-52
6.747544053110699654e+08 7.616970704712454821e-56
7.488103857590031624e+08 2.613608538869078039e-59
8.309941949353404045e+08 3.864712552371582424e-63
9.221978823334341049e+08 2.128777409597741010e-67
1.023411402105452657e+09 3.607795555098928806e-72
1.135733358343105316e+09 1.447826350988283711e-77
1.260382929679727316e+09 9.303954018093734123e-84
1.398713102647238731e+09 4.959333092208748985e-91
