1.000000000000000000e+02 8.951289525462549814e-14
1.109752496412072134e+02 7.369554891312275242e-14
1.231550603292826196e+02 6.044071342839616228e-14
1.366716356462005990e+02 4.936185867964899834e-14
1.516716888470922413e+02 4.021977733842965269e-14
1.683180353330956791e+02 3.267071256004196647e-14
1.867913599020782840e+02 2.646017776117273440e-14
2.072921779595371845e+02 2.137252073864305384e-14
2.300430119772916839e+02 1.721802011589107091e-14
2.552908068239516410e+02 1.386264551704561707e-14
2.833096101839323637e+02 1.115207061145018004e-14
3.144035471591500368e+02 8.956815257301446798e-15
3.489101213406774491e+02 7.188322462865745077e-15
3.872038781812557318e+02 5.782461866025727585e-15
4.297004704320843871e+02 4.657817191582907916e-15
4.768611697714468960e+02 3.751061434442493455e-15
5.291978735958442712e+02 3.028545150541737568e-15
5.872786613189482523e+02 2.450583852254138652e-15
6.517339604882420190e+02 1.985241160132446274e-15
7.232633896483533817e+02 1.611237749964499029e-15
8.026433522257173081e+02 1.309009656605258586e-15
8.907354638610439679e+02 1.063811828930450246e-15
9.884959046625587007e+02 8.642149550590400171e-16
1.096985797892383971e+03 7.010114105336481009e-16
1.217382727739662187e+03 5.672542922276470680e-16
1.350993521198027793e+03 4.573369134314953544e-16
1.499268432786045423e+03 3.669106342639133611e-16
1.663816886076128640e+03 2.925547730077025655e-16
1.846424942895544291e+03 2.314169886134136857e-16
2.049074689815845886e+03 1.812924549994616371e-16
2.273965752357927613e+03 1.404453135480748797e-16
2.523539170434765765e+03 1.074153186484239480e-16
2.800503894183631019e+03 8.094269744329538122e-17
3.107866187782013640e+03 6.003124503277800523e-17
3.448962260405759935e+03 4.378774994781827198e-17
3.827494478516314757e+03 3.143072663682225139e-17
4.247571552536898707e+03 2.228162367422112059e-17
4.713753134116724141e+03 1.570509620467228236e-17
5.231099308056262998e+03 1.112369819009185990e-17
5.805225516094896193e+03 8.025733484256171548e-18
6.442363508721369726e+03 5.966631833471454503e-18
7.149428986597576113e+03 4.593570062501908634e-18
7.934096665797491369e+03 3.642180246188880246e-18
8.804883581643463913e+03 2.946236410848759558e-18
9.771241535346502133e+03 2.411345092880335468e-18
1.084365968689610963e+04 1.986795429493299382e-18
1.203377840777589154e+04 1.642102593594642882e-18
1.335451562929898682e+04 1.359220821189594655e-18
1.482020705798858762e+04 1.125641841889707810e-18
1.644676177994664249e+04 9.322869515959759827e-19
1.825183494319044257e+04 7.719455447894524437e-19
2.025501939230666540e+04 6.390394344939366436e-19
2.247805833548725059e+04 5.288354724207357095e-19
2.494508135230316839e+04 4.375238268585889026e-19
2.768286630392066581e+04 3.618169352985340340e-19
3.072112998861759115e+04 2.990606141582085600e-19
3.409285069746814406e+04 2.471052766450859907e-19
3.783462617131928710e+04 2.040405077497096612e-19
4.198707084443910571e+04 1.684054420790796717e-19
4.659525668664683326e+04 1.388894047272952039e-19
5.170920242896761192e+04 1.144880214233827649e-19
5.738441648302398244e+04 9.429441498673379427e-20
6.368249944718585903e+04 7.761685724159445253e-20
7.067181273927491566e+04 6.382684802056350150e-20
7.842822061337680498e+04 5.244402032782127193e-20
8.703591361485165544e+04 4.304925697175056179e-20
9.658832241158708348e+04 3.530264833186415019e-20
1.071891319205127511e+05 2.891923026758275064e-20
1.189534067370319535e+05 2.366327362554323040e-20
1.320088400831418112e+05 1.933947563105331874e-20
1.464971398307286145e+05 1.578793948736214790e-20
1.625755666443794908e+05 1.287501127546645998e-20
1.804186409392071655e+05 1.048609949909027161e-20
2.002200371815584658e+05 8.533059730663182408e-21
2.221946860939523904e+05 6.936801978189377527e-21
2.465811075822604180e+05 5.636490738686007702e-21
2.736439997074671555e+05 4.576513364627889151e-21
3.036771118035460822e+05 3.714105109977252582e-21
3.370064329271928291e+05 3.012365231850224246e-21
3.739937302478798083e+05 2.441605588778096731e-21
4.150404757850476308e+05 1.977860909641519082e-21
4.605922041145108524e+05 1.601069755758789285e-21
5.111433483440171112e+05 1.294978075508983433e-21
5.672426068491977639e+05 1.046779788215266395e-21
6.294988990221888525e+05 8.453641318011529501e-22
6.985879746785250027e+05 6.821148837663132242e-22
7.752597488629464060e+05 5.499271769526512304e-22
8.603464416684507160e+05 4.428716832540055411e-22
9.547716114208066138e+05 3.563197125888830789e-22
1.059560179277617019e+06 2.863651116751648602e-22
1.175849554052158026e+06 2.298548010711661758e-22
1.304901978014401859e+06 1.843091631106746522e-22
1.448118227674532915e+06 1.475741067071819552e-22
1.607052818261638284e+06 1.180032417383245415e-22
1.783430876931909472e+06 9.421378275568469414e-23
1.979166867853557458e+06 7.510258392093879399e-23
2.196385372416546568e+06 5.977700651442207108e-23
2.437444150122222025e+06 4.748661855415588733e-23
2.704959730463137385e+06 3.765384242824545957e-23
3.001835813575591892e+06 2.979520275720529037e-23
3.331294787934676744e+06 2.352816472929651643e-23
3.696912707195031922e+06 1.853612157372325511e-23
4.102658105827190448e+06 1.456629079092016053e-23
4.552935074866947718e+06 1.141787981663818073e-23
5.052631065335679799e+06 8.925264532192476573e-24
5.607169938205458224e+06 6.954069363905805643e-24
6.222570836730230600e+06 5.400677530190699284e-24
6.905513520162330940e+06 4.179401061491968580e-24
7.663410868007462472e+06 3.222019947952911333e-24
8.504489341802684590e+06 2.473702252032384405e-24
9.437878277775391936e+06 1.891121457414018659e-24
1.047370897959450819e+07 1.438286053044491078e-24
1.162322468679854274e+07 1.087556810698572099e-24
1.289890261253307760e+07 8.177568271358216014e-25
1.431458937523478456e+07 6.113419860591414894e-25
1.588565129428052530e+07 4.528500899469602077e-25
1.762914118095947802e+07 3.331885527194475491e-25
1.956398343517064676e+07 2.427785048632246580e-25
2.171117945694505423e+07 1.751713304578689209e-25
2.409403560239527002e+07 1.248738423240919220e-25
2.673841615839949250e+07 8.782781341924468984e-26
2.967302408188872784e+07 6.084871050858780123e-26
3.292971255097155273e+07 4.141135017760376329e-26
3.654383070957254618e+07 2.759431857540281394e-26
4.055460735840827972e+07 1.795444395452184353e-26
4.500557675700496882e+07 1.134137140989172742e-26
4.994505115855139494e+07 6.922557799094709635e-27
5.542664520663107187e+07 4.052719201018149824e-27
6.150985788580504060e+07 2.255861540319009194e-27
6.826071834272393584e+07 1.180098208261556614e-27
7.575250258771920204e+07 5.668622352197001134e-28
8.406652885618332028e+07 2.353126240301908352e-28
9.329304026284696162e+07 7.007260858393133739e-29
1.035321843295663744e+08 6.741757380366356032e-30
1.148951000187308788e+08 7.500308385825272646e-34
1.275051240713012964e+08 2.179239260160493136e-59
