1.000000000000000000e+02 5.647172451505313224e-15
1.109752496412072134e+02 4.768588047177113318e-15
1.231550603292826196e+02 4.020978086574667008e-15
1.366716356462005990e+02 3.384964189730840382e-15
1.516716888470922413e+02 2.846564251116413186e-15
1.683180353330956791e+02 2.390465820929099009e-15
1.867913599020782840e+02 2.004774614633639182e-15
2.072921779595371845e+02 1.680378484970482777e-15
2.300430119772916839e+02 1.406996279832429442e-15
2.552908068239516410e+02 1.177746329794802416e-15
2.833096101839323637e+02 9.848499558854817992e-16
3.144035471591500368e+02 8.233181312389211157e-16
3.489101213406774491e+02 6.879295396677952922e-16
3.872038781812557318e+02 5.746450978234464554e-16
4.297004704320843871e+02 4.798196446267840284e-16
4.768611697714468960e+02 4.005509298442964102e-16
5.291978735958442712e+02 3.342361276935396679e-16
5.872786613189482523e+02 2.788058165760045121e-16
6.517339604882420190e+02 2.324728564124979384e-16
7.232633896483533817e+02 1.937656341819674258e-16
8.026433522257173081e+02 1.614528736009154364e-16
8.907354638610439679e+02 1.344404243719583189e-16
9.884959046625587007e+02 1.119038868517437586e-16
1.096985797892383971e+03 9.311541829295627335e-17
1.217382727739662187e+03 7.744654373042456439e-17
1.350993521198027793e+03 6.438035501918558590e-17
1.499268432786045423e+03 5.349672033843178000e-17
1.663816886076128640e+03 4.443930460796245485e-17
1.846424942895544291e+03 3.689852594757079524e-17
2.049074689815845886e+03 3.063378139587333728e-17
2.273965752357927613e+03 2.542095938662058844e-17
2.523539170434765765e+03 2.109424601009199202e-17
2.800503894183631019e+03 1.749932213365547580e-17
3.107866187782013640e+03 1.451718714348149453e-17
3.448962260405759935e+03 1.204050620960748709e-17
3.827494478516314757e+03 9.986445892413160793e-18
4.247571552536898707e+03 8.281177464000335378e-18
4.713753134116724141e+03 6.867330655620661709e-18
5.231099308056262998e+03 5.694618562528908600e-18
5.805225516094896193e+03 4.721741522661207245e-18
6.442363508721369726e+03 3.914965692939384742e-18
7.149428986597576113e+03 3.245517580067493423e-18
7.934096665797491369e+03 2.690464757314367158e-18
8.804883581643463913e+03 2.229906444262344298e-18
9.771241535346502133e+03 1.847877833684723016e-18
1.084365968689610963e+04 1.531008739673349052e-18
1.203377840777589154e+04 1.268156801428247365e-18
1.335451562929898682e+04 1.050257910868615065e-18
1.482020705798858762e+04 8.694838929968851545e-19
1.644676177994664249e+04 7.195655264976108336e-19
1.825183494319044257e+04 5.953224373833191208e-19
2.025501939230666540e+04 4.923139432670872535e-19
2.247805833548725059e+04 4.069323074235359636e-19
2.494508135230316839e+04 3.362033571732814734e-19
2.768286630392066581e+04 2.776278184722148397e-19
3.072112998861759115e+04 2.291180992513297398e-19
3.409285069746814406e+04 1.889757943178728638e-19
3.783462617131928710e+04 1.557552831675821859e-19
4.198707084443910571e+04 1.282877351733213536e-19
4.659525668664683326e+04 1.055900111230066383e-19
5.170920242896761192e+04 8.684876919655210731e-20
5.738441648302398244e+04 7.138607260660913970e-20
6.368249944718585903e+04 5.863547110101556958e-20
7.067181273927491566e+04 4.812814144089740289e-20
7.842822061337680498e+04 3.948454065487041544e-20
8.703591361485165544e+04 3.237489137937745727e-20
9.658832241158708348e+04 2.653188961556197039e-20
1.071891319205127511e+05 2.173468178047731780e-20
1.189534067370319535e+05 1.779897973635369174e-20
1.320088400831418112e+05 1.456980224586668516e-20
1.464971398307286145e+05 1.192274872621504731e-20
1.625755666443794908e+05 9.753236939553987887e-21
1.804186409392071655e+05 7.974689702716333078e-21
2.002200371815584658e+05 6.517983754355973440e-21
2.221946860939523904e+05 5.325046249092759798e-21
2.465811075822604180e+05 4.348531656217970702e-21
2.736439997074671555e+05 3.549447122905820693e-21
3.036771118035460822e+05 2.895696666839975202e-21
3.370064329271928291e+05 2.361287766834740982e-21
3.739937302478798083e+05 1.924325402870575222e-21
4.150404757850476308e+05 1.567362521873718156e-21
4.605922041145108524e+05 1.275966462951897631e-21
5.111433483440171112e+05 1.038006158026349904e-21
5.672426068491977639e+05 8.439556924938641967e-22
6.294988990221888525e+05 6.856873678573943412e-22
6.985879746785250027e+05 5.566693608906308302e-22
7.752597488629464060e+05 4.516129460441726780e-22
8.603464416684507160e+05 3.660912839029150265e-22
9.547716114208066138e+05 2.965201039520572250e-22
1.059560179277617019e+06 2.399614800797199207e-22
1.175849554052158026e+06 1.940102934341194820e-22
1.304901978014401859e+06 1.566999238669569521e-22
1.448118227674532915e+06 1.264465942779037212e-22
1.607052818261638284e+06 1.019133071738662105e-22
1.783430876931909472e+06 8.205023632444932933e-23
1.979166867853557458e+06 6.597396147675190812e-23
2.196385372416546568e+06 5.297307744574032806e-23
2.437444150122222025e+06 4.248066554887398174e-23
2.704959730463137385e+06 3.401608595628070855e-23
3.001835813575591892e+06 2.718879713325116278e-23
3.331294787934676744e+06 2.169510532181217125e-23
3.696912707195031922e+06 1.727863323882872924e-23
4.102658105827190448e+06 1.373260130024861547e-23
4.552935074866947718e+06 1.089025845180409118e-23
5.052631065335679799e+06 8.614003004962426729e-24
5.607169938205458224e+06 6.796209218374930498e-24
6.222570836730230600e+06 5.347109242470236998e-24
6.905513520162330940e+06 4.192457117049897274e-24
7.663410868007462472e+06 3.275793840048037354e-24
8.504489341802684590e+06 2.548129605030441650e-24
9.437878277775391936e+06 1.972339458613025747e-24
1.047370897959450819e+07 1.518276339536750843e-24
1.162322468679854274e+07 1.162207749444852568e-24
1.289890261253307760e+07 8.846360334293539344e-25
1.431458937523478456e+07 6.686323131504903927e-25
1.588565129428052530e+07 4.999403801482178097e-25
1.762914118095947802e+07 3.708545540715036602e-25
1.956398343517064676e+07 2.717402792149994276e-25
2.171117945694505423e+07 1.963646682513834217e-25
2.409403560239527002e+07 1.400348558593117855e-25
2.673841615839949250e+07 9.792406735834640138e-26
2.967302408188872784e+07 6.701493203221336004e-26
3.292971255097155273e+07 4.467261188152050695e-26
3.654383070957254618e+07 2.885490996305200783e-26
4.055460735840827972e+07 1.791959713339208994e-26
4.500557675700496882e+07 1.061933180460927272e-26
4.994505115855139494e+07 5.974572767747909113e-27
5.542664520663107187e+07 3.164876319829119792e-27
6.150985788580504060e+07 1.583955456304129402e-27
6.826071834272393584e+07 7.540520840337254148e-28
7.575250258771920204e+07 3.334886296898703401e-28
8.406652885618332028e+07 1.173509239474381884e-28
9.329304026284696162e+07 2.010077412648987902e-29
1.035321843295663744e+08 2.027850642481511928e-31
1.148951000187308788e+08 8.356894095408564120e-37
1.275051240713012964e+08 4.321087136761357935e-48
