1.000000000000000000e+02 1.384565132468776965e-12
1.109752496412072134e+02 1.197526902928508029e-12
1.231550603292826196e+02 1.034850633956592862e-12
1.366716356462005990e+02 8.938566374367281226e-13
1.516716888470922413e+02 7.716662275458704021e-13
1.683180353330956791e+02 6.655132183065166857e-13
1.867913599020782840e+02 5.736798181742082104e-13
2.072921779595371845e+02 4.941906005966490317e-13
2.300430119772916839e+02 4.254091156738166275e-13
2.552908068239516410e+02 3.659758252702745350e-13
2.833096101839323637e+02 3.145840505247963930e-13
3.144035471591500368e+02 2.702557960749155591e-13
3.489101213406774491e+02 2.319650396901095411e-13
3.872038781812557318e+02 1.989765935082997374e-13
4.297004704320843871e+02 1.705344522184337546e-13
4.768611697714468960e+02 1.460749476659381269e-13
5.291978735958442712e+02 1.250068103489982449e-13
5.872786613189482523e+02 1.069101003418262444e-13
6.517339604882420190e+02 9.135942115745991678e-14
7.232633896483533817e+02 7.801125034436245052e-14
8.026433522257173081e+02 6.656847062911183712e-14
8.907354638610439679e+02 5.675562005940445956e-14
9.884959046625587007e+02 4.836385156441749099e-14
1.096985797892383971e+03 4.117660088345086968e-14
1.217382727739662187e+03 3.502782342686237109e-14
1.350993521198027793e+03 2.977964848129292460e-14
1.499268432786045423e+03 2.529632385202787515e-14
1.663816886076128640e+03 2.147573215627772708e-14
1.846424942895544291e+03 1.821756607481906749e-14
2.049074689815845886e+03 1.544137657467919304e-14
2.273965752357927613e+03 1.307924764140116617e-14
2.523539170434765765e+03 1.106898737781320313e-14
2.800503894183631019e+03 9.361009341001766923e-15
3.107866187782013640e+03 7.910854881635872160e-15
3.448962260405759935e+03 6.679127036589680022e-15
3.827494478516314757e+03 5.634707961155862644e-15
4.247571552536898707e+03 4.749744641662803318e-15
4.713753134116724141e+03 4.000247425336448328e-15
5.231099308056262998e+03 3.365784865462926010e-15
5.805225516094896193e+03 2.829913365482013787e-15
6.442363508721369726e+03 2.377228367966662574e-15
7.149428986597576113e+03 1.995050376879266926e-15
7.934096665797491369e+03 1.673000661450317469e-15
8.804883581643463913e+03 1.401670832797955134e-15
9.771241535346502133e+03 1.173461498775748881e-15
1.084365968689610963e+04 9.816581670727716644e-16
1.203377840777589154e+04 8.203234774036610038e-16
1.335451562929898682e+04 6.852650045176325623e-16
1.482020705798858762e+04 5.719337720719764165e-16
1.644676177994664249e+04 4.770522334368382181e-16
1.825183494319044257e+04 3.976199746274474162e-16
2.025501939230666540e+04 3.313074105368231755e-16
2.247805833548725059e+04 2.757636175378042436e-16
2.494508135230316839e+04 2.294721265625216159e-16
2.768286630392066581e+04 1.908421218351745775e-16
3.072112998861759115e+04 1.586130768474836352e-16
3.409285069746814406e+04 1.317566849521976921e-16
3.783462617131928710e+04 1.093918374198111581e-16
4.198707084443910571e+04 9.077600920924073449e-17
4.659525668664683326e+04 7.527753834360036983e-17
5.170920242896761192e+04 6.238422957797998044e-17
5.738441648302398244e+04 5.167098065802724486e-17
6.368249944718585903e+04 4.276316282273420181e-17
7.067181273927491566e+04 3.536232397465913998e-17
7.842822061337680498e+04 2.922649639096673664e-17
8.703591361485165544e+04 2.413517040632743654e-17
9.658832241158708348e+04 1.991567631554151060e-17
1.071891319205127511e+05 1.642018535274038740e-17
1.189534067370319535e+05 1.352547931801770953e-17
1.320088400831418112e+05 1.113175665573406492e-17
1.464971398307286145e+05 9.153822290211993679e-18
1.625755666443794908e+05 7.520767943072953922e-18
1.804186409392071655e+05 6.172693115594411412e-18
2.002200371815584658e+05 5.061950524995958350e-18
2.221946860939523904e+05 4.147319736666274951e-18
2.465811075822604180e+05 3.395014457224521131e-18
2.736439997074671555e+05 2.776713658717912777e-18
3.036771118035460822e+05 2.269071372891128317e-18
3.370064329271928291e+05 1.852952034246761871e-18
3.739937302478798083e+05 1.511964528365933541e-18
4.150404757850476308e+05 1.232843099937308987e-18
4.605922041145108524e+05 1.004591817485072334e-18
5.111433483440171112e+05 8.179692721277102554e-19
5.672426068491977639e+05 6.654081045420752523e-19
6.294988990221888525e+05 5.408774925223292719e-19
6.985879746785250027e+05 4.393404245582701432e-19
7.752597488629464060e+05 3.564919379825552556e-19
8.603464416684507160e+05 2.890640976594785317e-19
9.547716114208066138e+05 2.341343848267524677e-19
1.059560179277617019e+06 1.894828057591591984e-19
1.175849554052158026e+06 1.531859108605361528e-19
1.304901978014401859e+06 1.237237851965321849e-19
1.448118227674532915e+06 9.983095056513444429e-20
1.607052818261638284e+06 8.045955847781687401e-20
1.783430876931909472e+06 6.476925931569262524e-20
1.979166867853557458e+06 5.208023567062545681e-20
2.196385372416546568e+06 4.183181030187096240e-20
2.437444150122222025e+06 3.355532160407462939e-20
2.704959730463137385e+06 2.688347641508627468e-20
3.001835813575591892e+06 2.151379551737065876e-20
3.331294787934676744e+06 1.718679737381217429e-20
3.696912707195031922e+06 1.371451243375649600e-20
4.102658105827190448e+06 1.092791143829540007e-20
4.552935074866947718e+06 8.693889794437757010e-21
5.052631065335679799e+06 6.906234764092761010e-21
5.607169938205458224e+06 5.477779988001647181e-21
6.222570836730230600e+06 4.336801080943366675e-21
6.905513520162330940e+06 3.428320641143473443e-21
7.663410868007462472e+06 2.704989294232891527e-21
8.504489341802684590e+06 2.130391979755277814e-21
9.437878277775391936e+06 1.674727500899137925e-21
1.047370897959450819e+07 1.313873487241326380e-21
1.162322468679854274e+07 1.028703535307338126e-21
1.289890261253307760e+07 8.036203011696421161e-22
1.431458937523478456e+07 6.263397008728831933e-22
1.588565129428052530e+07 4.871492353658095222e-22
1.762914118095947802e+07 3.779088989613271211e-22
1.956398343517064676e+07 2.924083824118818358e-22
2.171117945694505423e+07 2.256451876545566384e-22
2.409403560239527002e+07 1.736232976256373246e-22
2.673841615839949250e+07 1.332013166202230772e-22
2.967302408188872784e+07 1.018602013170932128e-22
3.292971255097155273e+07 7.762380011311024209e-23
3.654383070957254618e+07 5.894173566843121256e-23
4.055460735840827972e+07 4.458520127692716008e-23
4.500557675700496882e+07 3.358793571716375126e-23
4.994505115855139494e+07 2.518395448792285243e-23
5.542664520663107187e+07 1.879054943803105940e-23
6.150985788580504060e+07 1.394785397739586597e-23
6.826071834272393584e+07 1.028909964606763779e-23
7.575250258771920204e+07 7.541565460100494285e-24
8.406652885618332028e+07 5.485385705873293965e-24
9.329304026284696162e+07 3.953598789325049996e-24
1.035321843295663744e+08 2.826087949674882377e-24
1.148951000187308788e+08 1.997673159561231715e-24
1.275051240713012964e+08 1.392324073286038520e-24
1.414991297434575856e+08 9.565275216821710104e-25
1.570290124729377627e+08 6.446210346981041505e-25
1.742633386009651124e+08 4.247179644265000363e-25
1.933891750455232263e+08 2.721862005740684063e-25
2.146141197858406007e+08 1.682934533029936069e-25
2.381685551976160705e+08 9.948016419046998569e-26
2.643081486974108517e+08 5.522097771046880688e-26
2.933166278390048146e+08 2.791670571506988822e-26
3.255088599835056663e+08 1.220137219225608003e-26
3.612342699709430337e+08 4.182607832068532811e-27
4.008806328898465633e+08 8.276901666381398222e-28
4.448782831127585173e+08 7.656997670201544034e-32
4.937047852839003801e+08 2.229462744604226499e-40
5.478901179593944550e+08 2.016844492178235694e-53
6.080224261649426222e+08 1.116177128863295933e-73
6.747544053110699654e+08 2.620842487943085218e-105
7.488103857590031624e+08 2.493447973639268819e-156
