1.000000000000000000e+02 6.280101314139895075e-12
1.109752496412072134e+02 5.479175447605683594e-12
1.231550603292826196e+02 4.767872707634512641e-12
1.366716356462005990e+02 4.142450998800539802e-12
1.516716888470922413e+02 3.589298534057565124e-12
1.683180353330956791e+02 3.104573009782254972e-12
1.867913599020782840e+02 2.678674796135574019e-12
2.072921779595371845e+02 2.262276209753086428e-12
2.300430119772916839e+02 1.982093441256532158e-12
2.552908068239516410e+02 1.698889049799219174e-12
2.833096101839323637e+02 1.454876014573725717e-12
3.144035471591500368e+02 1.241532479166247502e-12
3.489101213406774491e+02 1.060139548459266963e-12
3.872038781812557318e+02 9.017328755871362515e-13
4.297004704320843871e+02 7.680465318085104521e-13
4.768611697714468960e+02 6.526521821681205965e-13
5.291978735958442712e+02 5.539177913940322625e-13
5.872786613189482523e+02 4.703527579030103781e-13
6.517339604882420190e+02 3.993698408970940070e-13
7.232633896483533817e+02 3.390590625855222512e-13
8.026433522257173081e+02 2.880219616948576020e-13
8.907354638610439679e+02 2.446996705668979423e-13
9.884959046625587007e+02 2.080212517027246800e-13
1.096985797892383971e+03 1.768778042308817813e-13
1.217382727739662187e+03 1.504338308090267656e-13
1.350993521198027793e+03 1.280039820691847294e-13
1.499268432786045423e+03 1.088748851814954295e-13
1.663816886076128640e+03 9.256296562293664970e-14
1.846424942895544291e+03 7.859214442551722842e-14
2.049074689815845886e+03 6.668657963499753153e-14
2.273965752357927613e+03 5.648024307747227188e-14
2.523539170434765765e+03 4.772905243934057770e-14
2.800503894183631019e+03 4.024340417379866025e-14
3.107866187782013640e+03 3.384986869395431890e-14
3.448962260405759935e+03 2.839045299420641295e-14
3.827494478516314757e+03 2.374023763049210545e-14
4.247571552536898707e+03 1.979593791508162970e-14
4.713753134116724141e+03 1.646085674554564840e-14
5.231099308056262998e+03 1.364765780346362572e-14
5.805225516094896193e+03 1.128542666331653993e-14
6.442363508721369726e+03 9.311955837510523714e-15
7.149428986597576113e+03 7.670035066004470386e-15
7.934096665797491369e+03 6.306640745832790327e-15
8.804883581643463913e+03 5.189287217894141401e-15
9.771241535346502133e+03 4.260162038525758413e-15
1.084365968689610963e+04 3.506556990495524237e-15
1.203377840777589154e+04 2.890596260606642671e-15
1.335451562929898682e+04 2.382599485227581043e-15
1.482020705798858762e+04 1.973375918175684290e-15
1.644676177994664249e+04 1.636943604173883435e-15
1.825183494319044257e+04 1.363331882773555923e-15
2.025501939230666540e+04 1.139086922031588494e-15
2.247805833548725059e+04 9.535236834960497872e-16
2.494508135230316839e+04 8.006996584688821558e-16
2.768286630392066581e+04 6.739363132426846708e-16
3.072112998861759115e+04 5.680059642046679414e-16
3.409285069746814406e+04 4.790421165514563946e-16
3.783462617131928710e+04 4.041617596503562602e-16
4.198707084443910571e+04 3.408516811740830832e-16
4.659525668664683326e+04 2.870413093785782603e-16
5.170920242896761192e+04 2.412908446886077263e-16
5.738441648302398244e+04 2.026236249628846763e-16
6.368249944718585903e+04 1.697001359235436470e-16
7.067181273927491566e+04 1.417443620889388461e-16
7.842822061337680498e+04 1.180342789244659675e-16
8.703591361485165544e+04 9.794137661495961366e-17
9.658832241158708348e+04 8.091607963079335727e-17
1.071891319205127511e+05 6.663474342372298202e-17
1.189534067370319535e+05 5.466736320773413834e-17
1.320088400831418112e+05 4.468946094382701290e-17
1.464971398307286145e+05 3.639772732154166094e-17
1.625755666443794908e+05 2.956790331828853619e-17
1.804186409392071655e+05 2.399111321342845336e-17
2.002200371815584658e+05 1.947043493525376115e-17
2.221946860939523904e+05 1.583592159344771570e-17
2.465811075822604180e+05 1.292449736510670934e-17
2.736439997074671555e+05 1.059143006221231478e-17
3.036771118035460822e+05 8.720230625697323667e-18
3.370064329271928291e+05 7.200367396570326947e-18
3.739937302478798083e+05 5.956227305466119995e-18
4.150404757850476308e+05 4.931001030566079474e-18
4.605922041145108524e+05 4.082458026237626311e-18
5.111433483440171112e+05 3.378310592340858828e-18
5.672426068491977639e+05 2.793847815988415699e-18
6.294988990221888525e+05 2.309190265164779461e-18
6.985879746785250027e+05 1.907358272331237364e-18
7.752597488629464060e+05 1.574202757220437775e-18
8.603464416684507160e+05 1.298497595264213341e-18
9.547716114208066138e+05 1.070231760381117925e-18
1.059560179277617019e+06 8.814267605078008072e-19
1.175849554052158026e+06 7.253645119720906216e-19
1.304901978014401859e+06 5.964668727644517387e-19
1.448118227674532915e+06 4.900694891506053596e-19
1.607052818261638284e+06 4.022081951052167085e-19
1.783430876931909472e+06 3.298692055491683687e-19
1.979166867853557458e+06 2.702657624360464490e-19
2.196385372416546568e+06 2.211763641778706482e-19
2.437444150122222025e+06 1.808354914034981699e-19
2.704959730463137385e+06 1.476647378883125760e-19
3.001835813575591892e+06 1.204487196861294274e-19
3.331294787934676744e+06 9.812720389077852976e-20
3.696912707195031922e+06 7.984268127017413603e-20
4.102658105827190448e+06 6.487355203318418770e-20
4.552935074866947718e+06 5.263990581401652045e-20
5.052631065335679799e+06 4.264481633788396908e-20
5.607169938205458224e+06 3.449274740717339094e-20
6.222570836730230600e+06 2.785853565625587141e-20
6.905513520162330940e+06 2.245622809223266933e-20
7.663410868007462472e+06 1.807127767981319661e-20
8.504489341802684590e+06 1.451104092686111809e-20
9.437878277775391936e+06 1.162933480499449797e-20
1.047370897959450819e+07 9.299547612781785767e-21
1.162322468679854274e+07 7.419733561035872823e-21
1.289890261253307760e+07 5.905816392694050181e-21
1.431458937523478456e+07 4.688265474520164626e-21
1.588565129428052530e+07 3.711451182598041847e-21
1.762914118095947802e+07 2.929439450551248341e-21
1.956398343517064676e+07 2.305070584215551381e-21
2.171117945694505423e+07 1.807738376416708297e-21
2.409403560239527002e+07 1.412639179199343327e-21
2.673841615839949250e+07 1.099608333328863357e-21
2.967302408188872784e+07 8.524390537484036409e-22
3.292971255097155273e+07 6.578958026086718417e-22
3.654383070957254618e+07 5.053943558753352340e-22
4.055460735840827972e+07 3.861067874219296584e-22
4.500557675700496882e+07 2.932356958615081947e-22
4.994505115855139494e+07 2.215496632941766060e-22
5.542664520663107187e+07 1.659588712097153461e-22
6.150985788580504060e+07 1.235386563471330620e-22
6.826071834272393584e+07 9.115953361447364329e-23
7.575250258771920204e+07 6.664990584686491253e-23
8.406652885618332028e+07 4.821587547215335786e-23
9.329304026284696162e+07 3.446410539807507313e-23
1.035321843295663744e+08 2.426141744226161428e-23
1.148951000187308788e+08 1.680881125447837985e-23
1.275051240713012964e+08 1.141882042840817987e-23
1.414991297434575856e+08 7.585568704191060001e-24
1.570290124729377627e+08 4.874187849810870543e-24
1.742633386009651124e+08 3.020563969418194034e-24
1.933891750455232263e+08 1.780813523206067943e-24
2.146141197858406007e+08 9.800299850840246858e-25
2.381685551976160705e+08 4.896230667623103969e-25
2.643081486974108517e+08 2.121224865064860559e-25
2.933166278390048146e+08 7.430135040954228690e-26
3.255088599835056663e+08 1.767596038159880142e-26
3.612342699709430337e+08 2.696428877237518343e-30
