1.000000000000000000e+02 1.760781120034837974e-14
1.109752496412072134e+02 1.397893632894071736e-14
1.231550603292826196e+02 1.105343304356818321e-14
1.366716356462005990e+02 8.740752667801078034e-15
1.516716888470922413e+02 6.885481867038193801e-15
1.683180353330956791e+02 5.432949579033325247e-15
1.867913599020782840e+02 4.281881737459616785e-15
2.072921779595371845e+02 3.385359439491313254e-15
2.300430119772916839e+02 2.682504036508644976e-15
2.552908068239516410e+02 2.138020378164410910e-15
2.833096101839323637e+02 1.713774946235570685e-15
3.144035471591500368e+02 1.382921548075992227e-15
3.489101213406774491e+02 1.124129961511468335e-15
3.872038781812557318e+02 9.192730230877225697e-16
4.297004704320843871e+02 7.587654844385620001e-16
4.768611697714468960e+02 6.295681279136034551e-16
5.291978735958442712e+02 5.258950915742186001e-16
5.872786613189482523e+02 4.412530122368013131e-16
6.517339604882420190e+02 3.716773723368641925e-16
7.232633896483533817e+02 3.138312637694435801e-16
8.026433522257173081e+02 2.654456006715540914e-16
8.907354638610439679e+02 2.246781578823694802e-16
9.884959046625587007e+02 1.900898069156338394e-16
1.096985797892383971e+03 1.607550631024554149e-16
1.217382727739662187e+03 1.357131391817165227e-16
1.350993521198027793e+03 1.142491990659875086e-16
1.499268432786045423e+03 9.600535370957838951e-17
1.663816886076128640e+03 8.039891276719392691e-17
1.846424942895544291e+03 6.711554093353327034e-17
2.049074689815845886e+03 5.583729219880641605e-17
2.273965752357927613e+03 4.617635995518200915e-17
2.523539170434765765e+03 3.805397961430252883e-17
2.800503894183631019e+03 3.118466262191672186e-17
3.107866187782013640e+03 2.541854182408911058e-17
3.448962260405759935e+03 2.058928996324629305e-17
3.827494478516314757e+03 1.654933669593979549e-17
4.247571552536898707e+03 1.325016937234581423e-17
4.713753134116724141e+03 1.050789512631135609e-17
5.231099308056262998e+03 8.250844410249584472e-18
5.805225516094896193e+03 6.431830635438357534e-18
6.442363508721369726e+03 4.977638236235809911e-18
7.149428986597576113e+03 3.815251664992167903e-18
7.934096665797491369e+03 2.897923385742107449e-18
8.804883581643463913e+03 2.178075094151205648e-18
9.771241535346502133e+03 1.623527362190403427e-18
1.084365968689610963e+04 1.199624880264858784e-18
1.203377840777589154e+04 8.796861630886757237e-19
1.335451562929898682e+04 6.411967396049909688e-19
1.482020705798858762e+04 4.654133112376777172e-19
1.644676177994664249e+04 3.373090615186513368e-19
1.825183494319044257e+04 2.447761113509768480e-19
2.025501939230666540e+04 1.784824183188470965e-19
2.247805833548725059e+04 1.311753140924542007e-19
2.494508135230316839e+04 9.745412300932845758e-20
2.768286630392066581e+04 7.337751670962822177e-20
3.072112998861759115e+04 5.608711679837527027e-20
3.409285069746814406e+04 4.355089556757795098e-20
3.783462617131928710e+04 3.434568281823507064e-20
4.198707084443910571e+04 2.747188621688945428e-20
4.659525668664683326e+04 2.223567672707834023e-20
5.170920242896761192e+04 1.814899720277336772e-20
5.738441648302398244e+04 1.487839622816419138e-20
6.368249944718585903e+04 1.223255062670307425e-20
7.067181273927491566e+04 1.005622466903518658e-20
7.842822061337680498e+04 8.260101512473156429e-21
8.703591361485165544e+04 6.776211937093272469e-21
9.658832241158708348e+04 5.549633947804714439e-21
1.071891319205127511e+05 4.534299312731125180e-21
1.189534067370319535e+05 3.697085418335840851e-21
1.320088400831418112e+05 3.006730563641818614e-21
1.464971398307286145e+05 2.440054152950773328e-21
1.625755666443794908e+05 1.974222044820717367e-21
1.804186409392071655e+05 1.592688830190187581e-21
2.002200371815584658e+05 1.281095722378259595e-21
2.221946860939523904e+05 1.026864354758711931e-21
2.465811075822604180e+05 8.199926099949262540e-22
2.736439997074671555e+05 6.524997620309372357e-22
3.036771118035460822e+05 5.170188472247977295e-22
3.370064329271928291e+05 4.078810494883793450e-22
3.739937302478798083e+05 3.202515524632541768e-22
4.150404757850476308e+05 2.502648227015285145e-22
4.605922041145108524e+05 1.947141478574753176e-22
5.111433483440171112e+05 1.507514839047307437e-22
5.672426068491977639e+05 1.162382541291776044e-22
6.294988990221888525e+05 8.924986632896379132e-23
6.985879746785250027e+05 6.828581637916822639e-23
7.752597488629464060e+05 5.212017570414336273e-23
8.603464416684507160e+05 3.969605426709530043e-23
9.547716114208066138e+05 3.020858475706134702e-23
1.059560179277617019e+06 2.297885296875137942e-23
1.175849554052158026e+06 1.747757056910519135e-23
1.304901978014401859e+06 1.329152942281827004e-23
1.448118227674532915e+06 1.009409424639571936e-23
1.607052818261638284e+06 7.644641515316972344e-24
1.783430876931909472e+06 5.757545822105444768e-24
1.979166867853557458e+06 4.299642085118245518e-24
2.196385372416546568e+06 3.172987002311978754e-24
2.437444150122222025e+06 2.303977599910575176e-24
2.704959730463137385e+06 1.639229230973250575e-24
3.001835813575591892e+06 1.135905653775282187e-24
3.331294787934676744e+06 7.619025184191493716e-25
3.696912707195031922e+06 4.895862713488450803e-25
4.102658105827190448e+06 2.975274257388104607e-25
4.552935074866947718e+06 1.678371846156041420e-25
5.052631065335679799e+06 8.554806555379555638e-26
5.607169938205458224e+06 3.805627392894768307e-26
6.222570836730230600e+06 1.436285310188911014e-26
6.905513520162330940e+06 4.955479380878644841e-27
7.663410868007462472e+06 2.023369029466374766e-27
8.504489341802684590e+06 8.568159622623072500e-28
9.437878277775391936e+06 9.079472490572000785e-29
1.047370897959450819e+07 2.090867909630478414e-31
1.162322468679854274e+07 3.494364706815330949e-40
