1.000000000000000000e+02 3.947010065390298600e-16
1.109752496412072134e+02 3.454001716643855969e-16
1.231550603292826196e+02 3.020664521222167247e-16
1.366716356462005990e+02 2.639637462454560820e-16
1.516716888470922413e+02 2.304493334091912819e-16
1.683180353330956791e+02 2.010834784925447866e-16
1.867913599020782840e+02 1.753695280391568850e-16
2.072921779595371845e+02 1.528188300749366830e-16
2.300430119772916839e+02 1.330838407522477100e-16
2.552908068239516410e+02 1.158609333971746659e-16
2.833096101839323637e+02 1.008097322661015007e-16
3.144035471591500368e+02 8.770791802780408250e-17
3.489101213406774491e+02 7.625060120072652437e-17
3.872038781812557318e+02 6.628010762201258086e-17
4.297004704320843871e+02 5.757624882260668452e-17
4.768611697714468960e+02 5.001318242771903398e-17
5.291978735958442712e+02 4.341983850186415646e-17
5.872786613189482523e+02 3.768442899361304858e-17
6.517339604882420190e+02 3.268729214923243918e-17
7.232633896483533817e+02 2.833899317091058115e-17
8.026433522257173081e+02 2.455049294849588858e-17
8.907354638610439679e+02 2.124890363541967023e-17
9.884959046625587007e+02 1.837872743343113469e-17
1.096985797892383971e+03 1.587662987934575980e-17
1.217382727739662187e+03 1.370077396114726990e-17
1.350993521198027793e+03 1.180564767600777063e-17
1.499268432786045423e+03 1.015881324551391626e-17
1.663816886076128640e+03 8.728388890399583634e-18
1.846424942895544291e+03 7.485635420863951566e-18
2.049074689815845886e+03 6.408811761721618884e-18
2.273965752357927613e+03 5.476745744812570780e-18
2.523539170434765765e+03 4.670931191262940873e-18
2.800503894183631019e+03 3.976216614192977927e-18
3.107866187782013640e+03 3.378090781810044136e-18
3.448962260405759935e+03 2.865246484277497567e-18
3.827494478516314757e+03 2.426543215279495417e-18
4.247571552536898707e+03 2.052515612529442542e-18
4.713753134116724141e+03 1.734645266806547213e-18
5.231099308056262998e+03 1.465868661469412838e-18
5.805225516094896193e+03 1.239240462648362114e-18
6.442363508721369726e+03 1.048636400233479540e-18
7.149428986597576113e+03 8.883959087548033878e-19
7.934096665797491369e+03 7.533150588588433311e-19
8.804883581643463913e+03 6.391933504865495955e-19
9.771241535346502133e+03 5.425390960602234892e-19
1.084365968689610963e+04 4.604851190789243653e-19
1.203377840777589154e+04 3.906387238146385211e-19
1.335451562929898682e+04 3.313215840649247819e-19
1.482020705798858762e+04 2.808657730091201432e-19
1.644676177994664249e+04 2.379327649460980094e-19
1.825183494319044257e+04 2.015169607439943897e-19
2.025501939230666540e+04 1.705843128302880389e-19
2.247805833548725059e+04 1.443556420065116468e-19
2.494508135230316839e+04 1.221192835896396148e-19
2.768286630392066581e+04 1.032697462607470293e-19
3.072112998861759115e+04 8.730843401158352545e-20
3.409285069746814406e+04 7.379491927085756310e-20
3.783462617131928710e+04 6.233956367441283612e-20
4.198707084443910571e+04 5.265116659969399426e-20
4.659525668664683326e+04 4.445045072479269869e-20
5.170920242896761192e+04 3.751360542170905425e-20
5.738441648302398244e+04 3.164557189975523522e-20
6.368249944718585903e+04 2.667968622630754538e-20
7.067181273927491566e+04 2.248545169884734488e-20
7.842822061337680498e+04 1.893652636574569277e-20
8.703591361485165544e+04 1.594038999017101116e-20
9.658832241158708348e+04 1.340922158240238022e-20
1.071891319205127511e+05 1.127271012969738340e-20
1.189534067370319535e+05 9.467306129390495680e-21
1.320088400831418112e+05 7.945766551811408178e-21
1.464971398307286145e+05 6.663366240683809906e-21
1.625755666443794908e+05 5.581461294422179572e-21
1.804186409392071655e+05 4.670910971598173297e-21
2.002200371815584658e+05 3.904871495322918159e-21
2.221946860939523904e+05 3.260929263836440911e-21
2.465811075822604180e+05 2.719553953639966735e-21
2.736439997074671555e+05 2.265298758420298353e-21
3.036771118035460822e+05 1.885489079900778943e-21
3.370064329271928291e+05 1.567345432461117735e-21
3.739937302478798083e+05 1.301542333342684197e-21
4.150404757850476308e+05 1.079635935168704348e-21
4.605922041145108524e+05 8.946452518082191319e-22
5.111433483440171112e+05 7.405212193422486492e-22
5.672426068491977639e+05 6.120812564681132497e-22
6.294988990221888525e+05 5.052511695602659476e-22
6.985879746785250027e+05 4.165104767349002197e-22
7.752597488629464060e+05 3.427294401756941233e-22
8.603464416684507160e+05 2.813922684564224191e-22
9.547716114208066138e+05 2.308344333801203545e-22
1.059560179277617019e+06 1.889824053556336269e-22
1.175849554052158026e+06 1.542680016896559828e-22
1.304901978014401859e+06 1.256728585862704820e-22
1.448118227674532915e+06 1.021767052172984776e-22
1.607052818261638284e+06 8.278942698753082115e-23
1.783430876931909472e+06 6.691144853383368505e-23
1.979166867853557458e+06 5.392755758152689576e-23
2.196385372416546568e+06 4.328036119334378516e-23
2.437444150122222025e+06 3.462007453647696146e-23
2.704959730463137385e+06 2.757389345334690935e-23
3.001835813575591892e+06 2.185990207951123558e-23
3.331294787934676744e+06 1.724269162617029960e-23
3.696912707195031922e+06 1.352004390353010400e-23
4.102658105827190448e+06 1.053355511949208362e-23
4.552935074866947718e+06 8.153316465657968483e-24
5.052631065335679799e+06 6.255770234349376549e-24
5.607169938205458224e+06 4.761562978888449090e-24
6.222570836730230600e+06 3.589669043660896629e-24
6.905513520162330940e+06 2.679727288800039357e-24
7.663410868007462472e+06 1.975199043030820331e-24
8.504489341802684590e+06 1.439121110775571905e-24
9.437878277775391936e+06 1.027372323915824801e-24
1.047370897959450819e+07 7.202290104395107027e-25
1.162322468679854274e+07 4.943509295735671717e-25
1.289890261253307760e+07 3.283856208238652097e-25
1.431458937523478456e+07 2.114342852492000896e-25
1.588565129428052530e+07 1.320368184693231897e-25
1.762914118095947802e+07 8.010934810599736937e-26
1.956398343517064676e+07 4.758684186676252936e-26
2.171117945694505423e+07 2.797324942515097860e-26
2.409403560239527002e+07 1.638851754959745742e-26
2.673841615839949250e+07 9.570275204351167463e-27
2.967302408188872784e+07 5.521699788994875467e-27
3.292971255097155273e+07 3.103001090244423132e-27
3.654383070957254618e+07 1.662402992309826153e-27
4.055460735840827972e+07 8.223093447814715322e-28
4.500557675700496882e+07 3.529456405052376975e-28
4.994505115855139494e+07 1.141980325653277921e-28
5.542664520663107187e+07 1.822638071131316879e-29
6.150985788580504060e+07 6.849868363531190769e-31
