1.000000000000000000e+02 1.695888234495672580e-14
1.109752496412072134e+02 1.357487746781448756e-14
1.231550603292826196e+02 1.081387042099606061e-14
1.366716356462005990e+02 8.606900735077336134e-15
1.516716888470922413e+02 6.830229423384038809e-15
1.683180353330956791e+02 5.414644725290867906e-15
1.867913599020782840e+02 4.291851094725064141e-15
2.072921779595371845e+02 3.399049022477814136e-15
2.300430119772916839e+02 2.702129902396603220e-15
2.552908068239516410e+02 2.147385168516362922e-15
2.833096101839323637e+02 1.717860053691651768e-15
3.144035471591500368e+02 1.377729738376131851e-15
3.489101213406774491e+02 1.114136971555291881e-15
3.872038781812557318e+02 9.055283257045634753e-16
4.297004704320843871e+02 7.424470258443307522e-16
4.768611697714468960e+02 6.126805895218412516e-16
5.291978735958442712e+02 5.098489598528425159e-16
5.872786613189482523e+02 4.270087243377157155e-16
6.517339604882420190e+02 3.600553226040826839e-16
7.232633896483533817e+02 3.051559573809521634e-16
8.026433522257173081e+02 2.598912372859984474e-16
8.907354638610439679e+02 2.221066460641839976e-16
9.884959046625587007e+02 1.902852299860548647e-16
1.096985797892383971e+03 1.632897720894107458e-16
1.217382727739662187e+03 1.403386122686715261e-16
1.350993521198027793e+03 1.205500795636186560e-16
1.499268432786045423e+03 1.034721767580486202e-16
1.663816886076128640e+03 8.884590519694475974e-17
1.846424942895544291e+03 7.611429101966548120e-17
2.049074689815845886e+03 6.508127531252704964e-17
2.273965752357927613e+03 5.555392573450999740e-17
2.523539170434765765e+03 4.727841722656925103e-17
2.800503894183631019e+03 4.014178490052699687e-17
3.107866187782013640e+03 3.397728430769488211e-17
3.448962260405759935e+03 2.867277999928006987e-17
3.827494478516314757e+03 2.412118011736890842e-17
4.247571552536898707e+03 2.020360155769421527e-17
4.713753134116724141e+03 1.685496956314871637e-17
5.231099308056262998e+03 1.402622381525492123e-17
5.805225516094896193e+03 1.163822343440516062e-17
6.442363508721369726e+03 9.585556663280135487e-18
7.149428986597576113e+03 7.870096120110027645e-18
7.934096665797491369e+03 6.432876776447703593e-18
8.804883581643463913e+03 5.234860349069880560e-18
9.771241535346502133e+03 4.237922934342442738e-18
1.084365968689610963e+04 3.412385377144673268e-18
1.203377840777589154e+04 2.730626256028308086e-18
1.335451562929898682e+04 2.170417588306094634e-18
1.482020705798858762e+04 1.712460241273903864e-18
1.644676177994664249e+04 1.340165864309931231e-18
1.825183494319044257e+04 1.038651393919387214e-18
2.025501939230666540e+04 7.963753277575542219e-19
2.247805833548725059e+04 6.030869792409519281e-19
2.494508135230316839e+04 4.504418249320976645e-19
2.768286630392066581e+04 3.315807278402389287e-19
3.072112998861759115e+04 2.406289515351792485e-19
3.409285069746814406e+04 1.726315127729587379e-19
3.783462617131928710e+04 1.230786851584362203e-19
4.198707084443910571e+04 8.778686101741143915e-20
4.659525668664683326e+04 6.311910924417191595e-20
5.170920242896761192e+04 4.603147585144813020e-20
5.738441648302398244e+04 3.421351850259400703e-20
6.368249944718585903e+04 2.591787557932592600e-20
7.067181273927491566e+04 1.997996800191427655e-20
7.842822061337680498e+04 1.560431677398934716e-20
8.703591361485165544e+04 1.230649354034170179e-20
9.658832241158708348e+04 9.753251597422094626e-21
1.071891319205127511e+05 7.746087825359024817e-21
1.189534067370319535e+05 6.160108279250769341e-21
1.320088400831418112e+05 4.895526091484081228e-21
1.464971398307286145e+05 3.876786349402664257e-21
1.625755666443794908e+05 3.074486569760912002e-21
1.804186409392071655e+05 2.430653941558582386e-21
2.002200371815584658e+05 1.914523203242867563e-21
2.221946860939523904e+05 1.511537380282408826e-21
2.465811075822604180e+05 1.186000061141466725e-21
2.736439997074671555e+05 9.305508561654463292e-22
3.036771118035460822e+05 7.282769866178237604e-22
3.370064329271928291e+05 5.682149483044615441e-22
3.739937302478798083e+05 4.420892173409781789e-22
4.150404757850476308e+05 3.419655558362102092e-22
4.605922041145108524e+05 2.631541907166388985e-22
5.111433483440171112e+05 2.011236747457738789e-22
5.672426068491977639e+05 1.522099545677834811e-22
6.294988990221888525e+05 1.145233272674701661e-22
6.985879746785250027e+05 8.503631676495591635e-23
7.752597488629464060e+05 6.235707503865855666e-23
8.603464416684507160e+05 4.504294605267154652e-23
9.547716114208066138e+05 3.199016952450069197e-23
1.059560179277617019e+06 2.230814554402532490e-23
1.175849554052158026e+06 1.523157624011298188e-23
1.304901978014401859e+06 1.017295677617576080e-23
1.448118227674532915e+06 6.634922055600402687e-24
1.607052818261638284e+06 4.233360332243869905e-24
1.783430876931909472e+06 2.643629768570021310e-24
1.979166867853557458e+06 1.623467914523583345e-24
2.196385372416546568e+06 9.877292628701317433e-25
2.437444150122222025e+06 5.976745341294999743e-25
2.704959730463137385e+06 3.611309137410976505e-25
3.001835813575591892e+06 2.153745203191633858e-25
3.331294787934676744e+06 1.232090815743527307e-25
3.696912707195031922e+06 6.522727524820787248e-26
4.102658105827190448e+06 3.057484966542700647e-26
4.552935074866947718e+06 1.204572575426859828e-26
5.052631065335679799e+06 3.834502130760744295e-27
5.607169938205458224e+06 9.675407792460173946e-28
6.222570836730230600e+06 1.881417719784841838e-28
6.905513520162330940e+06 2.748148329423483371e-29
7.663410868007462472e+06 2.951734489341504131e-30
8.504489341802684590e+06 2.253572311594550110e-31
9.437878277775391936e+06 1.146863525076267508e-32
1.047370897959450819e+07 3.806639014991043535e-34
1.162322468679854274e+07 7.851812383546310429e-36
1.289890261253307760e+07 9.516418857444798919e-38
1.431458937523478456e+07 6.329010088621891311e-40
1.588565129428052530e+07 2.100699562974525518e-42
1.762914118095947802e+07 3.024612108142121301e-45
1.956398343517064676e+07 1.498222091264638480e-48
2.171117945694505423e+07 1.828406965020819904e-52
2.409403560239527002e+07 2.394756814037254909e-57
2.673841615839949250e+07 1.492929878875836371e-64
