1.000000000000000000e+02 3.475276114742646471e-12
1.109752496412072134e+02 2.925183377506821123e-12
1.231550603292826196e+02 2.452117512974691846e-12
1.366716356462005990e+02 2.047056407818821247e-12
1.516716888470922413e+02 1.701036084304256722e-12
1.683180353330956791e+02 1.406496061924341933e-12
1.867913599020782840e+02 1.157617582564942611e-12
2.072921779595371845e+02 9.477977816160108531e-13
2.300430119772916839e+02 7.714508018315333430e-13
2.552908068239516410e+02 6.253866567758122322e-13
2.833096101839323637e+02 5.042114220290693989e-13
3.144035471591500368e+02 4.045211502847917462e-13
3.489101213406774491e+02 3.230751040733762271e-13
3.872038781812557318e+02 2.571674121051488127e-13
4.297004704320843871e+02 2.041349661355329796e-13
4.768611697714468960e+02 1.616697995465969995e-13
5.291978735958442712e+02 1.280537474753274016e-13
5.872786613189482523e+02 1.015661677888906220e-13
6.517339604882420190e+02 8.076903437014816829e-14
7.232633896483533817e+02 6.451099942197564314e-14
8.026433522257173081e+02 5.192866049462481294e-14
8.907354638610439679e+02 4.208963008006407201e-14
9.884959046625587007e+02 3.442835874205635866e-14
1.096985797892383971e+03 2.842347855996254370e-14
1.217382727739662187e+03 2.367593646410312368e-14
1.350993521198027793e+03 1.987834064558343933e-14
1.499268432786045423e+03 1.681358237001245151e-14
1.663816886076128640e+03 1.430332002204627823e-14
1.846424942895544291e+03 1.221296997071099179e-14
2.049074689815845886e+03 1.045467365319015515e-14
2.273965752357927613e+03 8.969527824529596746e-15
2.523539170434765765e+03 7.694110738969823160e-15
2.800503894183631019e+03 6.595045552430053440e-15
3.107866187782013640e+03 5.649820020103237405e-15
3.448962260405759935e+03 4.828890305395172184e-15
3.827494478516314757e+03 4.119125985667468892e-15
4.247571552536898707e+03 3.500886067009983167e-15
4.713753134116724141e+03 2.968501945930647670e-15
5.231099308056262998e+03 2.508769761681458581e-15
5.805225516094896193e+03 2.111353465004726509e-15
6.442363508721369726e+03 1.770090616753777443e-15
7.149428986597576113e+03 1.477401381573101308e-15
7.934096665797491369e+03 1.228778927287588962e-15
8.804883581643463913e+03 1.017127301102557475e-15
9.771241535346502133e+03 8.384707157903077397e-16
1.084365968689610963e+04 6.861075458356533421e-16
1.203377840777589154e+04 5.594256429957041162e-16
1.335451562929898682e+04 4.546861989074748720e-16
1.482020705798858762e+04 3.678449705698555856e-16
1.644676177994664249e+04 2.951032030860309793e-16
1.825183494319044257e+04 2.361679894396647693e-16
2.025501939230666540e+04 1.883941067234247805e-16
2.247805833548725059e+04 1.500120683396285107e-16
2.494508135230316839e+04 1.192393636462140890e-16
2.768286630392066581e+04 9.456436624410313411e-17
3.072112998861759115e+04 7.501165141830767342e-17
3.409285069746814406e+04 5.956469063632194771e-17
3.783462617131928710e+04 4.735986873218670690e-17
4.198707084443910571e+04 3.775054101416180925e-17
4.659525668664683326e+04 3.017066788859496085e-17
5.170920242896761192e+04 2.421114557657276583e-17
5.738441648302398244e+04 1.954070145071290856e-17
6.368249944718585903e+04 1.588760907950009736e-17
7.067181273927491566e+04 1.302199856005054698e-17
7.842822061337680498e+04 1.074573283690074355e-17
8.703591361485165544e+04 8.907384635351590793e-18
9.658832241158708348e+04 7.399808865172434594e-18
1.071891319205127511e+05 6.149954042150023515e-18
1.189534067370319535e+05 5.109394713010644767e-18
1.320088400831418112e+05 4.241929283186401940e-18
1.464971398307286145e+05 3.517528309403711808e-18
1.625755666443794908e+05 2.914166123362419554e-18
1.804186409392071655e+05 2.411258222777589209e-18
2.002200371815584658e+05 1.992643279214756970e-18
2.221946860939523904e+05 1.644520987615357901e-18
2.465811075822604180e+05 1.355547747924200372e-18
2.736439997074671555e+05 1.115988304914163215e-18
3.036771118035460822e+05 9.174783691656445387e-19
3.370064329271928291e+05 7.535577076589649062e-19
3.739937302478798083e+05 6.181273584105230893e-19
4.150404757850476308e+05 5.065783873522643998e-19
4.605922041145108524e+05 4.147862976159681524e-19
5.111433483440171112e+05 3.392304941962332057e-19
5.672426068491977639e+05 2.771513982705215205e-19
6.294988990221888525e+05 2.261969479446162230e-19
6.985879746785250027e+05 1.844016455732111581e-19
7.752597488629464060e+05 1.501368156215551135e-19
8.603464416684507160e+05 1.220799247701184997e-19
9.547716114208066138e+05 9.915486707409839270e-20
1.059560179277617019e+06 8.041437110815296341e-20
1.175849554052158026e+06 6.512185098562778426e-20
1.304901978014401859e+06 5.266547311444216927e-20
1.448118227674532915e+06 4.252576781131603073e-20
1.607052818261638284e+06 3.428305145487967002e-20
1.783430876931909472e+06 2.758460737939879744e-20
1.979166867853557458e+06 2.216410645488512227e-20
2.196385372416546568e+06 1.777416552688554182e-20
2.437444150122222025e+06 1.422706354766839228e-20
2.704959730463137385e+06 1.136435690985011934e-20
3.001835813575591892e+06 9.058287199067556951e-21
3.331294787934676744e+06 7.204692784271872241e-21
3.696912707195031922e+06 5.717433206220447474e-21
4.102658105827190448e+06 4.525921201536384741e-21
4.552935074866947718e+06 3.573636179970252010e-21
5.052631065335679799e+06 2.814228973702038610e-21
5.607169938205458224e+06 2.209970114636576608e-21
6.222570836730230600e+06 1.730251395792659870e-21
6.905513520162330940e+06 1.350205038837037233e-21
7.663410868007462472e+06 1.050334854702483151e-21
8.504489341802684590e+06 8.139815325856771846e-22
9.437878277775391936e+06 6.285818564808645739e-22
1.047370897959450819e+07 4.833621050007204832e-22
1.162322468679854274e+07 3.700376975783110294e-22
1.289890261253307760e+07 2.820266499320791791e-22
1.431458937523478456e+07 2.138892674269079542e-22
1.588565129428052530e+07 1.612344556392391023e-22
1.762914118095947802e+07 1.208902705567588183e-22
1.956398343517064676e+07 8.997551549209299612e-23
2.171117945694505423e+07 6.652543400385200398e-23
2.409403560239527002e+07 4.879246028047748028e-23
2.673841615839949250e+07 3.549569559702374538e-23
2.967302408188872784e+07 2.558573499355083692e-23
3.292971255097155273e+07 1.824581306019861151e-23
3.654383070957254618e+07 1.287768501388225345e-23
4.055460735840827972e+07 8.968702484665946264e-24
4.500557675700496882e+07 6.150687990945137905e-24
4.994505115855139494e+07 4.147153301369874720e-24
5.542664520663107187e+07 2.731708890502279104e-24
6.150985788580504060e+07 1.754531109780702508e-24
6.826071834272393584e+07 1.091022971294899854e-24
7.575250258771920204e+07 6.496085631306137475e-25
8.406652885618332028e+07 3.654539116686931255e-25
9.329304026284696162e+07 1.881585792876802136e-25
1.035321843295663744e+08 8.322832629394474229e-26
1.148951000187308788e+08 2.613366366619418945e-26
1.275051240713012964e+08 2.026527953110679605e-27
1.414991297434575856e+08 8.783859880511018516e-38
