1.000000000000000000e+02 6.274211091360335851e-14
1.109752496412072134e+02 5.378652128740572397e-14
1.231550603292826196e+02 4.617372394397389203e-14
1.366716356462005990e+02 3.964200280499275859e-14
1.516716888470922413e+02 3.402895955323567466e-14
1.683180353330956791e+02 2.919409609520030277e-14
1.867913599020782840e+02 2.503476228321344950e-14
2.072921779595371845e+02 2.145844091613679106e-14
2.300430119772916839e+02 1.838151955169172073e-14
2.552908068239516410e+02 1.573924519826562421e-14
2.833096101839323637e+02 1.347290727223655196e-14
3.144035471591500368e+02 1.152058969640924456e-14
3.489101213406774491e+02 9.849111474382885302e-15
3.872038781812557318e+02 8.413964400714543850e-15
4.297004704320843871e+02 7.184785863215160883e-15
4.768611697714468960e+02 6.132228610555861477e-15
5.291978735958442712e+02 5.230792735987417435e-15
5.872786613189482523e+02 4.459971025825626148e-15
6.517339604882420190e+02 3.799800702745400633e-15
7.232633896483533817e+02 3.237030896920572890e-15
8.026433522257173081e+02 2.756010146149875174e-15
8.907354638610439679e+02 2.345004764882331114e-15
9.884959046625587007e+02 1.995020767327864322e-15
1.096985797892383971e+03 1.696445043794239409e-15
1.217382727739662187e+03 1.442177943946103004e-15
1.350993521198027793e+03 1.225563232094232383e-15
1.499268432786045423e+03 1.041323597173042468e-15
1.663816886076128640e+03 8.844955326088068857e-16
1.846424942895544291e+03 7.510059935544549709e-16
2.049074689815845886e+03 6.376183071631997850e-16
2.273965752357927613e+03 5.411097741558508631e-16
2.523539170434765765e+03 4.591257632915062532e-16
2.800503894183631019e+03 3.894581481320739721e-16
3.107866187782013640e+03 3.302583973255271986e-16
3.448962260405759935e+03 2.799954636559809366e-16
3.827494478516314757e+03 2.372591102598671474e-16
4.247571552536898707e+03 2.010067639305287743e-16
4.713753134116724141e+03 1.702215843095478347e-16
5.231099308056262998e+03 1.440862905460236270e-16
5.805225516094896193e+03 1.219195953292855214e-16
6.442363508721369726e+03 1.031184273095788746e-16
7.149428986597576113e+03 8.717279788354308367e-17
7.934096665797491369e+03 7.365907528291759690e-17
8.804883581643463913e+03 6.219682013108332609e-17
9.771241535346502133e+03 5.250254922524135736e-17
1.084365968689610963e+04 4.428897950997255368e-17
1.203377840777589154e+04 3.733468467502970708e-17
1.335451562929898682e+04 3.145512725642264133e-17
1.482020705798858762e+04 2.648174130072473778e-17
1.644676177994664249e+04 2.228202086846808396e-17
1.825183494319044257e+04 1.873368823834025592e-17
2.025501939230666540e+04 1.573628100543777849e-17
2.247805833548725059e+04 1.321118372258181351e-17
2.494508135230316839e+04 1.108055017211385174e-17
2.768286630392066581e+04 9.287346974962540988e-18
3.072112998861759115e+04 7.777783543549831925e-18
3.409285069746814406e+04 6.507646452876496701e-18
3.783462617131928710e+04 5.440668302395192574e-18
4.198707084443910571e+04 4.545248060449750148e-18
4.659525668664683326e+04 3.794015622586764592e-18
5.170920242896761192e+04 3.164224692601318754e-18
5.738441648302398244e+04 2.636849056456461233e-18
6.368249944718585903e+04 2.195937239843216240e-18
7.067181273927491566e+04 1.827156924842180122e-18
7.842822061337680498e+04 1.519236845705830628e-18
8.703591361485165544e+04 1.262142665742995589e-18
9.658832241158708348e+04 1.047707803637536535e-18
1.071891319205127511e+05 8.689680233676007384e-19
1.189534067370319535e+05 7.200940793088299943e-19
1.320088400831418112e+05 5.962487750820879937e-19
1.464971398307286145e+05 4.932459678283619678e-19
1.625755666443794908e+05 4.076625686877556886e-19
1.804186409392071655e+05 3.366327056445519160e-19
2.002200371815584658e+05 2.776461176144924176e-19
2.221946860939523904e+05 2.287821454601721344e-19
2.465811075822604180e+05 1.883565208535746684e-19
2.736439997074671555e+05 1.548924357313344161e-19
3.036771118035460822e+05 1.272292592680201254e-19
3.370064329271928291e+05 1.044113157694671733e-19
3.739937302478798083e+05 8.558422681965136756e-20
4.150404757850476308e+05 7.005924459806025893e-20
4.605922041145108524e+05 5.728879763709281898e-20
5.111433483440171112e+05 4.678888249803522341e-20
5.672426068491977639e+05 3.816677064093509700e-20
6.294988990221888525e+05 3.108957859878883477e-20
6.985879746785250027e+05 2.529549441352580369e-20
7.752597488629464060e+05 2.055426137028004289e-20
8.603464416684507160e+05 1.667927992304088994e-20
9.547716114208066138e+05 1.351505759694864896e-20
1.059560179277617019e+06 1.093588023728362719e-20
1.175849554052158026e+06 8.836326621555466846e-21
1.304901978014401859e+06 7.129909866729495547e-21
1.448118227674532915e+06 5.744539149864508412e-21
1.607052818261638284e+06 4.620609860223439680e-21
1.783430876931909472e+06 3.711452536372289535e-21
1.979166867853557458e+06 2.976370705645130420e-21
2.196385372416546568e+06 2.383246975186694830e-21
2.437444150122222025e+06 1.905222108961540436e-21
2.704959730463137385e+06 1.520699873066959654e-21
3.001835813575591892e+06 1.211792025786629407e-21
3.331294787934676744e+06 9.639937115988000873e-22
3.696912707195031922e+06 7.656109236100060160e-22
4.102658105827190448e+06 6.070169266859831703e-22
4.552935074866947718e+06 4.804846649343189502e-22
5.052631065335679799e+06 3.797339889454443834e-22
5.607169938205458224e+06 2.994852994744029389e-22
6.222570836730230600e+06 2.358068523027558347e-22
6.905513520162330940e+06 1.853485050401426460e-22
7.663410868007462472e+06 1.454200050576022737e-22
8.504489341802684590e+06 1.138983898503997115e-22
9.437878277775391936e+06 8.903709999877802053e-23
1.047370897959450819e+07 6.947372627910396412e-23
1.162322468679854274e+07 5.409728659518771539e-23
1.289890261253307760e+07 4.206407296846934840e-23
1.431458937523478456e+07 3.263891428494458167e-23
1.588565129428052530e+07 2.527720854555750444e-23
1.762914118095947802e+07 1.953835368894402120e-23
1.956398343517064676e+07 1.507460728502949027e-23
2.171117945694505423e+07 1.160645801374476863e-23
2.409403560239527002e+07 8.918467375285276637e-24
2.673841615839949250e+07 6.839704671457710475e-24
2.967302408188872784e+07 5.234719881773739534e-24
3.292971255097155273e+07 3.998374892833091356e-24
3.654383070957254618e+07 3.047798819597258643e-24
4.055460735840827972e+07 2.318446328961373803e-24
4.500557675700496882e+07 1.759717495122354427e-24
4.994505115855139494e+07 1.332837811249896157e-24
5.542664520663107187e+07 1.007194379750351082e-24
6.150985788580504060e+07 7.594937937146774125e-25
6.826071834272393584e+07 5.713778717697164903e-25
7.575250258771920204e+07 4.288380588063916881e-25
8.406652885618332028e+07 3.210186189126636325e-25
9.329304026284696162e+07 2.397265452921027503e-25
1.035321843295663744e+08 1.785653884422234777e-25
1.148951000187308788e+08 1.326257732225000507e-25
1.275051240713012964e+08 9.823000496420869165e-26
1.414991297434575856e+08 7.252794126452922867e-26
1.570290124729377627e+08 5.337924896924567889e-26
1.742633386009651124e+08 3.915543096430187760e-26
1.933891750455232263e+08 2.861070670938291149e-26
2.146141197858406007e+08 2.082318047669242315e-26
2.381685551976160705e+08 1.508997838363986514e-26
2.643081486974108517e+08 1.088271486126369595e-26
2.933166278390048146e+08 7.806725388235623159e-27
3.255088599835056663e+08 5.567643800034325981e-27
3.612342699709430337e+08 3.943965561400345838e-27
4.008806328898465633e+08 2.772463493643739300e-27
4.448782831127585173e+08 1.932223547565894819e-27
4.937047852839003801e+08 1.332589500273797136e-27
5.478901179593944550e+08 9.081260423694789980e-28
6.080224261649426222e+08 6.097747359603561986e-28
6.747544053110699654e+08 4.021971713737449104e-28
7.488103857590031624e+08 2.592163993091811828e-28
8.309941949353404045e+08 1.620982485927489282e-28
9.221978823334341049e+08 9.724306058868455225e-29
1.023411402105452657e+09 5.490337033942654938e-29
1.135733358343105316e+09 2.811032570664734051e-29
1.260382929679727316e+09 1.199834749699820151e-29
1.398713102647238731e+09 3.258069583338343618e-30
1.552225357427047968e+09 1.377629271837785710e-31
