1.000000000000000000e+02 3.817682325174284769e-12
1.109752496412072134e+02 2.978426970865666210e-12
1.231550603292826196e+02 2.331228459353002946e-12
1.366716356462005990e+02 1.834616575443775688e-12
1.516716888470922413e+02 1.454214054705254382e-12
1.683180353330956791e+02 1.163107910038912187e-12
1.867913599020782840e+02 9.401083889286792505e-13
2.072921779595371845e+02 7.683930728301150971e-13
2.300430119772916839e+02 6.352023869805271669e-13
2.552908068239516410e+02 5.307206886492058797e-13
2.833096101839323637e+02 4.476600107547363916e-13
3.144035471591500368e+02 3.807176273004354384e-13
3.489101213406774491e+02 3.258429128526489642e-13
3.872038781812557318e+02 2.802878367668244694e-13
4.297004704320843871e+02 2.419772040043601348e-13
4.768611697714468960e+02 2.094501769413118721e-13
5.291978735958442712e+02 1.814764777231232424e-13
5.872786613189482523e+02 1.573094841178022324e-13
6.517339604882420190e+02 1.363846018493967722e-13
7.232633896483533817e+02 1.180481428528765568e-13
8.026433522257173081e+02 1.020840086414864694e-13
8.907354638610439679e+02 8.813493082643180817e-14
9.884959046625587007e+02 7.591120869005996311e-14
1.096985797892383971e+03 6.525398087164957521e-14
1.217382727739662187e+03 5.596800977588428754e-14
1.350993521198027793e+03 4.782774074227216818e-14
1.499268432786045423e+03 4.074728176848106905e-14
1.663816886076128640e+03 3.463302609363559737e-14
1.846424942895544291e+03 2.934556372248773878e-14
2.049074689815845886e+03 2.473602738681734168e-14
2.273965752357927613e+03 2.078896446293112557e-14
2.523539170434765765e+03 1.742224187481205639e-14
2.800503894183631019e+03 1.453614584417807252e-14
3.107866187782013640e+03 1.206827941737238622e-14
3.448962260405759935e+03 9.992985120970948136e-15
3.827494478516314757e+03 8.241118335546426196e-15
4.247571552536898707e+03 6.766556244895337026e-15
4.713753134116724141e+03 5.543377182463377009e-15
5.231099308056262998e+03 4.525987639967351847e-15
5.805225516094896193e+03 3.684912656670818118e-15
6.442363508721369726e+03 2.997095927165110868e-15
7.149428986597576113e+03 2.434637796621265412e-15
7.934096665797491369e+03 1.977315413121087141e-15
8.804883581643463913e+03 1.608821469100189468e-15
9.771241535346502133e+03 1.310937097334570236e-15
1.084365968689610963e+04 1.070787414567311434e-15
1.203377840777589154e+04 8.782280486963856902e-16
1.335451562929898682e+04 7.232110609453322330e-16
1.482020705798858762e+04 5.974478532219700042e-16
1.644676177994664249e+04 4.953323111228241663e-16
1.825183494319044257e+04 4.120721703469448839e-16
2.025501939230666540e+04 3.437158301075673508e-16
2.247805833548725059e+04 2.872897973203863482e-16
2.494508135230316839e+04 2.405060281902028667e-16
2.768286630392066581e+04 2.016353385527483725e-16
3.072112998861759115e+04 1.693181501123982537e-16
3.409285069746814406e+04 1.423412247130573558e-16
3.783462617131928710e+04 1.197657196846004463e-16
4.198707084443910571e+04 1.008199592309439277e-16
4.659525668664683326e+04 8.487608156536654911e-17
5.170920242896761192e+04 7.143040106199833461e-17
5.738441648302398244e+04 6.008277540732867391e-17
6.368249944718585903e+04 5.051055220001896917e-17
7.067181273927491566e+04 4.242689852519680770e-17
7.842822061337680498e+04 3.561085838384182329e-17
8.703591361485165544e+04 2.986296391886243378e-17
9.658832241158708348e+04 2.502513937858711391e-17
1.071891319205127511e+05 2.095370101232200191e-17
1.189534067370319535e+05 1.752931402283737887e-17
1.320088400831418112e+05 1.465161714513698291e-17
1.464971398307286145e+05 1.223884290762177078e-17
1.625755666443794908e+05 1.021300106737061698e-17
1.804186409392071655e+05 8.516392788756977084e-18
2.002200371815584658e+05 7.094628496657255775e-18
2.221946860939523904e+05 5.904848380102565381e-18
2.465811075822604180e+05 4.910158061767564640e-18
2.736439997074671555e+05 4.078457375371552825e-18
3.036771118035460822e+05 3.384168155890446465e-18
3.370064329271928291e+05 2.805321575861008391e-18
3.739937302478798083e+05 2.322629178644219141e-18
4.150404757850476308e+05 1.920917838061988186e-18
4.605922041145108524e+05 1.586605494002967029e-18
5.111433483440171112e+05 1.308873389243482532e-18
5.672426068491977639e+05 1.078223894466441747e-18
6.294988990221888525e+05 8.871731406908590304e-19
6.985879746785250027e+05 7.288993232373197071e-19
7.752597488629464060e+05 5.980692385618639348e-19
8.603464416684507160e+05 4.899185998313964269e-19
9.547716114208066138e+05 4.007236142728211939e-19
1.059560179277617019e+06 3.272494814970201162e-19
1.175849554052158026e+06 2.667809972172768635e-19
1.304901978014401859e+06 2.171236991464080398e-19
1.448118227674532915e+06 1.763971419308789230e-19
1.607052818261638284e+06 1.430525087852875979e-19
1.783430876931909472e+06 1.157914513754388478e-19
1.979166867853557458e+06 9.353732135710778177e-20
2.196385372416546568e+06 7.541878146730124602e-20
2.437444150122222025e+06 6.068294621586762495e-20
2.704959730463137385e+06 4.872815346098996575e-20
3.001835813575591892e+06 3.903920402546722249e-20
3.331294787934676744e+06 3.120825082067874185e-20
3.696912707195031922e+06 2.489323364637153748e-20
4.102658105827190448e+06 1.981213095817487047e-20
4.552935074866947718e+06 1.572636511662936079e-20
5.052631065335679799e+06 1.245724039104356231e-20
5.607169938205458224e+06 9.841725691584569198e-21
6.222570836730230600e+06 7.756049973866102079e-21
6.905513520162330940e+06 6.095857302870540162e-21
7.663410868007462472e+06 4.779054670540750334e-21
8.504489341802684590e+06 3.737178109698437086e-21
9.437878277775391936e+06 2.914039267210451601e-21
1.047370897959450819e+07 2.265973941944116657e-21
1.162322468679854274e+07 1.756970452220103899e-21
1.289890261253307760e+07 1.358608983924564607e-21
1.431458937523478456e+07 1.047490518666778881e-21
1.588565129428052530e+07 8.052792195545705148e-22
1.762914118095947802e+07 6.171911444165141129e-22
1.956398343517064676e+07 4.715516956695812852e-22
2.171117945694505423e+07 3.591752888087676145e-22
2.409403560239527002e+07 2.727019747539474625e-22
2.673841615839949250e+07 2.063137872688630646e-22
2.967302408188872784e+07 1.555303710558647610e-22
3.292971255097155273e+07 1.168172740223048736e-22
3.654383070957254618e+07 8.739748289155692657e-23
4.055460735840827972e+07 6.511515832632638431e-23
4.500557675700496882e+07 4.830746163898695387e-23
4.994505115855139494e+07 3.567255941030976007e-23
5.542664520663107187e+07 2.620982774472618869e-23
6.150985788580504060e+07 1.915200132795927581e-23
6.826071834272393584e+07 1.391409052717096968e-23
7.575250258771920204e+07 1.004374111698316006e-23
8.406652885618332028e+07 7.197522030328358598e-24
9.329304026284696162e+07 5.117684815491285139e-24
1.035321843295663744e+08 3.605127039592788048e-24
1.148951000187308788e+08 2.511861039247032064e-24
1.275051240713012964e+08 1.729447030682280371e-24
1.414991297434575856e+08 1.172965107991546837e-24
1.570290124729377627e+08 7.814914722813615673e-25
1.742633386009651124e+08 5.093945995033764334e-25
1.933891750455232263e+08 3.229618977106300740e-25
2.146141197858406007e+08 1.976371272533445261e-25
2.381685551976160705e+08 1.150191867874804357e-25
2.643081486974108517e+08 6.251004585703721644e-26
2.933166278390048146e+08 3.052413578422450075e-26
3.255088599835056663e+08 1.250889377571154488e-26
3.612342699709430337e+08 3.556285189505939342e-27
4.008806328898465633e+08 8.222175354192948637e-29
4.448782831127585173e+08 8.413630709654626794e-103
