1.000000000000000000e+02 8.437384811177513585e-12
1.109752496412072134e+02 7.375890244371038083e-12
1.231550603292826196e+02 6.445327299438329843e-12
1.366716356462005990e+02 5.629656854009353986e-12
1.516716888470922413e+02 4.914347916138057831e-12
1.683180353330956791e+02 4.288309745242448682e-12
1.867913599020782840e+02 3.739128780168211686e-12
2.072921779595371845e+02 3.258846803837823363e-12
2.300430119772916839e+02 2.838627268198269553e-12
2.552908068239516410e+02 2.470935486498069598e-12
2.833096101839323637e+02 2.149691347067023811e-12
3.144035471591500368e+02 1.868727138333587040e-12
3.489101213406774491e+02 1.623485629199819003e-12
3.872038781812557318e+02 1.409408589095943151e-12
4.297004704320843871e+02 1.222688982959310101e-12
4.768611697714468960e+02 1.059872832114144666e-12
5.291978735958442712e+02 9.180442543571434063e-13
5.872786613189482523e+02 7.944091393868932382e-13
6.517339604882420190e+02 6.870337428851597404e-13
7.232633896483533817e+02 5.933875448017410190e-13
8.026433522257173081e+02 5.122478682540137855e-13
8.907354638610439679e+02 4.415608231313985018e-13
9.884959046625587007e+02 3.804364569063772235e-13
1.096985797892383971e+03 3.273281454882031983e-13
1.217382727739662187e+03 2.813905297222512069e-13
1.350993521198027793e+03 2.416070963129038719e-13
1.499268432786045423e+03 2.072508635801103139e-13
1.663816886076128640e+03 1.775165251403395397e-13
1.846424942895544291e+03 1.519182859394820407e-13
2.049074689815845886e+03 1.298227261551812817e-13
2.273965752357927613e+03 1.108288442169995164e-13
2.523539170434765765e+03 9.447242600149138158e-14
2.800503894183631019e+03 8.045610214712100634e-14
3.107866187782013640e+03 6.840084526252678461e-14
3.448962260405759935e+03 5.809842880555349744e-14
3.827494478516314757e+03 4.926149296757365077e-14
4.247571552536898707e+03 4.173766604688679156e-14
4.713753134116724141e+03 3.528948246860457490e-14
5.231099308056262998e+03 2.981936182971040198e-14
5.805225516094896193e+03 2.514370317950875081e-14
6.442363508721369726e+03 2.118304952181922155e-14
7.149428986597576113e+03 1.781356357283376117e-14
7.934096665797491369e+03 1.496463403345703819e-14
8.804883581643463913e+03 1.254846679842260236e-14
9.771241535346502133e+03 1.050726371452472589e-14
1.084365968689610963e+04 8.787569700235888522e-15
1.203377840777589154e+04 7.336055376735728656e-15
1.335451562929898682e+04 6.114775841628057739e-15
1.482020705798858762e+04 5.089829525052140751e-15
1.644676177994664249e+04 4.229089193367655492e-15
1.825183494319044257e+04 3.509187840868809717e-15
2.025501939230666540e+04 2.905704853289078410e-15
2.247805833548725059e+04 2.402851262433729921e-15
2.494508135230316839e+04 1.983386325206083542e-15
2.768286630392066581e+04 1.634066844745401574e-15
3.072112998861759115e+04 1.343529168745827827e-15
3.409285069746814406e+04 1.102683181014490923e-15
3.783462617131928710e+04 9.035554183578178700e-16
4.198707084443910571e+04 7.382304372890726823e-16
4.659525668664683326e+04 6.024281711995746731e-16
5.170920242896761192e+04 4.902565138306183693e-16
5.738441648302398244e+04 3.980505986006562752e-16
6.368249944718585903e+04 3.224566165753328791e-16
7.067181273927491566e+04 2.606763052638727918e-16
7.842822061337680498e+04 2.099381884208582853e-16
8.703591361485165544e+04 1.688326393505216384e-16
9.658832241158708348e+04 1.352864703273047201e-16
1.071891319205127511e+05 1.081883803081470873e-16
1.189534067370319535e+05 8.617758774471915317e-17
1.320088400831418112e+05 6.847657955733496032e-17
1.464971398307286145e+05 5.422256595571416029e-17
1.625755666443794908e+05 4.286944217750474041e-17
1.804186409392071655e+05 3.370862463464049347e-17
2.002200371815584658e+05 2.648840120165584092e-17
2.221946860939523904e+05 2.070133403551040852e-17
2.465811075822604180e+05 1.614100439314412113e-17
2.736439997074671555e+05 1.253664000342426850e-17
3.036771118035460822e+05 9.713823301286320043e-18
3.370064329271928291e+05 7.492706637277543247e-18
3.739937302478798083e+05 5.764549520104114134e-18
4.150404757850476308e+05 4.411238381499544808e-18
4.605922041145108524e+05 3.363074945338670504e-18
5.111433483440171112e+05 2.550597680041728826e-18
5.672426068491977639e+05 1.923484737871580535e-18
6.294988990221888525e+05 1.441285325157304746e-18
6.985879746785250027e+05 1.071825286027256692e-18
7.752597488629464060e+05 7.903972119257008655e-19
8.603464416684507160e+05 5.770008039960934815e-19
9.547716114208066138e+05 4.171599470672883925e-19
1.059560179277617019e+06 2.970194590629421765e-19
1.175849554052158026e+06 2.087999213033413696e-19
1.304901978014401859e+06 1.454481726290594870e-19
1.448118227674532915e+06 9.812488289004290336e-20
1.607052818261638284e+06 6.536246316191057740e-20
1.783430876931909472e+06 4.259784403670419239e-20
1.979166867853557458e+06 2.717054754846806695e-20
2.196385372416546568e+06 1.691720819101686371e-20
2.437444150122222025e+06 1.029535891301409084e-20
2.704959730463137385e+06 6.129984235889414195e-21
3.001835813575591892e+06 3.590281294594653210e-21
3.331294787934676744e+06 2.057797176269752604e-21
3.696912707195031922e+06 1.160764759650192152e-21
4.102658105827190448e+06 6.379906822260016889e-22
4.552935074866947718e+06 3.362897764626332532e-22
5.052631065335679799e+06 1.665700355966735677e-22
5.607169938205458224e+06 7.749472051010323340e-23
6.222570836730230600e+06 3.601384557796026489e-23
6.905513520162330940e+06 1.845615892621084678e-23
7.663410868007462472e+06 1.098967085616452546e-23
8.504489341802684590e+06 7.346677498189042547e-24
9.437878277775391936e+06 5.190750487227151001e-24
1.047370897959450819e+07 3.739726375109773947e-24
1.162322468679854274e+07 2.710344148794805456e-24
1.289890261253307760e+07 1.967060056070681707e-24
1.431458937523478456e+07 1.427228871789517476e-24
1.588565129428052530e+07 1.034304396304224147e-24
1.762914118095947802e+07 7.485950551263862588e-25
1.956398343517064676e+07 5.409199352768493180e-25
2.171117945694505423e+07 3.900630219412027416e-25
2.409403560239527002e+07 2.805680233750924263e-25
2.673841615839949250e+07 2.012441487473781261e-25
2.967302408188872784e+07 1.438849826121016239e-25
3.292971255097155273e+07 1.025535801863712085e-25
3.654383070957254618e+07 7.273929927807960225e-26
4.055460735840827972e+07 5.135769067288582169e-26
4.500557675700496882e+07 3.606874375220049532e-26
4.994505115855139494e+07 2.517648838284825699e-26
5.542664520663107187e+07 1.744904587167234753e-26
6.150985788580504060e+07 1.198979949813516931e-26
6.826071834272393584e+07 8.160418254571385074e-27
7.575250258771920204e+07 5.486580012623902348e-27
8.406652885618332028e+07 3.644308405172409684e-27
9.329304026284696162e+07 2.377769817167994186e-27
1.035321843295663744e+08 1.521654885433504548e-27
1.148951000187308788e+08 9.450939647542287152e-28
1.275051240713012964e+08 5.680438380533345796e-28
1.414991297434575856e+08 3.262439431750840012e-28
1.570290124729377627e+08 1.760677900299436602e-28
1.742633386009651124e+08 8.713776428674252170e-29
1.933891750455232263e+08 3.806241771871302358e-29
2.146141197858406007e+08 1.388370193639040996e-29
2.381685551976160705e+08 3.849436174925409861e-30
2.643081486974108517e+08 3.501096736408967014e-31
2.933166278390048146e+08 4.545965864544298524e-41
