1.000000000000000000e+02 3.833362795139671439e-11
1.109752496412072134e+02 3.230687553955272544e-11
1.231550603292826196e+02 2.718346515758232394e-11
1.366716356462005990e+02 2.283486533621753537e-11
1.516716888470922413e+02 1.915514623647090802e-11
1.683180353330956791e+02 1.603274625348953470e-11
1.867913599020782840e+02 1.342372201928561624e-11
2.072921779595371845e+02 1.120679130580379008e-11
2.300430119772916839e+02 9.364432373087182872e-12
2.552908068239516410e+02 7.806386626409243427e-12
2.833096101839323637e+02 6.513403450314757234e-12
3.144035471591500368e+02 5.425433482738924725e-12
3.489101213406774491e+02 4.522855534888033656e-12
3.872038781812557318e+02 3.764861421056339880e-12
4.297004704320843871e+02 3.138403728883429774e-12
4.768611697714468960e+02 2.607829784110623487e-12
5.291978735958442712e+02 2.170527226701894681e-12
5.872786613189482523e+02 1.802755396433232999e-12
6.517339604882420190e+02 1.496907764349270353e-12
7.232633896483533817e+02 1.240291827517418780e-12
8.026433522257173081e+02 1.026101739474037081e-12
8.907354638610439679e+02 8.473860424334070782e-13
9.884959046625587007e+02 6.974343892116148020e-13
1.096985797892383971e+03 5.729607057931063221e-13
1.217382727739662187e+03 4.688780025057489612e-13
1.350993521198027793e+03 3.826426403309180394e-13
1.499268432786045423e+03 3.108830753695847845e-13
1.663816886076128640e+03 2.519811834306599163e-13
1.846424942895544291e+03 2.033631364332151660e-13
2.049074689815845886e+03 1.636245832190870223e-13
2.273965752357927613e+03 1.311583648670033059e-13
2.523539170434765765e+03 1.048653230581885908e-13
2.800503894183631019e+03 8.367277315713494323e-14
3.107866187782013640e+03 6.662236552335703970e-14
3.448962260405759935e+03 5.307455022909692242e-14
3.827494478516314757e+03 4.220014330740456601e-14
4.247571552536898707e+03 3.368409893695757037e-14
4.713753134116724141e+03 2.686314573303440895e-14
5.231099308056262998e+03 2.157013544453882237e-14
5.805225516094896193e+03 1.733533887954095394e-14
6.442363508721369726e+03 1.402964516411755138e-14
7.149428986597576113e+03 1.141340656051192107e-14
7.934096665797491369e+03 9.325713046568166412e-15
8.804883581643463913e+03 7.673623916590954484e-15
9.771241535346502133e+03 6.331195391139798352e-15
1.084365968689610963e+04 5.251695468370969640e-15
1.203377840777589154e+04 4.364042591767683596e-15
1.335451562929898682e+04 3.638227364906654520e-15
1.482020705798858762e+04 3.030748425499443696e-15
1.644676177994664249e+04 2.524015252746107649e-15
1.825183494319044257e+04 2.101279977180168675e-15
2.025501939230666540e+04 1.746578037910591483e-15
2.247805833548725059e+04 1.443953578990591011e-15
2.494508135230316839e+04 1.189749910540831275e-15
2.768286630392066581e+04 9.768614679869038770e-16
3.072112998861759115e+04 7.979912088091479577e-16
3.409285069746814406e+04 6.474509926560866988e-16
3.783462617131928710e+04 5.212864940477682458e-16
4.198707084443910571e+04 4.168181039443800927e-16
4.659525668664683326e+04 3.308814720818941510e-16
5.170920242896761192e+04 2.605274452592191331e-16
5.738441648302398244e+04 2.032709142817744206e-16
6.368249944718585903e+04 1.570999163695684798e-16
7.067181273927491566e+04 1.201822551039126541e-16
7.842822061337680498e+04 9.141353756486199936e-17
8.703591361485165544e+04 6.902060579963595623e-17
9.658832241158708348e+04 5.190472893161865918e-17
1.071891319205127511e+05 3.901385197204284695e-17
1.189534067370319535e+05 2.950456255499103452e-17
1.320088400831418112e+05 2.247695852795450117e-17
1.464971398307286145e+05 1.738142401618878437e-17
1.625755666443794908e+05 1.367372794962800498e-17
1.804186409392071655e+05 1.093964631825862968e-17
2.002200371815584658e+05 8.887790302923220918e-18
2.221946860939523904e+05 7.297462555108096134e-18
2.465811075822604180e+05 6.035997072942953448e-18
2.736439997074671555e+05 5.016185563009538037e-18
3.036771118035460822e+05 4.178516256385477654e-18
3.370064329271928291e+05 3.484177607873879686e-18
3.739937302478798083e+05 2.905881716536027874e-18
4.150404757850476308e+05 2.422434152828596089e-18
4.605922041145108524e+05 2.017952443678827749e-18
5.111433483440171112e+05 1.679798809729611031e-18
5.672426068491977639e+05 1.396876814316288594e-18
6.294988990221888525e+05 1.160543779795391876e-18
6.985879746785250027e+05 9.633045454304200175e-19
7.752597488629464060e+05 7.987098455473822039e-19
8.603464416684507160e+05 6.615490579146740855e-19
9.547716114208066138e+05 5.473430420653379982e-19
1.059560179277617019e+06 4.522561279947970239e-19
1.175849554052158026e+06 3.732875428135038478e-19
1.304901978014401859e+06 3.077015598940785667e-19
1.448118227674532915e+06 2.532750912766626591e-19
1.607052818261638284e+06 2.082195635352925828e-19
1.783430876931909472e+06 1.709199352865596829e-19
1.979166867853557458e+06 1.400485496698919514e-19
2.196385372416546568e+06 1.145565598560328620e-19
2.437444150122222025e+06 9.354189748553190221e-20
2.704959730463137385e+06 7.625127814898534202e-20
3.001835813575591892e+06 6.203080170385140823e-20
3.331294787934676744e+06 5.034776808232610062e-20
3.696912707195031922e+06 4.076985960939209534e-20
4.102658105827190448e+06 3.292887341794275449e-20
4.552935074866947718e+06 2.652273998955295580e-20
5.052631065335679799e+06 2.130549487383308301e-20
5.607169938205458224e+06 1.705743460214878549e-20
6.222570836730230600e+06 1.361286332984037061e-20
6.905513520162330940e+06 1.082594101825528965e-20
7.663410868007462472e+06 8.568570528544854327e-21
8.504489341802684590e+06 6.748394264992091311e-21
9.437878277775391936e+06 5.292628265430815776e-21
1.047370897959450819e+07 4.127101422120344813e-21
1.162322468679854274e+07 3.198312352821334362e-21
1.289890261253307760e+07 2.463604720828002912e-21
1.431458937523478456e+07 1.880301995430114770e-21
1.588565129428052530e+07 1.423902248572935205e-21
1.762914118095947802e+07 1.068212016614172486e-21
1.956398343517064676e+07 7.904981636470103414e-22
2.171117945694505423e+07 5.809015781820296417e-22
2.409403560239527002e+07 4.199873768342121334e-22
2.673841615839949250e+07 2.988835725005454969e-22
2.967302408188872784e+07 2.091066003518506415e-22
3.292971255097155273e+07 1.433701413422039575e-22
3.654383070957254618e+07 9.615027665722986055e-23
4.055460735840827972e+07 6.285945828240368787e-23
4.500557675700496882e+07 3.986420125838741155e-23
4.994505115855139494e+07 2.431599782453730008e-23
5.542664520663107187e+07 1.400688675592044412e-23
6.150985788580504060e+07 7.327299848020143179e-24
6.826071834272393584e+07 3.197198011920778979e-24
7.575250258771920204e+07 9.613871851429916601e-25
8.406652885618332028e+07 1.315726075708481613e-25
9.329304026284696162e+07 3.816765078494897035e-27
1.035321843295663744e+08 1.656240747361227387e-29
1.148951000187308788e+08 1.553881401336577846e-32
1.275051240713012964e+08 1.394351880767891609e-36
1.414991297434575856e+08 6.353642015143306237e-43
1.570290124729377627e+08 2.410260481308986974e-57
