1.000000000000000000e+02 3.162372846820435172e-14
1.109752496412072134e+02 2.765966175012587534e-14
1.231550603292826196e+02 2.417851062099812124e-14
1.366716356462005990e+02 2.113193236210916456e-14
1.516716888470922413e+02 1.845850906286128175e-14
1.683180353330956791e+02 1.611814001086134819e-14
1.867913599020782840e+02 1.406747630548812449e-14
2.072921779595371845e+02 1.227449554773245816e-14
2.300430119772916839e+02 1.070398612153748805e-14
2.552908068239516410e+02 9.330621580059143916e-15
2.833096101839323637e+02 8.129213354494877770e-15
3.144035471591500368e+02 7.079086082062645196e-15
3.489101213406774491e+02 6.160810044340842824e-15
3.872038781812557318e+02 5.359269780029045121e-15
4.297004704320843871e+02 4.659301128095593922e-15
4.768611697714468960e+02 4.048691297955861503e-15
5.291978735958442712e+02 3.515656683087140715e-15
5.872786613189482523e+02 3.051597379129615650e-15
6.517339604882420190e+02 2.646725640781111444e-15
7.232633896483533817e+02 2.294454318122244855e-15
8.026433522257173081e+02 1.987641917291755847e-15
8.907354638610439679e+02 1.720925786618525355e-15
9.884959046625587007e+02 1.489004678185685080e-15
1.096985797892383971e+03 1.287573851132930904e-15
1.217382727739662187e+03 1.112641271148059882e-15
1.350993521198027793e+03 9.608838346730140446e-16
1.499268432786045423e+03 8.292961477206628242e-16
1.663816886076128640e+03 7.153065539596438390e-16
1.846424942895544291e+03 6.165033192852304424e-16
2.049074689815845886e+03 5.310709991357487297e-16
2.273965752357927613e+03 4.571300204068557922e-16
2.523539170434765765e+03 3.932478522762667927e-16
2.800503894183631019e+03 3.380513238386013060e-16
3.107866187782013640e+03 2.904104722520725382e-16
3.448962260405759935e+03 2.493169139036731020e-16
3.827494478516314757e+03 2.138827500391185369e-16
4.247571552536898707e+03 1.833609062242497017e-16
4.713753134116724141e+03 1.570661657786815245e-16
5.231099308056262998e+03 1.344618026701234903e-16
5.805225516094896193e+03 1.150118743299393549e-16
6.442363508721369726e+03 9.830920521189636822e-17
7.149428986597576113e+03 8.396572235376217849e-17
7.934096665797491369e+03 7.166099253738264772e-17
8.804883581643463913e+03 6.111501742749355572e-17
9.771241535346502133e+03 5.208294607779395064e-17
1.084365968689610963e+04 4.435879419023852340e-17
1.203377840777589154e+04 3.774836934003554716e-17
1.335451562929898682e+04 3.210921307379314592e-17
1.482020705798858762e+04 2.729182512512901201e-17
1.644676177994664249e+04 2.318313469340096715e-17
1.825183494319044257e+04 1.968690580363190838e-17
2.025501939230666540e+04 1.670394201336340587e-17
2.247805833548725059e+04 1.417112340933787412e-17
2.494508135230316839e+04 1.201588058848381644e-17
2.768286630392066581e+04 1.018471695653554406e-17
3.072112998861759115e+04 8.627991275024500513e-18
3.409285069746814406e+04 7.307317173038730923e-18
3.783462617131928710e+04 6.186096142174408178e-18
4.198707084443910571e+04 5.235369312966512949e-18
4.659525668664683326e+04 4.428460901474307184e-18
5.170920242896761192e+04 3.744603109643964582e-18
5.738441648302398244e+04 3.164845758923706948e-18
6.368249944718585903e+04 2.673907849495734322e-18
7.067181273927491566e+04 2.257928702102846013e-18
7.842822061337680498e+04 1.905876981144422913e-18
8.703591361485165544e+04 1.607661539867734618e-18
9.658832241158708348e+04 1.355599352659143167e-18
1.071891319205127511e+05 1.142336733865102663e-18
1.189534067370319535e+05 9.620630478387717218e-19
1.320088400831418112e+05 8.097243038925026291e-19
1.464971398307286145e+05 6.810617320201823616e-19
1.625755666443794908e+05 5.724836586223716492e-19
1.804186409392071655e+05 4.809302625968519322e-19
2.002200371815584658e+05 4.037011839835130442e-19
2.221946860939523904e+05 3.386429077312172367e-19
2.465811075822604180e+05 2.838426342802111830e-19
2.736439997074671555e+05 2.377430725295852174e-19
3.036771118035460822e+05 1.989865014539701991e-19
3.370064329271928291e+05 1.664231731913431584e-19
3.739937302478798083e+05 1.390821548630942166e-19
4.150404757850476308e+05 1.161629406662462297e-19
4.605922041145108524e+05 9.695744178334807111e-20
5.111433483440171112e+05 8.087776331403233785e-20
5.672426068491977639e+05 6.740829429098119457e-20
6.294988990221888525e+05 5.614418454572381345e-20
6.985879746785250027e+05 4.672536844430176227e-20
7.752597488629464060e+05 3.886462783727006947e-20
8.603464416684507160e+05 3.229643885034091876e-20
9.547716114208066138e+05 2.681615039425375773e-20
1.059560179277617019e+06 2.224861400215510035e-20
1.175849554052158026e+06 1.844270971453455463e-20
1.304901978014401859e+06 1.527312806641824855e-20
1.448118227674532915e+06 1.263649734581780957e-20
1.607052818261638284e+06 1.044569712458302725e-20
1.783430876931909472e+06 8.625102518459249068e-21
1.979166867853557458e+06 7.114877569717426589e-21
2.196385372416546568e+06 5.863655413638506607e-21
2.437444150122222025e+06 4.826101383222855926e-21
2.704959730463137385e+06 3.967954332544643450e-21
3.001835813575591892e+06 3.258561412047658479e-21
3.331294787934676744e+06 2.672870032200944117e-21
3.696912707195031922e+06 2.189568611432112022e-21
4.102658105827190448e+06 1.791342737294609230e-21
4.552935074866947718e+06 1.463600798340455508e-21
5.052631065335679799e+06 1.194154839423519787e-21
5.607169938205458224e+06 9.730843761181430184e-22
6.222570836730230600e+06 7.915252039849516588e-22
6.905513520162330940e+06 6.429522774732019746e-22
7.663410868007462472e+06 5.214073162752738451e-22
8.504489341802684590e+06 4.221198671170920276e-22
9.437878277775391936e+06 3.411685263892843555e-22
1.047370897959450819e+07 2.752182610416106180e-22
1.162322468679854274e+07 2.215750344966652906e-22
1.289890261253307760e+07 1.780616353852384790e-22
1.431458937523478456e+07 1.428123311697058294e-22
1.588565129428052530e+07 1.142391251660289549e-22
1.762914118095947802e+07 9.119780744860588908e-23
1.956398343517064676e+07 7.262127141860001610e-23
2.171117945694505423e+07 5.767106350511146790e-23
2.409403560239527002e+07 4.567008024098167484e-23
2.673841615839949250e+07 3.607023343642634318e-23
2.967302408188872784e+07 2.837640986760063464e-23
3.292971255097155273e+07 2.225741211620047947e-23
3.654383070957254618e+07 1.738787534132249686e-23
4.055460735840827972e+07 1.352954243470032761e-23
4.500557675700496882e+07 1.047291884355514976e-23
4.994505115855139494e+07 8.065914347449149729e-24
5.542664520663107187e+07 6.180398134487432970e-24
6.150985788580504060e+07 4.700782644472822034e-24
6.826071834272393584e+07 3.550863391723548272e-24
7.575250258771920204e+07 2.658322284237597725e-24
8.406652885618332028e+07 1.969421662223523333e-24
9.329304026284696162e+07 1.443036389955993479e-24
1.035321843295663744e+08 1.045118221159989506e-24
1.148951000187308788e+08 7.478766920532871908e-25
1.275051240713012964e+08 5.272741085025464159e-25
1.414991297434575856e+08 3.656474406707476276e-25
1.570290124729377627e+08 2.489030738306404721e-25
1.742633386009651124e+08 1.647387298045674785e-25
1.933891750455232263e+08 1.059133403114500315e-25
2.146141197858406007e+08 6.518111105828676040e-26
2.381685551976160705e+08 3.788108706925796940e-26
2.643081486974108517e+08 2.030338030514338889e-26
2.933166278390048146e+08 9.605874306503274044e-27
3.255088599835056663e+08 3.672441697289441648e-27
3.612342699709430337e+08 8.628442430123595764e-28
4.008806328898465633e+08 4.370480843304867550e-31
