1.000000000000000000e+02 2.814198925009469915e-13
1.109752496412072134e+02 2.429257756055359321e-13
1.231550603292826196e+02 2.094791340130067628e-13
1.366716356462005990e+02 1.804176343897465747e-13
1.516716888470922413e+02 1.552045595228486558e-13
1.683180353330956791e+02 1.333440529248142466e-13
1.867913599020782840e+02 1.144312104130003089e-13
2.072921779595371845e+02 9.806452356656290659e-14
2.300430119772916839e+02 8.392831363816707475e-14
2.552908068239516410e+02 7.173286822850840635e-14
2.833096101839323637e+02 6.122162856039229765e-14
3.144035471591500368e+02 5.218778217831907760e-14
3.489101213406774491e+02 4.440900423169112336e-14
3.872038781812557318e+02 3.775070834089972933e-14
4.297004704320843871e+02 3.203462289878455561e-14
4.768611697714468960e+02 2.715762736915873740e-14
5.291978735958442712e+02 2.299071963540991328e-14
5.872786613189482523e+02 1.942643271735784047e-14
6.517339604882420190e+02 1.640321566134361306e-14
7.232633896483533817e+02 1.383280996477775032e-14
8.026433522257173081e+02 1.165043868656195118e-14
8.907354638610439679e+02 9.803778948907521835e-15
9.884959046625587007e+02 8.240286110102812583e-15
1.096985797892383971e+03 6.920677304571052908e-15
1.217382727739662187e+03 5.806825466340398292e-15
1.350993521198027793e+03 4.869026635100344657e-15
1.499268432786045423e+03 4.079517212331499885e-15
1.663816886076128640e+03 3.416272236141939058e-15
1.846424942895544291e+03 2.858922117946684533e-15
2.049074689815845886e+03 2.391128600025186081e-15
2.273965752357927613e+03 1.999023074211832235e-15
2.523539170434765765e+03 1.670438234866120547e-15
2.800503894183631019e+03 1.395238039596466414e-15
3.107866187782013640e+03 1.164877161719124759e-15
3.448962260405759935e+03 9.722002072276844886e-16
3.827494478516314757e+03 8.110901442910712201e-16
4.247571552536898707e+03 6.763612772815207089e-16
4.713753134116724141e+03 5.638124814874276396e-16
5.231099308056262998e+03 4.698561915287353255e-16
5.805225516094896193e+03 3.913517019843762826e-16
6.442363508721369726e+03 3.258601324909187413e-16
7.149428986597576113e+03 2.712600272549535131e-16
7.934096665797491369e+03 2.257251396901345086e-16
8.804883581643463913e+03 1.877447520532739878e-16
9.771241535346502133e+03 1.561390103330255590e-16
1.084365968689610963e+04 1.297910548143280936e-16
1.203377840777589154e+04 1.078705257001646709e-16
1.335451562929898682e+04 8.962739812824119680e-17
1.482020705798858762e+04 7.444275705771225702e-17
1.644676177994664249e+04 6.181473257830964124e-17
1.825183494319044257e+04 5.131767512493742428e-17
2.025501939230666540e+04 4.258599309458945467e-17
2.247805833548725059e+04 3.533310081702777740e-17
2.494508135230316839e+04 2.930675455501481151e-17
2.768286630392066581e+04 2.429990854653825834e-17
3.072112998861759115e+04 2.014298514894439401e-17
3.409285069746814406e+04 1.669185223264579998e-17
3.783462617131928710e+04 1.382685971938980485e-17
4.198707084443910571e+04 1.144883511337834349e-17
4.659525668664683326e+04 9.476200676327837584e-18
5.170920242896761192e+04 7.839845492476236617e-18
5.738441648302398244e+04 6.482761906555933637e-18
6.368249944718585903e+04 5.358181514464861225e-18
7.067181273927491566e+04 4.425920740639693854e-18
7.842822061337680498e+04 3.654057395886937778e-18
8.703591361485165544e+04 3.014772298040715083e-18
9.658832241158708348e+04 2.485630246362865463e-18
1.071891319205127511e+05 2.047972802873131019e-18
1.189534067370319535e+05 1.686000325843060155e-18
1.320088400831418112e+05 1.387097510177978142e-18
1.464971398307286145e+05 1.140208009882799589e-18
1.625755666443794908e+05 9.365123012251957315e-19
1.804186409392071655e+05 7.685899579011677062e-19
2.002200371815584658e+05 6.303154617724713066e-19
2.221946860939523904e+05 5.165563147604624903e-19
2.465811075822604180e+05 4.230504851144001486e-19
2.736439997074671555e+05 3.462156895286688525e-19
3.036771118035460822e+05 2.831780033205570774e-19
3.370064329271928291e+05 2.314736283137852051e-19
3.739937302478798083e+05 1.891072213530590200e-19
4.150404757850476308e+05 1.544134435245851989e-19
4.605922041145108524e+05 1.260013903005969271e-19
5.111433483440171112e+05 1.027651070540964015e-19
5.672426068491977639e+05 8.375432888617737684e-20
6.294988990221888525e+05 6.822366445674065634e-20
6.985879746785250027e+05 5.552535896216314072e-20
7.752597488629464060e+05 4.516365501921028852e-20
8.603464416684507160e+05 3.670260556508198303e-20
9.547716114208066138e+05 2.980660856323309066e-20
1.059560179277617019e+06 2.418291027020976479e-20
1.175849554052158026e+06 1.960163390270912133e-20
1.304901978014401859e+06 1.587344739869774047e-20
1.448118227674532915e+06 1.284118481097486230e-20
1.607052818261638284e+06 1.037616950503763341e-20
1.783430876931909472e+06 8.373557130213275485e-21
1.979166867853557458e+06 6.750155605824998984e-21
2.196385372416546568e+06 5.433807336495563631e-21
2.437444150122222025e+06 4.367378094532706265e-21
2.704959730463137385e+06 3.505347784317479624e-21
3.001835813575591892e+06 2.808263832529111864e-21
3.331294787934676744e+06 2.245641915980718579e-21
3.696912707195031922e+06 1.792545073430840146e-21
4.102658105827190448e+06 1.427629927263360383e-21
4.552935074866947718e+06 1.134381041894746442e-21
5.052631065335679799e+06 8.992581553482519754e-22
5.607169938205458224e+06 7.106599457381870959e-22
6.222570836730230600e+06 5.600786759718957071e-22
6.905513520162330940e+06 4.397969789348933291e-22
7.663410868007462472e+06 3.440609527316552714e-22
8.504489341802684590e+06 2.680308864577104041e-22
9.437878277775391936e+06 2.078706208033747299e-22
1.047370897959450819e+07 1.603580456579553812e-22
1.162322468679854274e+07 1.229658023293646634e-22
1.289890261253307760e+07 9.368634744897579304e-23
1.431458937523478456e+07 7.083846613005701226e-23
1.588565129428052530e+07 5.311018032114990096e-23
1.762914118095947802e+07 3.944169554313309174e-23
1.956398343517064676e+07 2.897149715596250417e-23
2.171117945694505423e+07 2.102244725543642108e-23
2.409403560239527002e+07 1.504438258488699476e-23
2.673841615839949250e+07 1.060145967216377889e-23
2.967302408188872784e+07 7.337691114277549780e-24
3.292971255097155273e+07 4.973797885525208843e-24
3.654383070957254618e+07 3.299053547202414598e-24
4.055460735840827972e+07 2.131216657747449161e-24
4.500557675700496882e+07 1.337516662384632532e-24
4.994505115855139494e+07 8.145421904835357687e-25
5.542664520663107187e+07 4.790954311916694972e-25
6.150985788580504060e+07 2.708248036753604400e-25
6.826071834272393584e+07 1.461483049071039908e-25
7.575250258771920204e+07 7.477410934534115864e-26
8.406652885618332028e+07 3.607402662304243949e-26
9.329304026284696162e+07 1.640710960098916314e-26
1.035321843295663744e+08 7.029565856025928021e-27
1.148951000187308788e+08 2.809318771716923432e-27
1.275051240713012964e+08 1.043623901795971231e-27
1.414991297434575856e+08 3.596103913429072849e-28
1.570290124729377627e+08 1.149288507887182978e-28
1.742633386009651124e+08 3.403530548479620157e-29
1.933891750455232263e+08 9.353588079146804514e-30
2.146141197858406007e+08 2.383295450469384278e-30
2.381685551976160705e+08 5.634567731030837768e-31
2.643081486974108517e+08 1.234251980617980038e-31
2.933166278390048146e+08 2.492956292155468238e-32
3.255088599835056663e+08 4.524394547622057601e-33
3.612342699709430337e+08 6.604920055565723037e-34
4.008806328898465633e+08 5.619890701014036192e-35
4.448782831127585173e+08 4.989022519769755536e-38
