1.000000000000000000e+02 4.249227379426912875e-12
1.109752496412072134e+02 3.607149193230357477e-12
1.231550603292826196e+02 3.062545260546716182e-12
1.366716356462005990e+02 2.600850646097816396e-12
1.516716888470922413e+02 2.209173408030846868e-12
1.683180353330956791e+02 1.876037237264435856e-12
1.867913599020782840e+02 1.592107168981052335e-12
2.072921779595371845e+02 1.351012300037058167e-12
2.300430119772916839e+02 1.144281243243146451e-12
2.552908068239516410e+02 9.683129518151553895e-13
2.833096101839323637e+02 8.174224946054877087e-13
3.144035471591500368e+02 6.885113964858658057e-13
3.489101213406774491e+02 5.781643437871502399e-13
3.872038781812557318e+02 4.838216947633508982e-13
4.297004704320843871e+02 4.033329091217749146e-13
4.768611697714468960e+02 3.345724414771308339e-13
5.291978735958442712e+02 2.760533404005998241e-13
5.872786613189482523e+02 2.263379057247651768e-13
6.517339604882420190e+02 1.842786175442190217e-13
7.232633896483533817e+02 1.487983622299299940e-13
8.026433522257173081e+02 1.190648412814231670e-13
8.907354638610439679e+02 9.425035857687925133e-14
9.884959046625587007e+02 7.371806657994003851e-14
1.096985797892383971e+03 5.686325033492049498e-14
1.217382727739662187e+03 4.317968299029683952e-14
1.350993521198027793e+03 3.221424180468406900e-14
1.499268432786045423e+03 2.356947466523965271e-14
1.663816886076128640e+03 1.688878534138030355e-14
1.846424942895544291e+03 1.183489797949893474e-14
2.049074689815845886e+03 8.102791351473460257e-15
2.273965752357927613e+03 5.415839439603042200e-15
2.523539170434765765e+03 3.533254975261177908e-15
2.800503894183631019e+03 2.251153357833455146e-15
3.107866187782013640e+03 1.403063491025708629e-15
3.448962260405759935e+03 8.581343799840064400e-16
3.827494478516314757e+03 5.183809205706935198e-16
4.247571552536898707e+03 3.115690398408985662e-16
4.713753134116724141e+03 1.889639503767034382e-16
5.231099308056262998e+03 1.173214819061437905e-16
5.805225516094896193e+03 7.566710316143173774e-17
6.442363508721369726e+03 5.145980755563546270e-17
7.149428986597576113e+03 3.677524217993825969e-17
7.934096665797491369e+03 2.755059103681604152e-17
8.804883581643463913e+03 2.142265252039039513e-17
9.771241535346502133e+03 1.706244613588637701e-17
1.084365968689610963e+04 1.378716061448078891e-17
1.203377840777589154e+04 1.121688806086983449e-17
1.335451562929898682e+04 9.152696497661890240e-18
1.482020705798858762e+04 7.470843004979978121e-18
1.644676177994664249e+04 6.084823150804209366e-18
1.825183494319044257e+04 4.939565871583670476e-18
2.025501939230666540e+04 3.993125391843202316e-18
2.247805833548725059e+04 3.212192190004092572e-18
2.494508135230316839e+04 2.566474790005788297e-18
2.768286630392066581e+04 2.037878353686448325e-18
3.072112998861759115e+04 1.604033593259699081e-18
3.409285069746814406e+04 1.249988159650148762e-18
3.783462617131928710e+04 9.628693966634940509e-19
4.198707084443910571e+04 7.317644478259325780e-19
4.659525668664683326e+04 5.473838687414285710e-19
5.170920242896761192e+04 4.021036119854029499e-19
5.738441648302398244e+04 2.890930588118734630e-19
6.368249944718585903e+04 2.024170683223642323e-19
7.067181273927491566e+04 1.373534819039561861e-19
7.842822061337680498e+04 9.038431587805314302e-20
8.703591361485165544e+04 5.680728155945582760e-20
9.658832241158708348e+04 3.389056096323273176e-20
1.071891319205127511e+05 1.895317097715079892e-20
1.189534067370319535e+05 9.942730809928185997e-21
1.320088400831418112e+05 5.156074794804874729e-21
1.464971398307286145e+05 2.985852056511736594e-21
1.625755666443794908e+05 1.981153833092488704e-21
1.804186409392071655e+05 1.415632340967869816e-21
2.002200371815584658e+05 1.037956086923156506e-21
2.221946860939523904e+05 7.673218748650991441e-22
2.465811075822604180e+05 5.690724162652802860e-22
2.736439997074671555e+05 4.231152079621319740e-22
3.036771118035460822e+05 3.153019189876246693e-22
3.370064329271928291e+05 2.353106166930242933e-22
3.739937302478798083e+05 1.758220608056852334e-22
4.150404757850476308e+05 1.314738999202452842e-22
4.605922041145108524e+05 9.835803040875769215e-23
5.111433483440171112e+05 7.359087208977877899e-23
5.672426068491977639e+05 5.505223521765619523e-23
6.294988990221888525e+05 4.114783691703678907e-23
6.985879746785250027e+05 3.073443886922833695e-23
7.752597488629464060e+05 2.293637593224579023e-23
8.603464416684507160e+05 1.709390570674730393e-23
9.547716114208066138e+05 1.271827842917468637e-23
1.059560179277617019e+06 9.445078812999294917e-24
1.175849554052158026e+06 6.999519879564677228e-24
1.304901978014401859e+06 5.174548053589380434e-24
1.448118227674532915e+06 3.814856699358371197e-24
1.607052818261638284e+06 2.804457595310033657e-24
1.783430876931909472e+06 2.054889524977383998e-24
1.979166867853557458e+06 1.499138420272711889e-24
2.196385372416546568e+06 1.089195914994011988e-24
2.437444150122222025e+06 7.876924229912273989e-25
2.704959730463137385e+06 5.668247418310319692e-25
3.001835813575591892e+06 4.059107334700045449e-25
3.331294787934676744e+06 2.887809244942855829e-25
3.696912707195031922e+06 2.040738581546289549e-25
4.102658105827190448e+06 1.431519810866009862e-25
4.552935074866947718e+06 9.963283829999459906e-26
5.052631065335679799e+06 6.873480386390158631e-26
5.607169938205458224e+06 4.694801753850423736e-26
6.222570836730230600e+06 3.172391985610378158e-26
6.905513520162330940e+06 2.118447077354663050e-26
7.663410868007462472e+06 1.396629248688952847e-26
8.504489341802684590e+06 9.071524842588202688e-27
9.437878277775391936e+06 5.795513995125021838e-27
1.047370897959450819e+07 3.635911424009422434e-27
1.162322468679854274e+07 2.232264204452758707e-27
1.289890261253307760e+07 1.337644830455615643e-27
1.431458937523478456e+07 7.774044851233085323e-28
1.588565129428052530e+07 4.355446450627940102e-28
1.762914118095947802e+07 2.322644635440174003e-28
1.956398343517064676e+07 1.158527765549813281e-28
2.171117945694505423e+07 5.240725612948612405e-29
2.409403560239527002e+07 2.032354966384875632e-29
2.673841615839949250e+07 6.094959631945574043e-30
2.967302408188872784e+07 1.219669955806798700e-30
3.292971255097155273e+07 1.326813491659267012e-31
