1.000000000000000000e+02 1.330153991191188516e-10
1.109752496412072134e+02 1.123329893143956487e-10
1.231550603292826196e+02 9.464917155990273403e-11
1.366716356462005990e+02 7.950872349368527261e-11
1.516716888470922413e+02 6.658767927197213611e-11
1.683180353330956791e+02 5.564801559568947266e-11
1.867913599020782840e+02 4.621662936034544853e-11
2.072921779595371845e+02 3.837379461907584358e-11
2.300430119772916839e+02 3.169969598885450061e-11
2.552908068239516410e+02 2.613145701146663503e-11
2.833096101839323637e+02 2.143979507502075501e-11
3.144035471591500368e+02 1.755178777313235765e-11
3.489101213406774491e+02 1.430848918100095430e-11
3.872038781812557318e+02 1.164083838832179685e-11
4.297004704320843871e+02 9.423884166543497141e-12
4.768611697714468960e+02 7.613583806840025279e-12
5.291978735958442712e+02 6.150961969762370520e-12
5.872786613189482523e+02 4.932546353525848408e-12
6.517339604882420190e+02 3.963350379296937805e-12
7.232633896483533817e+02 3.171292514020820980e-12
8.026433522257173081e+02 2.536577877932147736e-12
8.907354638610439679e+02 2.025324417042258184e-12
9.884959046625587007e+02 1.612999679842618135e-12
1.096985797892383971e+03 1.281687571291099422e-12
1.217382727739662187e+03 1.019656773229302239e-12
1.350993521198027793e+03 8.085968454561809839e-13
1.499268432786045423e+03 6.408326285657015843e-13
1.663816886076128640e+03 5.069464363808616272e-13
1.846424942895544291e+03 3.997599658498282715e-13
2.049074689815845886e+03 3.146921432290887856e-13
2.273965752357927613e+03 2.470625420190229010e-13
2.523539170434765765e+03 1.934358451881741395e-13
2.800503894183631019e+03 1.510589340739042429e-13
3.107866187782013640e+03 1.175516905130299469e-13
3.448962260405759935e+03 9.142483712793580513e-14
3.827494478516314757e+03 7.076192082590799796e-14
4.247571552536898707e+03 5.488922660965322200e-14
4.713753134116724141e+03 4.245766070845723065e-14
5.231099308056262998e+03 3.291752361470700940e-14
5.805225516094896193e+03 2.554054302483133219e-14
6.442363508721369726e+03 1.992614768706757464e-14
7.149428986597576113e+03 1.560512157114626100e-14
7.934096665797491369e+03 1.232358113614073188e-14
8.804883581643463913e+03 9.801425963512237851e-15
9.771241535346502133e+03 7.865152097857901100e-15
1.084365968689610963e+04 6.366527007407338703e-15
1.203377840777589154e+04 5.193633171921542268e-15
1.335451562929898682e+04 4.268941794501368097e-15
1.482020705798858762e+04 3.529669546683598092e-15
1.644676177994664249e+04 2.932691237840882286e-15
1.825183494319044257e+04 2.444630018377810932e-15
2.025501939230666540e+04 2.042011326819798355e-15
2.247805833548725059e+04 1.706366414597941865e-15
2.494508135230316839e+04 1.425356909239509409e-15
2.768286630392066581e+04 1.188634372492257282e-15
3.072112998861759115e+04 9.889686056364125785e-16
3.409285069746814406e+04 8.198101250372741517e-16
3.783462617131928710e+04 6.770924727299388256e-16
4.198707084443910571e+04 5.559841349215242738e-16
4.659525668664683326e+04 4.540225915084861086e-16
5.170920242896761192e+04 3.682940132744537732e-16
5.738441648302398244e+04 2.963838636191201272e-16
6.368249944718585903e+04 2.364183314803235298e-16
7.067181273927491566e+04 1.866917273226895260e-16
7.842822061337680498e+04 1.455139855435722431e-16
8.703591361485165544e+04 1.121595958229578709e-16
9.658832241158708348e+04 8.498136904429633440e-17
1.071891319205127511e+05 6.326462561579611023e-17
1.189534067370319535e+05 4.617210417705879694e-17
1.320088400831418112e+05 3.301402026228390924e-17
1.464971398307286145e+05 2.296943726506328162e-17
1.625755666443794908e+05 1.554105143434868691e-17
1.804186409392071655e+05 1.024829984638339607e-17
2.002200371815584658e+05 6.590990599778447438e-18
2.221946860939523904e+05 4.167110996617581665e-18
2.465811075822604180e+05 2.630950903263238030e-18
2.736439997074671555e+05 1.695334126498753718e-18
3.036771118035460822e+05 1.137862375012507762e-18
3.370064329271928291e+05 8.029824911855673947e-19
3.739937302478798083e+05 5.946080900592242612e-19
4.150404757850476308e+05 4.558182718779119148e-19
4.605922041145108524e+05 3.577652604514375792e-19
5.111433483440171112e+05 2.844711421819731062e-19
5.672426068491977639e+05 2.273365386497489698e-19
6.294988990221888525e+05 1.819964591923960331e-19
6.985879746785250027e+05 1.456127184074675301e-19
7.752597488629464060e+05 1.162331928500852391e-19
8.603464416684507160e+05 9.253488018037141608e-20
9.547716114208066138e+05 7.341995754542427459e-20
1.059560179277617019e+06 5.805604446918587295e-20
1.175849554052158026e+06 4.565309494634248140e-20
1.304901978014401859e+06 3.573504859452168937e-20
1.448118227674532915e+06 2.782028657656947368e-20
1.607052818261638284e+06 2.153320295696609008e-20
1.783430876931909472e+06 1.656265324299423484e-20
1.979166867853557458e+06 1.264214743562176616e-20
2.196385372416546568e+06 9.587866254347260862e-21
2.437444150122222025e+06 7.234137536458172942e-21
2.704959730463137385e+06 5.377123333956167952e-21
3.001835813575591892e+06 3.975163987663925697e-21
3.331294787934676744e+06 2.912167398140012154e-21
3.696912707195031922e+06 2.114070108922009136e-21
4.102658105827190448e+06 1.520901907235718581e-21
4.552935074866947718e+06 1.084222257216717919e-21
5.052631065335679799e+06 7.655897190536954139e-22
5.607169938205458224e+06 5.354041158480156454e-22
6.222570836730230600e+06 3.701138458776523832e-22
6.905513520162330940e+06 2.518339627215709712e-22
7.663410868007462472e+06 1.674759825596902484e-22
8.504489341802684590e+06 1.082386374537611259e-22
9.437878277775391936e+06 6.681197826679388786e-23
1.047370897959450819e+07 3.869741741403390814e-23
1.162322468679854274e+07 2.045387081511567849e-23
1.289890261253307760e+07 9.496990272052214928e-24
1.431458937523478456e+07 3.671828530557763681e-24
1.588565129428052530e+07 1.144136127799191393e-24
1.762914118095947802e+07 3.304728414917194710e-25
1.956398343517064676e+07 1.170813501035602768e-25
2.171117945694505423e+07 2.885126714037957118e-26
2.409403560239527002e+07 9.305053539441020578e-28
2.673841615839949250e+07 7.892780544977224307e-30
2.967302408188872784e+07 1.654927493282605788e-32
