1.000000000000000000e+02 3.912198485440181098e-12
1.109752496412072134e+02 3.374764792041092304e-12
1.231550603292826196e+02 2.911890427254198302e-12
1.366716356462005990e+02 2.513068791687909641e-12
1.516716888470922413e+02 2.168270298105424980e-12
1.683180353330956791e+02 1.869829387010348629e-12
1.867913599020782840e+02 1.611817544262539655e-12
2.072921779595371845e+02 1.388478027745352502e-12
2.300430119772916839e+02 1.194398683123300631e-12
2.552908068239516410e+02 1.026659871571895473e-12
2.833096101839323637e+02 8.814903559355142684e-13
3.144035471591500368e+02 7.555033049692295187e-13
3.489101213406774491e+02 6.467880333432023384e-13
3.872038781812557318e+02 5.528345008973352127e-13
4.297004704320843871e+02 4.718587302076934042e-13
4.768611697714468960e+02 4.020145172108951689e-13
5.291978735958442712e+02 3.418318876131821252e-13
5.872786613189482523e+02 2.902983662343525650e-13
6.517339604882420190e+02 2.461567100038042355e-13
7.232633896483533817e+02 2.081992952711227017e-13
8.026433522257173081e+02 1.758706599227104823e-13
8.907354638610439679e+02 1.483915946430754114e-13
9.884959046625587007e+02 1.249857204709108265e-13
1.096985797892383971e+03 1.050772622237278627e-13
1.217382727739662187e+03 8.828260423233736021e-14
1.350993521198027793e+03 7.408743812467570192e-14
1.499268432786045423e+03 6.210510470847884198e-14
1.663816886076128640e+03 5.205441024684112570e-14
1.846424942895544291e+03 4.360820053731976184e-14
2.049074689815845886e+03 3.650311732880865073e-14
2.273965752357927613e+03 3.059255553834753469e-14
2.523539170434765765e+03 2.563596092844632423e-14
2.800503894183631019e+03 2.147968580377120333e-14
3.107866187782013640e+03 1.801996700500028455e-14
3.448962260405759935e+03 1.512347593207333483e-14
3.827494478516314757e+03 1.269004027963922685e-14
4.247571552536898707e+03 1.065960449434461897e-14
4.713753134116724141e+03 8.953805813374000894e-15
5.231099308056262998e+03 7.518724181369300090e-15
5.805225516094896193e+03 6.313211823527876249e-15
6.442363508721369726e+03 5.299779873880128650e-15
7.149428986597576113e+03 4.444419661493286684e-15
7.934096665797491369e+03 3.724616907693283869e-15
8.804883581643463913e+03 3.118322845396057512e-15
9.771241535346502133e+03 2.608012579223324905e-15
1.084365968689610963e+04 2.179270783010896168e-15
1.203377840777589154e+04 1.819213665893372317e-15
1.335451562929898682e+04 1.517975282382508169e-15
1.482020705798858762e+04 1.266047405881504737e-15
1.644676177994664249e+04 1.055715837720085965e-15
1.825183494319044257e+04 8.800356530985231574e-16
2.025501939230666540e+04 7.334483787613947136e-16
2.247805833548725059e+04 6.110009083513722183e-16
2.494508135230316839e+04 5.086762259066069778e-16
2.768286630392066581e+04 4.229247185391693457e-16
3.072112998861759115e+04 3.512123982781208635e-16
3.409285069746814406e+04 2.912944230541065875e-16
3.783462617131928710e+04 2.412711722638563219e-16
4.198707084443910571e+04 1.995927861459119446e-16
4.659525668664683326e+04 1.648298676859820269e-16
5.170920242896761192e+04 1.359544045403701108e-16
5.738441648302398244e+04 1.120111692843058512e-16
6.368249944718585903e+04 9.214833960733773632e-17
7.067181273927491566e+04 7.572044251038647053e-17
7.842822061337680498e+04 6.214858894560934396e-17
8.703591361485165544e+04 5.095679331539990372e-17
9.658832241158708348e+04 4.174006939944834750e-17
1.071891319205127511e+05 3.416003482390604054e-17
1.189534067370319535e+05 2.793155130095524647e-17
1.320088400831418112e+05 2.281807063655695654e-17
1.464971398307286145e+05 1.862861716344637644e-17
1.625755666443794908e+05 1.519342867010028081e-17
1.804186409392071655e+05 1.238273049857462476e-17
2.002200371815584658e+05 1.008327505837809282e-17
2.221946860939523904e+05 8.203056362629439401e-18
2.465811075822604180e+05 6.668382923197355557e-18
2.736439997074671555e+05 5.416245630745679178e-18
3.036771118035460822e+05 4.394557350004289241e-18
3.370064329271928291e+05 3.562682952799817503e-18
3.739937302478798083e+05 2.885711706476158812e-18
4.150404757850476308e+05 2.335256748801490843e-18
4.605922041145108524e+05 1.887877851144872805e-18
5.111433483440171112e+05 1.524856111854169110e-18
5.672426068491977639e+05 1.230487966861536875e-18
6.294988990221888525e+05 9.919937888856148514e-19
6.985879746785250027e+05 7.990108452716341059e-19
7.752597488629464060e+05 6.429319160503518630e-19
8.603464416684507160e+05 5.168977149762116550e-19
9.547716114208066138e+05 4.151606014517576799e-19
1.059560179277617019e+06 3.331588810644174509e-19
1.175849554052158026e+06 2.671042018142348080e-19
1.304901978014401859e+06 2.139330741205683788e-19
1.448118227674532915e+06 1.712012477339745821e-19
1.607052818261638284e+06 1.368652470051946680e-19
1.783430876931909472e+06 1.093161931987011218e-19
1.979166867853557458e+06 8.722927567285107996e-20
2.196385372416546568e+06 6.953396848721792113e-20
2.437444150122222025e+06 5.537323420559585607e-20
2.704959730463137385e+06 4.404904639052936912e-20
3.001835813575591892e+06 3.500068789474415825e-20
3.331294787934676744e+06 2.778127188776371711e-20
3.696912707195031922e+06 2.202432789033153297e-20
4.102658105827190448e+06 1.743714318021754691e-20
4.552935074866947718e+06 1.378708301209609996e-20
5.052631065335679799e+06 1.088576285407518064e-20
5.607169938205458224e+06 8.582021825700647275e-21
6.222570836730230600e+06 6.754315273434279220e-21
6.905513520162330940e+06 5.307722546190023123e-21
7.663410868007462472e+06 4.161801404389458422e-21
8.504489341802684590e+06 3.256388195174733901e-21
9.437878277775391936e+06 2.542081100114550848e-21
1.047370897959450819e+07 1.979947999499544762e-21
1.162322468679854274e+07 1.537968154692571671e-21
1.289890261253307760e+07 1.191091676238883298e-21
1.431458937523478456e+07 9.196153377051848991e-22
1.588565129428052530e+07 7.074646367081826524e-22
1.762914118095947802e+07 5.420295476863797203e-22
1.956398343517064676e+07 4.135446362527842248e-22
2.171117945694505423e+07 3.140711992260323486e-22
2.409403560239527002e+07 2.371277881485938273e-22
2.673841615839949250e+07 1.780353400396111020e-22
2.967302408188872784e+07 1.327478183814088683e-22
3.292971255097155273e+07 9.824211391452399436e-23
3.654383070957254618e+07 7.205608911822176529e-23
4.055460735840827972e+07 5.233553977085708408e-23
4.500557675700496882e+07 3.755547177050439203e-23
4.994505115855139494e+07 2.657100672615144534e-23
5.542664520663107187e+07 1.848879982700256673e-23
6.150985788580504060e+07 1.263112860633564782e-23
6.826071834272393584e+07 8.436518812901500242e-24
7.575250258771920204e+07 5.489727371438064498e-24
8.406652885618332028e+07 3.457912077692718330e-24
9.329304026284696162e+07 2.088220015178793802e-24
1.035321843295663744e+08 1.190281825987534780e-24
1.148951000187308788e+08 6.254113681466785237e-25
1.275051240713012964e+08 2.896518800069681199e-25
1.414991297434575856e+08 1.068834973153942889e-25
1.570290124729377627e+08 2.068209941666810194e-26
1.742633386009651124e+08 2.368600709581751424e-28
1.933891750455232263e+08 6.752512485913006140e-33
2.146141197858406007e+08 7.156326885070557878e-41
2.381685551976160705e+08 7.872301313738360673e-52
2.643081486974108517e+08 1.584269613727703409e-67
2.933166278390048146e+08 3.874930613681528903e-91
3.255088599835056663e+08 1.806168637134525118e-128
