1.000000000000000000e+02 9.003658952244536394e-14
1.109752496412072134e+02 7.226409424583194850e-14
1.231550603292826196e+02 5.735968663114331429e-14
1.366716356462005990e+02 4.512987572982777705e-14
1.516716888470922413e+02 3.521348629135757053e-14
1.683180353330956791e+02 2.715119312758480566e-14
1.867913599020782840e+02 2.073351422421213736e-14
2.072921779595371845e+02 1.568721161484789664e-14
2.300430119772916839e+02 1.173497796467963254e-14
2.552908068239516410e+02 8.710843778216048916e-15
2.833096101839323637e+02 6.401356049795962973e-15
3.144035471591500368e+02 4.669175625226754787e-15
3.489101213406774491e+02 3.385169508383516948e-15
3.872038781812557318e+02 2.448494617773723721e-15
4.297004704320843871e+02 1.773493869331277724e-15
4.768611697714468960e+02 1.290800975635776740e-15
5.291978735958442712e+02 9.484991207806680826e-16
5.872786613189482523e+02 7.075510839319577016e-16
6.517339604882420190e+02 5.372077202131641428e-16
7.232633896483533817e+02 4.159069540133852181e-16
8.026433522257173081e+02 3.279948474189254573e-16
8.907354638610439679e+02 2.629445998402750422e-16
9.884959046625587007e+02 2.134814028741637914e-16
1.096985797892383971e+03 1.747382416360245743e-16
1.217382727739662187e+03 1.435734142384090897e-16
1.350993521198027793e+03 1.179545563863583958e-16
1.499268432786045423e+03 9.657082403478161826e-17
1.663816886076128640e+03 7.855435658067134338e-17
1.846424942895544291e+03 6.324047223343254235e-17
2.049074689815845886e+03 5.039622432411850726e-17
2.273965752357927613e+03 3.951611481477904244e-17
2.523539170434765765e+03 3.047295067512457703e-17
2.800503894183631019e+03 2.296417379115912740e-17
3.107866187782013640e+03 1.691373926256152147e-17
3.448962260405759935e+03 1.212296131067036486e-17
3.827494478516314757e+03 8.446316891788075104e-18
4.247571552536898707e+03 5.731735603860473541e-18
4.713753134116724141e+03 3.830781283016381867e-18
5.231099308056262998e+03 2.577731476196411647e-18
5.805225516094896193e+03 1.797260964074073205e-18
6.442363508721369726e+03 1.324305218093642939e-18
7.149428986597576113e+03 1.027162199668879232e-18
7.934096665797491369e+03 8.238083569191944746e-19
8.804883581643463913e+03 6.727084245507462756e-19
9.771241535346502133e+03 5.538960361093284387e-19
1.084365968689610963e+04 4.576405416479317551e-19
1.203377840777589154e+04 3.785312440508994743e-19
1.335451562929898682e+04 3.130689834316859581e-19
1.482020705798858762e+04 2.588000270955221153e-19
1.644676177994664249e+04 2.138198848676978357e-19
1.825183494319044257e+04 1.764830727943943092e-19
2.025501939230666540e+04 1.455538918052677637e-19
2.247805833548725059e+04 1.198700892380275938e-19
2.494508135230316839e+04 9.865161379982692167e-20
2.768286630392066581e+04 8.109404964674431886e-20
3.072112998861759115e+04 6.655327558827453495e-20
3.409285069746814406e+04 5.453295804499687176e-20
3.783462617131928710e+04 4.460974121222784059e-20
4.198707084443910571e+04 3.642234018513017480e-20
4.659525668664683326e+04 2.969026239670208704e-20
5.170920242896761192e+04 2.415328366100636654e-20
5.738441648302398244e+04 1.960877388878869206e-20
6.368249944718585903e+04 1.588343040951071404e-20
7.067181273927491566e+04 1.284071881676829714e-20
7.842822061337680498e+04 1.035952051730864268e-20
8.703591361485165544e+04 8.342745561898096033e-21
9.658832241158708348e+04 6.706446381630455191e-21
1.071891319205127511e+05 5.383689705139016799e-21
1.189534067370319535e+05 4.316424311112829853e-21
1.320088400831418112e+05 3.457486820614345182e-21
1.464971398307286145e+05 2.767433482570030834e-21
1.625755666443794908e+05 2.213044636427283596e-21
1.804186409392071655e+05 1.768206253482348109e-21
2.002200371815584658e+05 1.411409639728001042e-21
2.221946860939523904e+05 1.125593140416120884e-21
2.465811075822604180e+05 8.969108692653497131e-22
2.736439997074671555e+05 7.139730464346516965e-22
3.036771118035460822e+05 5.677637885378677571e-22
3.370064329271928291e+05 4.510834786476178736e-22
3.739937302478798083e+05 3.580032429862777770e-22
4.150404757850476308e+05 2.838066518551756929e-22
4.605922041145108524e+05 2.247533938837147582e-22
5.111433483440171112e+05 1.778012547351145480e-22
5.672426068491977639e+05 1.404601688779662826e-22
6.294988990221888525e+05 1.108662410608371705e-22
6.985879746785250027e+05 8.738735440006891251e-23
7.752597488629464060e+05 6.879400979001938152e-23
8.603464416684507160e+05 5.408972704410410114e-23
9.547716114208066138e+05 4.246524533661465787e-23
1.059560179277617019e+06 3.329369170874944109e-23
1.175849554052158026e+06 2.606742358565336582e-23
1.304901978014401859e+06 2.037601268866795814e-23
1.448118227674532915e+06 1.590356456326703890e-23
1.607052818261638284e+06 1.239320797908408538e-23
1.783430876931909472e+06 9.640907510723708647e-24
1.979166867853557458e+06 7.486657941772178811e-24
2.196385372416546568e+06 5.802719714844308071e-24
2.437444150122222025e+06 4.489242364922049132e-24
2.704959730463137385e+06 3.465912471681060146e-24
3.001835813575591892e+06 2.670378680141931926e-24
3.331294787934676744e+06 2.052860226517566759e-24
3.696912707195031922e+06 1.574418866271801559e-24
4.102658105827190448e+06 1.204509470021328256e-24
4.552935074866947718e+06 9.192340011182178081e-25
5.052631065335679799e+06 6.996762998870450275e-25
5.607169938205458224e+06 5.310189664453071900e-25
6.222570836730230600e+06 4.017942506022731691e-25
6.905513520162330940e+06 3.030891876987054548e-25
7.663410868007462472e+06 2.278492115908247661e-25
8.504489341802684590e+06 1.706460326565693751e-25
9.437878277775391936e+06 1.273095588149229478e-25
1.047370897959450819e+07 9.459675011060169969e-26
1.162322468679854274e+07 6.996647474535953493e-26
1.289890261253307760e+07 5.150733021032093578e-26
1.431458937523478456e+07 3.770648300111490703e-26
1.588565129428052530e+07 2.743995628658386199e-26
1.762914118095947802e+07 1.985500366784710831e-26
1.956398343517064676e+07 1.425403599530994285e-26
2.171117945694505423e+07 1.015368896425461135e-26
2.409403560239527002e+07 7.168455896285570009e-27
2.673841615839949250e+07 5.008972109319635278e-27
2.967302408188872784e+07 3.459778563469358798e-27
3.292971255097155273e+07 2.357136592053100448e-27
3.654383070957254618e+07 1.580543368198081284e-27
4.055460735840827972e+07 1.040474357478284849e-27
4.500557675700496882e+07 6.695274663742885222e-28
4.994505115855139494e+07 4.199549843233567879e-28
5.542664520663107187e+07 2.551309294217647258e-28
6.150985788580504060e+07 1.493627989185654316e-28
6.826071834272393584e+07 8.364638476296915684e-29
7.575250258771920204e+07 4.452282603444442566e-29
8.406652885618332028e+07 2.229119029324782257e-29
9.329304026284696162e+07 1.017840355247698900e-29
1.035321843295663744e+08 3.758439114271029257e-30
1.148951000187308788e+08 6.602351082747951653e-31
