1.000000000000000000e+02 4.089214206237412461e-13
1.109752496412072134e+02 3.563230166877457015e-13
1.231550603292826196e+02 3.097003617413084077e-13
1.366716356462005990e+02 2.689767290864200105e-13
1.516716888470922413e+02 2.329897486729502223e-13
1.683180353330956791e+02 2.016349626829395522e-13
1.867913599020782840e+02 1.740105211628880978e-13
2.072921779595371845e+02 1.499783828902511492e-13
2.300430119772916839e+02 1.289277558557034939e-13
2.552908068239516410e+02 1.106465549312260042e-13
2.833096101839323637e+02 9.469888897917689405e-14
3.144035471591500368e+02 8.093208929945386978e-14
3.489101213406774491e+02 6.892836134672433661e-14
3.872038781812557318e+02 5.869019952481539857e-14
4.297004704320843871e+02 4.973885178727908434e-14
4.768611697714468960e+02 4.218303698340791912e-14
5.291978735958442712e+02 3.560549781810902984e-14
5.872786613189482523e+02 3.006531940245897580e-14
6.517339604882420190e+02 2.526934108989925884e-14
7.232633896483533817e+02 2.126205590319019271e-14
8.026433522257173081e+02 1.781783800552073694e-14
8.907354638610439679e+02 1.494664980492388286e-14
9.884959046625587007e+02 1.249485676236955855e-14
1.096985797892383971e+03 1.045386932085014882e-14
1.217382727739662187e+03 8.727159504114087596e-15
1.350993521198027793e+03 7.288097234120045327e-15
1.499268432786045423e+03 6.080490909401193987e-15
1.663816886076128640e+03 5.069701094886733106e-15
1.846424942895544291e+03 4.228296218191567522e-15
2.049074689815845886e+03 3.520356625819358753e-15
2.273965752357927613e+03 2.933181143142372846e-15
2.523539170434765765e+03 2.438959616434696364e-15
2.800503894183631019e+03 2.027636602080358903e-15
3.107866187782013640e+03 1.682262277072257558e-15
3.448962260405759935e+03 1.394255820060852201e-15
3.827494478516314757e+03 1.152086139196668877e-15
4.247571552536898707e+03 9.506367500474278902e-16
4.713753134116724141e+03 7.815745279864904913e-16
5.231099308056262998e+03 6.411470233571562610e-16
5.805225516094896193e+03 5.239412280234804702e-16
6.442363508721369726e+03 4.269908540696679416e-16
7.149428986597576113e+03 3.464012357881848936e-16
7.934096665797491369e+03 2.805315433121582980e-16
8.804883581643463913e+03 2.260012150905507818e-16
9.771241535346502133e+03 1.818381897447104293e-16
1.084365968689610963e+04 1.459071498303431204e-16
1.203377840777589154e+04 1.166065575490825204e-16
1.335451562929898682e+04 9.357969426629680618e-17
1.482020705798858762e+04 7.458214140878905237e-17
1.644676177994664249e+04 5.976406917317265234e-17
1.825183494319044257e+04 4.790862964672483856e-17
2.025501939230666540e+04 3.851226252781772709e-17
2.247805833548725059e+04 3.107882739249213714e-17
2.494508135230316839e+04 2.520171757410943031e-17
2.768286630392066581e+04 2.054166934675305572e-17
3.072112998861759115e+04 1.680618091744046236e-17
3.409285069746814406e+04 1.385426001138715921e-17
3.783462617131928710e+04 1.146116362825079233e-17
4.198707084443910571e+04 9.519526701281526402e-18
4.659525668664683326e+04 7.940318392551951109e-18
5.170920242896761192e+04 6.635637654747451585e-18
5.738441648302398244e+04 5.557678833848866160e-18
6.368249944718585903e+04 4.656350476504268300e-18
7.067181273927491566e+04 3.901877112092939644e-18
7.842822061337680498e+04 3.268017859241695876e-18
8.703591361485165544e+04 2.732632592949641900e-18
9.658832241158708348e+04 2.279952876852259553e-18
1.071891319205127511e+05 1.896891560509994628e-18
1.189534067370319535e+05 1.573712573494933836e-18
1.320088400831418112e+05 1.301686236012383296e-18
1.464971398307286145e+05 1.072346761071673557e-18
1.625755666443794908e+05 8.805640110627607799e-19
1.804186409392071655e+05 7.205353794658726486e-19
2.002200371815584658e+05 5.878761590437816196e-19
2.221946860939523904e+05 4.784056122607696366e-19
2.465811075822604180e+05 3.893512630814517245e-19
2.736439997074671555e+05 3.170609531255303069e-19
3.036771118035460822e+05 2.588952303591670775e-19
3.370064329271928291e+05 2.123171690146423706e-19
3.739937302478798083e+05 1.749952832100209750e-19
4.150404757850476308e+05 1.449586370125812953e-19
4.605922041145108524e+05 1.206107442773163985e-19
5.111433483440171112e+05 1.006617237886634363e-19
5.672426068491977639e+05 8.418336303353919515e-20
6.294988990221888525e+05 7.045952158656203679e-20
6.985879746785250027e+05 5.899174913356903210e-20
7.752597488629464060e+05 4.938883086437042632e-20
8.603464416684507160e+05 4.131448932729276857e-20
9.547716114208066138e+05 3.453679301527287722e-20
1.059560179277617019e+06 2.884752022241507145e-20
1.175849554052158026e+06 2.407336082602790274e-20
1.304901978014401859e+06 2.007389539851156751e-20
1.448118227674532915e+06 1.673163233247193850e-20
1.607052818261638284e+06 1.391119939815006588e-20
1.783430876931909472e+06 1.156124330602827291e-20
1.979166867853557458e+06 9.583385579922540333e-21
2.196385372416546568e+06 7.956483992767950559e-21
2.437444150122222025e+06 6.588593926990742507e-21
2.704959730463137385e+06 5.446724774560358450e-21
3.001835813575591892e+06 4.496396944880544490e-21
3.331294787934676744e+06 3.705824532753365236e-21
3.696912707195031922e+06 3.048159278784384464e-21
4.102658105827190448e+06 2.502630288474914164e-21
4.552935074866947718e+06 2.050958705880713080e-21
5.052631065335679799e+06 1.676202760156667553e-21
5.607169938205458224e+06 1.366964712871012169e-21
6.222570836730230600e+06 1.111980203184494762e-21
6.905513520162330940e+06 9.018524353500450150e-22
7.663410868007462472e+06 7.291340930640661664e-22
8.504489341802684590e+06 5.877599862614880883e-22
9.437878277775391936e+06 4.721089396049552993e-22
1.047370897959450819e+07 3.778905120771447688e-22
1.162322468679854274e+07 3.013261950591214501e-22
1.289890261253307760e+07 2.393115168406143837e-22
1.431458937523478456e+07 1.892817746375426968e-22
1.588565129428052530e+07 1.491203007064395320e-22
1.762914118095947802e+07 1.167387808334727946e-22
1.956398343517064676e+07 9.086421617537409615e-23
2.171117945694505423e+07 7.024293269664407321e-23
2.409403560239527002e+07 5.382759399591271883e-23
2.673841615839949250e+07 4.084087068361502255e-23
2.967302408188872784e+07 3.068382439848895345e-23
3.292971255097155273e+07 2.286540246061726393e-23
3.654383070957254618e+07 1.691396571667693589e-23
4.055460735840827972e+07 1.236685168008606451e-23
4.500557675700496882e+07 8.956028836744293897e-24
4.994505115855139494e+07 6.370481024952905562e-24
5.542664520663107187e+07 4.468298825970368517e-24
6.150985788580504060e+07 3.076621644350112798e-24
6.826071834272393584e+07 2.075586681685034453e-24
7.575250258771920204e+07 1.371678999609572921e-24
8.406652885618332028e+07 8.868408576151447729e-25
9.329304026284696162e+07 5.611083464629852920e-25
1.035321843295663744e+08 3.478482484478544241e-25
1.148951000187308788e+08 2.110680841868014118e-25
1.275051240713012964e+08 1.252399108248357140e-25
1.414991297434575856e+08 7.244390487136276277e-26
1.570290124729377627e+08 4.062202268487295591e-26
1.742633386009651124e+08 2.180523265460462946e-26
1.933891750455232263e+08 1.093399141166694761e-26
2.146141197858406007e+08 4.925893455202012974e-27
2.381685551976160705e+08 1.882827310274958833e-27
2.643081486974108517e+08 5.505129535123168438e-28
2.933166278390048146e+08 5.711593975068243864e-29
3.255088599835056663e+08 4.457541490384153398e-35
3.612342699709430337e+08 5.136101945786828071e-46
4.008806328898465633e+08 5.418877893598187630e-66
