1.000000000000000000e+02 3.188723542868221018e-13
1.109752496412072134e+02 2.668922904157461214e-13
1.231550603292826196e+02 2.230937724310531008e-13
1.366716356462005990e+02 1.861889036501479461e-13
1.516716888470922413e+02 1.551307698864565530e-13
1.683180353330956791e+02 1.290268386447705589e-13
1.867913599020782840e+02 1.070849358744198608e-13
2.072921779595371845e+02 8.867129947521358519e-14
2.300430119772916839e+02 7.323012843739553755e-14
2.552908068239516410e+02 6.029865663275230705e-14
2.833096101839323637e+02 4.948090797108200792e-14
3.144035471591500368e+02 4.044565477408585648e-14
3.489101213406774491e+02 3.291255360306808484e-14
3.872038781812557318e+02 2.664530547670113979e-14
4.297004704320843871e+02 2.144382870421558733e-14
4.768611697714468960e+02 1.714337530279362919e-14
5.291978735958442712e+02 1.359853757991448109e-14
5.872786613189482523e+02 1.069257413816122377e-14
6.517339604882420190e+02 8.324675249835204078e-15
7.232633896483533817e+02 6.410169802209235560e-15
8.026433522257173081e+02 4.875655683926032159e-15
8.907354638610439679e+02 3.659131951683031195e-15
9.884959046625587007e+02 2.706226069359035245e-15
1.096985797892383971e+03 1.970588974030518865e-15
1.217382727739662187e+03 1.411262631301308795e-15
1.350993521198027793e+03 9.935867406382098055e-16
1.499268432786045423e+03 6.875949928519472213e-16
1.663816886076128640e+03 4.680241561030928017e-16
1.846424942895544291e+03 3.138579775241848536e-16
2.049074689815845886e+03 2.080065835420987411e-16
2.273965752357927613e+03 1.368887903621382468e-16
2.523539170434765765e+03 9.011150564609171141e-17
2.800503894183631019e+03 5.980583677816573602e-17
3.107866187782013640e+03 4.044256100133959656e-17
3.448962260405759935e+03 2.806542899732247188e-17
3.827494478516314757e+03 2.011410848413035845e-17
4.247571552536898707e+03 1.488921785610518553e-17
4.713753134116724141e+03 1.135186611333339069e-17
5.231099308056262998e+03 8.856297665906534214e-18
5.805225516094896193e+03 7.033667953838149377e-18
6.442363508721369726e+03 5.646827635827047808e-18
7.149428986597576113e+03 4.564020754703887465e-18
7.934096665797491369e+03 3.702876197963499317e-18
8.804883581643463913e+03 3.006354776951347878e-18
9.771241535346502133e+03 2.443196245696468834e-18
1.084365968689610963e+04 1.980010360092868125e-18
1.203377840777589154e+04 1.605373468496915997e-18
1.335451562929898682e+04 1.295484240890463786e-18
1.482020705798858762e+04 1.044902575322927200e-18
1.644676177994664249e+04 8.401660403831746765e-19
1.825183494319044257e+04 6.742443665587694686e-19
2.025501939230666540e+04 5.395059831124671598e-19
2.247805833548725059e+04 4.295588673925071542e-19
2.494508135230316839e+04 3.427544266186140340e-19
2.768286630392066581e+04 2.706884475963903641e-19
3.072112998861759115e+04 2.143478022950228096e-19
3.409285069746814406e+04 1.688219877106645848e-19
3.783462617131928710e+04 1.324797147581402189e-19
4.198707084443910571e+04 1.041937362724164010e-19
4.659525668664683326e+04 8.130116604981176332e-20
5.170920242896761192e+04 6.350992044732337988e-20
5.738441648302398244e+04 4.967172230281186993e-20
6.368249944718585903e+04 3.874163984619427154e-20
7.067181273927491566e+04 3.025524797058973139e-20
7.842822061337680498e+04 2.367056716668418055e-20
8.703591361485165544e+04 1.854600928804291015e-20
9.658832241158708348e+04 1.455625974533427478e-20
1.071891319205127511e+05 1.144225717351693659e-20
1.189534067370319535e+05 9.008057198547801366e-21
1.320088400831418112e+05 7.082817022140858908e-21
1.464971398307286145e+05 5.561518916415884338e-21
1.625755666443794908e+05 4.351726380538669658e-21
1.804186409392071655e+05 3.385266954322366445e-21
2.002200371815584658e+05 2.613880273414605508e-21
2.221946860939523904e+05 1.997067527299802694e-21
2.465811075822604180e+05 1.508871684183816159e-21
2.736439997074671555e+05 1.123639318207560144e-21
3.036771118035460822e+05 8.259388779356895351e-22
3.370064329271928291e+05 5.988318699169937999e-22
3.739937302478798083e+05 4.279532328854980139e-22
4.150404757850476308e+05 3.007021460796664721e-22
4.605922041145108524e+05 2.072189858083280684e-22
5.111433483440171112e+05 1.393139325820514396e-22
5.672426068491977639e+05 9.094693150365841950e-23
6.294988990221888525e+05 5.743821318466168243e-23
6.985879746785250027e+05 3.520891728209911359e-23
7.752597488629464060e+05 2.142437169853091079e-23
8.603464416684507160e+05 1.351090066736859323e-23
9.547716114208066138e+05 9.165375864943096504e-24
1.059560179277617019e+06 6.664367025596432380e-24
1.175849554052158026e+06 5.043581844957066436e-24
1.304901978014401859e+06 3.888216114195930671e-24
1.448118227674532915e+06 3.013947644754070395e-24
1.607052818261638284e+06 2.337333894114493476e-24
1.783430876931909472e+06 1.808735313092988280e-24
1.979166867853557458e+06 1.398554458360128573e-24
2.196385372416546568e+06 1.077580266260535369e-24
2.437444150122222025e+06 8.276930756743896646e-25
2.704959730463137385e+06 6.331810029148142372e-25
3.001835813575591892e+06 4.823932503593874740e-25
3.331294787934676744e+06 3.658486665621708833e-25
3.696912707195031922e+06 2.760115494767682260e-25
4.102658105827190448e+06 2.070490350286095704e-25
4.552935074866947718e+06 1.543886999197326632e-25
5.052631065335679799e+06 1.142982550526046663e-25
5.607169938205458224e+06 8.396668021776693529e-26
6.222570836730230600e+06 6.105885109850166186e-26
6.905513520162330940e+06 4.388281006348922051e-26
7.663410868007462472e+06 3.105824655918330033e-26
8.504489341802684590e+06 2.159162856378202103e-26
9.437878277775391936e+06 1.459272579087854506e-26
1.047370897959450819e+07 9.608991085086912214e-27
1.162322468679854274e+07 6.053966891120719269e-27
1.289890261253307760e+07 3.619692426251106456e-27
1.431458937523478456e+07 2.024668274893480452e-27
1.588565129428052530e+07 1.044033824396216820e-27
1.762914118095947802e+07 4.884891937911797099e-28
1.956398343517064676e+07 2.048149653833941105e-28
2.171117945694505423e+07 7.599686084724398710e-29
2.409403560239527002e+07 2.459105621803703073e-29
2.673841615839949250e+07 6.853519944558720558e-30
2.967302408188872784e+07 1.628733834662308395e-30
3.292971255097155273e+07 3.256768699214949024e-31
3.654383070957254618e+07 5.415808006416679591e-32
4.055460735840827972e+07 7.398607197860466911e-33
4.500557675700496882e+07 8.195038273524693233e-34
4.994505115855139494e+07 7.258425082045050309e-35
5.542664520663107187e+07 5.067744467105819509e-36
6.150985788580504060e+07 2.747465812268000130e-37
6.826071834272393584e+07 1.137898306926241713e-38
7.575250258771920204e+07 3.537703584432710654e-40
8.406652885618332028e+07 8.092704694252416919e-42
9.329304026284696162e+07 1.329430259416491063e-43
1.035321843295663744e+08 1.521264895733118996e-45
1.148951000187308788e+08 1.164233671951040553e-47
1.275051240713012964e+08 5.624309378103725282e-50
1.414991297434575856e+08 1.560582910931337456e-52
1.570290124729377627e+08 1.948414037002510324e-55
