1.000000000000000000e+02 3.813634133253890851e-16
1.109752496412072134e+02 3.174180114547347982e-16
1.231550603292826196e+02 2.629082775427813872e-16
1.366716356462005990e+02 2.166459148412754923e-16
1.516716888470922413e+02 1.775205685112627540e-16
1.683180353330956791e+02 1.446285529866269041e-16
1.867913599020782840e+02 1.171122331968893983e-16
2.072921779595371845e+02 9.425331702809226128e-17
2.300430119772916839e+02 7.539993499060302911e-17
2.552908068239516410e+02 5.996964961364335893e-17
2.833096101839323637e+02 4.747463563726769437e-17
3.144035471591500368e+02 3.744909388792423122e-17
3.489101213406774491e+02 2.947494752279746169e-17
3.872038781812557318e+02 2.318099145422991786e-17
4.297004704320843871e+02 1.824472347615795773e-17
4.768611697714468960e+02 1.438780695033900377e-17
5.291978735958442712e+02 1.137408203544076845e-17
5.872786613189482523e+02 9.020482765337732659e-18
6.517339604882420190e+02 7.176160129075427239e-18
7.232633896483533817e+02 5.725798113740330556e-18
8.026433522257173081e+02 4.579453124054941688e-18
8.907354638610439679e+02 3.669285316776246778e-18
9.884959046625587007e+02 2.943268767403215478e-18
1.096985797892383971e+03 2.362397096100549027e-18
1.217382727739662187e+03 1.896858725144662664e-18
1.350993521198027793e+03 1.522824725395241888e-18
1.499268432786045423e+03 1.222895611193415829e-18
1.663816886076128640e+03 9.808188470146063020e-19
1.846424942895544291e+03 7.869301036398822632e-19
2.049074689815845886e+03 6.308459561803089135e-19
2.273965752357927613e+03 5.056676735637768994e-19
2.523539170434765765e+03 4.051841394459094653e-19
2.800503894183631019e+03 3.246313421287345507e-19
3.107866187782013640e+03 2.598913997715605283e-19
3.448962260405759935e+03 2.079592246893896751e-19
3.827494478516314757e+03 1.663985821942932699e-19
4.247571552536898707e+03 1.331632816977694745e-19
4.713753134116724141e+03 1.066305384882177762e-19
5.231099308056262998e+03 8.536854314188957135e-20
5.805225516094896193e+03 6.823450840305403233e-20
6.442363508721369726e+03 5.438194964289775173e-20
7.149428986597576113e+03 4.318950699501893535e-20
7.934096665797491369e+03 3.423374529027727101e-20
8.804883581643463913e+03 2.713822498339697732e-20
9.771241535346502133e+03 2.158367028737152545e-20
1.084365968689610963e+04 1.726635225454934392e-20
1.203377840777589154e+04 1.389085853431802017e-20
1.335451562929898682e+04 1.121303919549462510e-20
1.482020705798858762e+04 9.061134222886376932e-21
1.644676177994664249e+04 7.319764449327348615e-21
1.825183494319044257e+04 5.907307043826333898e-21
2.025501939230666540e+04 4.763416763180531398e-21
2.247805833548725059e+04 3.835332551993231682e-21
2.494508135230316839e+04 3.083066393435253935e-21
2.768286630392066581e+04 2.473794466683229506e-21
3.072112998861759115e+04 1.980490749823304673e-21
3.409285069746814406e+04 1.582190267351635560e-21
3.783462617131928710e+04 1.260721696128238541e-21
4.198707084443910571e+04 1.002042810832480956e-21
4.659525668664683326e+04 7.943120637093522870e-22
5.170920242896761192e+04 6.278793333320261548e-22
5.738441648302398244e+04 4.948280404031240831e-22
6.368249944718585903e+04 3.888759079659648624e-22
7.067181273927491566e+04 3.046807583371327875e-22
7.842822061337680498e+04 2.380528848338501738e-22
8.703591361485165544e+04 1.855004783867810607e-22
9.658832241158708348e+04 1.441885068610109818e-22
1.071891319205127511e+05 1.118122005298996300e-22
1.189534067370319535e+05 8.656782802681193733e-23
1.320088400831418112e+05 6.692525783199765305e-23
1.464971398307286145e+05 5.170774024646338902e-23
1.625755666443794908e+05 3.994354782735428153e-23
1.804186409392071655e+05 3.085831982542209770e-23
2.002200371815584658e+05 2.384671315750210996e-23
2.221946860939523904e+05 1.842800278117948208e-23
2.465811075822604180e+05 1.424592686539382121e-23
2.736439997074671555e+05 1.101212783732093367e-23
3.036771118035460822e+05 8.513823251549064098e-24
3.370064329271928291e+05 6.581643448843454454e-24
3.739937302478798083e+05 5.088612685095386643e-24
4.150404757850476308e+05 3.933196850764356052e-24
4.605922041145108524e+05 3.039663261333120511e-24
5.111433483440171112e+05 2.348805080015059636e-24
5.672426068491977639e+05 1.814118976741279129e-24
6.294988990221888525e+05 1.400584901100197051e-24
6.985879746785250027e+05 1.080656276972442369e-24
7.752597488629464060e+05 8.332220733352753109e-25
8.603464416684507160e+05 6.420218014059670226e-25
9.547716114208066138e+05 4.941169400259180217e-25
1.059560179277617019e+06 3.799862130875986593e-25
1.175849554052158026e+06 2.918180459766486610e-25
1.304901978014401859e+06 2.238081972230347873e-25
1.448118227674532915e+06 1.713764165132624621e-25
1.607052818261638284e+06 1.310248542704472678e-25
1.783430876931909472e+06 9.998648305335132569e-26
1.979166867853557458e+06 7.612713167038924554e-26
2.196385372416546568e+06 5.783951697116960485e-26
2.437444150122222025e+06 4.382991452574621399e-26
2.704959730463137385e+06 3.312620492655530879e-26
3.001835813575591892e+06 2.496143302497308799e-26
3.331294787934676744e+06 1.874796553883652582e-26
3.696912707195031922e+06 1.402381176197559212e-26
4.102658105827190448e+06 1.044635789802670328e-26
4.552935074866947718e+06 7.754320108608566611e-27
5.052631065335679799e+06 5.721987275593728396e-27
5.607169938205458224e+06 4.201329326531442012e-27
6.222570836730230600e+06 3.065672881280448547e-27
6.905513520162330940e+06 2.222070532604077240e-27
7.663410868007462472e+06 1.598620710617821340e-27
8.504489341802684590e+06 1.140595781052711774e-27
9.437878277775391936e+06 8.058739982820541174e-28
1.047370897959450819e+07 5.632710659526024031e-28
1.162322468679854274e+07 3.888846098838808780e-28
1.289890261253307760e+07 2.645468269288146472e-28
1.431458937523478456e+07 1.768757885946060085e-28
1.588565129428052530e+07 1.157669027655447006e-28
1.762914118095947802e+07 7.375869392141128172e-29
1.956398343517064676e+07 4.534993391544406298e-29
2.171117945694505423e+07 2.657687721211056541e-29
2.409403560239527002e+07 1.452442930788238795e-29
2.673841615839949250e+07 7.139459864877826520e-30
2.967302408188872784e+07 2.938871192696386818e-30
3.292971255097155273e+07 8.600465691758647989e-31
3.654383070957254618e+07 1.125095326248972592e-31
4.055460735840827972e+07 5.783093737609807006e-33
