1.000000000000000000e+02 3.856948437719638208e-12
1.109752496412072134e+02 3.198781407289976088e-12
1.231550603292826196e+02 2.641255983299882702e-12
1.366716356462005990e+02 2.180420015026695600e-12
1.516716888470922413e+02 1.783858192551713572e-12
1.683180353330956791e+02 1.468056125221904418e-12
1.867913599020782840e+02 1.188182237108543208e-12
2.072921779595371845e+02 9.707126066363782660e-13
2.300430119772916839e+02 7.804827450186329216e-13
2.552908068239516410e+02 6.304590046271540870e-13
2.833096101839323637e+02 5.048478912243984864e-13
3.144035471591500368e+02 4.044755159887505493e-13
3.489101213406774491e+02 3.213425532191855306e-13
3.872038781812557318e+02 2.553488070125626151e-13
4.297004704320843871e+02 2.015976828645050880e-13
4.768611697714468960e+02 1.584811617172568303e-13
5.291978735958442712e+02 1.239619179607666826e-13
5.872786613189482523e+02 9.653400139447734150e-14
6.517339604882420190e+02 7.476137155584756313e-14
7.232633896483533817e+02 5.767860045310718864e-14
8.026433522257173081e+02 4.423292175992168405e-14
8.907354638610439679e+02 3.376028804546105501e-14
9.884959046625587007e+02 2.562603264101525602e-14
1.096985797892383971e+03 1.935853739358650451e-14
1.217382727739662187e+03 1.455549326118498621e-14
1.350993521198027793e+03 1.089224520016063685e-14
1.499268432786045423e+03 8.120853046079380682e-15
1.663816886076128640e+03 6.035983715438400809e-15
1.846424942895544291e+03 4.474156017160010061e-15
2.049074689815845886e+03 3.312151948899094548e-15
2.273965752357927613e+03 2.444314232308271795e-15
2.523539170434765765e+03 1.826979705293281142e-15
2.800503894183631019e+03 1.347858712734616907e-15
3.107866187782013640e+03 1.001973006122736463e-15
3.448962260405759935e+03 7.497669765936247588e-16
3.827494478516314757e+03 5.618741153798396277e-16
4.247571552536898707e+03 4.224213221558324387e-16
4.713753134116724141e+03 3.180497963167665229e-16
5.231099308056262998e+03 2.394536631749406215e-16
5.805225516094896193e+03 1.797735201027260022e-16
6.442363508721369726e+03 1.341411673743337018e-16
7.149428986597576113e+03 9.941126854663183416e-17
7.934096665797491369e+03 7.276782509664626511e-17
8.804883581643463913e+03 5.250673265920647033e-17
9.771241535346502133e+03 3.719580179512850834e-17
1.084365968689610963e+04 2.584533715016473729e-17
1.203377840777589154e+04 1.760977443919123125e-17
1.335451562929898682e+04 1.177156125787674288e-17
1.482020705798858762e+04 7.740037287940896505e-18
1.644676177994664249e+04 5.029472095392762955e-18
1.825183494319044257e+04 3.256027825679202019e-18
2.025501939230666540e+04 2.113593321842119508e-18
2.247805833548725059e+04 1.373400855843629863e-18
2.494508135230316839e+04 8.870155270552638709e-19
2.768286630392066581e+04 5.587536694579627597e-19
3.072112998861759115e+04 3.341223136284384716e-19
3.409285069746814406e+04 1.838810769590136115e-19
3.783462617131928710e+04 9.215619142695460801e-20
4.198707084443910571e+04 4.455277143340601288e-20
4.659525668664683326e+04 2.409514494870762805e-20
5.170920242896761192e+04 1.570641776736527987e-20
5.738441648302398244e+04 1.160490329115367692e-20
6.368249944718585903e+04 9.013082874988965447e-21
7.067181273927491566e+04 7.094517261991215277e-21
7.842822061337680498e+04 5.597454230525315054e-21
8.703591361485165544e+04 4.414368107692450762e-21
9.658832241158708348e+04 3.477927506032862704e-21
1.071891319205127511e+05 2.737266446102582363e-21
1.189534067370319535e+05 2.151729020237317329e-21
1.320088400831418112e+05 1.689345891252879906e-21
1.464971398307286145e+05 1.324753891086632503e-21
1.625755666443794908e+05 1.037534454367838332e-21
1.804186409392071655e+05 8.115183415063047537e-22
2.002200371815584658e+05 6.338657664022205225e-22
2.221946860939523904e+05 4.943880826027360314e-22
2.465811075822604180e+05 3.850454242104000731e-22
2.736439997074671555e+05 2.994423666038208486e-22
3.036771118035460822e+05 2.324793988858221457e-22
3.370064329271928291e+05 1.802019659200009394e-22
3.739937302478798083e+05 1.394425941452332314e-22
4.150404757850476308e+05 1.076960480125825122e-22
4.605922041145108524e+05 8.302625097460151079e-23
5.111433483440171112e+05 6.388992990586674750e-23
5.672426068491977639e+05 4.906911070293368827e-23
6.294988990221888525e+05 3.759845220215950068e-23
6.985879746785250027e+05 2.873903335162475855e-23
7.752597488629464060e+05 2.191406688868466640e-23
8.603464416684507160e+05 1.667010032829115341e-23
9.547716114208066138e+05 1.264848443573909786e-23
1.059560179277617019e+06 9.568853030059417459e-24
1.175849554052158026e+06 7.215783183185871355e-24
1.304901978014401859e+06 5.423368818239587542e-24
1.448118227674532915e+06 4.061991906250602375e-24
1.607052818261638284e+06 3.031015201304897012e-24
1.783430876931909472e+06 2.252657385620084685e-24
1.979166867853557458e+06 1.666047854998342974e-24
2.196385372416546568e+06 1.226089118007732170e-24
2.437444150122222025e+06 8.981231578059051598e-25
2.704959730463137385e+06 6.533992696548629318e-25
3.001835813575591892e+06 4.724127280009032944e-25
3.331294787934676744e+06 3.390142171496529727e-25
3.696912707195031922e+06 2.412649138278530105e-25
4.102658105827190448e+06 1.701041071485260336e-25
4.552935074866947718e+06 1.186361980896680509e-25
5.052631065335679799e+06 8.171549841304690887e-26
5.607169938205458224e+06 5.545891092779092496e-26
6.222570836730230600e+06 3.699322602417556370e-26
6.905513520162330940e+06 2.416146556724352522e-26
7.663410868007462472e+06 1.537708940610948137e-26
8.504489341802684590e+06 9.471948750145801150e-27
9.437878277775391936e+06 5.594115692340143330e-27
1.047370897959450819e+07 3.121800479127171651e-27
1.162322468679854274e+07 1.607994917433256110e-27
1.289890261253307760e+07 7.343084113959146884e-28
1.431458937523478456e+07 2.745832844859799718e-28
1.588565129428052530e+07 6.922588755907616115e-29
1.762914118095947802e+07 5.316409857884561868e-30
