1.000000000000000000e+02 8.264046826990810372e-12
1.109752496412072134e+02 7.115924627415506409e-12
1.231550603292826196e+02 6.140471553267884520e-12
1.366716356462005990e+02 5.282715661248128636e-12
1.516716888470922413e+02 4.553188426984765160e-12
1.683180353330956791e+02 3.920011538675464094e-12
1.867913599020782840e+02 3.380142869677467390e-12
2.072921779595371845e+02 2.907546212953611934e-12
2.300430119772916839e+02 2.503679089881362075e-12
2.552908068239516410e+02 2.152945801486613630e-12
2.833096101839323637e+02 1.850065619826103116e-12
3.144035471591500368e+02 1.588626376222323130e-12
3.489101213406774491e+02 1.361339533420300860e-12
3.872038781812557318e+02 1.164474990188428510e-12
4.297004704320843871e+02 9.938746393450796062e-13
4.768611697714468960e+02 8.459247072217534314e-13
5.291978735958442712e+02 7.178046148800626374e-13
5.872786613189482523e+02 6.072110565243487062e-13
6.517339604882420190e+02 5.120679495399544814e-13
7.232633896483533817e+02 4.297561296338958446e-13
8.026433522257173081e+02 3.596273771830050670e-13
8.907354638610439679e+02 2.996761178049751525e-13
9.884959046625587007e+02 2.487819658999096698e-13
1.096985797892383971e+03 2.057339078255511237e-13
1.217382727739662187e+03 1.695062543844093767e-13
1.350993521198027793e+03 1.392431478345629779e-13
1.499268432786045423e+03 1.140872315900685342e-13
1.663816886076128640e+03 9.333290600521069664e-14
1.846424942895544291e+03 7.628931907770315130e-14
2.049074689815845886e+03 6.236718476471202297e-14
2.273965752357927613e+03 5.102242140262816844e-14
2.523539170434765765e+03 4.188648425966693406e-14
2.800503894183631019e+03 3.452114014305917170e-14
3.107866187782013640e+03 2.856192321677669332e-14
3.448962260405759935e+03 2.380807725668399855e-14
3.827494478516314757e+03 1.992638273616743414e-14
4.247571552536898707e+03 1.680473780878204511e-14
4.713753134116724141e+03 1.425232514820172085e-14
5.231099308056262998e+03 1.214752903472218979e-14
5.805225516094896193e+03 1.040606824820088222e-14
6.442363508721369726e+03 8.930082806975523496e-15
7.149428986597576113e+03 7.680418967027058226e-15
7.934096665797491369e+03 6.610475696933861813e-15
8.804883581643463913e+03 5.682592263816148842e-15
9.771241535346502133e+03 4.876001912905391282e-15
1.084365968689610963e+04 4.174275704248914925e-15
1.203377840777589154e+04 3.560869665606478510e-15
1.335451562929898682e+04 3.019606879397925129e-15
1.482020705798858762e+04 2.547429811835055431e-15
1.644676177994664249e+04 2.137549307471545709e-15
1.825183494319044257e+04 1.783307332523799014e-15
2.025501939230666540e+04 1.474838216023083022e-15
2.247805833548725059e+04 1.204149490236058092e-15
2.494508135230316839e+04 9.743269543352302222e-16
2.768286630392066581e+04 7.809229922688676303e-16
3.072112998861759115e+04 6.196292379078307460e-16
3.409285069746814406e+04 4.835046825858853699e-16
3.783462617131928710e+04 3.677147382455934607e-16
4.198707084443910571e+04 2.744644616700495607e-16
4.659525668664683326e+04 2.004978265883186540e-16
5.170920242896761192e+04 1.427687336225058603e-16
5.738441648302398244e+04 9.846285848220078308e-17
6.368249944718585903e+04 6.510284825343417798e-17
7.067181273927491566e+04 4.112534320396032607e-17
7.842822061337680498e+04 2.464767817748286316e-17
8.703591361485165544e+04 1.391972650504998720e-17
9.658832241158708348e+04 7.403583958752180950e-18
1.071891319205127511e+05 3.729721119863944054e-18
1.189534067370319535e+05 1.820420455651259461e-18
1.320088400831418112e+05 8.954278526586165088e-19
1.464971398307286145e+05 4.706926637423819959e-19
1.625755666443794908e+05 2.785440260279173948e-19
1.804186409392071655e+05 1.877458117796021203e-19
2.002200371815584658e+05 1.390077222039410511e-19
2.221946860939523904e+05 1.082037130586490274e-19
2.465811075822604180e+05 8.598607227785458658e-20
2.736439997074671555e+05 6.878836864724039579e-20
3.036771118035460822e+05 5.506768003633655027e-20
3.370064329271928291e+05 4.403134736327549628e-20
3.739937302478798083e+05 3.516172104346523866e-20
4.150404757850476308e+05 2.804435864256473906e-20
4.605922041145108524e+05 2.234703454604856549e-20
5.111433483440171112e+05 1.778721982529526910e-20
5.672426068491977639e+05 1.414120697543331397e-20
6.294988990221888525e+05 1.122989354728995480e-20
6.985879746785250027e+05 8.907344570043141366e-21
7.752597488629464060e+05 7.056518631180000478e-21
8.603464416684507160e+05 5.582926888464611421e-21
9.547716114208066138e+05 4.411708338964191089e-21
1.059560179277617019e+06 3.482070146066071887e-21
1.175849554052158026e+06 2.744218151414459650e-21
1.304901978014401859e+06 2.159873825480857970e-21
1.448118227674532915e+06 1.697487160002075403e-21
1.607052818261638284e+06 1.332171884947749044e-21
1.783430876931909472e+06 1.043982885299603558e-21
1.979166867853557458e+06 8.168288926515671126e-22
2.196385372416546568e+06 6.381254425366126420e-22
2.437444150122222025e+06 4.976692663706021091e-22
2.704959730463137385e+06 3.875137992401423151e-22
3.001835813575591892e+06 3.011675482513916365e-22
3.331294787934676744e+06 2.336782783360342728e-22
3.696912707195031922e+06 1.809559946957085172e-22
4.102658105827190448e+06 1.398588052173630379e-22
4.552935074866947718e+06 1.078782358701365536e-22
5.052631065335679799e+06 8.303592319735167375e-23
5.607169938205458224e+06 6.379846478424417641e-23
6.222570836730230600e+06 4.888886453283908992e-23
6.905513520162330940e+06 3.735629795566152364e-23
7.663410868007462472e+06 2.848583594051640636e-23
8.504489341802684590e+06 2.166423851882653968e-23
9.437878277775391936e+06 1.643105414724593234e-23
1.047370897959450819e+07 1.242719302879913544e-23
1.162322468679854274e+07 9.370396681003717597e-24
1.289890261253307760e+07 7.043904453512197149e-24
1.431458937523478456e+07 5.277227092349205337e-24
1.588565129428052530e+07 3.940360281569763027e-24
1.762914118095947802e+07 2.931021691569366798e-24
1.956398343517064676e+07 2.171765883807727974e-24
2.171117945694505423e+07 1.602466285483057580e-24
2.409403560239527002e+07 1.177159947538069572e-24
2.673841615839949250e+07 8.607386398389532389e-25
2.967302408188872784e+07 6.260516952098288095e-25
3.292971255097155273e+07 4.528873435066408958e-25
3.654383070957254618e+07 3.256509165973896980e-25
4.055460735840827972e+07 2.325991448904753146e-25
4.500557675700496882e+07 1.649160605779976810e-25
4.994505115855139494e+07 1.159569119756456291e-25
5.542664520663107187e+07 8.077315496219443917e-26
6.150985788580504060e+07 5.566074166978700666e-26
6.826071834272393584e+07 3.787797849937687791e-26
7.575250258771920204e+07 2.540017003577686032e-26
8.406652885618332028e+07 1.673480313864780323e-26
9.329304026284696162e+07 1.079190125396246265e-26
1.035321843295663744e+08 6.777531555985813605e-27
1.148951000187308788e+08 4.116142039496080869e-27
1.275051240713012964e+08 2.393795760651162639e-27
1.414991297434575856e+08 1.314104449996775474e-27
1.570290124729377627e+08 6.656028925736320904e-28
1.742633386009651124e+08 2.981507314357380212e-28
1.933891750455232263e+08 1.049125841600378055e-28
2.146141197858406007e+08 1.474091935186866943e-29
