1.000000000000000000e+02 1.314242027837017879e-12
1.109752496412072134e+02 1.126315556250653152e-12
1.231550603292826196e+02 9.646523462750191799e-13
1.366716356462005990e+02 8.256958978332927381e-13
1.516716888470922413e+02 7.062542552503870436e-13
1.683180353330956791e+02 6.037502328206568069e-13
1.867913599020782840e+02 5.156951302648337776e-13
2.072921779595371845e+02 4.402009249866641473e-13
2.300430119772916839e+02 3.753937096278604391e-13
2.552908068239516410e+02 3.199561292175233492e-13
2.833096101839323637e+02 2.724692510592107020e-13
3.144035471591500368e+02 2.318899314458873097e-13
3.489101213406774491e+02 1.971555008986029605e-13
3.872038781812557318e+02 1.674966153332438290e-13
4.297004704320843871e+02 1.421763597536290509e-13
4.768611697714468960e+02 1.206028196108017861e-13
5.291978735958442712e+02 1.022232873742337583e-13
5.872786613189482523e+02 8.655247156359650934e-14
6.517339604882420190e+02 7.323894030912799512e-14
7.232633896483533817e+02 6.193003284926190361e-14
8.026433522257173081e+02 5.231579208865179576e-14
8.907354638610439679e+02 4.416666524580484593e-14
9.884959046625587007e+02 3.725916745947793699e-14
1.096985797892383971e+03 3.141320996947606059e-14
1.217382727739662187e+03 2.646508077146234653e-14
1.350993521198027793e+03 2.228306519975144047e-14
1.499268432786045423e+03 1.875650379512891199e-14
1.663816886076128640e+03 1.577442100400012853e-14
1.846424942895544291e+03 1.326035453399202684e-14
2.049074689815845886e+03 1.114310983079592493e-14
2.273965752357927613e+03 9.359611605338249708e-15
2.523539170434765765e+03 7.859481158968141000e-15
2.800503894183631019e+03 6.596095814307369081e-15
3.107866187782013640e+03 5.534294136192171851e-15
3.448962260405759935e+03 4.642411517784242123e-15
3.827494478516314757e+03 3.893024084412659485e-15
4.247571552536898707e+03 3.262923875168302557e-15
4.713753134116724141e+03 2.733920255183444094e-15
5.231099308056262998e+03 2.289888227648540679e-15
5.805225516094896193e+03 1.917552212325665058e-15
6.442363508721369726e+03 1.604972980495930209e-15
7.149428986597576113e+03 1.342863132792487655e-15
7.934096665797491369e+03 1.123147204652121046e-15
8.804883581643463913e+03 9.390852745418448742e-16
9.771241535346502133e+03 7.846283326677777932e-16
1.084365968689610963e+04 6.555143668362231268e-16
1.203377840777589154e+04 5.473483730342230212e-16
1.335451562929898682e+04 4.568048883278506070e-16
1.482020705798858762e+04 3.811739169803029459e-16
1.644676177994664249e+04 3.178369851741532762e-16
1.825183494319044257e+04 2.649206894033440659e-16
2.025501939230666540e+04 2.207359648090592010e-16
2.247805833548725059e+04 1.838176846720530877e-16
2.494508135230316839e+04 1.530243549517754532e-16
2.768286630392066581e+04 1.273151695951652589e-16
3.072112998861759115e+04 1.058777842615536779e-16
3.409285069746814406e+04 8.800565950580373034e-17
3.783462617131928710e+04 7.312088866582958237e-17
4.198707084443910571e+04 6.071641472408229859e-17
4.659525668664683326e+04 5.039235477211350931e-17
5.170920242896761192e+04 4.179905915259700514e-17
5.738441648302398244e+04 3.465130157937583594e-17
6.368249944718585903e+04 2.871537790333830842e-17
7.067181273927491566e+04 2.377683480182566168e-17
7.842822061337680498e+04 1.967632856445744533e-17
8.703591361485165544e+04 1.627524891977975794e-17
9.658832241158708348e+04 1.345269601118143128e-17
1.071891319205127511e+05 1.111110448225596934e-17
1.189534067370319535e+05 9.172812017917787300e-18
1.320088400831418112e+05 7.574977100747247946e-18
1.464971398307286145e+05 6.236213846229792075e-18
1.625755666443794908e+05 5.137704714775047550e-18
1.804186409392071655e+05 4.228201331635322517e-18
2.002200371815584658e+05 3.478207980468301313e-18
2.221946860939523904e+05 2.858715419720451587e-18
2.465811075822604180e+05 2.347367278894391582e-18
2.736439997074671555e+05 1.926393298058931522e-18
3.036771118035460822e+05 1.579308008014535875e-18
3.370064329271928291e+05 1.294154191092737322e-18
3.739937302478798083e+05 1.059304056852291577e-18
4.150404757850476308e+05 8.665377243184389370e-19
4.605922041145108524e+05 7.082315481446072975e-19
5.111433483440171112e+05 5.783691378138502623e-19
5.672426068491977639e+05 4.719341365216010315e-19
6.294988990221888525e+05 3.846831676657344759e-19
6.985879746785250027e+05 3.133208725159559417e-19
7.752597488629464060e+05 2.549691695556020814e-19
8.603464416684507160e+05 2.072501102654047087e-19
9.547716114208066138e+05 1.683356685354307045e-19
1.059560179277617019e+06 1.365640528292833159e-19
1.175849554052158026e+06 1.107092102260562874e-19
1.304901978014401859e+06 8.960758119079368562e-20
1.448118227674532915e+06 7.246598373364443857e-20
1.607052818261638284e+06 5.855252200856162383e-20
1.783430876931909472e+06 4.724414097936757030e-20
1.979166867853557458e+06 3.808300248976555663e-20
2.196385372416546568e+06 3.065382144337333565e-20
2.437444150122222025e+06 2.464883650977655566e-20
2.704959730463137385e+06 1.979308906839323243e-20
3.001835813575591892e+06 1.587104308120411079e-20
3.331294787934676744e+06 1.271255418558969369e-20
3.696912707195031922e+06 1.016834521493637398e-20
4.102658105827190448e+06 8.120328997086389891e-21
4.552935074866947718e+06 6.476663960621428722e-21
5.052631065335679799e+06 5.157446685684296946e-21
5.607169938205458224e+06 4.101843672685369370e-21
6.222570836730230600e+06 3.256141769352713746e-21
6.905513520162330940e+06 2.581366175432331092e-21
7.663410868007462472e+06 2.042976764727902913e-21
8.504489341802684590e+06 1.614232058547938486e-21
9.437878277775391936e+06 1.273432253106227319e-21
1.047370897959450819e+07 1.002532410589333960e-21
1.162322468679854274e+07 7.882053996347080365e-22
1.289890261253307760e+07 6.185417803408184226e-22
1.431458937523478456e+07 4.843491181167797434e-22
1.588565129428052530e+07 3.786459723780702994e-22
1.762914118095947802e+07 2.954485362682676039e-22
1.956398343517064676e+07 2.301290892345757998e-22
2.171117945694505423e+07 1.788269321783752728e-22
2.409403560239527002e+07 1.386976225572365763e-22
2.673841615839949250e+07 1.073546856074911998e-22
2.967302408188872784e+07 8.290316445474230396e-23
3.292971255097155273e+07 6.388610623350031453e-23
3.654383070957254618e+07 4.911616810430485139e-23
4.055460735840827972e+07 3.767419371988314529e-23
4.500557675700496882e+07 2.882800278950179689e-23
4.994505115855139494e+07 2.200399928531182456e-23
5.542664520663107187e+07 1.675254035869634873e-23
6.150985788580504060e+07 1.271788734052857554e-23
6.826071834272393584e+07 9.628868344262001170e-24
7.575250258771920204e+07 7.268909701940309972e-24
8.406652885618332028e+07 5.470488450309463060e-24
9.329304026284696162e+07 4.103011543558463013e-24
1.035321843295663744e+08 3.066238779905515716e-24
1.148951000187308788e+08 2.283843492672806275e-24
1.275051240713012964e+08 1.693203722487425900e-24
1.414991297434575856e+08 1.250638740975850676e-24
1.570290124729377627e+08 9.187015670010830888e-25
1.742633386009651124e+08 6.713882666851826816e-25
1.933891750455232263e+08 4.877426626034050696e-25
2.146141197858406007e+08 3.518553610282992580e-25
2.381685551976160705e+08 2.519311437788904669e-25
2.643081486974108517e+08 1.788150640735394760e-25
2.933166278390048146e+08 1.257274215111001935e-25
3.255088599835056663e+08 8.740836449763235733e-26
3.612342699709430337e+08 6.012513560829112468e-26
4.008806328898465633e+08 4.079355145064370013e-26
4.448782831127585173e+08 2.726588287931305261e-26
4.937047852839003801e+08 1.784034049574916947e-26
5.478901179593944550e+08 1.137242751783490418e-26
6.080224261649426222e+08 6.993832647441395808e-27
6.747544053110699654e+08 4.089276154099831953e-27
7.488103857590031624e+08 2.219210485978278813e-27
8.309941949353404045e+08 1.066262798293623205e-27
9.221978823334341049e+08 4.052893847700271847e-28
1.023411402105452657e+09 8.350607301429098169e-29
1.135733358343105316e+09 9.536142086990254363e-31
1.260382929679727316e+09 3.203267417581480716e-42
