1.000000000000000000e+02 2.558745635085177047e-13
1.109752496412072134e+02 2.264367161796595275e-13
1.231550603292826196e+02 2.000197972941377769e-13
1.366716356462005990e+02 1.765150072757882066e-13
1.516716888470922413e+02 1.554710245111273510e-13
1.683180353330956791e+02 1.367448156379666105e-13
1.867913599020782840e+02 1.201146010526718297e-13
2.072921779595371845e+02 1.052301935304345219e-13
2.300430119772916839e+02 9.210367027540580855e-14
2.552908068239516410e+02 8.040625911613312975e-14
2.833096101839323637e+02 7.008566219315613251e-14
3.144035471591500368e+02 6.091988738981366834e-14
3.489101213406774491e+02 5.289479121828401411e-14
3.872038781812557318e+02 4.577632677647850941e-14
4.297004704320843871e+02 3.956115990735916360e-14
4.768611697714468960e+02 3.409122033370987020e-14
5.291978735958442712e+02 2.933727145473913087e-14
5.872786613189482523e+02 2.515680459969799371e-14
6.517339604882420190e+02 2.154894262234625040e-14
7.232633896483533817e+02 1.839567041816101625e-14
8.026433522257173081e+02 1.568323239692283130e-14
8.907354638610439679e+02 1.332801975984640091e-14
9.884959046625587007e+02 1.130769725481599979e-14
1.096985797892383971e+03 9.574459648370220315e-15
1.217382727739662187e+03 8.082539488767284021e-15
1.350993521198027793e+03 6.815773871421872090e-15
1.499268432786045423e+03 5.727487231284431228e-15
1.663816886076128640e+03 4.810077816585932132e-15
1.846424942895544291e+03 4.024620828892090768e-15
2.049074689815845886e+03 3.367380221100383124e-15
2.273965752357927613e+03 2.806897681941789734e-15
2.523539170434765765e+03 2.339409646376073925e-15
2.800503894183631019e+03 1.944588942890176228e-15
3.107866187782013640e+03 1.615241991642809570e-15
3.448962260405759935e+03 1.339849973775882994e-15
3.827494478516314757e+03 1.110316179778905128e-15
4.247571552536898707e+03 9.202577219167362686e-16
4.713753134116724141e+03 7.614679128271523589e-16
5.231099308056262998e+03 6.299336548592886076e-16
5.805225516094896193e+03 5.215811117556565705e-16
6.442363508721369726e+03 4.315648419684810739e-16
7.149428986597576113e+03 3.575107691678052640e-16
7.934096665797491369e+03 2.958659127620789789e-16
8.804883581643463913e+03 2.451465152435179458e-16
9.771241535346502133e+03 2.028571960828974865e-16
1.084365968689610963e+04 1.679086086335179130e-16
1.203377840777589154e+04 1.388108127358704294e-16
1.335451562929898682e+04 1.146205347837981777e-16
1.482020705798858762e+04 9.451822128955755862e-17
1.644676177994664249e+04 7.784309380542784111e-17
1.825183494319044257e+04 6.390112453789720840e-17
2.025501939230666540e+04 5.239004926305549423e-17
2.247805833548725059e+04 4.275137609609898443e-17
2.494508135230316839e+04 3.486141921965443329e-17
2.768286630392066581e+04 2.833061184352018843e-17
3.072112998861759115e+04 2.290491773718482280e-17
3.409285069746814406e+04 1.854236972639881454e-17
3.783462617131928710e+04 1.492770358152527567e-17
4.198707084443910571e+04 1.200062966220837054e-17
4.659525668664683326e+04 9.633467376850175366e-18
5.170920242896761192e+04 7.724865736853385507e-18
5.738441648302398244e+04 6.191397686003809272e-18
6.368249944718585903e+04 4.957963805678219174e-18
7.067181273927491566e+04 3.972441213328083694e-18
7.842822061337680498e+04 3.190544715189716631e-18
8.703591361485165544e+04 2.564592587041338041e-18
9.658832241158708348e+04 2.064110269952566491e-18
1.071891319205127511e+05 1.664055654405832329e-18
1.189534067370319535e+05 1.343024068227423491e-18
1.320088400831418112e+05 1.084103749240303425e-18
1.464971398307286145e+05 8.746589844321753935e-19
1.625755666443794908e+05 7.045441224205243309e-19
1.804186409392071655e+05 5.657761725957217547e-19
2.002200371815584658e+05 4.526320965348730162e-19
2.221946860939523904e+05 3.603756275595601564e-19
2.465811075822604180e+05 2.853672416126924219e-19
2.736439997074671555e+05 2.246535641340556837e-19
3.036771118035460822e+05 1.757267016047452616e-19
3.370064329271928291e+05 1.365476589828720535e-19
3.739937302478798083e+05 1.053426957819908856e-19
4.150404757850476308e+05 8.069150385425194556e-20
4.605922041145108524e+05 6.133455546141585279e-20
5.111433483440171112e+05 4.631619592623208530e-20
5.672426068491977639e+05 3.483432176722219872e-20
6.294988990221888525e+05 2.621541236258246481e-20
6.985879746785250027e+05 1.985985756579690045e-20
7.752597488629464060e+05 1.521897892730766769e-20
8.603464416684507160e+05 1.180423021605207941e-20
9.547716114208066138e+05 9.229788640636304378e-21
1.059560179277617019e+06 7.242534149046964653e-21
1.175849554052158026e+06 5.687036458289310115e-21
1.304901978014401859e+06 4.463709041166344771e-21
1.448118227674532915e+06 3.502194712985732579e-21
1.607052818261638284e+06 2.745882054984552962e-21
1.783430876931909472e+06 2.151771983188209947e-21
1.979166867853557458e+06 1.684764323520959616e-21
2.196385372416546568e+06 1.317882772509917791e-21
2.437444150122222025e+06 1.029929695302893718e-21
2.704959730463137385e+06 8.040562662388085830e-22
3.001835813575591892e+06 6.270388640696535418e-22
3.331294787934676744e+06 4.884255920164827518e-22
3.696912707195031922e+06 3.799969958448750839e-22
4.102658105827190448e+06 2.952928313820042076e-22
4.552935074866947718e+06 2.291545619131498746e-22
5.052631065335679799e+06 1.776049861293519305e-22
5.607169938205458224e+06 1.374569665856399047e-22
6.222570836730230600e+06 1.062314982541377276e-22
6.905513520162330940e+06 8.197039502916030140e-23
7.663410868007462472e+06 6.314582844957005434e-23
8.504489341802684590e+06 4.857215775106718188e-23
9.437878277775391936e+06 3.729585775023741921e-23
1.047370897959450819e+07 2.858899086152227672e-23
1.162322468679854274e+07 2.187310108440087635e-23
1.289890261253307760e+07 1.670338600592734611e-23
1.431458937523478456e+07 1.272850571671312525e-23
1.588565129428052530e+07 9.679301047536882549e-24
1.762914118095947802e+07 7.345183087871405811e-24
1.956398343517064676e+07 5.560469491608747572e-24
2.171117945694505423e+07 4.198746922534855099e-24
2.409403560239527002e+07 3.161988144865822981e-24
2.673841615839949250e+07 2.374610271922167251e-24
2.967302408188872784e+07 1.777898028568825240e-24
3.292971255097155273e+07 1.326828933376966633e-24
3.654383070957254618e+07 9.866210680674203216e-25
4.055460735840827972e+07 7.308991905957954598e-25
4.500557675700496882e+07 5.391438138228005276e-25
4.994505115855139494e+07 3.959708132623370099e-25
5.542664520663107187e+07 2.892293184558749079e-25
6.150985788580504060e+07 2.100985746101449216e-25
6.826071834272393584e+07 1.516178631334804781e-25
7.575250258771920204e+07 1.086163373606393256e-25
8.406652885618332028e+07 7.715863579618443575e-26
9.329304026284696162e+07 5.426436302792831942e-26
1.035321843295663744e+08 3.773067562815187744e-26
1.148951000187308788e+08 2.587615785564028396e-26
1.275051240713012964e+08 1.744481878831529437e-26
1.414991297434575856e+08 1.152654852230897664e-26
1.570290124729377627e+08 7.419179586677736078e-27
1.742633386009651124e+08 4.617171488864613409e-27
1.933891750455232263e+08 2.745915110732200649e-27
2.146141197858406007e+08 1.534040430215940923e-27
2.381685551976160705e+08 7.819384652266662499e-28
2.643081486974108517e+08 3.460022006545347923e-28
2.933166278390048146e+08 1.225434114836801711e-28
3.255088599835056663e+08 3.176703982689071207e-29
3.612342699709430337e+08 2.775471355598465786e-30
