1.000000000000000000e+02 1.275567590733559683e-14
1.109752496412072134e+02 1.177270432321167736e-14
1.231550603292826196e+02 1.086443240012025482e-14
1.366716356462005990e+02 1.002563058902125107e-14
1.516716888470922413e+02 9.246244962963763868e-15
1.683180353330956791e+02 8.538610634179516032e-15
1.867913599020782840e+02 7.875585512308407247e-15
2.072921779595371845e+02 7.264174252591933343e-15
2.300430119772916839e+02 6.704033336340095989e-15
2.552908068239516410e+02 6.194827998676616501e-15
2.833096101839323637e+02 5.704613216521196408e-15
3.144035471591500368e+02 5.259379641001193809e-15
3.489101213406774491e+02 4.848732807096601866e-15
3.872038781812557318e+02 4.470513810986641200e-15
4.297004704320843871e+02 4.118785739304226256e-15
4.768611697714468960e+02 3.796435486984371562e-15
5.291978735958442712e+02 3.494742973538233960e-15
5.872786613189482523e+02 3.216563026845200677e-15
6.517339604882420190e+02 2.958443360133220654e-15
7.232633896483533817e+02 2.720678963027060508e-15
8.026433522257173081e+02 2.499384254469501318e-15
8.907354638610439679e+02 2.295198406226769617e-15
9.884959046625587007e+02 2.103735618961336569e-15
1.096985797892383971e+03 1.927888347715843543e-15
1.217382727739662187e+03 1.764584014694888163e-15
1.350993521198027793e+03 1.612192791239718148e-15
1.499268432786045423e+03 1.471495294645316312e-15
1.663816886076128640e+03 1.340855306213640530e-15
1.846424942895544291e+03 1.219432123273842758e-15
2.049074689815845886e+03 1.106507616776744261e-15
2.273965752357927613e+03 1.001685837730690610e-15
2.523539170434765765e+03 9.046707049429577018e-16
2.800503894183631019e+03 8.140651535067865090e-16
3.107866187782013640e+03 7.310986171025295142e-16
3.448962260405759935e+03 6.544903322330164859e-16
3.827494478516314757e+03 5.825538286841246621e-16
4.247571552536898707e+03 5.169316923886739684e-16
4.713753134116724141e+03 4.565802017184814955e-16
5.231099308056262998e+03 4.007858074168790734e-16
5.805225516094896193e+03 3.501886799110966261e-16
6.442363508721369726e+03 3.040597427557376137e-16
7.149428986597576113e+03 2.621605145995935415e-16
7.934096665797491369e+03 2.245741780303617434e-16
8.804883581643463913e+03 1.908867177267206515e-16
9.771241535346502133e+03 1.609791564989567204e-16
1.084365968689610963e+04 1.341307291641464673e-16
1.203377840777589154e+04 1.117047322805556413e-16
1.335451562929898682e+04 9.190768871454100608e-17
1.482020705798858762e+04 7.498342690437923794e-17
1.644676177994664249e+04 6.094338113492516725e-17
1.825183494319044257e+04 4.901368491015166050e-17
2.025501939230666540e+04 3.932184963321471871e-17
2.247805833548725059e+04 3.150022476371849876e-17
2.494508135230316839e+04 2.522351700978811297e-17
2.768286630392066581e+04 2.029135361552724678e-17
3.072112998861759115e+04 1.640068135452509878e-17
3.409285069746814406e+04 1.336238226578384220e-17
3.783462617131928710e+04 1.097814357427359896e-17
4.198707084443910571e+04 9.094011114128197560e-18
4.659525668664683326e+04 7.579077036909170535e-18
5.170920242896761192e+04 6.344032416643922208e-18
5.738441648302398244e+04 5.312348747293461686e-18
6.368249944718585903e+04 4.429863120221107129e-18
7.067181273927491566e+04 3.683492151528862880e-18
7.842822061337680498e+04 3.029360258347545436e-18
8.703591361485165544e+04 2.455776423333099981e-18
9.658832241158708348e+04 1.974480791226804529e-18
1.071891319205127511e+05 1.556759705156984477e-18
1.189534067370319535e+05 1.196374672216454534e-18
1.320088400831418112e+05 9.135062390263618522e-19
1.464971398307286145e+05 6.765658461734262408e-19
1.625755666443794908e+05 4.881688338791177067e-19
1.804186409392071655e+05 3.428034269755943538e-19
2.002200371815584658e+05 2.336553002260380756e-19
2.221946860939523904e+05 1.545833581957841420e-19
2.465811075822604180e+05 9.935869345508158696e-20
2.736439997074671555e+05 6.235569102902843718e-20
3.036771118035460822e+05 3.869608662892331228e-20
3.370064329271928291e+05 2.428768737257450906e-20
3.739937302478798083e+05 1.591577456753296255e-20
4.150404757850476308e+05 1.123424482751093044e-20
4.605922041145108524e+05 8.659059346784391849e-21
5.111433483440171112e+05 7.172944578845562115e-21
5.672426068491977639e+05 6.217871881634320878e-21
6.294988990221888525e+05 5.508191922613941583e-21
6.985879746785250027e+05 4.895360671105798299e-21
7.752597488629464060e+05 4.308700105025394756e-21
8.603464416684507160e+05 3.669780996829238197e-21
9.547716114208066138e+05 3.010379151992784443e-21
1.059560179277617019e+06 2.250232171323069788e-21
1.175849554052158026e+06 1.466381478517590695e-21
1.304901978014401859e+06 7.691665805398712408e-22
1.448118227674532915e+06 2.797372255945413912e-22
1.607052818261638284e+06 5.925063962244422324e-23
1.783430876931909472e+06 7.069632577131735463e-24
1.979166867853557458e+06 9.582744744016135425e-25
2.196385372416546568e+06 5.513801133553258256e-25
2.437444150122222025e+06 4.315371778201180781e-25
2.704959730463137385e+06 3.410646915946163373e-25
3.001835813575591892e+06 2.692282854627802076e-25
3.331294787934676744e+06 2.122682160572931206e-25
3.696912707195031922e+06 1.670969916633523025e-25
4.102658105827190448e+06 1.313154464119636084e-25
4.552935074866947718e+06 1.029695976079593520e-25
5.052631065335679799e+06 8.057384244923840175e-26
5.607169938205458224e+06 6.288500843496297945e-26
6.222570836730230600e+06 4.894357304965895802e-26
6.905513520162330940e+06 3.796765065478253683e-26
7.663410868007462472e+06 2.934743619460942407e-26
8.504489341802684590e+06 2.259654728952035036e-26
9.437878277775391936e+06 1.732564684376392519e-26
1.047370897959450819e+07 1.321803260458793705e-26
1.162322468679854274e+07 1.002281662352214628e-26
1.289890261253307760e+07 7.553848949435735037e-27
1.431458937523478456e+07 5.651860909586859619e-27
1.588565129428052530e+07 4.193256114569785116e-27
1.762914118095947802e+07 3.081267502640801760e-27
1.956398343517064676e+07 2.238844061885619574e-27
2.171117945694505423e+07 1.606890821613891010e-27
2.409403560239527002e+07 1.135885942730336586e-27
2.673841615839949250e+07 7.893534243004126003e-28
2.967302408188872784e+07 5.377113888584309134e-28
3.292971255097155273e+07 3.578178404933793089e-28
3.654383070957254618e+07 2.320655476668453997e-28
4.055460735840827972e+07 1.459333157152416609e-28
4.500557675700496882e+07 8.878525062635916950e-29
4.994505115855139494e+07 5.195570058947635544e-29
5.542664520663107187e+07 2.893552604227895117e-29
6.150985788580504060e+07 1.484800404085264608e-29
6.826071834272393584e+07 6.397685085940287509e-30
7.575250258771920204e+07 1.757268940976718796e-30
8.406652885618332028e+07 8.360934713179597420e-32
