1.000000000000000000e+02 1.057081172767521426e-14
1.109752496412072134e+02 8.989626430030851514e-15
1.231550603292826196e+02 7.642430558642001706e-15
1.366716356462005990e+02 6.494350708995756579e-15
1.516716888470922413e+02 5.516848987854481241e-15
1.683180353330956791e+02 4.685444927898722809e-15
1.867913599020782840e+02 3.979667237301329663e-15
2.072921779595371845e+02 3.380316062967940841e-15
2.300430119772916839e+02 2.871285113083956508e-15
2.552908068239516410e+02 2.439995782218506995e-15
2.833096101839323637e+02 2.074418749153101139e-15
3.144035471591500368e+02 1.763848398447633114e-15
3.489101213406774491e+02 1.499044957418119485e-15
3.872038781812557318e+02 1.273884469258461369e-15
4.297004704320843871e+02 1.082320684229487091e-15
4.768611697714468960e+02 9.190413937391468381e-16
5.291978735958442712e+02 7.794041333249568620e-16
5.872786613189482523e+02 6.599674977306796037e-16
6.517339604882420190e+02 5.579645313757463720e-16
7.232633896483533817e+02 4.703308220197733729e-16
8.026433522257173081e+02 3.953266112744006760e-16
8.907354638610439679e+02 3.311488585645792060e-16
9.884959046625587007e+02 2.762463568035564842e-16
1.096985797892383971e+03 2.294021367948359549e-16
1.217382727739662187e+03 1.894225315969100064e-16
1.350993521198027793e+03 1.554230841378766022e-16
1.499268432786045423e+03 1.266068524754730573e-16
1.663816886076128640e+03 1.022902576646242610e-16
1.846424942895544291e+03 8.187703146035230281e-17
2.049074689815845886e+03 6.485690533959683996e-17
2.273965752357927613e+03 5.077183488151886634e-17
2.523539170434765765e+03 3.922977421009781273e-17
2.800503894183631019e+03 2.989695096095182095e-17
3.107866187782013640e+03 2.245375531055284961e-17
3.448962260405759935e+03 1.663181110644655208e-17
3.827494478516314757e+03 1.218872973643169510e-17
4.247571552536898707e+03 8.882512247502043543e-18
4.713753134116724141e+03 6.484967894816047130e-18
5.231099308056262998e+03 4.782778526840791410e-18
5.805225516094896193e+03 3.589251822597835942e-18
6.442363508721369726e+03 2.753747859801593332e-18
7.149428986597576113e+03 2.161213331217193938e-18
7.934096665797491369e+03 1.730263186531370014e-18
8.804883581643463913e+03 1.406198783775169705e-18
9.771241535346502133e+03 1.154844359248692697e-18
1.084365968689610963e+04 9.540844474039159950e-19
1.203377840777589154e+04 7.905850266353913436e-19
1.335451562929898682e+04 6.556686176374339743e-19
1.482020705798858762e+04 5.437543978020660438e-19
1.644676177994664249e+04 4.506985902175130299e-19
1.825183494319044257e+04 3.728771969939527142e-19
2.025501939230666540e+04 3.082001598019568182e-19
2.247805833548725059e+04 2.540691420489471662e-19
2.494508135230316839e+04 2.091149193989922222e-19
2.768286630392066581e+04 1.718255867448408184e-19
3.072112998861759115e+04 1.407818303832714167e-19
3.409285069746814406e+04 1.151645728759353092e-19
3.783462617131928710e+04 9.392808505704615041e-20
4.198707084443910571e+04 7.646562246761202708e-20
4.659525668664683326e+04 6.204789287786009954e-20
5.170920242896761192e+04 5.023024195271396597e-20
5.738441648302398244e+04 4.051378847800931273e-20
6.368249944718585903e+04 3.262423563963953348e-20
7.067181273927491566e+04 2.616902679613370277e-20
7.842822061337680498e+04 2.094126031740548496e-20
8.703591361485165544e+04 1.670290724040475764e-20
9.658832241158708348e+04 1.328286114896686587e-20
1.071891319205127511e+05 1.053292642594625376e-20
1.189534067370319535e+05 8.335023167560808118e-21
1.320088400831418112e+05 6.578944920164132343e-21
1.464971398307286145e+05 5.181809399384142186e-21
1.625755666443794908e+05 4.077874048598373774e-21
1.804186409392071655e+05 3.196272726395721001e-21
2.002200371815584658e+05 2.509954978243103432e-21
2.221946860939523904e+05 1.962887891343974167e-21
2.465811075822604180e+05 1.535688472166128650e-21
2.736439997074671555e+05 1.198883537927813905e-21
3.036771118035460822e+05 9.336758401756615222e-22
3.370064329271928291e+05 7.253688026485234484e-22
3.739937302478798083e+05 5.608764953884843217e-22
4.150404757850476308e+05 4.322559691754990675e-22
4.605922041145108524e+05 3.306451853056979952e-22
5.111433483440171112e+05 2.516190915030129434e-22
5.672426068491977639e+05 1.893981069864299414e-22
6.294988990221888525e+05 1.416787275889963052e-22
6.985879746785250027e+05 1.048579324930291356e-22
7.752597488629464060e+05 7.677357984427417947e-23
8.603464416684507160e+05 5.561911532539738305e-23
9.547716114208066138e+05 3.982513216824049582e-23
1.059560179277617019e+06 2.821643804586604673e-23
1.175849554052158026e+06 1.978175160748742434e-23
1.304901978014401859e+06 1.377830744934041839e-23
1.448118227674532915e+06 9.557720414179167743e-24
1.607052818261638284e+06 6.631803232865035741e-24
1.783430876931909472e+06 4.616522465474623343e-24
1.979166867853557458e+06 3.230227389757181029e-24
2.196385372416546568e+06 2.269666765486042190e-24
2.437444150122222025e+06 1.595494435469464442e-24
2.704959730463137385e+06 1.116962169026271299e-24
3.001835813575591892e+06 7.737624064378386737e-25
3.331294787934676744e+06 5.305684628940760554e-25
3.696912707195031922e+06 3.618415739976729776e-25
4.102658105827190448e+06 2.498624210344615911e-25
4.552935074866947718e+06 1.776968751678414562e-25
5.052631065335679799e+06 1.298417352497386647e-25
5.607169938205458224e+06 9.624802290842157838e-26
6.222570836730230600e+06 7.175182510636261856e-26
6.905513520162330940e+06 5.356164745217061129e-26
7.663410868007462472e+06 3.997740516678637923e-26
8.504489341802684590e+06 2.980486180543758108e-26
9.437878277775391936e+06 2.218306355147699299e-26
1.047370897959450819e+07 1.647363188454949772e-26
1.162322468679854274e+07 1.220017792521982930e-26
1.289890261253307760e+07 9.006547210729255633e-27
1.431458937523478456e+07 6.625930633980425243e-27
1.588565129428052530e+07 4.850687693195128576e-27
1.762914118095947802e+07 3.532582099647123469e-27
1.956398343517064676e+07 2.560088486812615696e-27
2.171117945694505423e+07 1.840797349683122563e-27
2.409403560239527002e+07 1.314027866790804737e-27
2.673841615839949250e+07 9.294866789424727482e-28
2.967302408188872784e+07 6.506803386141735134e-28
3.292971255097155273e+07 4.500229771142860889e-28
3.654383070957254618e+07 3.067255207182313971e-28
4.055460735840827972e+07 2.055003307390217359e-28
4.500557675700496882e+07 1.349084801524511342e-28
4.994505115855139494e+07 8.631402835447248130e-29
5.542664520663107187e+07 5.361090626565496453e-29
6.150985788580504060e+07 3.203365388604493852e-29
6.826071834272393584e+07 1.827395762205354265e-29
7.575250258771920204e+07 9.835952108728525041e-30
8.406652885618332028e+07 4.939995859909183241e-30
9.329304026284696162e+07 2.285327647209687249e-30
1.035321843295663744e+08 9.467163373833875831e-31
1.148951000187308788e+08 3.042206510793944590e-31
1.275051240713012964e+08 3.422061223953099106e-32
