1.000000000000000000e+02 2.076962927742543311e-12
1.109752496412072134e+02 1.800047614236537887e-12
1.231550603292826196e+02 1.554385612267355549e-12
1.366716356462005990e+02 1.342928548953055295e-12
1.516716888470922413e+02 1.160231138676881562e-12
1.683180353330956791e+02 9.999237969741208297e-13
1.867913599020782840e+02 8.614102561301204139e-13
2.072921779595371845e+02 7.413502747035074732e-13
2.300430119772916839e+02 6.538810183813769555e-13
2.552908068239516410e+02 5.480183973060623812e-13
2.833096101839323637e+02 4.706566868019712830e-13
3.144035471591500368e+02 4.035094489535653310e-13
3.489101213406774491e+02 3.456671613684282898e-13
3.872038781812557318e+02 2.954555141977311767e-13
4.297004704320843871e+02 2.523587886473036535e-13
4.768611697714468960e+02 2.148030823397748789e-13
5.291978735958442712e+02 1.827473155297154165e-13
5.872786613189482523e+02 1.545799848682775511e-13
6.517339604882420190e+02 1.308112762557999726e-13
7.232633896483533817e+02 1.098974735159193972e-13
8.026433522257173081e+02 9.229441585517929050e-14
8.907354638610439679e+02 7.687075976847217088e-14
9.884959046625587007e+02 6.396957472447341424e-14
1.096985797892383971e+03 5.280117188053681365e-14
1.217382727739662187e+03 4.335087741923914302e-14
1.350993521198027793e+03 3.553092977290857052e-14
1.499268432786045423e+03 2.886487900545162361e-14
1.663816886076128640e+03 2.329185087512325779e-14
1.846424942895544291e+03 1.869805440251982229e-14
2.049074689815845886e+03 1.489705840971275940e-14
2.273965752357927613e+03 1.180374440264766528e-14
2.523539170434765765e+03 9.287204502683102800e-15
2.800503894183631019e+03 7.276310037985036346e-15
3.107866187782013640e+03 5.665854218255256995e-15
3.448962260405759935e+03 4.401587472738933998e-15
3.827494478516314757e+03 3.403789803356413897e-15
4.247571552536898707e+03 2.635837093013591030e-15
4.713753134116724141e+03 2.037433040348774242e-15
5.231099308056262998e+03 1.585988261018514959e-15
5.805225516094896193e+03 1.237473433565885725e-15
6.442363508721369726e+03 9.771137523263322031e-16
7.149428986597576113e+03 7.771459628201450518e-16
7.934096665797491369e+03 6.243837462949652856e-16
8.804883581643463913e+03 5.091458660895487043e-16
9.771241535346502133e+03 4.177523381820546678e-16
1.084365968689610963e+04 3.468239153713823710e-16
1.203377840777589154e+04 2.898285297374297544e-16
1.335451562929898682e+04 2.435432040900406865e-16
1.482020705798858762e+04 2.053789850155765583e-16
1.644676177994664249e+04 1.731194522982732937e-16
1.825183494319044257e+04 1.460554225770686651e-16
2.025501939230666540e+04 1.229487137567209134e-16
2.247805833548725059e+04 1.032194012962472055e-16
2.494508135230316839e+04 8.629279427976413391e-17
2.768286630392066581e+04 7.165592094612943290e-17
3.072112998861759115e+04 5.912810519323732852e-17
3.409285069746814406e+04 4.847018704792331363e-17
3.783462617131928710e+04 3.939206456162900452e-17
4.198707084443910571e+04 3.170904815181738227e-17
4.659525668664683326e+04 2.523725647248362354e-17
5.170920242896761192e+04 1.982409949515441127e-17
5.738441648302398244e+04 1.533762495096410961e-17
6.368249944718585903e+04 1.164598385757619371e-17
7.067181273927491566e+04 8.660836123298334256e-18
7.842822061337680498e+04 6.316410249440106509e-18
8.703591361485165544e+04 4.475482176069833733e-18
9.658832241158708348e+04 3.073670258269384995e-18
1.071891319205127511e+05 2.044258582630856202e-18
1.189534067370319535e+05 1.316073643350740686e-18
1.320088400831418112e+05 8.226503826343425041e-19
1.464971398307286145e+05 5.063959952190363440e-19
1.625755666443794908e+05 3.140528459462344865e-19
1.804186409392071655e+05 2.020914827769076616e-19
2.002200371815584658e+05 1.382093283175294728e-19
2.221946860939523904e+05 1.006163624014389947e-19
2.465811075822604180e+05 7.662978423370320456e-20
2.736439997074671555e+05 5.994996672088215501e-20
3.036771118035460822e+05 4.750304239425584774e-20
3.370064329271928291e+05 3.783209301505921841e-20
3.739937302478798083e+05 3.016349933511374667e-20
4.150404757850476308e+05 2.404171814947473914e-20
4.605922041145108524e+05 1.914292558026496715e-20
5.111433483440171112e+05 1.523081301050101725e-20
5.672426068491977639e+05 1.210706403396730691e-20
6.294988990221888525e+05 9.617692765759410813e-21
6.985879746785250027e+05 7.631665256379992812e-21
7.752597488629464060e+05 6.049669231818845791e-21
8.603464416684507160e+05 4.791230986464242162e-21
9.547716114208066138e+05 3.790154477461017957e-21
1.059560179277617019e+06 2.994638620763786361e-21
1.175849554052158026e+06 2.363498448704465521e-21
1.304901978014401859e+06 1.862873339071688109e-21
1.448118227674532915e+06 1.466217230836921301e-21
1.607052818261638284e+06 1.152363538837000320e-21
1.783430876931909472e+06 9.043489583887468439e-22
1.979166867853557458e+06 7.084936573401149910e-22
2.196385372416546568e+06 5.541818112985645287e-22
2.437444150122222025e+06 4.326711926736859489e-22
2.704959730463137385e+06 3.371434471345732204e-22
3.001835813575591892e+06 2.621714768347018575e-22
3.331294787934676744e+06 2.034655074260837960e-22
3.696912707195031922e+06 1.575216996736504881e-22
4.102658105827190448e+06 1.216659143894045328e-22
4.552935074866947718e+06 9.372280634072769653e-23
5.052631065335679799e+06 7.200193600468953977e-23
5.607169938205458224e+06 5.514309446751347471e-23
6.222570836730230600e+06 4.210172321092764389e-23
6.905513520162330940e+06 3.203677366416261749e-23
7.663410868007462472e+06 2.428824382862796378e-23
8.504489341802684590e+06 1.833584888637297620e-23
9.437878277775391936e+06 1.378193557338315741e-23
1.047370897959450819e+07 1.031556065492354494e-23
1.162322468679854274e+07 7.677365969408856704e-24
1.289890261253307760e+07 5.682666315316110930e-24
1.431458937523478456e+07 4.179337382249441051e-24
1.588565129428052530e+07 3.052437491785714607e-24
1.762914118095947802e+07 2.212197133101593623e-24
1.956398343517064676e+07 1.589293557203927358e-24
2.171117945694505423e+07 1.130578912628053707e-24
2.409403560239527002e+07 7.951297731311173673e-25
2.673841615839949250e+07 5.521638027438992671e-25
2.967302408188872784e+07 3.775866186072123710e-25
3.292971255097155273e+07 2.538108532023614444e-25
3.654383070957254618e+07 1.669527670507839462e-25
4.055460735840827972e+07 1.070303875881837753e-25
4.500557675700496882e+07 6.635743311492694462e-26
4.994505115855139494e+07 3.933870652628623626e-26
5.542664520663107187e+07 2.184860555285635259e-26
6.150985788580504060e+07 1.091575352659014371e-26
6.826071834272393584e+07 4.483673026703723846e-27
7.575250258771920204e+07 1.152140879121692003e-27
8.406652885618332028e+07 3.267397607556402462e-29
