1.000000000000000000e+02 7.461441649534296665e-16
1.109752496412072134e+02 6.397634747431668396e-16
1.231550603292826196e+02 5.484067228682487208e-16
1.366716356462005990e+02 4.700971420598318934e-16
1.516716888470922413e+02 4.029716875672088886e-16
1.683180353330956791e+02 3.453279496900257916e-16
1.867913599020782840e+02 2.958260916637193152e-16
2.072921779595371845e+02 2.532726983159117139e-16
2.300430119772916839e+02 2.164958505482900072e-16
2.552908068239516410e+02 1.848869023347215839e-16
2.833096101839323637e+02 1.577026935044155325e-16
3.144035471591500368e+02 1.342734993175190306e-16
3.489101213406774491e+02 1.140593782496420071e-16
3.872038781812557318e+02 9.662111409839041192e-17
4.297004704320843871e+02 8.165079034713270576e-17
4.768611697714468960e+02 6.870608683540487787e-17
5.291978735958442712e+02 5.758067585726193001e-17
5.872786613189482523e+02 4.803295801457259264e-17
6.517339604882420190e+02 3.986576519394352382e-17
7.232633896483533817e+02 3.288710292753550662e-17
8.026433522257173081e+02 2.694461590737773240e-17
8.907354638610439679e+02 2.190354656609473582e-17
9.884959046625587007e+02 1.764755377431322681e-17
1.096985797892383971e+03 1.407864156976518416e-17
1.217382727739662187e+03 1.110375748124615330e-17
1.350993521198027793e+03 8.648617857796193097e-18
1.499268432786045423e+03 6.643675343869474666e-18
1.663816886076128640e+03 5.026717545922423177e-18
1.846424942895544291e+03 3.744433192368551913e-18
2.049074689815845886e+03 2.747678653819467643e-18
2.273965752357927613e+03 1.992141473923333930e-18
2.523539170434765765e+03 1.435940903792883086e-18
2.800503894183631019e+03 1.038055781729253179e-18
3.107866187782013640e+03 7.604919039042481146e-19
3.448962260405759935e+03 5.694093049103511354e-19
3.827494478516314757e+03 4.377004855086652650e-19
4.247571552536898707e+03 3.448645809504124358e-19
4.713753134116724141e+03 2.771673439805714296e-19
5.231099308056262998e+03 2.257270366387614955e-19
5.805225516094896193e+03 1.853369673594755913e-19
6.442363508721369726e+03 1.529455364463031346e-19
7.149428986597576113e+03 1.265625036993744824e-19
7.934096665797491369e+03 1.049069150299491497e-19
8.804883581643463913e+03 8.702388534376299460e-20
9.771241535346502133e+03 7.220353559358103862e-20
1.084365968689610963e+04 5.989506274142798696e-20
1.203377840777589154e+04 4.967072363520452381e-20
1.335451562929898682e+04 4.117425183139016583e-20
1.482020705798858762e+04 3.411277252783406760e-20
1.644676177994664249e+04 2.824594528937362412e-20
1.825183494319044257e+04 2.337482034623947601e-20
2.025501939230666540e+04 1.933097806790755447e-20
2.247805833548725059e+04 1.597480154332360770e-20
2.494508135230316839e+04 1.318799168689989109e-20
2.768286630392066581e+04 1.088066281738174123e-20
3.072112998861759115e+04 8.966970291600300433e-21
3.409285069746814406e+04 7.381837816731729553e-21
3.783462617131928710e+04 6.069682201413168474e-21
4.198707084443910571e+04 4.984170614285953533e-21
4.659525668664683326e+04 4.087061504654579256e-21
5.170920242896761192e+04 3.346084023186245440e-21
5.738441648302398244e+04 2.735385672046179984e-21
6.368249944718585903e+04 2.232271822940407912e-21
7.067181273927491566e+04 1.818273590454223166e-21
7.842822061337680498e+04 1.478529224846606126e-21
8.703591361485165544e+04 1.200015037985953756e-21
9.658832241158708348e+04 9.721936663322630440e-22
1.071891319205127511e+05 7.863183884643254641e-22
1.189534067370319535e+05 6.348611056357583833e-22
1.320088400831418112e+05 5.119112833242003064e-22
1.464971398307286145e+05 4.121810930862053823e-22
1.625755666443794908e+05 3.316041859395635874e-22
1.804186409392071655e+05 2.665351790291443247e-22
2.002200371815584658e+05 2.141061005680114518e-22
2.221946860939523904e+05 1.718551919025000068e-22
2.465811075822604180e+05 1.378244072320857972e-22
2.736439997074671555e+05 1.104624588174179584e-22
3.036771118035460822e+05 8.844500025414410503e-23
3.370064329271928291e+05 7.075233544575226360e-23
3.739937302478798083e+05 5.654171921925535213e-23
4.150404757850476308e+05 4.514573179353328327e-23
4.605922041145108524e+05 3.600556746368514442e-23
5.111433483440171112e+05 2.868444416957500543e-23
5.672426068491977639e+05 2.282398245363290635e-23
6.294988990221888525e+05 1.813982252736525499e-23
6.985879746785250027e+05 1.439920131937506765e-23
7.752597488629464060e+05 1.141453672809543732e-23
8.603464416684507160e+05 9.035672818424656064e-24
9.547716114208066138e+05 7.141966350434194945e-24
1.059560179277617019e+06 5.637220254696723810e-24
1.175849554052158026e+06 4.441927649287987864e-24
1.304901978014401859e+06 3.494334963237011459e-24
1.448118227674532915e+06 2.744305504089412999e-24
1.607052818261638284e+06 2.151177011349516562e-24
1.783430876931909472e+06 1.683007573688131083e-24
1.979166867853557458e+06 1.313996861962301182e-24
2.196385372416546568e+06 1.023900570146285202e-24
2.437444150122222025e+06 7.960760247516142049e-25
2.704959730463137385e+06 6.174426951441300166e-25
3.001835813575591892e+06 4.777379093740118943e-25
3.331294787934676744e+06 3.687239444752659461e-25
3.696912707195031922e+06 2.837814673946174865e-25
4.102658105827190448e+06 2.177632213584405363e-25
4.552935074866947718e+06 1.666111711274055789e-25
5.052631065335679799e+06 1.270459295364556831e-25
5.607169938205458224e+06 9.653642581231904403e-26
6.222570836730230600e+06 7.308105623025358618e-26
6.905513520162330940e+06 5.509832727257858051e-26
7.663410868007462472e+06 4.135699161290834920e-26
8.504489341802684590e+06 3.090294915814576521e-26
9.437878277775391936e+06 2.297733855192117408e-26
1.047370897959450819e+07 1.697565207241950131e-26
1.162322468679854274e+07 1.246708714230220869e-26
1.289890261253307760e+07 9.101370829456200938e-27
1.431458937523478456e+07 6.586306032100361815e-27
1.588565129428052530e+07 4.728045102783178387e-27
1.762914118095947802e+07 3.361292996107016466e-27
1.956398343517064676e+07 2.363641699554072319e-27
2.171117945694505423e+07 1.642126193673741370e-27
2.409403560239527002e+07 1.124592541060752098e-27
2.673841615839949250e+07 7.577639044095138464e-28
2.967302408188872784e+07 5.011448956472695232e-28
3.292971255097155273e+07 3.242081922341146257e-28
3.654383070957254618e+07 2.045633200035217033e-28
4.055460735840827972e+07 1.253409377450761858e-28
4.500557675700496882e+07 7.434678420719318358e-29
4.994505115855139494e+07 4.246919127511984989e-29
5.542664520663107187e+07 2.325641149868177927e-29
6.150985788580504060e+07 1.208024098445087029e-29
6.826071834272393584e+07 5.766618056383158616e-30
7.575250258771920204e+07 2.309041157034506579e-30
8.406652885618332028e+07 5.799136099909958774e-31
9.329304026284696162e+07 1.540686665585735151e-32
