1.000000000000000000e+02 7.190368324126837585e-14
1.109752496412072134e+02 6.239295260547274286e-14
1.231550603292826196e+02 5.386098845332853930e-14
1.366716356462005990e+02 4.630992395779078697e-14
1.516716888470922413e+02 3.969022125139010746e-14
1.683180353330956791e+02 3.375059026985328211e-14
1.867913599020782840e+02 2.858039749558354407e-14
2.072921779595371845e+02 2.405100102810739681e-14
2.300430119772916839e+02 2.011171200255480178e-14
2.552908068239516410e+02 1.669388071437616453e-14
2.833096101839323637e+02 1.377462747695980660e-14
3.144035471591500368e+02 1.128483425968215929e-14
3.489101213406774491e+02 9.184169424369155435e-15
3.872038781812557318e+02 7.385403635386250556e-15
4.297004704320843871e+02 5.892155048614757868e-15
4.768611697714468960e+02 4.672176496011330689e-15
5.291978735958442712e+02 3.670905149933812609e-15
5.872786613189482523e+02 2.856930163554795413e-15
6.517339604882420190e+02 2.195531155580738287e-15
7.232633896483533817e+02 1.679704081149572203e-15
8.026433522257173081e+02 1.273562616954380660e-15
8.907354638610439679e+02 9.588678176178654212e-16
9.884959046625587007e+02 7.180703173859743893e-16
1.096985797892383971e+03 5.361067627242085078e-16
1.217382727739662187e+03 4.006541336677760491e-16
1.350993521198027793e+03 3.003498160939699423e-16
1.499268432786045423e+03 2.267655294264715482e-16
1.663816886076128640e+03 1.729960444657555610e-16
1.846424942895544291e+03 1.335116654415092968e-16
2.049074689815845886e+03 1.042987248937549773e-16
2.273965752357927613e+03 8.236471425345572397e-17
2.523539170434765765e+03 6.555844638344745342e-17
2.800503894183631019e+03 5.233432158265566389e-17
3.107866187782013640e+03 4.173317340598171974e-17
3.448962260405759935e+03 3.306282019752518593e-17
3.827494478516314757e+03 2.589435858055627173e-17
4.247571552536898707e+03 1.993319651184090133e-17
4.713753134116724141e+03 1.500159596262167875e-17
5.231099308056262998e+03 1.097840768620496087e-17
5.805225516094896193e+03 7.737744843566749757e-18
6.442363508721369726e+03 5.221055686439655251e-18
7.149428986597576113e+03 3.335235343064346417e-18
7.934096665797491369e+03 2.002427508414531880e-18
8.804883581643463913e+03 1.133645866759905096e-18
9.771241535346502133e+03 6.235022588281334868e-19
1.084365968689610963e+04 3.561209582815028201e-19
1.203377840777589154e+04 2.256490730916469186e-19
1.335451562929898682e+04 1.600162333367626421e-19
1.482020705798858762e+04 1.230973463975014241e-19
1.644676177994664249e+04 9.898589897440888363e-20
1.825183494319044257e+04 8.116808139987959593e-20
2.025501939230666540e+04 6.703966856814738395e-20
2.247805833548725059e+04 5.546559313218067420e-20
2.494508135230316839e+04 4.589168562942748397e-20
2.768286630392066581e+04 3.795064672343947059e-20
3.072112998861759115e+04 3.136102311474207791e-20
3.409285069746814406e+04 2.588751530446289339e-20
3.783462617131928710e+04 2.134936444061688076e-20
4.198707084443910571e+04 1.759143892724421318e-20
4.659525668664683326e+04 1.447887592897704841e-20
5.170920242896761192e+04 1.190766387300006544e-20
5.738441648302398244e+04 9.778752968292276735e-21
6.368249944718585903e+04 8.023054809939719130e-21
7.067181273927491566e+04 6.576107476737009936e-21
7.842822061337680498e+04 5.383516376242720907e-21
8.703591361485165544e+04 4.402462781797557674e-21
9.658832241158708348e+04 3.596534863367438856e-21
1.071891319205127511e+05 2.935203835000313035e-21
1.189534067370319535e+05 2.392899137450202051e-21
1.320088400831418112e+05 1.948853533440393668e-21
1.464971398307286145e+05 1.585602568322972972e-21
1.625755666443794908e+05 1.288762255174055787e-21
1.804186409392071655e+05 1.046306742807830894e-21
2.002200371815584658e+05 8.485527326945241182e-22
2.221946860939523904e+05 6.873656544619749656e-22
2.465811075822604180e+05 5.562913943089384599e-22
2.736439997074671555e+05 4.495858145231455067e-22
3.036771118035460822e+05 3.629719375687983947e-22
3.370064329271928291e+05 2.926668529206300340e-22
3.739937302478798083e+05 2.356876492604033276e-22
4.150404757850476308e+05 1.895903901047083628e-22
4.605922041145108524e+05 1.522960303948029319e-22
5.111433483440171112e+05 1.221755286770113746e-22
5.672426068491977639e+05 9.787851159837326958e-23
6.294988990221888525e+05 7.831206550100940208e-23
6.985879746785250027e+05 6.257121866198309562e-23
7.752597488629464060e+05 4.991940821600206841e-23
8.603464416684507160e+05 3.977010142134497180e-23
9.547716114208066138e+05 3.163631237906063898e-23
1.059560179277617019e+06 2.513031014447628999e-23
1.175849554052158026e+06 1.992990606007819088e-23
1.304901978014401859e+06 1.578293695304867574e-23
1.448118227674532915e+06 1.247618505546869509e-23
1.607052818261638284e+06 9.847616026973199450e-24
1.783430876931909472e+06 7.761987653546934069e-24
1.979166867853557458e+06 6.107047709324338353e-24
2.196385372416546568e+06 4.796389754174225089e-24
2.437444150122222025e+06 3.760849726142874332e-24
2.704959730463137385e+06 2.943455206566578327e-24
3.001835813575591892e+06 2.299640742118192479e-24
3.331294787934676744e+06 1.793504971627510187e-24
3.696912707195031922e+06 1.395963885234201468e-24
4.102658105827190448e+06 1.084529878786343816e-24
4.552935074866947718e+06 8.408009532689557208e-25
5.052631065335679799e+06 6.504793174431022988e-25
5.607169938205458224e+06 5.021775901694257328e-25
6.222570836730230600e+06 3.868713138625230778e-25
6.905513520162330940e+06 2.973276834543731729e-25
7.663410868007462472e+06 2.279832198393842941e-25
8.504489341802684590e+06 1.743687501311497956e-25
9.437878277775391936e+06 1.330094508435141987e-25
1.047370897959450819e+07 1.011712500569479390e-25
1.162322468679854274e+07 7.673321686897122403e-26
1.289890261253307760e+07 5.801827766249729639e-26
1.431458937523478456e+07 4.372119156543927488e-26
1.588565129428052530e+07 3.282458111029849818e-26
1.762914118095947802e+07 2.455379223790364629e-26
1.956398343517064676e+07 1.829016733347937865e-26
2.171117945694505423e+07 1.356223819440958982e-26
2.409403560239527002e+07 1.000521728424731254e-26
2.673841615839949250e+07 7.344504036618959454e-27
2.967302408188872784e+07 5.355501116303439824e-27
3.292971255097155273e+07 3.880492878671831399e-27
3.654383070957254618e+07 2.789450850724740917e-27
4.055460735840827972e+07 1.988463030364911463e-27
4.500557675700496882e+07 1.403508087056384569e-27
4.994505115855139494e+07 9.792665085074981058e-28
5.542664520663107187e+07 6.742398652382560048e-28
6.150985788580504060e+07 4.569821740220021451e-28
6.826071834272393584e+07 3.038011642531926422e-28
7.575250258771920204e+07 1.974888950124946548e-28
8.406652885618332028e+07 1.247218512559923738e-28
9.329304026284696162e+07 7.602605099297938124e-29
1.035321843295663744e+08 4.423909716900962151e-29
1.148951000187308788e+08 2.424947478645362676e-29
1.275051240713012964e+08 1.228395596855753746e-29
1.414991297434575856e+08 5.617896593373364088e-30
1.570290124729377627e+08 2.260266538512851561e-30
1.742633386009651124e+08 7.504035598433139327e-31
1.933891750455232263e+08 1.182727678196954712e-31
