1.000000000000000000e+02 3.948681511467009223e-10
1.109752496412072134e+02 2.995606629611004606e-10
1.231550603292826196e+02 2.346167933126041325e-10
1.366716356462005990e+02 1.891187582211964022e-10
1.516716888470922413e+02 1.559529919458487862e-10
1.683180353330956791e+02 1.307047096806770994e-10
1.867913599020782840e+02 1.107023997129310451e-10
2.072921779595371845e+02 9.433074971558607510e-11
2.300430119772916839e+02 8.059831313537064071e-11
2.552908068239516410e+02 6.894966354322249534e-11
2.833096101839323637e+02 5.897021673288502089e-11
3.144035471591500368e+02 5.039011738078264585e-11
3.489101213406774491e+02 4.302068111936507306e-11
3.872038781812557318e+02 3.668405999566213633e-11
4.297004704320843871e+02 3.124638136132651502e-11
4.768611697714468960e+02 2.657992431478102462e-11
5.291978735958442712e+02 2.258620053798023725e-11
5.872786613189482523e+02 1.917064951320567051e-11
6.517339604882420190e+02 1.625228931772064059e-11
7.232633896483533817e+02 1.376790666781668010e-11
8.026433522257173081e+02 1.164953565278975060e-11
8.907354638610439679e+02 9.845803295223302773e-12
9.884959046625587007e+02 8.316773081818744705e-12
1.096985797892383971e+03 7.018140837185162761e-12
1.217382727739662187e+03 5.916586267422411066e-12
1.350993521198027793e+03 4.985202841160922692e-12
1.499268432786045423e+03 4.196295457021504455e-12
1.663816886076128640e+03 3.529904616344785541e-12
1.846424942895544291e+03 2.966844817607980293e-12
2.049074689815845886e+03 2.491369846729440171e-12
2.273965752357927613e+03 2.091019054624709822e-12
2.523539170434765765e+03 1.752960912519652968e-12
2.800503894183631019e+03 1.468373983066853757e-12
3.107866187782013640e+03 1.228847258998130063e-12
3.448962260405759935e+03 1.027451472497330799e-12
3.827494478516314757e+03 8.582099254401017807e-13
4.247571552536898707e+03 7.160754576465004086e-13
4.713753134116724141e+03 5.966189408754059393e-13
5.231099308056262998e+03 4.969512499230594122e-13
5.805225516094896193e+03 4.133850741984383614e-13
6.442363508721369726e+03 3.433613643378032096e-13
7.149428986597576113e+03 2.851237903755641184e-13
7.934096665797491369e+03 2.363875328083008416e-13
8.804883581643463913e+03 1.958266526372394730e-13
9.771241535346502133e+03 1.621134666449465464e-13
1.084365968689610963e+04 1.340589477203105135e-13
1.203377840777589154e+04 1.107924775448781195e-13
1.335451562929898682e+04 9.148866898362236711e-14
1.482020705798858762e+04 7.548984223441846711e-14
1.644676177994664249e+04 6.225278880797356880e-14
1.825183494319044257e+04 5.130737658130110943e-14
2.025501939230666540e+04 4.225560858454527749e-14
2.247805833548725059e+04 3.477988658428599750e-14
2.494508135230316839e+04 2.860734639337381646e-14
2.768286630392066581e+04 2.351188282256204750e-14
3.072112998861759115e+04 1.930966480052868729e-14
3.409285069746814406e+04 1.584681899971414677e-14
3.783462617131928710e+04 1.299151698409500051e-14
4.198707084443910571e+04 1.064043767596139447e-14
4.659525668664683326e+04 8.705555724821186711e-15
5.170920242896761192e+04 7.113148631523087154e-15
5.738441648302398244e+04 5.805193238191811862e-15
6.368249944718585903e+04 4.731017373416331548e-15
7.067181273927491566e+04 3.849172745401869891e-15
7.842822061337680498e+04 3.127002529030472264e-15
8.703591361485165544e+04 2.535264594397123765e-15
9.658832241158708348e+04 2.051504185422541848e-15
1.071891319205127511e+05 1.656732245121922390e-15
1.189534067370319535e+05 1.335038646665790383e-15
1.320088400831418112e+05 1.073387314517973609e-15
1.464971398307286145e+05 8.605157077803203541e-16
1.625755666443794908e+05 6.882287260450677180e-16
1.804186409392071655e+05 5.490027095593710445e-16
2.002200371815584658e+05 4.368332213203495331e-16
2.221946860939523904e+05 3.467401301266072115e-16
2.465811075822604180e+05 2.746576597341256607e-16
2.736439997074671555e+05 2.171522860562124443e-16
3.036771118035460822e+05 1.714733209623800786e-16
3.370064329271928291e+05 1.351801931772141357e-16
3.739937302478798083e+05 1.064661428889096459e-16
4.150404757850476308e+05 8.374506739383180163e-17
4.605922041145108524e+05 6.579222692099386805e-17
5.111433483440171112e+05 5.162002872935740425e-17
5.672426068491977639e+05 4.045623600045884265e-17
6.294988990221888525e+05 3.166509880844556409e-17
6.985879746785250027e+05 2.475351162242986880e-17
7.752597488629464060e+05 1.932703180623590020e-17
8.603464416684507160e+05 1.507151995668492780e-17
9.547716114208066138e+05 1.173840293644024345e-17
1.059560179277617019e+06 9.131540582816079004e-18
1.175849554052158026e+06 7.091870459666569345e-18
1.304901978014401859e+06 5.505851104528049061e-18
1.448118227674532915e+06 4.266790834614091007e-18
1.607052818261638284e+06 3.302822332936429993e-18
1.783430876931909472e+06 2.553389352832031167e-18
1.979166867853557458e+06 1.971620012499073323e-18
2.196385372416546568e+06 1.520414270843665511e-18
2.437444150122222025e+06 1.170998415002907312e-18
2.704959730463137385e+06 9.007175008101296035e-19
3.001835813575591892e+06 6.918911567283689182e-19
3.331294787934676744e+06 5.308303434621028107e-19
3.696912707195031922e+06 4.067038163303300026e-19
4.102658105827190448e+06 3.111739310047417910e-19
4.552935074866947718e+06 2.377687387209638832e-19
5.052631065335679799e+06 1.814099782863607086e-19
5.607169938205458224e+06 1.382351926698848523e-19
6.222570836730230600e+06 1.051722968167930249e-19
6.905513520162330940e+06 7.990621243872480546e-20
7.663410868007462472e+06 6.058726327788104053e-20
8.504489341802684590e+06 4.590685176313841282e-20
9.437878277775391936e+06 3.471984171952167553e-20
1.047370897959450819e+07 2.621807083113844292e-20
1.162322468679854274e+07 1.976870923465554480e-20
1.289890261253307760e+07 1.488139209813242245e-20
1.431458937523478456e+07 1.118404208725629183e-20
1.588565129428052530e+07 8.391858177402916731e-21
1.762914118095947802e+07 6.286181802243217217e-21
1.956398343517064676e+07 4.700833267351563983e-21
2.171117945694505423e+07 3.510198490537496908e-21
2.409403560239527002e+07 2.616434525254210818e-21
2.673841615839949250e+07 1.947121424483221547e-21
2.967302408188872784e+07 1.446634214698536982e-21
3.292971255097155273e+07 1.072833057612732610e-21
3.654383070957254618e+07 7.942736537150665803e-22
4.055460735840827972e+07 5.870572524627951010e-22
4.500557675700496882e+07 4.331520442706403126e-22
4.994505115855139494e+07 3.190353924706780129e-22
5.542664520663107187e+07 2.346014806515694465e-22
6.150985788580504060e+07 1.721736200945109300e-22
6.826071834272393584e+07 1.261425400983007240e-22
7.575250258771920204e+07 9.224795089774044254e-23
8.406652885618332028e+07 6.733642980094398369e-23
9.329304026284696162e+07 4.905833251684142995e-23
1.035321843295663744e+08 3.567527275761598273e-23
1.148951000187308788e+08 2.589229698591136162e-23
1.275051240713012964e+08 1.875283534890859619e-23
1.414991297434575856e+08 1.355245307978115647e-23
1.570290124729377627e+08 9.774113918036628576e-24
1.742633386009651124e+08 7.032221351145514176e-24
1.933891750455232263e+08 5.048412699002516975e-24
2.146141197858406007e+08 3.614725767642390131e-24
2.381685551976160705e+08 2.580833821576080410e-24
2.643081486974108517e+08 1.837975557025716518e-24
2.933166278390048146e+08 1.304954690745720187e-24
3.255088599835056663e+08 9.236589210924837050e-25
3.612342699709430337e+08 6.515409152148287252e-25
4.008806328898465633e+08 4.579200755988628402e-25
4.448782831127585173e+08 3.205759145889703014e-25
4.937047852839003801e+08 2.234682469675865245e-25
5.478901179593944550e+08 1.550389037897519364e-25
6.080224261649426222e+08 1.069964164652376482e-25
6.747544053110699654e+08 7.341310721462755930e-26
7.488103857590031624e+08 5.003946513456115431e-26
8.309941949353404045e+08 3.384807519595733951e-26
9.221978823334341049e+08 2.269642839950546615e-26
1.023411402105452657e+09 1.506223157339082707e-26
1.135733358343105316e+09 9.872050557625903310e-27
1.260382929679727316e+09 6.372782996774722481e-27
1.398713102647238731e+09 4.034972704271619386e-27
1.552225357427047968e+09 2.491664766160655947e-27
1.722585965398787737e+09 1.487131648424156016e-27
1.911644075385703564e+09 8.450929515117580926e-28
2.121451784910631895e+09 4.447556235577154445e-28
2.354286414322420120e+09 2.038642509684571174e-28
2.612675225563332081e+09 6.740206107465393258e-29
2.899422853882881165e+09 3.962426608721604282e-30
