1.000000000000000000e+02 7.395054460328528339e-14
1.109752496412072134e+02 6.355462777232289508e-14
1.231550603292826196e+02 5.433900753031174429e-14
1.366716356462005990e+02 4.623693706981676144e-14
1.516716888470922413e+02 3.906633262046423383e-14
1.683180353330956791e+02 3.280916935436818230e-14
1.867913599020782840e+02 2.746035174119647508e-14
2.072921779595371845e+02 2.272865630527281916e-14
2.300430119772916839e+02 1.867317041898131985e-14
2.552908068239516410e+02 1.530804248904590163e-14
2.833096101839323637e+02 1.239386696153056147e-14
3.144035471591500368e+02 9.954272334610977491e-15
3.489101213406774491e+02 7.928726228542992492e-15
3.872038781812557318e+02 6.266446608584220795e-15
4.297004704320843871e+02 4.904521038559473800e-15
4.768611697714468960e+02 3.806108851151115343e-15
5.291978735958442712e+02 2.925090440599671045e-15
5.872786613189482523e+02 2.232611457942388796e-15
6.517339604882420190e+02 1.691836514189821442e-15
7.232633896483533817e+02 1.270821355166622769e-15
8.026433522257173081e+02 9.500750824654070156e-16
8.907354638610439679e+02 7.107802625774699243e-16
9.884959046625587007e+02 5.337534123811413635e-16
1.096985797892383971e+03 4.011736770700132172e-16
1.217382727739662187e+03 3.042805321534901741e-16
1.350993521198027793e+03 2.333858730191916009e-16
1.499268432786045423e+03 1.820750084336509789e-16
1.663816886076128640e+03 1.438035237601320272e-16
1.846424942895544291e+03 1.150315307872785865e-16
2.049074689815845886e+03 9.297115752506866708e-17
2.273965752357927613e+03 7.570498562360153909e-17
2.523539170434765765e+03 6.169717086489666967e-17
2.800503894183631019e+03 5.017201367323999273e-17
3.107866187782013640e+03 4.051338373430454485e-17
3.448962260405759935e+03 3.227353479588116530e-17
3.827494478516314757e+03 2.533816933607685321e-17
4.247571552536898707e+03 1.948713992053850384e-17
4.713753134116724141e+03 1.460230954216918724e-17
5.231099308056262998e+03 1.059507672654462628e-17
5.805225516094896193e+03 7.379820999281448217e-18
6.442363508721369726e+03 4.894772835445955207e-18
7.149428986597576113e+03 3.046238758761481304e-18
7.934096665797491369e+03 1.756963878534690894e-18
8.804883581643463913e+03 9.293183502056389686e-19
9.771241535346502133e+03 4.544202637252293035e-19
1.084365968689610963e+04 2.134015464167609342e-19
1.203377840777589154e+04 1.038100003692226020e-19
1.335451562929898682e+04 5.621526875539604570e-20
1.482020705798858762e+04 3.538157629605797097e-20
1.644676177994664249e+04 2.552559210968427248e-20
1.825183494319044257e+04 2.006186996867702581e-20
2.025501939230666540e+04 1.642389308172052577e-20
2.247805833548725059e+04 1.366259741261888065e-20
2.494508135230316839e+04 1.142496838459207818e-20
2.768286630392066581e+04 9.564720468215950481e-21
3.072112998861759115e+04 8.007272474431422682e-21
3.409285069746814406e+04 6.699677026761689712e-21
3.783462617131928710e+04 5.601667425614755671e-21
4.198707084443910571e+04 4.679983672254450622e-21
4.659525668664683326e+04 3.906889797358937798e-21
5.170920242896761192e+04 3.259339408241834587e-21
5.738441648302398244e+04 2.716491836754632104e-21
6.368249944718585903e+04 2.262104680103123791e-21
7.067181273927491566e+04 1.882215593924948973e-21
7.842822061337680498e+04 1.564735215203931206e-21
8.703591361485165544e+04 1.299517536327070480e-21
9.658832241158708348e+04 1.078464718742498102e-21
1.071891319205127511e+05 8.942029136503509990e-22
1.189534067370319535e+05 7.407245601235527020e-22
1.320088400831418112e+05 6.131330443200773215e-22
1.464971398307286145e+05 5.070360566667206524e-22
1.625755666443794908e+05 4.189666494259428584e-22
1.804186409392071655e+05 3.458958446165887901e-22
2.002200371815584658e+05 2.852507366873561966e-22
2.221946860939523904e+05 2.350531587869809778e-22
2.465811075822604180e+05 1.934645023865798395e-22
2.736439997074671555e+05 1.590866723122956670e-22
3.036771118035460822e+05 1.306552429295804571e-22
3.370064329271928291e+05 1.071769645605052215e-22
3.739937302478798083e+05 8.781888765173202229e-23
4.150404757850476308e+05 7.186553301298770930e-23
4.605922041145108524e+05 5.872829990475592768e-23
5.111433483440171112e+05 4.792998584914085874e-23
5.672426068491977639e+05 3.905221891540138615e-23
6.294988990221888525e+05 3.177396141901513284e-23
6.985879746785250027e+05 2.581226031968543043e-23
7.752597488629464060e+05 2.092950358753905316e-23
8.603464416684507160e+05 1.694034878737289671e-23
9.547716114208066138e+05 1.368753237331051403e-23
1.059560179277617019e+06 1.103681614987064594e-23
1.175849554052158026e+06 8.880977840417689801e-24
1.304901978014401859e+06 7.130321836477409070e-24
1.448118227674532915e+06 5.710995004367343666e-24
1.607052818261638284e+06 4.563111048164932745e-24
1.783430876931909472e+06 3.636667862175855263e-24
1.979166867853557458e+06 2.890108144278079477e-24
2.196385372416546568e+06 2.290105650524652065e-24
2.437444150122222025e+06 1.809270784461896179e-24
2.704959730463137385e+06 1.424456471301234711e-24
3.001835813575591892e+06 1.117338786434505314e-24
3.331294787934676744e+06 8.731830940071518152e-25
3.696912707195031922e+06 6.796656382579575919e-25
4.102658105827190448e+06 5.267857987550869802e-25
4.552935074866947718e+06 4.062753086694304275e-25
5.052631065335679799e+06 3.117971403313357194e-25
5.607169938205458224e+06 2.379570881133122026e-25
6.222570836730230600e+06 1.805423926630827751e-25
6.905513520162330940e+06 1.360937781337908392e-25
7.663410868007462472e+06 1.018548915717654991e-25
8.504489341802684590e+06 7.564699163087869202e-26
9.437878277775391936e+06 5.570965035591812847e-26
1.047370897959450819e+07 4.064297846799768664e-26
1.162322468679854274e+07 2.934105821823981380e-26
1.289890261253307760e+07 2.093954000488694322e-26
1.431458937523478456e+07 1.474777521864407041e-26
1.588565129428052530e+07 1.022937544881183789e-26
1.762914118095947802e+07 6.969013519663797925e-27
1.956398343517064676e+07 4.646589638736663889e-27
2.171117945694505423e+07 3.015266810466866160e-27
2.409403560239527002e+07 1.886682719700126968e-27
2.673841615839949250e+07 1.123009748354385599e-27
2.967302408188872784e+07 6.210936402001068835e-28
3.292971255097155273e+07 3.057564921356771752e-28
3.654383070957254618e+07 1.225716762277554736e-28
4.055460735840827972e+07 3.154610509275321736e-29
4.500557675700496882e+07 2.128311774296804589e-30
