1.000000000000000000e+02 2.894634685550627955e-13
1.109752496412072134e+02 2.390175383546404114e-13
1.231550603292826196e+02 1.992916074726972651e-13
1.366716356462005990e+02 1.676539028344242634e-13
1.516716888470922413e+02 1.421298382014733461e-13
1.683180353330956791e+02 1.212868197644873041e-13
1.867913599020782840e+02 1.040513805037894951e-13
2.072921779595371845e+02 8.960829601206914289e-14
2.300430119772916839e+02 7.741764254936862395e-14
2.552908068239516410e+02 6.699322373145935374e-14
2.833096101839323637e+02 5.803909795484834970e-14
3.144035471591500368e+02 5.034012705926336400e-14
3.489101213406774491e+02 4.360376190679242649e-14
3.872038781812557318e+02 3.777531530726524359e-14
4.297004704320843871e+02 3.271019202141064143e-14
4.768611697714468960e+02 2.827942127970059621e-14
5.291978735958442712e+02 2.441080856420081982e-14
5.872786613189482523e+02 2.104156325794404910e-14
6.517339604882420190e+02 1.810256352626015935e-14
7.232633896483533817e+02 1.556385520718080096e-14
8.026433522257173081e+02 1.333382349809461333e-14
8.907354638610439679e+02 1.139806274174793351e-14
9.884959046625587007e+02 9.730719458485946934e-15
1.096985797892383971e+03 8.289199920088291571e-15
1.217382727739662187e+03 7.030490217012562788e-15
1.350993521198027793e+03 5.951460042673529154e-15
1.499268432786045423e+03 5.030545688301781712e-15
1.663816886076128640e+03 4.237843583643807288e-15
1.846424942895544291e+03 3.557599037555296626e-15
2.049074689815845886e+03 2.982803912667876660e-15
2.273965752357927613e+03 2.493093653687318672e-15
2.523539170434765765e+03 2.079471986079601787e-15
2.800503894183631019e+03 1.730245586549017005e-15
3.107866187782013640e+03 1.436512889926695513e-15
3.448962260405759935e+03 1.191028471396450280e-15
3.827494478516314757e+03 9.850652850901686865e-16
4.247571552536898707e+03 8.123424460685126444e-16
4.713753134116724141e+03 6.694979778355535249e-16
5.231099308056262998e+03 5.491618548198896396e-16
5.805225516094896193e+03 4.489724024178325812e-16
6.442363508721369726e+03 3.651058203859532486e-16
7.149428986597576113e+03 2.949504960841546163e-16
7.934096665797491369e+03 2.356030202954096943e-16
8.804883581643463913e+03 1.863651197863475996e-16
9.771241535346502133e+03 1.449479681614437365e-16
1.084365968689610963e+04 1.107676077191297430e-16
1.203377840777589154e+04 8.280704285237370025e-17
1.335451562929898682e+04 6.032980023058342401e-17
1.482020705798858762e+04 4.270733486225733078e-17
1.644676177994664249e+04 2.939484573088169767e-17
1.825183494319044257e+04 1.975285008860042764e-17
2.025501939230666540e+04 1.310790044476636291e-17
2.247805833548725059e+04 8.721345114860580199e-18
2.494508135230316839e+04 5.878918351282952020e-18
2.768286630392066581e+04 4.078104030155651261e-18
3.072112998861759115e+04 2.944136253242720621e-18
3.409285069746814406e+04 2.216446872020045233e-18
3.783462617131928710e+04 1.717336731793461503e-18
4.198707084443910571e+04 1.349160485490965489e-18
4.659525668664683326e+04 1.064620406174958071e-18
5.170920242896761192e+04 8.384462459558071713e-19
5.738441648302398244e+04 6.578371139355980051e-19
6.368249944718585903e+04 5.137952763607855702e-19
7.067181273927491566e+04 3.993058387609599006e-19
7.842822061337680498e+04 3.089246074310352124e-19
8.703591361485165544e+04 2.378128733099792568e-19
9.658832241158708348e+04 1.822914173242828557e-19
1.071891319205127511e+05 1.391612352843585675e-19
1.189534067370319535e+05 1.058733479570608718e-19
1.320088400831418112e+05 8.038377942003645478e-20
1.464971398307286145e+05 6.097887884775854881e-20
1.625755666443794908e+05 4.623918547251894839e-20
1.804186409392071655e+05 3.505314158288383685e-20
2.002200371815584658e+05 2.654886960880094828e-20
2.221946860939523904e+05 2.010352030646242883e-20
2.465811075822604180e+05 1.521502725322798487e-20
2.736439997074671555e+05 1.150934174090462862e-20
3.036771118035460822e+05 8.702527340284137001e-21
3.370064329271928291e+05 6.577788621504231336e-21
3.739937302478798083e+05 4.969326880959396626e-21
4.150404757850476308e+05 3.753395808211176031e-21
4.605922041145108524e+05 2.833912470379666597e-21
5.111433483440171112e+05 2.138871736799803952e-21
5.672426068491977639e+05 1.613929207144709285e-21
6.294988990221888525e+05 1.217465156908596801e-21
6.985879746785250027e+05 9.179457046642800327e-22
7.752597488629464060e+05 6.920413120151394077e-22
8.603464416684507160e+05 5.215899460132098310e-22
9.547716114208066138e+05 3.929728292880501672e-22
1.059560179277617019e+06 2.959931850871486503e-22
1.175849554052158026e+06 2.228682612275874382e-22
1.304901978014401859e+06 1.677355964425576068e-22
1.448118227674532915e+06 1.262009366668336593e-22
1.607052818261638284e+06 9.489580556315654228e-23
1.783430876931909472e+06 7.131695445876218441e-23
1.979166867853557458e+06 5.355624730471175782e-23
2.196385372416546568e+06 4.020215412778123198e-23
2.437444150122222025e+06 3.015271123210877889e-23
2.704959730463137385e+06 2.259635650044649438e-23
3.001835813575591892e+06 1.691809610002458245e-23
3.331294787934676744e+06 1.265505117776027105e-23
3.696912707195031922e+06 9.456162570582519319e-24
4.102658105827190448e+06 7.058261060589426500e-24
4.552935074866947718e+06 5.262261916235182156e-24
5.052631065335679799e+06 3.918296236475944906e-24
5.607169938205458224e+06 2.913540287796144009e-24
6.222570836730230600e+06 2.163183589957672912e-24
6.905513520162330940e+06 1.603712113747000682e-24
7.663410868007462472e+06 1.187126936715840626e-24
8.504489341802684590e+06 8.773188970648482942e-25
9.437878277775391936e+06 6.471892817347893839e-25
1.047370897959450819e+07 4.766354071817001178e-25
1.162322468679854274e+07 3.503222948735423956e-25
1.289890261253307760e+07 2.569612784094101521e-25
1.431458937523478456e+07 1.881051198624713050e-25
1.588565129428052530e+07 1.374239813328999148e-25
1.762914118095947802e+07 1.001623754678517769e-25
1.956398343517064676e+07 7.282831473499005909e-26
2.171117945694505423e+07 5.282149199137923651e-26
2.409403560239527002e+07 3.821409574515805346e-26
2.673841615839949250e+07 2.756629427744726642e-26
2.967302408188872784e+07 1.982779687354862858e-26
3.292971255097155273e+07 1.421548720872183679e-26
3.654383070957254618e+07 1.015633421509983668e-26
4.055460735840827972e+07 7.229839875107068593e-27
4.500557675700496882e+07 5.125062926979069778e-27
4.994505115855139494e+07 3.617392833200656331e-27
5.542664520663107187e+07 2.540344711253546977e-27
6.150985788580504060e+07 1.773906902870729618e-27
6.826071834272393584e+07 1.231035214708482237e-27
7.575250258771920204e+07 8.481808893150923661e-28
8.406652885618332028e+07 5.795439026815103201e-28
9.329304026284696162e+07 3.921343978430151836e-28
1.035321843295663744e+08 2.622855273400331162e-28
1.148951000187308788e+08 1.730111730436795275e-28
1.275051240713012964e+08 1.122091396410128713e-28
1.414991297434575856e+08 7.123956027163003778e-29
1.570290124729377627e+08 4.403748255916371946e-29
1.742633386009651124e+08 2.627502065576707869e-29
1.933891750455232263e+08 1.495672947386491975e-29
2.146141197858406007e+08 7.968846789763194004e-30
2.381685551976160705e+08 3.855589906089472386e-30
2.643081486974108517e+08 1.608775933368539813e-30
2.933166278390048146e+08 5.247288978482253869e-31
3.255088599835056663e+08 8.912753813362078467e-32
