1.000000000000000000e+02 2.212421553148639691e-13
1.109752496412072134e+02 1.911889090353382973e-13
1.231550603292826196e+02 1.650502262025250409e-13
1.366716356462005990e+02 1.423548750051854100e-13
1.516716888470922413e+02 1.226562937128977744e-13
1.683180353330956791e+02 1.055703432187120582e-13
1.867913599020782840e+02 9.076799554590943175e-14
2.072921779595371845e+02 7.795231494095574744e-14
2.300430119772916839e+02 6.687795687574439513e-14
2.552908068239516410e+02 5.730568461876915760e-14
2.833096101839323637e+02 4.906163014577798450e-14
3.144035471591500368e+02 4.194494291619490322e-14
3.489101213406774491e+02 3.582605111471304301e-14
3.872038781812557318e+02 3.056441998470522139e-14
4.297004704320843871e+02 2.604939731552812237e-14
4.768611697714468960e+02 2.217354081273763137e-14
5.291978735958442712e+02 1.885827054653910486e-14
5.872786613189482523e+02 1.602233882755428917e-14
6.517339604882420190e+02 1.359796308792739342e-14
7.232633896483533817e+02 1.152868884567542211e-14
8.026433522257173081e+02 9.766698999454035783e-15
8.907354638610439679e+02 8.265261783112704913e-15
9.884959046625587007e+02 6.989306662508730500e-15
1.096985797892383971e+03 5.905314965438648867e-15
1.217382727739662187e+03 4.985588087024976926e-15
1.350993521198027793e+03 4.205134550048041360e-15
1.499268432786045423e+03 3.544066735334060324e-15
1.663816886076128640e+03 2.984941008859821626e-15
1.846424942895544291e+03 2.511859702085948812e-15
2.049074689815845886e+03 2.112488416899097853e-15
2.273965752357927613e+03 1.774989553070714002e-15
2.523539170434765765e+03 1.490248769096317956e-15
2.800503894183631019e+03 1.250348050510660676e-15
3.107866187782013640e+03 1.048249557969860647e-15
3.448962260405759935e+03 8.781131101135643334e-16
3.827494478516314757e+03 7.350017374734167628e-16
4.247571552536898707e+03 6.147965354475423706e-16
4.713753134116724141e+03 5.138672326253474451e-16
5.231099308056262998e+03 4.291491257954365457e-16
5.805225516094896193e+03 3.581302394724006262e-16
6.442363508721369726e+03 2.986976138227468672e-16
7.149428986597576113e+03 2.489164343013913997e-16
7.934096665797491369e+03 2.073036021926297686e-16
8.804883581643463913e+03 1.725522083705808655e-16
9.771241535346502133e+03 1.435250181015270955e-16
1.084365968689610963e+04 1.193136244924580838e-16
1.203377840777589154e+04 9.912898988481104087e-17
1.335451562929898682e+04 8.232588777910940328e-17
1.482020705798858762e+04 6.832693495305429846e-17
1.644676177994664249e+04 5.668987357794667628e-17
1.825183494319044257e+04 4.700988292736779415e-17
2.025501939230666540e+04 3.896000528808047299e-17
2.247805833548725059e+04 3.227920448745895599e-17
2.494508135230316839e+04 2.673224673471275549e-17
2.768286630392066581e+04 2.212801148715802337e-17
3.072112998861759115e+04 1.830652218734310244e-17
3.409285069746814406e+04 1.513975179323708738e-17
3.783462617131928710e+04 1.251205517569132932e-17
4.198707084443910571e+04 1.033574974343679552e-17
4.659525668664683326e+04 8.533690309646252250e-18
5.170920242896761192e+04 7.041276223755188640e-18
5.738441648302398244e+04 5.805884221109435017e-18
6.368249944718585903e+04 4.783710296720035410e-18
7.067181273927491566e+04 3.938562393084362438e-18
7.842822061337680498e+04 3.240228059720577808e-18
8.703591361485165544e+04 2.663690333519095725e-18
9.658832241158708348e+04 2.187194860618546660e-18
1.071891319205127511e+05 1.794594760471766374e-18
1.189534067370319535e+05 1.470837863621169958e-18
1.320088400831418112e+05 1.204366970211387954e-18
1.464971398307286145e+05 9.850586532286421934e-19
1.625755666443794908e+05 8.049179405845731108e-19
1.804186409392071655e+05 6.569518721139031200e-19
2.002200371815584658e+05 5.357242261386332473e-19
2.221946860939523904e+05 4.364472047449740549e-19
2.465811075822604180e+05 3.552138896107611184e-19
2.736439997074671555e+05 2.888360305362767378e-19
3.036771118035460822e+05 2.346958359123182634e-19
3.370064329271928291e+05 1.905151591910122744e-19
3.739937302478798083e+05 1.545370655299136611e-19
4.150404757850476308e+05 1.252569206586266631e-19
4.605922041145108524e+05 1.014452605720750297e-19
5.111433483440171112e+05 8.209368460653106534e-20
5.672426068491977639e+05 6.637908082164115858e-20
6.294988990221888525e+05 5.361693229900360832e-20
6.985879746785250027e+05 4.327760064007831878e-20
7.752597488629464060e+05 3.489226852004286939e-20
8.603464416684507160e+05 2.810802559548752549e-20
9.547716114208066138e+05 2.261432755841821654e-20
1.059560179277617019e+06 1.817885895428244050e-20
1.175849554052158026e+06 1.459454442105299657e-20
1.304901978014401859e+06 1.170303526957080968e-20
1.448118227674532915e+06 9.372340243861073191e-21
1.607052818261638284e+06 7.495073427602588146e-21
1.783430876931909472e+06 5.986218327304982180e-21
1.979166867853557458e+06 4.773369971438343158e-21
2.196385372416546568e+06 3.800496731981259385e-21
2.437444150122222025e+06 3.020849321243518813e-21
2.704959730463137385e+06 2.396764459388313991e-21
3.001835813575591892e+06 1.898601868426204232e-21
3.331294787934676744e+06 1.500821126494918146e-21
3.696912707195031922e+06 1.184102669717277523e-21
4.102658105827190448e+06 9.325073028814268363e-22
4.552935074866947718e+06 7.323205778117107964e-22
5.052631065335679799e+06 5.740386875697747003e-22
5.607169938205458224e+06 4.487734237531862368e-22
6.222570836730230600e+06 3.499652817886964120e-22
6.905513520162330940e+06 2.722563692039672184e-22
7.663410868007462472e+06 2.111103070209078252e-22
8.504489341802684590e+06 1.632257339476185709e-22
9.437878277775391936e+06 1.258361332904042191e-22
1.047370897959450819e+07 9.673898042302282573e-23
1.162322468679854274e+07 7.409074691484581184e-23
1.289890261253307760e+07 5.655248747815586505e-23
1.431458937523478456e+07 4.300087083775594203e-23
1.588565129428052530e+07 3.256990580657324744e-23
1.762914118095947802e+07 2.457027001349194888e-23
1.956398343517064676e+07 1.845676209116807387e-23
2.171117945694505423e+07 1.379962239941694760e-23
2.409403560239527002e+07 1.026892713707182970e-23
2.673841615839949250e+07 7.600672009917333765e-24
2.967302408188872784e+07 5.593904178867809685e-24
3.292971255097155273e+07 4.090580141291300884e-24
3.654383070957254618e+07 2.962963720649888140e-24
4.055460735840827972e+07 2.127776547196279004e-24
4.500557675700496882e+07 1.510225171627844656e-24
4.994505115855139494e+07 1.057465780791313915e-24
5.542664520663107187e+07 7.288289401306324473e-25
6.150985788580504060e+07 4.938045239787087084e-25
6.826071834272393584e+07 3.277318141230424163e-25
7.575250258771920204e+07 2.133450458029916619e-25
8.406652885618332028e+07 1.323821401344239616e-25
9.329304026284696162e+07 7.890848454818133831e-26
1.035321843295663744e+08 4.468182344384869100e-26
1.148951000187308788e+08 2.377909043369738358e-26
1.275051240713012964e+08 1.170997118132865949e-26
1.414991297434575856e+08 5.233048318004214859e-27
1.570290124729377627e+08 2.102375137714988528e-27
1.742633386009651124e+08 7.533462851013014398e-28
1.933891750455232263e+08 2.391868592875540606e-28
2.146141197858406007e+08 6.710312972524108907e-29
2.381685551976160705e+08 1.661283656729738532e-29
2.643081486974108517e+08 3.627970317310683384e-30
2.933166278390048146e+08 6.996136640990299082e-31
3.255088599835056663e+08 1.192289072381606362e-31
3.612342699709430337e+08 1.798668993783833019e-32
4.008806328898465633e+08 2.405328133999163903e-33
4.448782831127585173e+08 2.848276859148989274e-34
4.937047852839003801e+08 2.931001672322247752e-35
5.478901179593944550e+08 2.276966690764704252e-36
6.080224261649426222e+08 3.360365533161493263e-38
