1.000000000000000000e+02 3.286792392055153320e-15
1.109752496412072134e+02 2.454576510851236115e-15
1.231550603292826196e+02 1.830201924269359483e-15
1.366716356462005990e+02 1.373127283377115888e-15
1.516716888470922413e+02 1.037229782515594532e-15
1.683180353330956791e+02 7.918270118074057000e-16
1.867913599020782840e+02 6.115573921180917261e-16
2.072921779595371845e+02 4.786380000993342414e-16
2.300430119772916839e+02 3.796714397870811677e-16
2.552908068239516410e+02 3.049871303128051667e-16
2.833096101839323637e+02 2.475155485487144876e-16
3.144035471591500368e+02 2.025880305132389093e-16
3.489101213406774491e+02 1.669199512030578877e-16
3.872038781812557318e+02 1.380619900078849416e-16
4.297004704320843871e+02 1.143614407489770451e-16
4.768611697714468960e+02 9.471987724482176298e-17
5.291978735958442712e+02 7.830219802231042259e-17
5.872786613189482523e+02 6.453942858211521512e-17
6.517339604882420190e+02 5.295689198438349055e-17
7.232633896483533817e+02 4.314672618207924867e-17
8.026433522257173081e+02 3.495871003841278368e-17
8.907354638610439679e+02 2.807276643834397438e-17
9.884959046625587007e+02 2.232400108306698273e-17
1.096985797892383971e+03 1.755569356336353179e-17
1.217382727739662187e+03 1.363003585606700769e-17
1.350993521198027793e+03 1.043272203314622502e-17
1.499268432786045423e+03 7.862834975010213990e-18
1.663816886076128640e+03 5.829569118981435050e-18
1.846424942895544291e+03 4.255355544063041375e-18
2.049074689815845886e+03 3.068397128979886697e-18
2.273965752357927613e+03 2.203129204727360685e-18
2.523539170434765765e+03 1.594500290516437416e-18
2.800503894183631019e+03 1.180524312355404619e-18
3.107866187782013640e+03 9.048171053145984846e-19
3.448962260405759935e+03 7.200805388620508518e-19
3.827494478516314757e+03 5.906156890506268722e-19
4.247571552536898707e+03 4.935856338335342278e-19
4.713753134116724141e+03 4.166698364538677171e-19
5.231099308056262998e+03 3.534342953150634505e-19
5.805225516094896193e+03 3.003336931444123708e-19
6.442363508721369726e+03 2.553260296256183519e-19
7.149428986597576113e+03 2.169831847671646835e-19
7.934096665797491369e+03 1.842869644464044172e-19
8.804883581643463913e+03 1.563856653303837112e-19
9.771241535346502133e+03 1.325844905388196559e-19
1.084365968689610963e+04 1.123101795765845131e-19
1.203377840777589154e+04 9.502917337270175492e-20
1.335451562929898682e+04 8.033760670769435104e-20
1.482020705798858762e+04 6.783417693020796617e-20
1.644676177994664249e+04 5.723055835303160188e-20
1.825183494319044257e+04 4.822316972186677173e-20
2.025501939230666540e+04 4.059804965749218246e-20
2.247805833548725059e+04 3.413775385126443950e-20
2.494508135230316839e+04 2.867822802784516708e-20
2.768286630392066581e+04 2.406640154301909013e-20
3.072112998861759115e+04 2.017590878451407649e-20
3.409285069746814406e+04 1.689616901730225502e-20
3.783462617131928710e+04 1.413623851640099260e-20
4.198707084443910571e+04 1.181521294408500012e-20
4.659525668664683326e+04 9.864786967028475899e-21
5.170920242896761192e+04 8.228539167404937929e-21
5.738441648302398244e+04 6.855676303886087540e-21
6.368249944718585903e+04 5.706151533533819447e-21
7.067181273927491566e+04 4.743464188214524225e-21
7.842822061337680498e+04 3.938445995110994652e-21
8.703591361485165544e+04 3.265964812009272253e-21
9.658832241158708348e+04 2.704405141360098632e-21
1.071891319205127511e+05 2.236225770866931596e-21
1.189534067370319535e+05 1.846157838189700036e-21
1.320088400831418112e+05 1.521641885470136657e-21
1.464971398307286145e+05 1.251983016153124963e-21
1.625755666443794908e+05 1.028243814516101212e-21
1.804186409392071655e+05 8.429251072588808992e-22
2.002200371815584658e+05 6.894524010262940195e-22
2.221946860939523904e+05 5.627994818038337196e-22
2.465811075822604180e+05 4.583828085217291355e-22
2.736439997074671555e+05 3.725140949945132618e-22
3.036771118035460822e+05 3.021503647119117874e-22
3.370064329271928291e+05 2.445589120445483305e-22
3.739937302478798083e+05 1.974707030989254674e-22
4.150404757850476308e+05 1.591478062791678362e-22
4.605922041145108524e+05 1.279842941163716865e-22
5.111433483440171112e+05 1.026817298989164000e-22
5.672426068491977639e+05 8.217496541661702685e-23
6.294988990221888525e+05 6.559345670922507564e-23
6.985879746785250027e+05 5.221824686556593993e-23
7.752597488629464060e+05 4.145127583483861672e-23
8.603464416684507160e+05 3.280566125798005274e-23
9.547716114208066138e+05 2.587951082727732081e-23
1.059560179277617019e+06 2.034742467459924733e-23
1.175849554052158026e+06 1.594083583757378464e-23
1.304901978014401859e+06 1.244064449884474023e-23
1.448118227674532915e+06 9.670679195032623470e-24
1.607052818261638284e+06 7.485739446585422285e-24
1.783430876931909472e+06 5.769260869886356407e-24
1.979166867853557458e+06 4.426753042225478135e-24
2.196385372416546568e+06 3.378715294466203336e-24
2.437444150122222025e+06 2.565259037743252198e-24
2.704959730463137385e+06 1.938739553764350587e-24
3.001835813575591892e+06 1.455772482469818725e-24
3.331294787934676744e+06 1.086875481984620571e-24
3.696912707195031922e+06 8.063364904363943707e-25
4.102658105827190448e+06 5.941923031744027497e-25
4.552935074866947718e+06 4.345881942019988223e-25
5.052631065335679799e+06 3.153033833722840095e-25
5.607169938205458224e+06 2.265844655053926152e-25
6.222570836730230600e+06 1.609954139617914210e-25
6.905513520162330940e+06 1.128489209587116854e-25
7.663410868007462472e+06 7.774591760002283996e-26
8.504489341802684590e+06 5.244748036234365522e-26
9.437878277775391936e+06 3.439869091272728951e-26
1.047370897959450819e+07 2.175623638891121173e-26
1.162322468679854274e+07 1.309047708044672283e-26
1.289890261253307760e+07 7.352263358559740221e-27
1.431458937523478456e+07 3.720830223906450168e-27
1.588565129428052530e+07 1.591547325709560540e-27
1.762914118095947802e+07 5.028546963755633177e-28
1.956398343517064676e+07 9.074649003023902504e-29
2.171117945694505423e+07 1.185574758831507141e-29
