1.000000000000000000e+02 4.023492962280979162e-11
1.109752496412072134e+02 3.514483256471253857e-11
1.231550603292826196e+02 3.068493490083698379e-11
1.366716356462005990e+02 2.677087417215892843e-11
1.516716888470922413e+02 2.334137071108412320e-11
1.683180353330956791e+02 2.033765065074547740e-11
1.867913599020782840e+02 1.771237984681520764e-11
2.072921779595371845e+02 1.541020076447232568e-11
2.300430119772916839e+02 1.340059970377701724e-11
2.552908068239516410e+02 1.164426277858394811e-11
2.833096101839323637e+02 1.010997301652946304e-11
3.144035471591500368e+02 8.771308018259889005e-12
3.489101213406774491e+02 7.604143272195841387e-12
3.872038781812557318e+02 6.586874558756645020e-12
4.297004704320843871e+02 5.700024298283062883e-12
4.768611697714468960e+02 4.928544660687615557e-12
5.291978735958442712e+02 4.257596139019028888e-12
5.872786613189482523e+02 3.675084208912941912e-12
6.517339604882420190e+02 3.168315700434306087e-12
7.232633896483533817e+02 2.729181496771063670e-12
8.026433522257173081e+02 2.348332642439096103e-12
8.907354638610439679e+02 2.018668832276925194e-12
9.884959046625587007e+02 1.733197742810937390e-12
1.096985797892383971e+03 1.486670812528214846e-12
1.217382727739662187e+03 1.273663928789992217e-12
1.350993521198027793e+03 1.089995901544266491e-12
1.499268432786045423e+03 9.317202781326242094e-13
1.663816886076128640e+03 7.955466336283440405e-13
1.846424942895544291e+03 6.784185798449806576e-13
2.049074689815845886e+03 5.779386897349564988e-13
2.273965752357927613e+03 4.915940093577577682e-13
2.523539170434765765e+03 4.177694307910299422e-13
2.800503894183631019e+03 3.544913833582605583e-13
3.107866187782013640e+03 3.004685204038642647e-13
3.448962260405759935e+03 2.543920905388068459e-13
3.827494478516314757e+03 2.151082608841281299e-13
4.247571552536898707e+03 1.816819956978302845e-13
4.713753134116724141e+03 1.532578984759770946e-13
5.231099308056262998e+03 1.291155044083953210e-13
5.805225516094896193e+03 1.086410036497527889e-13
6.442363508721369726e+03 9.129954219050439934e-14
7.149428986597576113e+03 7.664041113614929921e-14
7.934096665797491369e+03 6.425911365950465290e-14
8.804883581643463913e+03 5.381847919674945186e-14
9.771241535346502133e+03 4.501554743990488905e-14
1.084365968689610963e+04 3.760805543735376926e-14
1.203377840777589154e+04 3.138910722485131695e-14
1.335451562929898682e+04 2.616628033613889939e-14
1.482020705798858762e+04 2.178734291291682721e-14
1.644676177994664249e+04 1.812523087059963164e-14
1.825183494319044257e+04 1.506115210404708227e-14
2.025501939230666540e+04 1.250168044413080935e-14
2.247805833548725059e+04 1.036830250316889885e-14
2.494508135230316839e+04 8.588129602902902677e-15
2.768286630392066581e+04 7.108029020209064541e-15
3.072112998861759115e+04 5.876829030101618559e-15
3.409285069746814406e+04 4.854948502685543642e-15
3.783462617131928710e+04 4.006222629464611311e-15
4.198707084443910571e+04 3.303527383120390526e-15
4.659525668664683326e+04 2.721016089836886541e-15
5.170920242896761192e+04 2.239370450782332941e-15
5.738441648302398244e+04 1.841262764138802286e-15
6.368249944718585903e+04 1.512387691081439091e-15
7.067181273927491566e+04 1.241271928179840920e-15
7.842822061337680498e+04 1.017609355919216325e-15
8.703591361485165544e+04 8.334144572449589557e-16
9.658832241158708348e+04 6.819729338393679619e-16
1.071891319205127511e+05 5.574215009058663519e-16
1.189534067370319535e+05 4.550850135001076754e-16
1.320088400831418112e+05 3.712042450004341909e-16
1.464971398307286145e+05 3.023572859717301953e-16
1.625755666443794908e+05 2.460692032613416587e-16
1.804186409392071655e+05 1.999426297259806060e-16
2.002200371815584658e+05 1.622899177089302894e-16
2.221946860939523904e+05 1.315499249548371230e-16
2.465811075822604180e+05 1.064692177442263693e-16
2.736439997074671555e+05 8.607336654136011449e-17
3.036771118035460822e+05 6.945409251754417012e-17
3.370064329271928291e+05 5.596610598187815791e-17
3.739937302478798083e+05 4.502014408704309084e-17
4.150404757850476308e+05 3.615654854603715088e-17
4.605922041145108524e+05 2.898486230230693155e-17
5.111433483440171112e+05 2.318658368536100492e-17
5.672426068491977639e+05 1.851665229060892627e-17
6.294988990221888525e+05 1.475575051308058645e-17
6.985879746785250027e+05 1.173288471757463315e-17
7.752597488629464060e+05 9.307837092834600706e-18
8.603464416684507160e+05 7.367112723845217513e-18
9.547716114208066138e+05 5.815872929220112490e-18
1.059560179277617019e+06 4.578294428616462909e-18
1.175849554052158026e+06 3.595575470663529404e-18
1.304901978014401859e+06 2.814221455546338220e-18
1.448118227674532915e+06 2.195972380007147754e-18
1.607052818261638284e+06 1.707985894033919074e-18
1.783430876931909472e+06 1.323200127201336340e-18
1.979166867853557458e+06 1.021609944468820811e-18
2.196385372416546568e+06 7.852094096791189888e-19
2.437444150122222025e+06 6.008431508391771314e-19
2.704959730463137385e+06 4.575684099351652040e-19
3.001835813575591892e+06 3.465308541516789226e-19
3.331294787934676744e+06 2.609385283298659319e-19
3.696912707195031922e+06 1.953221758416779748e-19
4.102658105827190448e+06 1.451944128889650663e-19
4.552935074866947718e+06 1.071544616502222211e-19
5.052631065335679799e+06 7.846718361139902871e-20
5.607169938205458224e+06 5.697715525678569420e-20
6.222570836730230600e+06 4.101331050086201772e-20
6.905513520162330940e+06 2.924444216920812983e-20
7.663410868007462472e+06 2.065285575292805483e-20
8.504489341802684590e+06 1.443460315645582447e-20
9.437878277775391936e+06 9.980566019649668386e-21
1.047370897959450819e+07 6.823169550235297231e-21
1.162322468679854274e+07 4.612231865876911507e-21
1.289890261253307760e+07 3.079680892711129729e-21
1.431458937523478456e+07 2.031048447367303481e-21
1.588565129428052530e+07 1.321283977278902205e-21
1.762914118095947802e+07 8.467560515676277828e-22
1.956398343517064676e+07 5.339987863690825113e-22
2.171117945694505423e+07 3.309021441182497004e-22
2.409403560239527002e+07 2.012361932012950487e-22
2.673841615839949250e+07 1.195570436701797704e-22
2.967302408188872784e+07 6.948800461999654662e-23
3.292971255097155273e+07 3.953697534687429755e-23
3.654383070957254618e+07 2.215694992587304856e-23
4.055460735840827972e+07 1.217178285929533444e-23
4.500557675700496882e+07 6.599007551656988817e-24
4.994505115855139494e+07 3.540426380117453455e-24
5.542664520663107187e+07 1.880759941564579060e-24
6.150985788580504060e+07 9.705258998874380593e-25
6.826071834272393584e+07 4.760535065756419924e-25
7.575250258771920204e+07 2.162757229223601133e-25
8.406652885618332028e+07 8.989332825964187817e-26
9.329304026284696162e+07 3.412345263154400507e-26
1.035321843295663744e+08 1.174603856932839416e-26
1.148951000187308788e+08 3.670953041201961513e-27
1.275051240713012964e+08 9.560269801234121952e-28
1.414991297434575856e+08 8.870155972383452097e-29
1.570290124729377627e+08 3.841864819780404885e-31
1.742633386009651124e+08 6.947568306242883376e-33
1.933891750455232263e+08 2.734883157483085277e-34
2.146141197858406007e+08 1.030428393143251148e-35
2.381685551976160705e+08 3.088773729984379727e-37
2.643081486974108517e+08 6.952705962806391835e-39
2.933166278390048146e+08 1.126465818607361688e-40
3.255088599835056663e+08 1.264912483050528840e-42
3.612342699709430337e+08 9.486493658571766562e-45
4.008806328898465633e+08 4.568358943597353711e-47
4.448782831127585173e+08 1.393900540105478632e-49
4.937047852839003801e+08 2.956470623583308436e-52
5.478901179593944550e+08 2.293377580920624033e-55
6.080224261649426222e+08 7.967534428661290138e-59
6.747544053110699654e+08 1.203918276788372995e-62
7.488103857590031624e+08 7.092686430164284116e-67
8.309941949353404045e+08 1.432194385363077168e-71
9.221978823334341049e+08 8.507319421431654503e-77
1.023411402105452657e+09 1.237901532045870101e-82
1.135733358343105316e+09 3.539011770491137649e-89
1.260382929679727316e+09 1.498085623133988753e-96
1.398713102647238731e+09 5.861298171925873102e-105
1.552225357427047968e+09 1.301828383562609743e-114
1.722585965398787737e+09 9.326068624310888716e-126
1.911644075385703564e+09 9.189081384245821302e-139
2.121451784910631895e+09 3.448986117317921203e-154
