1.000000000000000000e+02 2.888397392039234267e-11
1.109752496412072134e+02 2.487737046385074970e-11
1.231550603292826196e+02 2.140644051684952418e-11
1.366716356462005990e+02 1.840360188790938285e-11
1.516716888470922413e+02 1.579888866360358574e-11
1.683180353330956791e+02 1.355334126412548625e-11
1.867913599020782840e+02 1.160996059100269900e-11
2.072921779595371845e+02 9.941003290444592970e-12
2.300430119772916839e+02 8.497971633280070780e-12
2.552908068239516410e+02 7.263879781185494067e-12
2.833096101839323637e+02 6.199225899528217141e-12
3.144035471591500368e+02 5.289136077839880654e-12
3.489101213406774491e+02 4.510263788380535352e-12
3.872038781812557318e+02 3.841799129636711192e-12
4.297004704320843871e+02 3.272223547395701808e-12
4.768611697714468960e+02 2.783688381579559480e-12
5.291978735958442712e+02 2.367198317503099028e-12
5.872786613189482523e+02 2.011548730192387105e-12
6.517339604882420190e+02 1.707105055167055543e-12
7.232633896483533817e+02 1.448161754373655856e-12
8.026433522257173081e+02 1.226183265026589654e-12
8.907354638610439679e+02 1.037703322471655827e-12
9.884959046625587007e+02 8.759146008195209933e-13
1.096985797892383971e+03 7.385966232685994759e-13
1.217382727739662187e+03 6.213438006718530455e-13
1.350993521198027793e+03 5.215205823736957973e-13
1.499268432786045423e+03 4.376452613021846650e-13
1.663816886076128640e+03 3.655024148336710720e-13
1.846424942895544291e+03 3.044453963792772814e-13
2.049074689815845886e+03 2.533091543106562986e-13
2.273965752357927613e+03 2.099768538617676419e-13
2.523539170434765765e+03 1.738138555716127139e-13
2.800503894183631019e+03 1.434545340944331266e-13
3.107866187782013640e+03 1.182233508920931772e-13
3.448962260405759935e+03 9.721072912930591243e-14
3.827494478516314757e+03 7.989734256525013227e-14
4.247571552536898707e+03 6.556324315591466312e-14
4.713753134116724141e+03 5.383660745316837250e-14
5.231099308056262998e+03 4.417447627612645765e-14
5.805225516094896193e+03 3.628585720192729805e-14
6.442363508721369726e+03 2.987085463427935799e-14
7.149428986597576113e+03 2.468631001071187774e-14
7.934096665797491369e+03 2.037022495811333482e-14
8.804883581643463913e+03 1.691386193919210500e-14
9.771241535346502133e+03 1.405016716331141149e-14
1.084365968689610963e+04 1.171517986696443130e-14
1.203377840777589154e+04 9.791718855305365584e-15
1.335451562929898682e+04 8.196057710534497956e-15
1.482020705798858762e+04 6.869358106930496866e-15
1.644676177994664249e+04 5.759053799048397562e-15
1.825183494319044257e+04 4.829310380131798448e-15
2.025501939230666540e+04 4.041212401583907673e-15
2.247805833548725059e+04 3.382482370044879932e-15
2.494508135230316839e+04 2.817881546875559071e-15
2.768286630392066581e+04 2.339743123699200968e-15
3.072112998861759115e+04 1.934004563488169213e-15
3.409285069746814406e+04 1.592044201319810210e-15
3.783462617131928710e+04 1.301493670129196980e-15
4.198707084443910571e+04 1.056694671216126279e-15
4.659525668664683326e+04 8.512750163316185174e-16
5.170920242896761192e+04 6.793840780930416303e-16
5.738441648302398244e+04 5.370552837785218135e-16
6.368249944718585903e+04 4.195614840241056831e-16
7.067181273927491566e+04 3.234965562516107649e-16
7.842822061337680498e+04 2.458163546070828137e-16
8.703591361485165544e+04 1.837953024847415383e-16
9.658832241158708348e+04 1.349213348230765319e-16
1.071891319205127511e+05 9.704017383560993499e-17
1.189534067370319535e+05 6.850888655362154925e-17
1.320088400831418112e+05 4.739340915803983243e-17
1.464971398307286145e+05 3.225757065671676817e-17
1.625755666443794908e+05 2.173289168682762881e-17
1.804186409392071655e+05 1.466927793772926549e-17
2.002200371815584658e+05 1.006722626541685942e-17
2.221946860939523904e+05 7.114969344437686197e-18
2.465811075822604180e+05 5.206196357158011775e-18
2.736439997074671555e+05 3.932167473025169663e-18
3.036771118035460822e+05 3.038570403238402167e-18
3.370064329271928291e+05 2.382134713457322232e-18
3.739937302478798083e+05 1.882840004387928073e-18
4.150404757850476308e+05 1.493862161466455823e-18
4.605922041145108524e+05 1.186755938594507482e-18
5.111433483440171112e+05 9.424938746422975102e-19
5.672426068491977639e+05 7.477403476065878287e-19
6.294988990221888525e+05 5.925928704295052000e-19
6.985879746785250027e+05 4.691509886529763182e-19
7.752597488629464060e+05 3.710249657871463707e-19
8.603464416684507160e+05 2.931619941642926122e-19
9.547716114208066138e+05 2.313996213820253975e-19
1.059560179277617019e+06 1.824139142775148121e-19
1.175849554052158026e+06 1.436720399959192007e-19
1.304901978014401859e+06 1.130157117472830460e-19
1.448118227674532915e+06 8.878026345541968668e-20
1.607052818261638284e+06 6.963679311614054273e-20
1.783430876931909472e+06 5.454766506154594785e-20
1.979166867853557458e+06 4.266382892151184604e-20
2.196385372416546568e+06 3.331091897096174156e-20
2.437444150122222025e+06 2.595551550885571281e-20
2.704959730463137385e+06 2.018601266451640920e-20
3.001835813575591892e+06 1.566570735991400605e-20
3.331294787934676744e+06 1.212792489773268825e-20
3.696912707195031922e+06 9.362374854358138439e-21
4.102658105827190448e+06 7.205982206887117350e-21
4.552935074866947718e+06 5.529103421929977454e-21
5.052631065335679799e+06 4.226395413401542265e-21
5.607169938205458224e+06 3.217696830706681124e-21
6.222570836730230600e+06 2.439054024595243934e-21
6.905513520162330940e+06 1.838796732256319021e-21
7.663410868007462472e+06 1.379716191012470070e-21
8.504489341802684590e+06 1.030355911969478976e-21
9.437878277775391936e+06 7.612451847680778769e-22
1.047370897959450819e+07 5.590198549739475413e-22
1.162322468679854274e+07 4.071019005818840028e-22
1.289890261253307760e+07 2.934707290822757171e-22
1.431458937523478456e+07 2.091549470394821354e-22
1.588565129428052530e+07 1.470578882912613295e-22
1.762914118095947802e+07 1.017901213743051441e-22
1.956398343517064676e+07 6.905788447673728112e-23
2.171117945694505423e+07 4.569180535824723571e-23
2.409403560239527002e+07 2.923126720314445473e-23
2.673841615839949250e+07 1.784858107736273694e-23
2.967302408188872784e+07 1.017505595564727149e-23
3.292971255097155273e+07 5.229907060843215065e-24
3.654383070957254618e+07 2.264095650577050047e-24
4.055460735840827972e+07 7.250741271225262485e-25
4.500557675700496882e+07 1.325731410729062310e-25
4.994505115855139494e+07 1.099857557768091070e-26
5.542664520663107187e+07 1.888997253134290053e-28
6.150985788580504060e+07 2.176034211029365443e-31
6.826071834272393584e+07 3.783255384400515431e-35
7.575250258771920204e+07 1.452762026570863534e-40
8.406652885618332028e+07 1.029284605959446268e-49
9.329304026284696162e+07 1.544498548560936434e-68
1.035321843295663744e+08 3.012777749826179955e-115
