1.000000000000000000e+02 4.152310863564385625e-15
1.109752496412072134e+02 3.564448712687313842e-15
1.231550603292826196e+02 3.053136960807817532e-15
1.366716356462005990e+02 2.609485817699688000e-15
1.516716888470922413e+02 2.223624115488131824e-15
1.683180353330956791e+02 1.888418711432486071e-15
1.867913599020782840e+02 1.599177027814379044e-15
2.072921779595371845e+02 1.348467248638188533e-15
2.300430119772916839e+02 1.131805766248092256e-15
2.552908068239516410e+02 9.450833181646545191e-16
2.833096101839323637e+02 7.847615371417954948e-16
3.144035471591500368e+02 6.474410900278550000e-16
3.489101213406774491e+02 5.303354839856942638e-16
3.872038781812557318e+02 4.307240688766414942e-16
4.297004704320843871e+02 3.465752725941516499e-16
4.768611697714468960e+02 2.759243083274582604e-16
5.291978735958442712e+02 2.170308322171499006e-16
5.872786613189482523e+02 1.683325023554799021e-16
6.517339604882420190e+02 1.284890654984155472e-16
7.232633896483533817e+02 9.630510434420607494e-17
8.026433522257173081e+02 7.071015894316218493e-17
8.907354638610439679e+02 5.075465623053290833e-17
9.884959046625587007e+02 3.556971097478522786e-17
1.096985797892383971e+03 2.437064274575332667e-17
1.217382727739662187e+03 1.644066215210146901e-17
1.350993521198027793e+03 1.095426878425095671e-17
1.499268432786045423e+03 7.370371797398431708e-18
1.663816886076128640e+03 5.095293893241419143e-18
1.846424942895544291e+03 3.682019776774691124e-18
2.049074689815845886e+03 2.797991465860324441e-18
2.273965752357927613e+03 2.218781534042470638e-18
2.523539170434765765e+03 1.809012455031744674e-18
2.800503894183631019e+03 1.498707156374247315e-18
3.107866187782013640e+03 1.252028126606679615e-18
3.448962260405759935e+03 1.049982014614798939e-18
3.827494478516314757e+03 8.819757263810600896e-19
4.247571552536898707e+03 7.409235314511813540e-19
4.713753134116724141e+03 6.223740531827388173e-19
5.231099308056262998e+03 5.224830726003877333e-19
5.805225516094896193e+03 4.383789911359897258e-19
6.442363508721369726e+03 3.675994314473985085e-19
7.149428986597576113e+03 3.080350176364767590e-19
7.934096665797491369e+03 2.579271993931363559e-19
8.804883581643463913e+03 2.158586397849145927e-19
9.771241535346502133e+03 1.805307743436198104e-19
1.084365968689610963e+04 1.508948326384346146e-19
1.203377840777589154e+04 1.260338135565180563e-19
1.335451562929898682e+04 1.052115744999665653e-19
1.482020705798858762e+04 8.776394782206036541e-20
1.644676177994664249e+04 7.317278363510834171e-20
1.825183494319044257e+04 6.095229067584025084e-20
2.025501939230666540e+04 5.074625149331619796e-20
2.247805833548725059e+04 4.221444772956584165e-20
2.494508135230316839e+04 3.509364822668008167e-20
2.768286630392066581e+04 2.915031853143044605e-20
3.072112998861759115e+04 2.419463284322240944e-20
3.409285069746814406e+04 2.006554694222653481e-20
3.783462617131928710e+04 1.662690594099942171e-20
4.198707084443910571e+04 1.376476354421950811e-20
4.659525668664683326e+04 1.138550092883960182e-20
5.170920242896761192e+04 9.408478094282851908e-21
5.738441648302398244e+04 7.767167306552833394e-21
6.368249944718585903e+04 6.405194876268246120e-21
7.067181273927491566e+04 5.277315871772423817e-21
7.842822061337680498e+04 4.343324643960866582e-21
8.703591361485165544e+04 3.570138351918346964e-21
9.658832241158708348e+04 2.931757039028778780e-21
1.071891319205127511e+05 2.404239525289683832e-21
1.189534067370319535e+05 1.969534664367140778e-21
1.320088400831418112e+05 1.611392047398137898e-21
1.464971398307286145e+05 1.316514251276314014e-21
1.625755666443794908e+05 1.074398865781012253e-21
1.804186409392071655e+05 8.756032487937064639e-22
2.002200371815584658e+05 7.127238200879976844e-22
2.221946860939523904e+05 5.794084235416784210e-22
2.465811075822604180e+05 4.704954192432080114e-22
2.736439997074671555e+05 3.815979865953590571e-22
3.036771118035460822e+05 3.091482646635440408e-22
3.370064329271928291e+05 2.501262983573399955e-22
3.739937302478798083e+05 2.021477165995910364e-22
4.150404757850476308e+05 1.631558779885228270e-22
4.605922041145108524e+05 1.315111206147411078e-22
5.111433483440171112e+05 1.058891335398961698e-22
5.672426068491977639e+05 8.513304591219153421e-23
6.294988990221888525e+05 6.835233351094816063e-23
6.985879746785250027e+05 5.480578864590767896e-23
7.752597488629464060e+05 4.388499440769150136e-23
8.603464416684507160e+05 3.509077972637191913e-23
9.547716114208066138e+05 2.801963263667343424e-23
1.059560179277617019e+06 2.234212155033017758e-23
1.175849554052158026e+06 1.778728289800010976e-23
1.304901978014401859e+06 1.414157713415001259e-23
1.448118227674532915e+06 1.122689565867054646e-23
1.607052818261638284e+06 8.899069525586459819e-24
1.783430876931909472e+06 7.043678963953601163e-24
1.979166867853557458e+06 5.566509039324297423e-24
2.196385372416546568e+06 4.392623421970201756e-24
2.437444150122222025e+06 3.461079646482141330e-24
2.704959730463137385e+06 2.722925794146235315e-24
3.001835813575591892e+06 2.139042002079530534e-24
3.331294787934676744e+06 1.677474473769320625e-24
3.696912707195031922e+06 1.313497707228044590e-24
4.102658105827190448e+06 1.026866989711692127e-24
4.552935074866947718e+06 8.015152593960595135e-25
5.052631065335679799e+06 6.245017760425021927e-25
5.607169938205458224e+06 4.858030620432408941e-25
6.222570836730230600e+06 3.772450115429503772e-25
6.905513520162330940e+06 2.924203307072065959e-25
7.663410868007462472e+06 2.262574894010399322e-25
8.504489341802684590e+06 1.747595787002601969e-25
9.437878277775391936e+06 1.346959212800896356e-25
1.047370897959450819e+07 1.036165433712709980e-25
1.162322468679854274e+07 7.953295646028767208e-26
1.289890261253307760e+07 6.091231254152867925e-26
1.431458937523478456e+07 4.654681521725301974e-26
1.588565129428052530e+07 3.548058570518521828e-26
1.762914118095947802e+07 2.697457431417809192e-26
1.956398343517064676e+07 2.045149977104968925e-26
2.171117945694505423e+07 1.546028993416813068e-26
2.409403560239527002e+07 1.165078709817930662e-26
2.673841615839949250e+07 8.749867310294863713e-27
2.967302408188872784e+07 6.548057031518113550e-27
3.292971255097155273e+07 4.879524858901956555e-27
3.654383070957254618e+07 3.620206897220634593e-27
4.055460735840827972e+07 2.674642469485401490e-27
4.500557675700496882e+07 1.963627334060098968e-27
4.994505115855139494e+07 1.433894173430376798e-27
5.542664520663107187e+07 1.039720312768719718e-27
6.150985788580504060e+07 7.482684323708210575e-28
6.826071834272393584e+07 5.337872958077820960e-28
7.575250258771920204e+07 3.769012392322054762e-28
8.406652885618332028e+07 2.629746159684490191e-28
9.329304026284696162e+07 1.808834750124958377e-28
1.035321843295663744e+08 1.222927407468072243e-28
1.148951000187308788e+08 8.093706285462958642e-29
1.275051240713012964e+08 5.215482042760765394e-29
1.414991297434575856e+08 3.247675275238105447e-29
1.570290124729377627e+08 1.931110026819653246e-29
1.742633386009651124e+08 1.078089935048754493e-29
1.933891750455232263e+08 5.494777610277872113e-30
2.146141197858406007e+08 2.443246820575178947e-30
2.381685551976160705e+08 8.835401559869389486e-31
2.643081486974108517e+08 2.433515952134395091e-31
2.933166278390048146e+08 3.405366215841812828e-32
