1.000000000000000000e+02 1.689375104127747425e-10
1.109752496412072134e+02 1.457127484357489400e-10
1.231550603292826196e+02 1.256079937921917430e-10
1.366716356462005990e+02 1.081902870326101038e-10
1.516716888470922413e+02 9.312930027975620771e-11
1.683180353330956791e+02 8.010224330705416968e-11
1.867913599020782840e+02 6.885139374679258623e-11
2.072921779595371845e+02 5.913657071539267112e-11
2.300430119772916839e+02 5.098675310580275559e-11
2.552908068239516410e+02 4.353228424182515092e-11
2.833096101839323637e+02 3.730655328679224145e-11
3.144035471591500368e+02 3.194862246240633416e-11
3.489101213406774491e+02 2.733808226735087819e-11
3.872038781812557318e+02 2.337724566400806041e-11
4.297004704320843871e+02 1.997449280826455743e-11
4.768611697714468960e+02 1.705492484306755092e-11
5.291978735958442712e+02 1.455011919292811159e-11
5.872786613189482523e+02 1.240446245413350032e-11
6.517339604882420190e+02 1.056729151952460231e-11
7.232633896483533817e+02 8.994871649405603445e-12
8.026433522257173081e+02 7.651570770884652379e-12
8.907354638610439679e+02 6.503035898448421400e-12
9.884959046625587007e+02 5.523302182059261680e-12
1.096985797892383971e+03 4.686772766685633875e-12
1.217382727739662187e+03 3.974063063256110412e-12
1.350993521198027793e+03 3.367065188021855807e-12
1.499268432786045423e+03 2.850288906049109353e-12
1.663816886076128640e+03 2.411024440393077619e-12
1.846424942895544291e+03 2.037458889329855840e-12
2.049074689815845886e+03 1.720539951405132907e-12
2.273965752357927613e+03 1.451514733055316483e-12
2.523539170434765765e+03 1.223620260272860165e-12
2.800503894183631019e+03 1.030541660799967055e-12
3.107866187782013640e+03 8.672251168627040689e-13
3.448962260405759935e+03 7.291894426923758029e-13
3.827494478516314757e+03 6.125652935492534975e-13
4.247571552536898707e+03 5.141012849280018796e-13
4.713753134116724141e+03 4.311884654085349280e-13
5.231099308056262998e+03 3.613287747511819471e-13
5.805225516094896193e+03 3.025064582700836682e-13
6.442363508721369726e+03 2.530925748341565547e-13
7.149428986597576113e+03 2.115638593389499559e-13
7.934096665797491369e+03 1.767030516194474158e-13
8.804883581643463913e+03 1.474797146653567481e-13
9.771241535346502133e+03 1.229921624984923041e-13
1.084365968689610963e+04 1.024888989666119386e-13
1.203377840777589154e+04 8.533104968925851461e-14
1.335451562929898682e+04 7.100744728175181143e-14
1.482020705798858762e+04 5.902069294318220381e-14
1.644676177994664249e+04 4.902717558780946505e-14
1.825183494319044257e+04 4.069181876819150210e-14
2.025501939230666540e+04 3.378790740536575466e-14
2.247805833548725059e+04 2.795323871183612035e-14
2.494508135230316839e+04 2.313588001689733429e-14
2.768286630392066581e+04 1.913183293485593997e-14
3.072112998861759115e+04 1.580032733819125613e-14
3.409285069746814406e+04 1.303804305331636433e-14
3.783462617131928710e+04 1.074458702931651619e-14
4.198707084443910571e+04 8.842373519682513765e-15
4.659525668664683326e+04 7.269668751548344514e-15
5.170920242896761192e+04 5.967514966570072724e-15
5.738441648302398244e+04 4.890935286036887268e-15
6.368249944718585903e+04 4.003048859442115639e-15
7.067181273927491566e+04 3.270606089545201595e-15
7.842822061337680498e+04 2.666614298282109214e-15
8.703591361485165544e+04 2.171161180221992309e-15
9.658832241158708348e+04 1.763815762237186757e-15
1.071891319205127511e+05 1.429783654709979100e-15
1.189534067370319535e+05 1.156667183502670839e-15
1.320088400831418112e+05 9.336289140688596935e-16
1.464971398307286145e+05 7.518720082054951314e-16
1.625755666443794908e+05 6.039981032495657710e-16
1.804186409392071655e+05 4.841637759908831276e-16
2.002200371815584658e+05 3.870029302857877816e-16
2.221946860939523904e+05 3.086583395788602194e-16
2.465811075822604180e+05 2.454870410014201780e-16
2.736439997074671555e+05 1.947379444222896824e-16
3.036771118035460822e+05 1.540766124913930340e-16
3.370064329271928291e+05 1.215321230213003016e-16
3.739937302478798083e+05 9.559066022151271727e-17
4.150404757850476308e+05 7.494755917307315226e-17
4.605922041145108524e+05 5.853770929155625712e-17
5.111433483440171112e+05 4.553685037340389799e-17
5.672426068491977639e+05 3.530438372648449527e-17
6.294988990221888525e+05 2.722834665232486365e-17
6.985879746785250027e+05 2.089055529363370500e-17
7.752597488629464060e+05 1.593610226742788215e-17
8.603464416684507160e+05 1.208267282374307050e-17
9.547716114208066138e+05 9.089392881542272859e-18
1.059560179277617019e+06 6.789750646844014049e-18
1.175849554052158026e+06 5.029343565009135329e-18
1.304901978014401859e+06 3.693885307040525163e-18
1.448118227674532915e+06 2.686549578900795402e-18
1.607052818261638284e+06 1.936795838152921740e-18
1.783430876931909472e+06 1.383127578990373311e-18
1.979166867853557458e+06 9.791360031962556201e-19
2.196385372416546568e+06 6.870920589153596278e-19
2.437444150122222025e+06 4.788883097741994129e-19
2.704959730463137385e+06 3.318426359305598162e-19
3.001835813575591892e+06 2.288010717502347331e-19
3.331294787934676744e+06 1.572280882440234264e-19
3.696912707195031922e+06 1.076319480330717828e-19
4.102658105827190448e+06 7.337804367451283540e-20
4.552935074866947718e+06 4.968719776481172426e-20
5.052631065335679799e+06 3.329180070214009087e-20
5.607169938205458224e+06 2.194339038249317686e-20
6.222570836730230600e+06 1.420581721167487191e-20
6.905513520162330940e+06 8.804931802215693831e-21
7.663410868007462472e+06 5.288545637857271870e-21
8.504489341802684590e+06 3.019208115518838156e-21
9.437878277775391936e+06 1.614560381246490884e-21
1.047370897959450819e+07 8.128136374688565367e-22
1.162322468679854274e+07 3.756247161084494373e-22
1.289890261253307760e+07 1.591510084083427669e-22
1.431458937523478456e+07 6.125659076197869574e-23
1.588565129428052530e+07 2.107225976787604230e-23
1.762914118095947802e+07 6.402465185194886208e-24
1.956398343517064676e+07 1.698796663870278428e-24
2.171117945694505423e+07 3.899565046436821058e-25
2.409403560239527002e+07 7.647026599906546007e-26
2.673841615839949250e+07 1.265032928773942088e-26
2.967302408188872784e+07 1.742511340573640644e-27
3.292971255097155273e+07 1.973399605682583993e-28
3.654383070957254618e+07 1.812804364685353330e-29
4.055460735840827972e+07 1.330828475563428333e-30
4.500557675700496882e+07 7.681307297144745244e-32
4.994505115855139494e+07 3.427587902229851666e-33
5.542664520663107187e+07 1.155358188510073307e-34
6.150985788580504060e+07 2.882242912568345452e-36
6.826071834272393584e+07 5.165197706834319175e-38
7.575250258771920204e+07 6.421787809851111694e-40
8.406652885618332028e+07 5.323013541871720048e-42
9.329304026284696162e+07 2.816647311141392914e-44
1.035321843295663744e+08 9.075792027387432366e-47
1.148951000187308788e+08 1.682280626026210724e-49
1.275051240713012964e+08 1.677356813695055568e-52
1.414991297434575856e+08 8.409121171159657005e-56
1.570290124729377627e+08 1.953640311729343296e-59
1.742633386009651124e+08 1.897093357330131300e-63
1.933891750455232263e+08 6.816562844058364426e-68
2.146141197858406007e+08 7.984269221289462586e-73
2.381685551976160705e+08 2.667242400170063855e-78
2.643081486974108517e+08 2.182171585949413373e-84
2.933166278390048146e+08 3.722832000140687939e-91
3.255088599835056663e+08 1.036255048239247694e-98
3.612342699709430337e+08 3.616707002378035196e-107
4.008806328898465633e+08 1.240173776276324601e-116
4.448782831127585173e+08 2.852965029546851086e-127
4.937047852839003801e+08 2.746394322764732206e-139
5.478901179593944550e+08 3.014932890549362808e-153
