1.000000000000000000e+02 6.418115008014745903e-17
1.109752496412072134e+02 5.531896958549868773e-17
1.231550603292826196e+02 4.764488139896888636e-17
1.366716356462005990e+02 4.097661057086295595e-17
1.516716888470922413e+02 3.520673628913624505e-17
1.683180353330956791e+02 3.020671051058067078e-17
1.867913599020782840e+02 2.588005490342959578e-17
2.072921779595371845e+02 2.214768309916237520e-17
2.300430119772916839e+02 1.892568896038231924e-17
2.552908068239516410e+02 1.615275827440081443e-17
2.833096101839323637e+02 1.376717478517167297e-17
3.144035471591500368e+02 1.171452077877598859e-17
3.489101213406774491e+02 9.957736405224012608e-18
3.872038781812557318e+02 8.451703153477951558e-18
4.297004704320843871e+02 7.164373379384634401e-18
4.768611697714468960e+02 6.064887857016700336e-18
5.291978735958442712e+02 5.128011341014226320e-18
5.872786613189482523e+02 4.330202404674098878e-18
6.517339604882420190e+02 3.652459100158286050e-18
7.232633896483533817e+02 3.077010818290173655e-18
8.026433522257173081e+02 2.589318236676475686e-18
8.907354638610439679e+02 2.176916903682546476e-18
9.884959046625587007e+02 1.828408573115253993e-18
1.096985797892383971e+03 1.534892530445893097e-18
1.217382727739662187e+03 1.287580820835643216e-18
1.350993521198027793e+03 1.080144696644908544e-18
1.499268432786045423e+03 9.061289708764949416e-19
1.663816886076128640e+03 7.601803075806031984e-19
1.846424942895544291e+03 6.379568929800877783e-19
2.049074689815845886e+03 5.353008545168498941e-19
2.273965752357927613e+03 4.491545480303267626e-19
2.523539170434765765e+03 3.767828610418561157e-19
2.800503894183631019e+03 3.158894633978142313e-19
3.107866187782013640e+03 2.647189174136923469e-19
3.448962260405759935e+03 2.216901671492416957e-19
3.827494478516314757e+03 1.855722646904048510e-19
4.247571552536898707e+03 1.552461841948319707e-19
4.713753134116724141e+03 1.298077892480266501e-19
5.231099308056262998e+03 1.084729571627322325e-19
5.805225516094896193e+03 9.060579188612695730e-20
6.442363508721369726e+03 7.564602188845636876e-20
7.149428986597576113e+03 6.312922695074752749e-20
7.934096665797491369e+03 5.265569082411894919e-20
8.804883581643463913e+03 4.390438617480417902e-20
9.771241535346502133e+03 3.658837178478563583e-20
1.084365968689610963e+04 3.047872440120557454e-20
1.203377840777589154e+04 2.537324478924353186e-20
1.335451562929898682e+04 2.111101471291110556e-20
1.482020705798858762e+04 1.755352416626345299e-20
1.644676177994664249e+04 1.458803201228957123e-20
1.825183494319044257e+04 1.211545021869411110e-20
2.025501939230666540e+04 1.005061624424306966e-20
2.247805833548725059e+04 8.331155956121516573e-21
2.494508135230316839e+04 6.900404925074626227e-21
2.768286630392066581e+04 5.709072661931140901e-21
3.072112998861759115e+04 4.716367701704241588e-21
3.409285069746814406e+04 3.891975996775411929e-21
3.783462617131928710e+04 3.207986523878568670e-21
4.198707084443910571e+04 2.639322332577117447e-21
4.659525668664683326e+04 2.167830104103266529e-21
5.170920242896761192e+04 1.777675418709400449e-21
5.738441648302398244e+04 1.454712094055747101e-21
6.368249944718585903e+04 1.187683276539433925e-21
7.067181273927491566e+04 9.675478049061087674e-22
7.842822061337680498e+04 7.862673461184424420e-22
8.703591361485165544e+04 6.372409640769359341e-22
9.658832241158708348e+04 5.150549539493115259e-22
1.071891319205127511e+05 4.150471902397361089e-22
1.189534067370319535e+05 3.334029508254889669e-22
1.320088400831418112e+05 2.671258728099202330e-22
1.464971398307286145e+05 2.132743669867811609e-22
1.625755666443794908e+05 1.697530334677595083e-22
1.804186409392071655e+05 1.346944791536337717e-22
2.002200371815584658e+05 1.065433792069534631e-22
2.221946860939523904e+05 8.400503002998190250e-23
2.465811075822604180e+05 6.607002381026711737e-23
2.736439997074671555e+05 5.182730345141216279e-23
3.036771118035460822e+05 4.050974541629477004e-23
3.370064329271928291e+05 3.158929860854530992e-23
3.739937302478798083e+05 2.462306505209412851e-23
4.150404757850476308e+05 1.906349614071701604e-23
4.605922041145108524e+05 1.477546302043224241e-23
5.111433483440171112e+05 1.139176428613807335e-23
5.672426068491977639e+05 8.756361203433629199e-24
6.294988990221888525e+05 6.716074185718198394e-24
6.985879746785250027e+05 5.090085086874801092e-24
7.752597488629464060e+05 3.858745955721825235e-24
8.603464416684507160e+05 2.882568316617577720e-24
9.547716114208066138e+05 2.134752681968073304e-24
1.059560179277617019e+06 1.560442258811720437e-24
1.175849554052158026e+06 1.123444991428275101e-24
1.304901978014401859e+06 7.938837368503660941e-25
1.448118227674532915e+06 5.495584641603921409e-25
1.607052818261638284e+06 3.711055302532140398e-25
1.783430876931909472e+06 2.435914414596456335e-25
1.979166867853557458e+06 1.552202210128949618e-25
2.196385372416546568e+06 9.561460784229490036e-26
2.437444150122222025e+06 5.699041471658554390e-26
2.704959730463137385e+06 3.297182820541182244e-26
3.001835813575591892e+06 1.868543031666102077e-26
3.331294787934676744e+06 1.049679552582749909e-26
3.696912707195031922e+06 5.903470411354177295e-27
4.102658105827190448e+06 3.298787547420252938e-27
4.552935074866947718e+06 1.767560159220240765e-27
5.052631065335679799e+06 8.516823920879168826e-28
5.607169938205458224e+06 3.391679105459468000e-28
6.222570836730230600e+06 1.039112114933936705e-28
6.905513520162330940e+06 2.445613719063994696e-29
7.663410868007462472e+06 4.459809966394367157e-30
8.504489341802684590e+06 6.179846756685213206e-31
9.437878277775391936e+06 6.364833284593622451e-32
1.047370897959450819e+07 4.745994530696019713e-33
1.162322468679854274e+07 2.478417082617924006e-34
1.289890261253307760e+07 8.745496931932578538e-36
1.431458937523478456e+07 2.006995691976934087e-37
1.588565129428052530e+07 2.812464319201304156e-39
1.762914118095947802e+07 2.177390475111944731e-41
1.956398343517064676e+07 7.715469051042595980e-44
2.171117945694505423e+07 3.189505874612986831e-48
