1.000000000000000000e+02 2.261172807482692063e-14
1.109752496412072134e+02 1.915965103102867644e-14
1.231550603292826196e+02 1.625666830100197824e-14
1.366716356462005990e+02 1.378664981528368240e-14
1.516716888470922413e+02 1.169087635393336799e-14
1.683180353330956791e+02 9.914385505262468799e-15
1.867913599020782840e+02 8.405108290420720951e-15
2.072921779595371845e+02 7.114705901009075316e-15
2.300430119772916839e+02 6.027843763557157489e-15
2.552908068239516410e+02 5.105557624762810540e-15
2.833096101839323637e+02 4.323014503619188905e-15
3.144035471591500368e+02 3.657374302344038375e-15
3.489101213406774491e+02 3.093548546886608792e-15
3.872038781812557318e+02 2.617676016519494701e-15
4.297004704320843871e+02 2.213280420924523157e-15
4.768611697714468960e+02 1.869245532044566706e-15
5.291978735958442712e+02 1.577526474804032615e-15
5.872786613189482523e+02 1.328493488499280264e-15
6.517339604882420190e+02 1.116730617867486506e-15
7.232633896483533817e+02 9.364742618096361014e-16
8.026433522257173081e+02 7.827470285734661342e-16
8.907354638610439679e+02 6.516900990192703997e-16
9.884959046625587007e+02 5.402023932711224261e-16
1.096985797892383971e+03 4.453774308417580921e-16
1.217382727739662187e+03 3.644502789695113787e-16
1.350993521198027793e+03 2.960285228299297041e-16
1.499268432786045423e+03 2.383231856711388114e-16
1.663816886076128640e+03 1.898053134631631762e-16
1.846424942895544291e+03 1.492767084545248341e-16
2.049074689815845886e+03 1.156812870931813528e-16
2.273965752357927613e+03 8.810632956993222453e-17
2.523539170434765765e+03 6.576014139169625026e-17
2.800503894183631019e+03 4.792483086155573510e-17
3.107866187782013640e+03 3.398615124464094255e-17
3.448962260405759935e+03 2.338569145134430796e-17
3.827494478516314757e+03 1.558252682227603754e-17
4.247571552536898707e+03 1.005519998544134574e-17
4.713753134116724141e+03 6.298910802357847867e-18
5.231099308056262998e+03 3.860252978698789578e-18
5.805225516094896193e+03 2.339141852829393891e-18
6.442363508721369726e+03 1.427863326688685303e-18
7.149428986597576113e+03 8.981115547887364507e-19
7.934096665797491369e+03 5.925256690481792367e-19
8.804883581643463913e+03 4.116324972870217040e-19
9.771241535346502133e+03 2.981434318227420782e-19
1.084365968689610963e+04 2.209036011766875562e-19
1.203377840777589154e+04 1.643705589658641362e-19
1.335451562929898682e+04 1.215636667013767344e-19
1.482020705798858762e+04 8.897709219814862236e-20
1.644676177994664249e+04 6.488558166148541660e-20
1.825183494319044257e+04 4.781366752061431675e-20
2.025501939230666540e+04 3.612108253082388396e-20
2.247805833548725059e+04 2.796373003595472455e-20
2.494508135230316839e+04 2.195315993943791133e-20
2.768286630392066581e+04 1.733468872191018793e-20
3.072112998861759115e+04 1.371107766258596555e-20
3.409285069746814406e+04 1.084709698836151085e-20
3.783462617131928710e+04 8.580612088306616934e-21
4.198707084443910571e+04 6.785934968818259000e-21
4.659525668664683326e+04 5.364221190839027312e-21
5.170920242896761192e+04 4.238176626987169265e-21
5.738441648302398244e+04 3.345568325500926812e-21
6.368249944718585903e+04 2.638831328504468795e-21
7.067181273927491566e+04 2.079597045580782979e-21
7.842822061337680498e+04 1.637675269034484890e-21
8.703591361485165544e+04 1.288360825623267239e-21
9.658832241158708348e+04 1.012650749887699177e-21
1.071891319205127511e+05 7.952317030139202257e-22
1.189534067370319535e+05 6.238664367401060164e-22
1.320088400831418112e+05 4.889348801453466994e-22
1.464971398307286145e+05 3.828403933967895485e-22
1.625755666443794908e+05 2.995056127963219850e-22
1.804186409392071655e+05 2.340665780057389553e-22
2.002200371815584658e+05 1.827646302946505967e-22
2.221946860939523904e+05 1.425807141035233317e-22
2.465811075822604180e+05 1.111371338942485509e-22
2.736439997074671555e+05 8.656273358392838123e-23
3.036771118035460822e+05 6.737973185288033785e-23
3.370064329271928291e+05 5.241630243695151977e-23
3.739937302478798083e+05 4.075899807853255298e-23
4.150404757850476308e+05 3.168765644098252910e-23
4.605922041145108524e+05 2.463094859311490461e-23
5.111433483440171112e+05 1.914448414095404283e-23
5.672426068491977639e+05 1.487955313269435243e-23
6.294988990221888525e+05 1.156292618580372021e-23
6.985879746785250027e+05 8.983697162820650655e-24
7.752597488629464060e+05 6.978065310003462699e-24
8.603464416684507160e+05 5.418760710215387234e-24
9.547716114208066138e+05 4.206317855238533276e-24
1.059560179277617019e+06 3.263921047359515732e-24
1.175849554052158026e+06 2.531511864735503890e-24
1.304901978014401859e+06 1.962499653078020755e-24
1.448118227674532915e+06 1.520522230896008010e-24
1.607052818261638284e+06 1.177390003312826889e-24
1.783430876931909472e+06 9.110687257176313469e-25
1.979166867853557458e+06 7.044830542503209922e-25
2.196385372416546568e+06 5.443366526852497353e-25
2.437444150122222025e+06 4.202410841114361748e-25
2.704959730463137385e+06 3.241614950533060798e-25
3.001835813575591892e+06 2.498139459892606889e-25
3.331294787934676744e+06 1.923188462262929093e-25
3.696912707195031922e+06 1.478995307551913802e-25
4.102658105827190448e+06 1.136199487104987611e-25
4.552935074866947718e+06 8.717491661932370606e-26
5.052631065335679799e+06 6.680069229569403983e-26
5.607169938205458224e+06 5.111561130171537695e-26
6.222570836730230600e+06 3.905698024081657320e-26
6.905513520162330940e+06 2.979858512784367293e-26
7.663410868007462472e+06 2.270055120245204293e-26
8.504489341802684590e+06 1.726404743094026758e-26
9.437878277775391936e+06 1.310576867645281025e-26
1.047370897959450819e+07 9.929223494607757019e-27
1.162322468679854274e+07 7.506662656031046908e-27
1.289890261253307760e+07 5.663006123413757947e-27
1.431458937523478456e+07 4.262195949659681332e-27
1.588565129428052530e+07 3.199439098100333516e-27
1.762914118095947802e+07 2.395092072549712503e-27
1.956398343517064676e+07 1.787577072138178431e-27
2.171117945694505423e+07 1.329909102468325303e-27
2.409403560239527002e+07 9.861085699386004873e-28
2.673841615839949250e+07 7.284418978670901844e-28
2.967302408188872784e+07 5.357092886614966944e-28
3.292971255097155273e+07 3.921670157648804551e-28
3.654383070957254618e+07 2.858446837911794788e-28
4.055460735840827972e+07 2.069977927509499443e-28
4.500557675700496882e+07 1.490432139365993989e-28
4.994505115855139494e+07 1.065586109586054666e-28
5.542664520663107187e+07 7.558733258928531354e-29
6.150985788580504060e+07 5.316050843961737076e-29
6.826071834272393584e+07 3.700674080868895576e-29
7.575250258771920204e+07 2.546826108904379677e-29
8.406652885618332028e+07 1.728897469715749204e-29
9.329304026284696162e+07 1.155673260390998651e-29
1.035321843295663744e+08 7.580266110266548070e-30
1.148951000187308788e+08 4.860953320311601507e-30
1.275051240713012964e+08 3.030312824114446155e-30
1.414991297434575856e+08 1.824941474286548739e-30
1.570290124729377627e+08 1.049277537285224879e-30
1.742633386009651124e+08 5.674495492159985807e-31
1.933891750455232263e+08 2.814291286464276961e-31
2.146141197858406007e+08 1.224330419337946654e-31
2.381685551976160705e+08 4.284577292517903674e-32
2.643081486974108517e+08 9.802055192875625450e-33
2.933166278390048146e+08 5.579225651642862615e-34
