1.000000000000000000e+02 4.953047290305615902e-14
1.109752496412072134e+02 4.216269186541826752e-14
1.231550603292826196e+02 3.587993091846359623e-14
1.366716356462005990e+02 3.051807778979605687e-14
1.516716888470922413e+02 2.595346536647532698e-14
1.683180353330956791e+02 2.206646231715379972e-14
1.867913599020782840e+02 1.875650193338493335e-14
2.072921779595371845e+02 1.594048261359353216e-14
2.300430119772916839e+02 1.363728380890163652e-14
2.552908068239516410e+02 1.150870736529197131e-14
2.833096101839323637e+02 9.776700719905363076e-15
3.144035471591500368e+02 8.303726546712151961e-15
3.489101213406774491e+02 7.052050945081214519e-15
3.872038781812557318e+02 5.987584549511997361e-15
4.297004704320843871e+02 5.084044610144212089e-15
4.768611697714468960e+02 4.315955010857088831e-15
5.291978735958442712e+02 3.663386134482761713e-15
5.872786613189482523e+02 3.109088335003468330e-15
6.517339604882420190e+02 2.638063985984352262e-15
7.232633896483533817e+02 2.238115171422091240e-15
8.026433522257173081e+02 1.898582351188178893e-15
8.907354638610439679e+02 1.610179450631710708e-15
9.884959046625587007e+02 1.365405505742235138e-15
1.096985797892383971e+03 1.157707221932884482e-15
1.217382727739662187e+03 9.813912738651828879e-16
1.350993521198027793e+03 8.318534875509967624e-16
1.499268432786045423e+03 7.049765781451412893e-16
1.663816886076128640e+03 5.973711475222288898e-16
1.846424942895544291e+03 5.060850919668263695e-16
2.049074689815845886e+03 4.287229170795853173e-16
2.273965752357927613e+03 3.631475226021623650e-16
2.523539170434765765e+03 3.075485116725921557e-16
2.800503894183631019e+03 2.604290820427124114e-16
3.107866187782013640e+03 2.205091648194228956e-16
3.448962260405759935e+03 1.866866764355770522e-16
3.827494478516314757e+03 1.580234487047248787e-16
4.247571552536898707e+03 1.337543275520472320e-16
4.713753134116724141e+03 1.131989631143977683e-16
5.231099308056262998e+03 9.578123841945178617e-17
5.805225516094896193e+03 8.103498202484224078e-17
6.442363508721369726e+03 6.854662744364654079e-17
7.149428986597576113e+03 5.798036567514119789e-17
7.934096665797491369e+03 4.902566754327011988e-17
8.804883581643463913e+03 4.144970562147924406e-17
9.771241535346502133e+03 3.503972033296854875e-17
1.084365968689610963e+04 2.961599718199447264e-17
1.203377840777589154e+04 2.502735922787958069e-17
1.335451562929898682e+04 2.114293437928664104e-17
1.482020705798858762e+04 1.786006405295418498e-17
1.644676177994664249e+04 1.508230687643242404e-17
1.825183494319044257e+04 1.273352543554426155e-17
2.025501939230666540e+04 1.074802918389785969e-17
2.247805833548725059e+04 9.070595965756799699e-18
2.494508135230316839e+04 7.651672888851761783e-18
2.768286630392066581e+04 6.453503878290531251e-18
3.072112998861759115e+04 5.441501752643678780e-18
3.409285069746814406e+04 4.587155553433467897e-18
3.783462617131928710e+04 3.865557945892599966e-18
4.198707084443910571e+04 3.256739373855947164e-18
4.659525668664683326e+04 2.742707805676565592e-18
5.170920242896761192e+04 2.309306577545873638e-18
5.738441648302398244e+04 1.943566381279864219e-18
6.368249944718585903e+04 1.635256112880071745e-18
7.067181273927491566e+04 1.375408139181048482e-18
7.842822061337680498e+04 1.156491557841297325e-18
8.703591361485165544e+04 9.721086314379501231e-19
9.658832241158708348e+04 8.167622507451323736e-19
1.071891319205127511e+05 6.860682728292939472e-19
1.189534067370319535e+05 5.760243450975986677e-19
1.320088400831418112e+05 4.834341104513134101e-19
1.464971398307286145e+05 4.055834367440076213e-19
1.625755666443794908e+05 3.401028296871391266e-19
1.804186409392071655e+05 2.850621043640945867e-19
2.002200371815584658e+05 2.388371279727615210e-19
2.221946860939523904e+05 2.000016519119928593e-19
2.465811075822604180e+05 1.673983278772625214e-19
2.736439997074671555e+05 1.400472931880541446e-19
3.036771118035460822e+05 1.170901151514950075e-19
3.370064329271928291e+05 9.785015537348135064e-20
3.739937302478798083e+05 8.171594446392305642e-20
4.150404757850476308e+05 6.821020186396792964e-20
4.605922041145108524e+05 5.689613978944149816e-20
5.111433483440171112e+05 4.743265060698143936e-20
5.672426068491977639e+05 3.951315165560037733e-20
6.294988990221888525e+05 3.289547267822301121e-20
6.985879746785250027e+05 2.736569725239288679e-20
7.752597488629464060e+05 2.274702343544617885e-20
8.603464416684507160e+05 1.889539246402771898e-20
9.547716114208066138e+05 1.568144779874344635e-20
1.059560179277617019e+06 1.300436911954906747e-20
1.175849554052158026e+06 1.077405641179205536e-20
1.304901978014401859e+06 8.918396958952839890e-21
1.448118227674532915e+06 7.375567809365346503e-21
1.607052818261638284e+06 6.093755614824105094e-21
1.783430876931909472e+06 5.029462005654669829e-21
1.979166867853557458e+06 4.146594730394802569e-21
2.196385372416546568e+06 3.415090987676472971e-21
2.437444150122222025e+06 2.809483641101617932e-21
2.704959730463137385e+06 2.308237087888470985e-21
3.001835813575591892e+06 1.894342817075474516e-21
3.331294787934676744e+06 1.552219820788719188e-21
3.696912707195031922e+06 1.270136924037335008e-21
4.102658105827190448e+06 1.037942717003321756e-21
4.552935074866947718e+06 8.467899001349679416e-22
5.052631065335679799e+06 6.897779925342711277e-22
5.607169938205458224e+06 5.609305189405589762e-22
6.222570836730230600e+06 4.551140546046009620e-22
6.905513520162330940e+06 3.686159909377344687e-22
7.663410868007462472e+06 2.979129386738350468e-22
8.504489341802684590e+06 2.402246919481653813e-22
9.437878277775391936e+06 1.932427018219398977e-22
1.047370897959450819e+07 1.550361096232642376e-22
1.162322468679854274e+07 1.240306661832910050e-22
1.289890261253307760e+07 9.885293430806060215e-23
1.431458937523478456e+07 7.854588138719042727e-23
1.588565129428052530e+07 6.213096130263567041e-23
1.762914118095947802e+07 4.896429499287277027e-23
1.956398343517064676e+07 3.838897102195730593e-23
2.171117945694505423e+07 2.994523465232930587e-23
2.409403560239527002e+07 2.318186788718749595e-23
2.673841615839949250e+07 1.783072382327214276e-23
2.967302408188872784e+07 1.360284393767578836e-23
3.292971255097155273e+07 1.028017245790739792e-23
3.654383070957254618e+07 7.680904385500303055e-24
4.055460735840827972e+07 5.660904598954030773e-24
4.500557675700496882e+07 4.111753798996697861e-24
4.994505115855139494e+07 2.928441020884746716e-24
5.542664520663107187e+07 2.039253732639593866e-24
6.150985788580504060e+07 1.379686852579907850e-24
6.826071834272393584e+07 9.005578450060256853e-25
7.575250258771920204e+07 5.616093172832442176e-25
8.406652885618332028e+07 3.301158673101937121e-25
9.329304026284696162e+07 1.791854613100557100e-25
1.035321843295663744e+08 8.748993383383209007e-26
1.148951000187308788e+08 3.722414888906929545e-26
1.275051240713012964e+08 1.349094281937356529e-26
1.414991297434575856e+08 4.285024071611523870e-27
1.570290124729377627e+08 1.135831633670715036e-27
1.742633386009651124e+08 9.760075208666881394e-29
1.933891750455232263e+08 1.092225979670997448e-30
2.146141197858406007e+08 1.380468730322715074e-33
2.381685551976160705e+08 2.350527344700733498e-37
2.643081486974108517e+08 1.117157336112957511e-42
2.933166278390048146e+08 6.325264946694953319e-51
3.255088599835056663e+08 2.470507368929650339e-65
3.612342699709430337e+08 7.484602683078855411e-97
