1.000000000000000000e+02 8.190774321238058423e-12
1.109752496412072134e+02 7.160902052305722219e-12
1.231550603292826196e+02 6.256651889611506429e-12
1.366716356462005990e+02 5.463321365201643540e-12
1.516716888470922413e+02 4.767963290653710188e-12
1.683180353330956791e+02 4.158868298174072567e-12
1.867913599020782840e+02 3.625352070787769414e-12
2.072921779595371845e+02 3.158260898751647564e-12
2.300430119772916839e+02 2.749805604462969648e-12
2.552908068239516410e+02 2.392534357326027878e-12
2.833096101839323637e+02 2.080553372834845038e-12
3.144035471591500368e+02 1.807951882798042527e-12
3.489101213406774491e+02 1.570218575977599987e-12
3.872038781812557318e+02 1.362846636128123652e-12
4.297004704320843871e+02 1.182175610074154730e-12
4.768611697714468960e+02 1.024841195217211193e-12
5.291978735958442712e+02 8.878568794271558896e-13
5.872786613189482523e+02 7.687044196245478828e-13
6.517339604882420190e+02 6.652306320573572016e-13
7.232633896483533817e+02 5.752979966094134666e-13
8.026433522257173081e+02 4.972768971264472587e-13
8.907354638610439679e+02 4.296216232291405740e-13
9.884959046625587007e+02 3.709330015746405130e-13
1.096985797892383971e+03 3.201286542041614660e-13
1.217382727739662187e+03 2.760944711358679214e-13
1.350993521198027793e+03 2.380124331001356027e-13
1.499268432786045423e+03 2.050914427492962546e-13
1.663816886076128640e+03 1.766020971177021816e-13
1.846424942895544291e+03 1.520079201011485494e-13
2.049074689815845886e+03 1.307611242067746703e-13
2.273965752357927613e+03 1.124319714263970896e-13
2.523539170434765765e+03 9.661500847579269433e-14
2.800503894183631019e+03 8.296991627857071788e-14
3.107866187782013640e+03 7.121120268360668297e-14
3.448962260405759935e+03 6.108843281026621022e-14
3.827494478516314757e+03 5.236914421779986185e-14
4.247571552536898707e+03 4.486455945312140463e-14
4.713753134116724141e+03 3.841091211472350860e-14
5.231099308056262998e+03 3.286486337879050260e-14
5.805225516094896193e+03 2.810156724582571895e-14
6.442363508721369726e+03 2.401124557396832518e-14
7.149428986597576113e+03 2.050138659844464777e-14
7.934096665797491369e+03 1.749327792921385723e-14
8.804883581643463913e+03 1.491526005503253588e-14
9.771241535346502133e+03 1.270892179829225844e-14
1.084365968689610963e+04 1.082157309482192873e-14
1.203377840777589154e+04 9.206277443306702027e-15
1.335451562929898682e+04 7.827101071383017850e-15
1.482020705798858762e+04 6.650374040218784350e-15
1.644676177994664249e+04 5.645842362253949769e-15
1.825183494319044257e+04 4.789201166556721138e-15
2.025501939230666540e+04 4.059760994560994313e-15
2.247805833548725059e+04 3.439006498637196326e-15
2.494508135230316839e+04 2.910516846741490109e-15
2.768286630392066581e+04 2.461513408031223089e-15
3.072112998861759115e+04 2.079871162622374611e-15
3.409285069746814406e+04 1.756061403663928299e-15
3.783462617131928710e+04 1.481261023508475784e-15
4.198707084443910571e+04 1.248377555257725818e-15
4.659525668664683326e+04 1.051090083833788340e-15
5.170920242896761192e+04 8.840815738761017559e-16
5.738441648302398244e+04 7.428169588092106808e-16
6.368249944718585903e+04 6.234304022643276881e-16
7.067181273927491566e+04 5.226252994635644599e-16
7.842822061337680498e+04 4.373239473895753035e-16
8.703591361485165544e+04 3.659201434717658120e-16
9.658832241158708348e+04 3.055182799710758693e-16
1.071891319205127511e+05 2.547413669303611482e-16
1.189534067370319535e+05 2.120613930699033256e-16
1.320088400831418112e+05 1.762785427767292432e-16
1.464971398307286145e+05 1.462910708371694270e-16
1.625755666443794908e+05 1.211877680429759791e-16
1.804186409392071655e+05 1.002272016744086729e-16
2.002200371815584658e+05 8.275543043790014931e-17
2.221946860939523904e+05 6.822867428847294692e-17
2.465811075822604180e+05 5.616313084466788434e-17
2.736439997074671555e+05 4.616280058074657542e-17
3.036771118035460822e+05 3.788979754654564426e-17
3.370064329271928291e+05 3.105821275625754634e-17
3.739937302478798083e+05 2.542740657825361657e-17
4.150404757850476308e+05 2.079451084840565429e-17
4.605922041145108524e+05 1.698586841701298433e-17
5.111433483440171112e+05 1.386068364171681407e-17
5.672426068491977639e+05 1.129798704422968653e-17
6.294988990221888525e+05 9.199819482448501091e-18
6.985879746785250027e+05 7.482707931806241318e-18
7.752597488629464060e+05 6.079796871006368153e-18
8.603464416684507160e+05 4.934724706886869003e-18
9.547716114208066138e+05 4.000419282403206778e-18
1.059560179277617019e+06 3.239081090717810407e-18
1.175849554052158026e+06 2.619579537294441128e-18
1.304901978014401859e+06 2.115625318025840642e-18
1.448118227674532915e+06 1.706575067571440366e-18
1.607052818261638284e+06 1.374602979773817152e-18
1.783430876931909472e+06 1.105459119609034095e-18
1.979166867853557458e+06 8.878536419546184472e-19
2.196385372416546568e+06 7.118677246957192317e-19
2.437444150122222025e+06 5.699220149047145371e-19
2.704959730463137385e+06 4.554849348848242553e-19
3.001835813575591892e+06 3.634139663322754629e-19
3.331294787934676744e+06 2.894042409763739121e-19
3.696912707195031922e+06 2.300136477426765699e-19
4.102658105827190448e+06 1.824501222355541038e-19
4.552935074866947718e+06 1.444175446693057235e-19
5.052631065335679799e+06 1.140589705535583394e-19
5.607169938205458224e+06 8.986286252708253923e-20
6.222570836730230600e+06 7.061233469121897758e-20
6.905513520162330940e+06 5.535447866576977944e-20
7.663410868007462472e+06 4.324707151882333859e-20
8.504489341802684590e+06 3.368828976266978987e-20
9.437878277775391936e+06 2.615660545450120857e-20
1.047370897959450819e+07 2.023782903643301220e-20
1.162322468679854274e+07 1.560099404475979619e-20
1.289890261253307760e+07 1.197756771740673652e-20
1.431458937523478456e+07 9.158036234448882485e-21
1.588565129428052530e+07 6.968729944368319788e-21
1.762914118095947802e+07 5.277460546935696647e-21
1.956398343517064676e+07 3.975943748287163213e-21
2.171117945694505423e+07 2.979356540941795888e-21
2.409403560239527002e+07 2.220139370618924083e-21
2.673841615839949250e+07 1.645300238976040921e-21
2.967302408188872784e+07 1.211966481782478010e-21
3.292971255097155273e+07 8.862185976702752983e-22
3.654383070957254618e+07 6.419914547704935615e-22
4.055460735840827972e+07 4.596343557116233837e-22
4.500557675700496882e+07 3.252761784716817444e-22
4.994505115855139494e+07 2.274445777131358140e-22
5.542664520663107187e+07 1.569162166101139563e-22
6.150985788580504060e+07 1.065561726050075311e-22
6.826071834272393584e+07 7.089658270022076332e-23
7.575250258771920204e+07 4.612407513846235897e-23
8.406652885618332028e+07 2.930714418198245885e-23
9.329304026284696162e+07 1.809625315376239751e-23
1.035321843295663744e+08 1.071485407309788205e-23
1.148951000187308788e+08 5.997812185573595993e-24
1.275051240713012964e+08 2.989322201302094009e-24
1.414991297434575856e+08 1.185030718035118536e-24
1.570290124729377627e+08 2.992616242612631177e-25
1.742633386009651124e+08 4.997323230379748669e-26
1.933891750455232263e+08 6.587163302640065020e-27
2.146141197858406007e+08 6.544436276419653600e-28
2.381685551976160705e+08 4.191943922295128971e-29
2.643081486974108517e+08 1.737965675482621105e-30
2.933166278390048146e+08 4.957710595156307647e-32
3.255088599835056663e+08 1.015510941263638979e-33
3.612342699709430337e+08 1.567566379055607067e-35
4.008806328898465633e+08 1.850046123153880679e-37
4.448782831127585173e+08 1.845627729582926886e-39
4.937047852839003801e+08 2.814668300388677182e-41
5.478901179593944550e+08 2.136492034223654673e-43
6.080224261649426222e+08 1.121767281308406146e-45
6.747544053110699654e+08 4.755730497677634587e-48
7.488103857590031624e+08 1.616781758066546917e-50
8.309941949353404045e+08 4.338524827646685957e-53
9.221978823334341049e+08 8.539709590673732628e-56
