1.000000000000000000e+02 1.120758038422401744e-12
1.109752496412072134e+02 9.293105887657504619e-13
1.231550603292826196e+02 7.689390676193183396e-13
1.366716356462005990e+02 6.347575787755582948e-13
1.516716888470922413e+02 5.226993771916750388e-13
1.683180353330956791e+02 4.290609756556549875e-13
1.867913599020782840e+02 3.511836525419944432e-13
2.072921779595371845e+02 2.863698411313754741e-13
2.300430119772916839e+02 2.325856745602046674e-13
2.552908068239516410e+02 1.881912949174361558e-13
2.833096101839323637e+02 1.515474087460147596e-13
3.144035471591500368e+02 1.215521176750226355e-13
3.489101213406774491e+02 9.707707362874730118e-14
3.872038781812557318e+02 7.722992005428966434e-14
4.297004704320843871e+02 6.121520838193148304e-14
4.768611697714468960e+02 4.839113685436144613e-14
5.291978735958442712e+02 3.815356010026816838e-14
5.872786613189482523e+02 3.006913803959969618e-14
6.517339604882420190e+02 2.368553202989692365e-14
7.232633896483533817e+02 1.868553539876790295e-14
8.026433522257173081e+02 1.477908657999559336e-14
8.907354638610439679e+02 1.172895681104727534e-14
9.884959046625587007e+02 9.363835188693473974e-15
1.096985797892383971e+03 7.520670630997187903e-15
1.217382727739662187e+03 6.083337912363149932e-15
1.350993521198027793e+03 4.955833762904986616e-15
1.499268432786045423e+03 4.070148174106890746e-15
1.663816886076128640e+03 3.364748894965404011e-15
1.846424942895544291e+03 2.800458171818817904e-15
2.049074689815845886e+03 2.345069070431044082e-15
2.273965752357927613e+03 1.972389600098545847e-15
2.523539170434765765e+03 1.666458436600982904e-15
2.800503894183631019e+03 1.411778646766697467e-15
3.107866187782013640e+03 1.199085783786744052e-15
3.448962260405759935e+03 1.019994382990546482e-15
3.827494478516314757e+03 8.684222976562696959e-16
4.247571552536898707e+03 7.388615451838108598e-16
4.713753134116724141e+03 6.288687783604377303e-16
5.231099308056262998e+03 5.347186687949597296e-16
5.805225516094896193e+03 4.537439565900611047e-16
6.442363508721369726e+03 3.841110781536219906e-16
7.149428986597576113e+03 3.244800362295594232e-16
7.934096665797491369e+03 2.733200469096850933e-16
8.804883581643463913e+03 2.294044959175463248e-16
9.771241535346502133e+03 1.917086517816825219e-16
1.084365968689610963e+04 1.596771233336733704e-16
1.203377840777589154e+04 1.324827505135403960e-16
1.335451562929898682e+04 1.091634758017290615e-16
1.482020705798858762e+04 8.952463896669455752e-17
1.644676177994664249e+04 7.303651196584125189e-17
1.825183494319044257e+04 5.933763614549485082e-17
2.025501939230666540e+04 4.782644798049420121e-17
2.247805833548725059e+04 3.842738046518151356e-17
2.494508135230316839e+04 3.072484691768417201e-17
2.768286630392066581e+04 2.440741437897819063e-17
3.072112998861759115e+04 1.930024827326907471e-17
3.409285069746814406e+04 1.523819257221199536e-17
3.783462617131928710e+04 1.202256059467319047e-17
4.198707084443910571e+04 9.490464656131117782e-18
4.659525668664683326e+04 7.506725038119751521e-18
5.170920242896761192e+04 5.963726563332148037e-18
5.738441648302398244e+04 4.762937176288941992e-18
6.368249944718585903e+04 3.826703657710513199e-18
7.067181273927491566e+04 3.095376013647804300e-18
7.842822061337680498e+04 2.520683698577509706e-18
8.703591361485165544e+04 2.065279852026452312e-18
9.658832241158708348e+04 1.700132062705115348e-18
1.071891319205127511e+05 1.405486976947463995e-18
1.189534067370319535e+05 1.164989011980265457e-18
1.320088400831418112e+05 9.674846717200916765e-19
1.464971398307286145e+05 8.044680486960017264e-19
1.625755666443794908e+05 6.693889204045981978e-19
1.804186409392071655e+05 5.569997963738616464e-19
2.002200371815584658e+05 4.633482727342649641e-19
2.221946860939523904e+05 3.851709710110743004e-19
2.465811075822604180e+05 3.199324500633446903e-19
2.736439997074671555e+05 2.654252149279577577e-19
3.036771118035460822e+05 2.199957261876899715e-19
3.370064329271928291e+05 1.821418958655511847e-19
3.739937302478798083e+05 1.506508582826297321e-19
4.150404757850476308e+05 1.244502016378285422e-19
4.605922041145108524e+05 1.027028157311448152e-19
5.111433483440171112e+05 8.465357325885731940e-20
5.672426068491977639e+05 6.971215421659629402e-20
6.294988990221888525e+05 5.732344244135661026e-20
6.985879746785250027e+05 4.708455842818952871e-20
7.752597488629464060e+05 3.861536944447179175e-20
8.603464416684507160e+05 3.163119342739619489e-20
9.547716114208066138e+05 2.587327504314363145e-20
1.059560179277617019e+06 2.113155933233948151e-20
1.175849554052158026e+06 1.723190904010800425e-20
1.304901978014401859e+06 1.403034607409147041e-20
1.448118227674532915e+06 1.140594838957418292e-20
1.607052818261638284e+06 9.255541862032379389e-21
1.783430876931909472e+06 7.498401173285837918e-21
1.979166867853557458e+06 6.062667680552848201e-21
2.196385372416546568e+06 4.893739852029295330e-21
2.437444150122222025e+06 3.941722374873341079e-21
2.704959730463137385e+06 3.169255860025385841e-21
3.001835813575591892e+06 2.542802277165762771e-21
3.331294787934676744e+06 2.035689225045486433e-21
3.696912707195031922e+06 1.626791695634005118e-21
4.102658105827190448e+06 1.296542450636162873e-21
4.552935074866947718e+06 1.031121793830477432e-21
5.052631065335679799e+06 8.183036982854370580e-22
5.607169938205458224e+06 6.477107905903747118e-22
6.222570836730230600e+06 5.115002634685624036e-22
6.905513520162330940e+06 4.028719418620726203e-22
7.663410868007462472e+06 3.165193155945941314e-22
8.504489341802684590e+06 2.480204734005369832e-22
9.437878277775391936e+06 1.938074454404919854e-22
1.047370897959450819e+07 1.510228580490207393e-22
1.162322468679854274e+07 1.173600752957250585e-22
1.289890261253307760e+07 9.095002194370763996e-23
1.431458937523478456e+07 7.026646689822568103e-23
1.588565129428052530e+07 5.412111909377023592e-23
1.762914118095947802e+07 4.155971129319386871e-23
1.956398343517064676e+07 3.180966668709883261e-23
2.171117945694505423e+07 2.426965670938340849e-23
2.409403560239527002e+07 1.845088133379076921e-23
2.673841615839949250e+07 1.397705568739345080e-23
2.967302408188872784e+07 1.055086736909405090e-23
3.292971255097155273e+07 7.931246412657701796e-24
3.654383070957254618e+07 5.936550400797992411e-24
4.055460735840827972e+07 4.425779244727601203e-24
4.500557675700496882e+07 3.280548115735185302e-24
4.994505115855139494e+07 2.420628476054740317e-24
5.542664520663107187e+07 1.775316654836618415e-24
6.150985788580504060e+07 1.293839050740110318e-24
6.826071834272393584e+07 9.360992332954891437e-25
7.575250258771920204e+07 6.718341624807909821e-25
8.406652885618332028e+07 4.776685192072126076e-25
9.329304026284696162e+07 3.359574023049785454e-25
1.035321843295663744e+08 2.332886538737621947e-25
1.148951000187308788e+08 1.595768990517181266e-25
1.275051240713012964e+08 1.071650566543803136e-25
1.414991297434575856e+08 7.036929872532555957e-26
1.570290124729377627e+08 4.491072656460784307e-26
1.742633386009651124e+08 2.765665686842489638e-26
1.933891750455232263e+08 1.623268465751109031e-26
2.146141197858406007e+08 8.941863244375908610e-27
2.381685551976160705e+08 4.500950949208277810e-27
2.643081486974108517e+08 1.984560741348809260e-27
2.933166278390048146e+08 7.127929331614710992e-28
3.255088599835056663e+08 1.765310744226021055e-28
3.612342699709430337e+08 1.571499400038902897e-29
