1.000000000000000000e+02 3.192422439713143979e-12
1.109752496412072134e+02 2.740377930860608260e-12
1.231550603292826196e+02 2.350356855183599902e-12
1.366716356462005990e+02 2.014876023207382201e-12
1.516716888470922413e+02 1.725943702108974853e-12
1.683180353330956791e+02 1.477429026818338007e-12
1.867913599020782840e+02 1.263554960343579361e-12
2.072921779595371845e+02 1.080097261004151144e-12
2.300430119772916839e+02 9.223154641013892106e-13
2.552908068239516410e+02 7.871160178759505043e-13
2.833096101839323637e+02 6.710391945112504962e-13
3.144035471591500368e+02 5.716790090243454734e-13
3.489101213406774491e+02 4.865863179068878253e-13
3.872038781812557318e+02 4.138507596196081545e-13
4.297004704320843871e+02 3.516198943915458234e-13
4.768611697714468960e+02 2.985029464017252350e-13
5.291978735958442712e+02 2.531687616473244765e-13
5.872786613189482523e+02 2.145482074982093134e-13
6.517339604882420190e+02 1.816421837527436102e-13
7.232633896483533817e+02 1.536464472742570700e-13
8.026433522257173081e+02 1.298519845800428535e-13
8.907354638610439679e+02 1.096504752779599250e-13
9.884959046625587007e+02 9.250857543615637242e-14
1.096985797892383971e+03 7.798543068568744718e-14
1.217382727739662187e+03 6.567946799804876070e-14
1.350993521198027793e+03 5.527959563583929118e-14
1.499268432786045423e+03 4.647991664839502339e-14
1.663816886076128640e+03 3.905397843735823568e-14
1.846424942895544291e+03 3.279616216679267263e-14
2.049074689815845886e+03 2.751448025452870266e-14
2.273965752357927613e+03 2.307157323182069306e-14
2.523539170434765765e+03 1.932935944097672013e-14
2.800503894183631019e+03 1.618280294559086910e-14
3.107866187782013640e+03 1.354118249757383148e-14
3.448962260405759935e+03 1.132162906996187544e-14
3.827494478516314757e+03 9.459313359523301274e-15
4.247571552536898707e+03 7.898242131026821528e-15
4.713753134116724141e+03 6.590496821073172572e-15
5.231099308056262998e+03 5.495072192737671534e-15
5.805225516094896193e+03 4.578198070257593531e-15
6.442363508721369726e+03 3.812115089582021461e-15
7.149428986597576113e+03 3.171818951869954275e-15
7.934096665797491369e+03 2.637033212548187559e-15
8.804883581643463913e+03 2.191059647127020859e-15
9.771241535346502133e+03 1.819137596836981196e-15
1.084365968689610963e+04 1.509094337918583837e-15
1.203377840777589154e+04 1.251110389840554112e-15
1.335451562929898682e+04 1.036464071094617417e-15
1.482020705798858762e+04 8.579281687279304861e-16
1.644676177994664249e+04 7.096557106670608422e-16
1.825183494319044257e+04 5.865277388333999528e-16
2.025501939230666540e+04 4.843625059077047612e-16
2.247805833548725059e+04 3.997536332303525455e-16
2.494508135230316839e+04 3.295879636816599632e-16
2.768286630392066581e+04 2.715384148897212490e-16
3.072112998861759115e+04 2.235081290475262355e-16
3.409285069746814406e+04 1.838633529183499544e-16
3.783462617131928710e+04 1.510862448504488997e-16
4.198707084443910571e+04 1.240722743223492511e-16
4.659525668664683326e+04 1.017858775953181012e-16
5.170920242896761192e+04 8.342365259654385765e-17
5.738441648302398244e+04 6.831897631653059924e-17
6.368249944718585903e+04 5.589605160205491765e-17
7.067181273927491566e+04 4.568927105597933814e-17
7.842822061337680498e+04 3.730322962983768948e-17
8.703591361485165544e+04 3.042637228769858125e-17
9.658832241158708348e+04 2.478801966754752955e-17
1.071891319205127511e+05 2.017189823131706764e-17
1.189534067370319535e+05 1.639353586670165462e-17
1.320088400831418112e+05 1.330733431300940112e-17
1.464971398307286145e+05 1.078500528703599967e-17
1.625755666443794908e+05 8.728421307409765039e-18
1.804186409392071655e+05 7.053178876072194921e-18
2.002200371815584658e+05 5.690121027091206823e-18
2.221946860939523904e+05 4.582423810650620766e-18
2.465811075822604180e+05 3.684096867366740072e-18
2.736439997074671555e+05 2.956200099373362237e-18
3.036771118035460822e+05 2.367088707538115025e-18
3.370064329271928291e+05 1.890798404796046577e-18
3.739937302478798083e+05 1.508503476458430502e-18
4.150404757850476308e+05 1.200309295652551734e-18
4.605922041145108524e+05 9.527015903861710342e-19
5.111433483440171112e+05 7.546698930963613041e-19
5.672426068491977639e+05 5.958492003003712669e-19
6.294988990221888525e+05 4.695567416614438460e-19
6.985879746785250027e+05 3.687459851291807070e-19
7.752597488629464060e+05 2.887949318317451432e-19
8.603464416684507160e+05 2.252869866040371714e-19
9.547716114208066138e+05 1.751899995844104717e-19
1.059560179277617019e+06 1.356854969094721389e-19
1.175849554052158026e+06 1.046736492415867718e-19
1.304901978014401859e+06 8.039652486594321805e-20
1.448118227674532915e+06 6.145820822312307442e-20
1.607052818261638284e+06 4.675292319591665573e-20
1.783430876931909472e+06 3.538932028116968510e-20
1.979166867853557458e+06 2.663566537218053963e-20
2.196385372416546568e+06 1.994548857039482789e-20
2.437444150122222025e+06 1.483932768118692848e-20
2.704959730463137385e+06 1.097466727343693619e-20
3.001835813575591892e+06 8.064862475581853383e-21
3.331294787934676744e+06 5.891008793016777901e-21
3.696912707195031922e+06 4.271424503160304044e-21
4.102658105827190448e+06 3.074375159341068978e-21
4.552935074866947718e+06 2.195574447582474567e-21
5.052631065335679799e+06 1.554876990476658686e-21
5.607169938205458224e+06 1.089754078831171454e-21
6.222570836730230600e+06 7.543897056722478755e-22
6.905513520162330940e+06 5.147200811654539846e-22
7.663410868007462472e+06 3.437158845134769912e-22
8.504489341802684590e+06 2.258342756824110279e-22
9.437878277775391936e+06 1.437950366097659140e-22
1.047370897959450819e+07 8.838450356594649719e-23
1.162322468679854274e+07 5.234820820867465570e-23
1.289890261253307760e+07 2.974926304261231510e-23
1.431458937523478456e+07 1.628073947213905820e-23
1.588565129428052530e+07 8.744795653264833970e-24
1.762914118095947802e+07 4.781257619001325079e-24
1.956398343517064676e+07 2.777657697566242862e-24
2.171117945694505423e+07 1.761247654847377666e-24
2.409403560239527002e+07 1.220261839336656220e-24
2.673841615839949250e+07 8.857553521654897538e-25
2.967302408188872784e+07 6.549841332630325383e-25
3.292971255097155273e+07 4.835974640930897356e-25
3.654383070957254618e+07 3.526978592437948296e-25
4.055460735840827972e+07 2.524027783886941429e-25
4.500557675700496882e+07 1.761688962292930761e-25
4.994505115855139494e+07 1.192331525412174687e-25
5.542664520663107187e+07 7.772763263913375526e-26
6.150985788580504060e+07 4.848458389453505498e-26
6.826071834272393584e+07 2.883864231300747679e-26
7.575250258771920204e+07 1.640375855083610350e-26
8.406652885618332028e+07 8.957283616191270651e-27
9.329304026284696162e+07 4.532387645918939494e-27
1.035321843295663744e+08 1.810463790727708848e-27
1.148951000187308788e+08 4.580891447898677210e-28
1.275051240713012964e+08 6.607059499343980906e-29
1.414991297434575856e+08 6.172411594262801614e-30
1.570290124729377627e+08 4.122647390408776249e-31
1.742633386009651124e+08 2.090744379442455995e-32
1.933891750455232263e+08 8.356973606813132872e-34
2.146141197858406007e+08 2.698182326264181834e-35
2.381685551976160705e+08 7.134130155542879834e-37
2.643081486974108517e+08 1.560226799730911189e-38
2.933166278390048146e+08 2.834547450927016283e-40
3.255088599835056663e+08 4.285608545312566551e-42
3.612342699709430337e+08 5.385301007128808140e-44
4.008806328898465633e+08 5.597560356802008293e-46
4.448782831127585173e+08 4.770827043143222682e-48
4.937047852839003801e+08 3.292495596116476158e-50
5.478901179593944550e+08 1.807324921875688551e-52
6.080224261649426222e+08 7.694270110931530992e-55
6.747544053110699654e+08 2.447043647875075265e-57
7.488103857590031624e+08 5.483644994010078814e-60
8.309941949353404045e+08 7.828312560817731222e-63
9.221978823334341049e+08 5.477432768266444795e-66
