1.000000000000000000e+02 9.210435791956415832e-12
1.109752496412072134e+02 7.794687664510109517e-12
1.231550603292826196e+02 6.590898002345120624e-12
1.366716356462005990e+02 5.560772446553980657e-12
1.516716888470922413e+02 4.682274037480186347e-12
1.683180353330956791e+02 3.937635649280159890e-12
1.867913599020782840e+02 3.301595667916169339e-12
2.072921779595371845e+02 2.763669663498895597e-12
2.300430119772916839e+02 2.308621056788637473e-12
2.552908068239516410e+02 1.922997075074743233e-12
2.833096101839323637e+02 1.599078270754661409e-12
3.144035471591500368e+02 1.324443253681570089e-12
3.489101213406774491e+02 1.096184692880927378e-12
3.872038781812557318e+02 9.032523838032147100e-13
4.297004704320843871e+02 7.431871130712288339e-13
4.768611697714468960e+02 6.098302235616863614e-13
5.291978735958442712e+02 4.988812521374859022e-13
5.872786613189482523e+02 4.075526418944659423e-13
6.517339604882420190e+02 3.317744625573152357e-13
7.232633896483533817e+02 2.697331925797415620e-13
8.026433522257173081e+02 2.188423047429830963e-13
8.907354638610439679e+02 1.773697784700619000e-13
9.884959046625587007e+02 1.435064635015248947e-13
1.096985797892383971e+03 1.160642613661532059e-13
1.217382727739662187e+03 9.380330320267332990e-14
1.350993521198027793e+03 7.581566175625539474e-14
1.499268432786045423e+03 6.129216534905038170e-14
1.663816886076128640e+03 4.957640405084501910e-14
1.846424942895544291e+03 4.013690695872433125e-14
2.049074689815845886e+03 3.251732436491970147e-14
2.273965752357927613e+03 2.637438602492389438e-14
2.523539170434765765e+03 2.139768369287265076e-14
2.800503894183631019e+03 1.737571532896732813e-14
3.107866187782013640e+03 1.410703839010126850e-14
3.448962260405759935e+03 1.145308763562829431e-14
3.827494478516314757e+03 9.290264521113108366e-15
4.247571552536898707e+03 7.527344519348813203e-15
4.713753134116724141e+03 6.091576903271886630e-15
5.231099308056262998e+03 4.915881930521006505e-15
5.805225516094896193e+03 3.962109052589418742e-15
6.442363508721369726e+03 3.180558465034689799e-15
7.149428986597576113e+03 2.551355059072150687e-15
7.934096665797491369e+03 2.035803394444841749e-15
8.804883581643463913e+03 1.624123424261893840e-15
9.771241535346502133e+03 1.288248637499004288e-15
1.084365968689610963e+04 1.022256913590574695e-15
1.203377840777589154e+04 8.110387854430341282e-16
1.335451562929898682e+04 6.395123198477490454e-16
1.482020705798858762e+04 5.068462906381375116e-16
1.644676177994664249e+04 3.998794711196894457e-16
1.825183494319044257e+04 3.164337619059703434e-16
2.025501939230666540e+04 2.511118104877516342e-16
2.247805833548725059e+04 1.993489480643479778e-16
2.494508135230316839e+04 1.588514850507678452e-16
2.768286630392066581e+04 1.271055712735217784e-16
3.072112998861759115e+04 1.019499185629862242e-16
3.409285069746814406e+04 8.203815670690725965e-17
3.783462617131928710e+04 6.623086175380542413e-17
4.198707084443910571e+04 5.355114170017207323e-17
4.659525668664683326e+04 4.337388369697358946e-17
5.170920242896761192e+04 3.514047264980401172e-17
5.738441648302398244e+04 2.844907475947284538e-17
6.368249944718585903e+04 2.299477161569576822e-17
7.067181273927491566e+04 1.854165720800728252e-17
7.842822061337680498e+04 1.489371236655901371e-17
8.703591361485165544e+04 1.191311119841676105e-17
9.658832241158708348e+04 9.471610068632999806e-18
1.071891319205127511e+05 7.489301903753402542e-18
1.189534067370319535e+05 5.878273043351740728e-18
1.320088400831418112e+05 4.580877269482656431e-18
1.464971398307286145e+05 3.538786681236557124e-18
1.625755666443794908e+05 2.712923739574640366e-18
1.804186409392071655e+05 2.062801777299571075e-18
2.002200371815584658e+05 1.561545544340471201e-18
2.221946860939523904e+05 1.180585132739905152e-18
2.465811075822604180e+05 8.926530886010894690e-19
2.736439997074671555e+05 6.799046879417490710e-19
3.036771118035460822e+05 5.246510693729163535e-19
3.370064329271928291e+05 4.119466248370215611e-19
3.739937302478798083e+05 3.296516247540764556e-19
4.150404757850476308e+05 2.682310794855036980e-19
4.605922041145108524e+05 2.210218610158595351e-19
5.111433483440171112e+05 1.836659501996424326e-19
5.672426068491977639e+05 1.533899738426132672e-19
6.294988990221888525e+05 1.284353493050003838e-19
6.985879746785250027e+05 1.076565012067873092e-19
7.752597488629464060e+05 9.025675653258034124e-20
8.603464416684507160e+05 7.564879165837638460e-20
9.547716114208066138e+05 6.336892676204747819e-20
1.059560179277617019e+06 5.303832390420187147e-20
1.175849554052158026e+06 4.435391908151289944e-20
1.304901978014401859e+06 3.705766577917323650e-20
1.448118227674532915e+06 3.093034896892069606e-20
1.607052818261638284e+06 2.579214117989569652e-20
1.783430876931909472e+06 2.148566902178842941e-20
1.979166867853557458e+06 1.787613482323945038e-20
2.196385372416546568e+06 1.485497879668757304e-20
2.437444150122222025e+06 1.232801198810977473e-20
2.704959730463137385e+06 1.021681874983197355e-20
3.001835813575591892e+06 8.452862698108644557e-21
3.331294787934676744e+06 6.983069255336750638e-21
3.696912707195031922e+06 5.759156740069226770e-21
4.102658105827190448e+06 4.740603860960956350e-21
4.552935074866947718e+06 3.894698517127828258e-21
5.052631065335679799e+06 3.193453182579446356e-21
5.607169938205458224e+06 2.611894736514322634e-21
6.222570836730230600e+06 2.130045982595509959e-21
6.905513520162330940e+06 1.733760563047726673e-21
7.663410868007462472e+06 1.404748829173138463e-21
8.504489341802684590e+06 1.134423732529752773e-21
9.437878277775391936e+06 9.136666318421045655e-22
1.047370897959450819e+07 7.322187816064173256e-22
1.162322468679854274e+07 5.842370667719576789e-22
1.289890261253307760e+07 4.636613804875235665e-22
1.431458937523478456e+07 3.656774994274604684e-22
1.588565129428052530e+07 2.865586787073943019e-22
1.762914118095947802e+07 2.228276039109129764e-22
1.956398343517064676e+07 1.716593798585857560e-22
2.171117945694505423e+07 1.310881105334955997e-22
2.409403560239527002e+07 9.887566241932428370e-23
2.673841615839949250e+07 7.357918009503656425e-23
2.967302408188872784e+07 5.387534993340993172e-23
3.292971255097155273e+07 3.871513461339582732e-23
3.654383070957254618e+07 2.718278997391371485e-23
4.055460735840827972e+07 1.859809438850910520e-23
4.500557675700496882e+07 1.231385318737266852e-23
4.994505115855139494e+07 7.846116665611617012e-24
5.542664520663107187e+07 4.783947009792506237e-24
6.150985788580504060e+07 2.778425659158195822e-24
6.826071834272393584e+07 1.536549301205685560e-24
7.575250258771920204e+07 8.095126592273100054e-25
8.406652885618332028e+07 3.985552066115393298e-25
9.329304026284696162e+07 1.650542650589099491e-25
1.035321843295663744e+08 4.156974349573906307e-26
1.148951000187308788e+08 3.538334365546553065e-27
1.275051240713012964e+08 2.657688349776562994e-29
1.414991297434575856e+08 8.199495880457906655e-33
1.570290124729377627e+08 1.109128624479720431e-39
