1.000000000000000000e+02 1.426876740426583647e-13
1.109752496412072134e+02 1.176489181528410445e-13
1.231550603292826196e+02 9.718779155189615222e-14
1.366716356462005990e+02 8.040616300822487643e-14
1.516716888470922413e+02 6.667571165680944752e-14
1.683180353330956791e+02 5.529960946798375138e-14
1.867913599020782840e+02 4.586843414528650302e-14
2.072921779595371845e+02 3.803730822060673178e-14
2.300430119772916839e+02 3.150537556262770435e-14
2.552908068239516410e+02 2.605590885380179011e-14
2.833096101839323637e+02 2.150161805712485647e-14
3.144035471591500368e+02 1.769386795931564668e-14
3.489101213406774491e+02 1.449526743187061939e-14
3.872038781812557318e+02 1.183040986441845303e-14
4.297004704320843871e+02 9.603743968035655300e-15
4.768611697714468960e+02 7.746134337584874252e-15
5.291978735958442712e+02 6.198956974742677327e-15
5.872786613189482523e+02 4.923906204664463405e-15
6.517339604882420190e+02 3.854810926708101435e-15
7.232633896483533817e+02 2.983148002681692350e-15
8.026433522257173081e+02 2.273155946789919855e-15
8.907354638610439679e+02 1.700607405093744002e-15
9.884959046625587007e+02 1.245400914129435899e-15
1.096985797892383971e+03 8.894725725837775860e-16
1.217382727739662187e+03 6.173587746524144361e-16
1.350993521198027793e+03 4.150244338780905770e-16
1.499268432786045423e+03 2.706658242337012371e-16
1.663816886076128640e+03 1.721458382363084036e-16
1.846424942895544291e+03 1.084261902963006199e-16
2.049074689815845886e+03 6.950727520727980165e-17
2.273965752357927613e+03 4.687981352844173389e-17
2.523539170434765765e+03 3.385071544163931432e-17
2.800503894183631019e+03 2.598269813997222868e-17
3.107866187782013640e+03 2.079389708303775287e-17
3.448962260405759935e+03 1.705936508461878322e-17
3.827494478516314757e+03 1.416866506259780851e-17
4.247571552536898707e+03 1.183482392639348765e-17
4.713753134116724141e+03 9.901257258410509406e-18
5.231099308056262998e+03 8.284326962163997492e-18
5.805225516094896193e+03 6.926282791544004705e-18
6.442363508721369726e+03 5.784114727276199900e-18
7.149428986597576113e+03 4.824944481383231880e-18
7.934096665797491369e+03 4.018141513315062254e-18
8.804883581643463913e+03 3.343201345587443597e-18
9.771241535346502133e+03 2.776294813054397366e-18
1.084365968689610963e+04 2.303323771833823144e-18
1.203377840777589154e+04 1.907499572252597990e-18
1.335451562929898682e+04 1.578003489481769945e-18
1.482020705798858762e+04 1.304383203789478291e-18
1.644676177994664249e+04 1.075852698414645662e-18
1.825183494319044257e+04 8.867751549867852619e-19
2.025501939230666540e+04 7.302023147031882644e-19
2.247805833548725059e+04 6.003218395032414370e-19
2.494508135230316839e+04 4.932770147718394039e-19
2.768286630392066581e+04 4.048675203729598013e-19
3.072112998861759115e+04 3.320136085549266758e-19
3.409285069746814406e+04 2.720442047822426321e-19
3.783462617131928710e+04 2.226833022617539480e-19
4.198707084443910571e+04 1.821693920835689776e-19
4.659525668664683326e+04 1.489110547710593753e-19
5.170920242896761192e+04 1.215433795642517687e-19
5.738441648302398244e+04 9.914734806232451097e-20
6.368249944718585903e+04 8.079405670351400510e-20
7.067181273927491566e+04 6.577136514724482876e-20
7.842822061337680498e+04 5.348370981028393043e-20
8.703591361485165544e+04 4.343900442156197284e-20
9.658832241158708348e+04 3.523518832767746319e-20
1.071891319205127511e+05 2.854617104536735042e-20
1.189534067370319535e+05 2.309474652862146713e-20
1.320088400831418112e+05 1.865415700537067914e-20
1.464971398307286145e+05 1.504733325507494242e-20
1.625755666443794908e+05 1.211654135121650546e-20
1.804186409392071655e+05 9.739459740187224583e-21
2.002200371815584658e+05 7.813707807301170117e-21
2.221946860939523904e+05 6.257963646646786883e-21
2.465811075822604180e+05 5.002334838091303504e-21
2.736439997074671555e+05 3.991279162777215381e-21
3.036771118035460822e+05 3.177858089138638886e-21
3.370064329271928291e+05 2.526188386151886334e-21
3.739937302478798083e+05 2.004818815936666974e-21
4.150404757850476308e+05 1.588783188475901274e-21
4.605922041145108524e+05 1.257459283418551720e-21
5.111433483440171112e+05 9.938458234259549566e-22
5.672426068491977639e+05 7.844593631872405149e-22
6.294988990221888525e+05 6.183029352650838593e-22
6.985879746785250027e+05 4.866447240792067478e-22
7.752597488629464060e+05 3.824588314940478326e-22
8.603464416684507160e+05 3.001063823591007045e-22
9.547716114208066138e+05 2.351418448444092889e-22
1.059560179277617019e+06 1.839122330001250747e-22
1.175849554052158026e+06 1.436528452908273989e-22
1.304901978014401859e+06 1.120259719592181674e-22
1.448118227674532915e+06 8.718783175544950863e-23
1.607052818261638284e+06 6.775921116537954301e-23
1.783430876931909472e+06 5.255609914944101101e-23
1.979166867853557458e+06 4.069264410588458428e-23
2.196385372416546568e+06 3.145162011180082514e-23
2.437444150122222025e+06 2.426658236063803532e-23
2.704959730463137385e+06 1.867986817436108607e-23
3.001835813575591892e+06 1.435489464841123263e-23
3.331294787934676744e+06 1.100848651887158132e-23
3.696912707195031922e+06 8.423990643367141160e-24
4.102658105827190448e+06 6.433878530927058946e-24
4.552935074866947718e+06 4.902534581370644212e-24
5.052631065335679799e+06 3.727009204819866774e-24
5.607169938205458224e+06 2.827273822314304234e-24
6.222570836730230600e+06 2.139514897231096712e-24
6.905513520162330940e+06 1.615319425542841009e-24
7.663410868007462472e+06 1.216460456236154444e-24
8.504489341802684590e+06 9.137178837220011310e-25
9.437878277775391936e+06 6.845150060212590355e-25
1.047370897959450819e+07 5.113601885761794512e-25
1.162322468679854274e+07 3.809254137857325003e-25
1.289890261253307760e+07 2.828677662101344304e-25
1.431458937523478456e+07 2.094186665433941448e-25
1.588565129428052530e+07 1.545337343709191137e-25
1.762914118095947802e+07 1.136406148799471240e-25
1.956398343517064676e+07 8.326081292837424033e-26
2.171117945694505423e+07 6.074601639685356410e-26
2.409403560239527002e+07 4.416383700050693015e-26
2.673841615839949250e+07 3.193784112670361332e-26
2.967302408188872784e+07 2.299298401475345634e-26
3.292971255097155273e+07 1.646067915190773647e-26
3.654383070957254618e+07 1.171442524593454004e-26
4.055460735840827972e+07 8.281194196367112033e-27
4.500557675700496882e+07 5.811221738038735438e-27
4.994505115855139494e+07 4.043399502664594260e-27
5.542664520663107187e+07 2.785424451548910134e-27
6.150985788580504060e+07 1.897881206951067031e-27
6.826071834272393584e+07 1.275261230509405190e-27
7.575250258771920204e+07 8.438809230252165340e-28
8.406652885618332028e+07 5.475868388451376696e-28
9.329304026284696162e+07 3.470524430087681926e-28
1.035321843295663744e+08 2.134885919582643900e-28
1.148951000187308788e+08 1.264246117186198064e-28
1.275051240713012964e+08 7.121661425990150522e-29
1.414991297434575856e+08 3.748900973467382643e-29
1.570290124729377627e+08 1.794031205267071992e-29
1.742633386009651124e+08 7.382296401082206067e-30
1.933891750455232263e+08 2.178571711074838980e-30
2.146141197858406007e+08 1.000203165092875619e-31
