1.000000000000000000e+02 1.436386155501234841e-13
1.109752496412072134e+02 1.253884161780333262e-13
1.231550603292826196e+02 1.094699057382332237e-13
1.366716356462005990e+02 9.559793962545567955e-14
1.516716888470922413e+02 8.354339540059374473e-14
1.683180353330956791e+02 7.300654536985958737e-14
1.867913599020782840e+02 6.384327687397287480e-14
2.072921779595371845e+02 5.584279371776587067e-14
2.300430119772916839e+02 4.885310788796608500e-14
2.552908068239516410e+02 4.275255952036028297e-14
2.833096101839323637e+02 3.741308494124260582e-14
3.144035471591500368e+02 3.273976676894497476e-14
3.489101213406774491e+02 2.864758412830066820e-14
3.872038781812557318e+02 2.505726532449125598e-14
4.297004704320843871e+02 2.190921082028449001e-14
4.768611697714468960e+02 1.914346873024503881e-14
5.291978735958442712e+02 1.671627220680832968e-14
5.872786613189482523e+02 1.458460731494088971e-14
6.517339604882420190e+02 1.271206687173477501e-14
7.232633896483533817e+02 1.107044039046701513e-14
8.026433522257173081e+02 9.623964949468997403e-15
8.907354638610439679e+02 8.361509286325940082e-15
9.884959046625587007e+02 7.247917718245634938e-15
1.096985797892383971e+03 6.278634078489101099e-15
1.217382727739662187e+03 5.427040780034236351e-15
1.350993521198027793e+03 4.685751108433822245e-15
1.499268432786045423e+03 4.037813094009128646e-15
1.663816886076128640e+03 3.473704263734915248e-15
1.846424942895544291e+03 2.983631877868159398e-15
2.049074689815845886e+03 2.557937331781511793e-15
2.273965752357927613e+03 2.190051257388204535e-15
2.523539170434765765e+03 1.871407425858047007e-15
2.800503894183631019e+03 1.596964706538254666e-15
3.107866187782013640e+03 1.361131285106510873e-15
3.448962260405759935e+03 1.158417803114732875e-15
3.827494478516314757e+03 9.850779284908473628e-16
4.247571552536898707e+03 8.363151649863863634e-16
4.713753134116724141e+03 7.097709896895800916e-16
5.231099308056262998e+03 6.014471569030109325e-16
5.805225516094896193e+03 5.094927646716222682e-16
6.442363508721369726e+03 4.309777890079757661e-16
7.149428986597576113e+03 3.644016410963570771e-16
7.934096665797491369e+03 3.077770451515527853e-16
8.804883581643463913e+03 2.597653486018019555e-16
9.771241535346502133e+03 2.190720711956118615e-16
1.084365968689610963e+04 1.846060457176400807e-16
1.203377840777589154e+04 1.554595514041000313e-16
1.335451562929898682e+04 1.307644143323985753e-16
1.482020705798858762e+04 1.098961974859080257e-16
1.644676177994664249e+04 9.224775828785657890e-17
1.825183494319044257e+04 7.734852820203804420e-17
2.025501939230666540e+04 6.477149016862761538e-17
2.247805833548725059e+04 5.417841010521721010e-17
2.494508135230316839e+04 4.523898541477695702e-17
2.768286630392066581e+04 3.770029798312116904e-17
3.072112998861759115e+04 3.137953048020149547e-17
3.409285069746814406e+04 2.606684475998042469e-17
3.783462617131928710e+04 2.160980233365163434e-17
4.198707084443910571e+04 1.787721840432938391e-17
4.659525668664683326e+04 1.476359879061913287e-17
5.170920242896761192e+04 1.216699508807512540e-17
5.738441648302398244e+04 1.000217017300483998e-17
6.368249944718585903e+04 8.209427124509897496e-18
7.067181273927491566e+04 6.723044395751408347e-18
7.842822061337680498e+04 5.494038130086774907e-18
8.703591361485165544e+04 4.481424486463688700e-18
9.658832241158708348e+04 3.647938434259621012e-18
1.071891319205127511e+05 2.964058700957030588e-18
1.189534067370319535e+05 2.403239097351016546e-18
1.320088400831418112e+05 1.945511681076665167e-18
1.464971398307286145e+05 1.571596668198751644e-18
1.625755666443794908e+05 1.267104767878501442e-18
1.804186409392071655e+05 1.019700071346782043e-18
2.002200371815584658e+05 8.188357850357875280e-19
2.221946860939523904e+05 6.561214944732047901e-19
2.465811075822604180e+05 5.245580858908030568e-19
2.736439997074671555e+05 4.183091493215327269e-19
3.036771118035460822e+05 3.329428555272243088e-19
3.370064329271928291e+05 2.637742838452315577e-19
3.739937302478798083e+05 2.084005127242895254e-19
4.150404757850476308e+05 1.642043044782698509e-19
4.605922041145108524e+05 1.287462900243294269e-19
5.111433483440171112e+05 1.006191861226023875e-19
5.672426068491977639e+05 7.832452381440721463e-20
6.294988990221888525e+05 6.069007571966715028e-20
6.985879746785250027e+05 4.686571788622248069e-20
7.752597488629464060e+05 3.602179838373488867e-20
8.603464416684507160e+05 2.759383580772281303e-20
9.547716114208066138e+05 2.105634649586646075e-20
1.059560179277617019e+06 1.600779769480646960e-20
1.175849554052158026e+06 1.211257901301925293e-20
1.304901978014401859e+06 9.130242400397424534e-21
1.448118227674532915e+06 6.845668736703844360e-21
1.607052818261638284e+06 5.102196320759546688e-21
1.783430876931909472e+06 3.784440675590316952e-21
1.979166867853557458e+06 2.783255774753926142e-21
2.196385372416546568e+06 2.031181297669692142e-21
2.437444150122222025e+06 1.467256241058066782e-21
2.704959730463137385e+06 1.047608708370473755e-21
3.001835813575591892e+06 7.373818435464039122e-22
3.331294787934676744e+06 5.105508314282305824e-22
3.696912707195031922e+06 3.460130015415999724e-22
4.102658105827190448e+06 2.294273284413995778e-22
4.552935074866947718e+06 1.481937402494421252e-22
5.052631065335679799e+06 9.313798178731996404e-23
5.607169938205458224e+06 5.679013374026690967e-23
6.222570836730230600e+06 3.368989363883261326e-23
6.905513520162330940e+06 1.956676493697207208e-23
7.663410868007462472e+06 1.126804023123087237e-23
8.504489341802684590e+06 6.547881824497086263e-24
9.437878277775391936e+06 3.900521792273066844e-24
1.047370897959450819e+07 2.387347440811538163e-24
1.162322468679854274e+07 1.502112271483021935e-24
1.289890261253307760e+07 9.648586901567704817e-25
1.431458937523478456e+07 6.248606078616280344e-25
1.588565129428052530e+07 4.039466102584345571e-25
1.762914118095947802e+07 2.593838842704199989e-25
1.956398343517064676e+07 1.647810309867084295e-25
2.171117945694505423e+07 1.032385114648072209e-25
2.409403560239527002e+07 6.361574097160155427e-26
2.673841615839949250e+07 3.841887599490442280e-26
2.967302408188872784e+07 2.263282991298788188e-26
3.292971255097155273e+07 1.291475243583847944e-26
3.654383070957254618e+07 7.032658786534868354e-27
4.055460735840827972e+07 3.557049070596816719e-27
4.500557675700496882e+07 1.576023145383608075e-27
4.994505115855139494e+07 5.354385278222774808e-28
5.542664520663107187e+07 8.952357461653656394e-29
6.150985788580504060e+07 1.358307997348352375e-30
