1.000000000000000000e+02 5.405212470569096747e-13
1.109752496412072134e+02 4.796634854464282964e-13
1.231550603292826196e+02 4.256178117434695756e-13
1.366716356462005990e+02 3.771982636596301300e-13
1.516716888470922413e+02 3.346502393865130977e-13
1.683180353330956791e+02 2.962686274561769911e-13
1.867913599020782840e+02 2.626367852914810214e-13
2.072921779595371845e+02 2.324290528690758103e-13
2.300430119772916839e+02 2.058492893400395629e-13
2.552908068239516410e+02 1.821329468761982983e-13
2.833096101839323637e+02 1.609104063534540719e-13
3.144035471591500368e+02 1.422428675560092879e-13
3.489101213406774491e+02 1.255902908338522895e-13
3.872038781812557318e+02 1.108007747722889489e-13
4.297004704320843871e+02 9.774868352449811996e-14
4.768611697714468960e+02 8.606085841576744711e-14
5.291978735958442712e+02 7.584597204226945753e-14
5.872786613189482523e+02 6.672455061575083840e-14
6.517339604882420190e+02 5.866650015445073886e-14
7.232633896483533817e+02 5.153751557502481493e-14
8.026433522257173081e+02 4.523146033252198270e-14
8.907354638610439679e+02 3.967824568711396163e-14
9.884959046625587007e+02 3.474866191686631449e-14
1.096985797892383971e+03 3.042243046221471035e-14
1.217382727739662187e+03 2.662442063361471088e-14
1.350993521198027793e+03 2.325886795130104974e-14
1.499268432786045423e+03 2.030498217766851692e-14
1.663816886076128640e+03 1.770918991908675323e-14
1.846424942895544291e+03 1.542435149421754030e-14
2.049074689815845886e+03 1.341814895861553483e-14
2.273965752357927613e+03 1.166021295344099910e-14
2.523539170434765765e+03 1.011620137194699029e-14
2.800503894183631019e+03 8.767075734126300695e-15
3.107866187782013640e+03 7.585199302310187447e-15
3.448962260405759935e+03 6.555046630258985111e-15
3.827494478516314757e+03 5.647713757726429246e-15
4.247571552536898707e+03 4.857742841304644402e-15
4.713753134116724141e+03 4.177127568022203969e-15
5.231099308056262998e+03 3.573232930087642594e-15
5.805225516094896193e+03 3.052836805152262684e-15
6.442363508721369726e+03 2.606799660388259725e-15
7.149428986597576113e+03 2.214234907040238842e-15
7.934096665797491369e+03 1.878425522204005242e-15
8.804883581643463913e+03 1.586722624042403518e-15
9.771241535346502133e+03 1.335259015479957477e-15
1.084365968689610963e+04 1.121317527745558888e-15
1.203377840777589154e+04 9.364395788606240989e-16
1.335451562929898682e+04 7.790747093294030472e-16
1.482020705798858762e+04 6.455780618594257994e-16
1.644676177994664249e+04 5.321862319060880852e-16
1.825183494319044257e+04 4.363704413557930496e-16
2.025501939230666540e+04 3.555774192500979003e-16
2.247805833548725059e+04 2.876462840870445971e-16
2.494508135230316839e+04 2.309350877502112555e-16
2.768286630392066581e+04 1.841690734794588332e-16
3.072112998861759115e+04 1.453981164837220819e-16
3.409285069746814406e+04 1.140197756449978388e-16
3.783462617131928710e+04 8.826225965873951519e-17
4.198707084443910571e+04 6.760637539299386541e-17
4.659525668664683326e+04 5.110082101898782249e-17
5.170920242896761192e+04 3.803211145363400330e-17
5.738441648302398244e+04 2.781893382458078586e-17
6.368249944718585903e+04 1.996790647048386075e-17
7.067181273927491566e+04 1.403874561070939041e-17
7.842822061337680498e+04 9.644686759555859557e-18
8.703591361485165544e+04 6.486006024215570145e-18
9.658832241158708348e+04 4.255837257325649745e-18
1.071891319205127511e+05 2.711281711844582988e-18
1.189534067370319535e+05 1.687813076421159419e-18
1.320088400831418112e+05 1.014219481939710466e-18
1.464971398307286145e+05 5.782793066365146855e-19
1.625755666443794908e+05 3.047817050850115461e-19
1.804186409392071655e+05 1.451326370431362345e-19
2.002200371815584658e+05 6.334551086234267812e-20
2.221946860939523904e+05 2.806817587815893934e-20
2.465811075822604180e+05 1.475178492607661175e-20
2.736439997074671555e+05 9.261611725317477946e-21
3.036771118035460822e+05 6.128377762818149958e-21
3.370064329271928291e+05 4.121227886861375362e-21
3.739937302478798083e+05 2.806077644042089722e-21
4.150404757850476308e+05 1.928722327235811589e-21
4.605922041145108524e+05 1.334616664965499914e-21
5.111433483440171112e+05 9.284020240029147633e-22
5.672426068491977639e+05 6.485340323550301421e-22
6.294988990221888525e+05 4.543803230341610223e-22
6.985879746785250027e+05 3.191659515836086991e-22
7.752597488629464060e+05 2.246202654120954064e-22
8.603464416684507160e+05 1.582897922655518915e-22
9.547716114208066138e+05 1.116840042417371952e-22
1.059560179277617019e+06 7.886030385060012467e-23
1.175849554052158026e+06 5.570782579863756004e-23
1.304901978014401859e+06 3.937309871632985227e-23
1.448118227674532915e+06 2.782941370750345759e-23
1.607052818261638284e+06 1.967061174475915700e-23
1.783430876931909472e+06 1.390313980409443783e-23
1.979166867853557458e+06 9.823831255743778207e-24
2.196385372416546568e+06 6.939291813596095249e-24
2.437444150122222025e+06 4.899864841868293438e-24
2.704959730463137385e+06 3.457885735629929832e-24
3.001835813575591892e+06 2.438791662800821064e-24
3.331294787934676744e+06 1.718955149214753053e-24
3.696912707195031922e+06 1.210623818925965033e-24
4.102658105827190448e+06 8.518919331483515356e-25
4.552935074866947718e+06 5.989107337945146423e-25
5.052631065335679799e+06 4.206245629956886269e-25
5.607169938205458224e+06 2.950708348305489422e-25
6.222570836730230600e+06 2.067314165233721782e-25
6.905513520162330940e+06 1.446490011644391718e-25
7.663410868007462472e+06 1.010526816539273699e-25
8.504489341802684590e+06 7.047149709645958069e-26
9.437878277775391936e+06 4.905332606912912229e-26
1.047370897959450819e+07 3.407401519812813652e-26
1.162322468679854274e+07 2.360997796561095955e-26
1.289890261253307760e+07 1.631288733391519720e-26
1.431458937523478456e+07 1.123781941634801835e-26
1.588565129428052530e+07 7.712949810207874038e-27
1.762914118095947802e+07 5.271869546707877866e-27
1.956398343517064676e+07 3.586025725796790289e-27
2.171117945694505423e+07 2.425589013454239563e-27
2.409403560239527002e+07 1.629904338629720038e-27
2.673841615839949250e+07 1.086650053913877212e-27
2.967302408188872784e+07 7.176401617855483971e-28
3.292971255097155273e+07 4.686322973537992557e-28
3.654383070957254618e+07 3.018290816209988206e-28
4.055460735840827972e+07 1.910716793276924353e-28
4.500557675700496882e+07 1.183477779979069258e-28
4.994505115855139494e+07 7.126199872090195810e-29
5.542664520663107187e+07 4.131774653559309492e-29
6.150985788580504060e+07 2.269630613614882092e-29
6.826071834272393584e+07 1.149550694684147178e-29
7.575250258771920204e+07 5.075027219668491422e-30
8.406652885618332028e+07 1.694976105639299132e-30
9.329304026284696162e+07 2.223793524390671068e-31
