1.000000000000000000e+02 1.191575945490907681e-11
1.109752496412072134e+02 1.006871165351645299e-11
1.231550603292826196e+02 8.500436046343101780e-12
1.366716356462005990e+02 7.167913875470566929e-12
1.516716888470922413e+02 6.037553892989372170e-12
1.683180353330956791e+02 5.079684998556599799e-12
1.867913599020782840e+02 4.269902852284436008e-12
2.072921779595371845e+02 3.584141845699458885e-12
2.300430119772916839e+02 3.007357895674901405e-12
2.552908068239516410e+02 2.518810992320588903e-12
2.833096101839323637e+02 2.108737382572539078e-12
3.144035471591500368e+02 1.762100222928723452e-12
3.489101213406774491e+02 1.472298526734553572e-12
3.872038781812557318e+02 1.227978576463140503e-12
4.297004704320843871e+02 1.023095394721248090e-12
4.768611697714468960e+02 8.518214907567604725e-13
5.291978735958442712e+02 7.078764332108772507e-13
5.872786613189482523e+02 5.875400011311069227e-13
6.517339604882420190e+02 4.871265970854298403e-13
7.232633896483533817e+02 4.031081276445170817e-13
8.026433522257173081e+02 3.332219422227934886e-13
8.907354638610439679e+02 2.748500372652440889e-13
9.884959046625587007e+02 2.263991678526230346e-13
1.096985797892383971e+03 1.860873663265291933e-13
1.217382727739662187e+03 1.526843380295379570e-13
1.350993521198027793e+03 1.250354382692263284e-13
1.499268432786045423e+03 1.021573828305711445e-13
1.663816886076128640e+03 8.335177249426703766e-14
1.846424942895544291e+03 6.783689063030070514e-14
2.049074689815845886e+03 5.514026842993440112e-14
2.273965752357927613e+03 4.471864477055623566e-14
2.523539170434765765e+03 3.623896092646721710e-14
2.800503894183631019e+03 2.931427749347637274e-14
3.107866187782013640e+03 2.370545083025041375e-14
3.448962260405759935e+03 1.914639881007803638e-14
3.827494478516314757e+03 1.547404059495552558e-14
4.247571552536898707e+03 1.249747403808903098e-14
4.713753134116724141e+03 1.011221304503110058e-14
5.231099308056262998e+03 8.176124119473042561e-15
5.805225516094896193e+03 6.633172912406515578e-15
6.442363508721369726e+03 5.378770917148791893e-15
7.149428986597576113e+03 4.374573275944788540e-15
7.934096665797491369e+03 3.559727137806465445e-15
8.804883581643463913e+03 2.903950749459309654e-15
9.771241535346502133e+03 2.370622577209893426e-15
1.084365968689610963e+04 1.937424171921412210e-15
1.203377840777589154e+04 1.583853359026940543e-15
1.335451562929898682e+04 1.295046952399426119e-15
1.482020705798858762e+04 1.056775308268704960e-15
1.644676177994664249e+04 8.614630017643414042e-16
1.825183494319044257e+04 7.011127311288370478e-16
2.025501939230666540e+04 5.687329667592799549e-16
2.247805833548725059e+04 4.594465805384392055e-16
2.494508135230316839e+04 3.697983089605949705e-16
2.768286630392066581e+04 2.960454109446500247e-16
3.072112998861759115e+04 2.357150931027070948e-16
3.409285069746814406e+04 1.864497406001154072e-16
3.783462617131928710e+04 1.464823024957496622e-16
4.198707084443910571e+04 1.142283635745036508e-16
4.659525668664683326e+04 8.825543290563477950e-17
5.170920242896761192e+04 6.758730564603517005e-17
5.738441648302398244e+04 5.122216018000839149e-17
6.368249944718585903e+04 3.837618075609632993e-17
7.067181273927491566e+04 2.839755035790047378e-17
7.842822061337680498e+04 2.072913258464347979e-17
8.703591361485165544e+04 1.490397589662738307e-17
9.658832241158708348e+04 1.053731610324807978e-17
1.071891319205127511e+05 7.333835099988702219e-18
1.189534067370319535e+05 5.014397028496226617e-18
1.320088400831418112e+05 3.373117239533851727e-18
1.464971398307286145e+05 2.240156738587028277e-18
1.625755666443794908e+05 1.475588231741235825e-18
1.804186409392071655e+05 9.721302556738659569e-19
2.002200371815584658e+05 6.472962143154755080e-19
2.221946860939523904e+05 4.390544962998957878e-19
2.465811075822604180e+05 3.047221734565212262e-19
2.736439997074671555e+05 2.159809608263726973e-19
3.036771118035460822e+05 1.550545469962582731e-19
3.370064329271928291e+05 1.116301221580020794e-19
3.739937302478798083e+05 7.996867439500490970e-20
4.150404757850476308e+05 5.672370860347724526e-20
4.605922041145108524e+05 3.986101269299557479e-20
5.111433483440171112e+05 2.790200576393328278e-20
5.672426068491977639e+05 1.967260580617551276e-20
6.294988990221888525e+05 1.414420467647631003e-20
6.985879746785250027e+05 1.046038125922596801e-20
7.752597488629464060e+05 7.944972761654300525e-21
8.603464416684507160e+05 6.146239750974349484e-21
9.547716114208066138e+05 4.804837564301674017e-21
1.059560179277617019e+06 3.773207290605633615e-21
1.175849554052158026e+06 2.966444544107082315e-21
1.304901978014401859e+06 2.330010163750247028e-21
1.448118227674532915e+06 1.827043389374620524e-21
1.607052818261638284e+06 1.430410493403485569e-21
1.783430876931909472e+06 1.117998827620054357e-21
1.979166867853557458e+06 8.722166655964944483e-22
2.196385372416546568e+06 6.791260162243449140e-22
2.437444150122222025e+06 5.276362844512125290e-22
2.704959730463137385e+06 4.089926288762767472e-22
3.001835813575591892e+06 3.162358263042814979e-22
3.331294787934676744e+06 2.438464127975216302e-22
3.696912707195031922e+06 1.874800800970279815e-22
4.102658105827190448e+06 1.436897269958754301e-22
4.552935074866947718e+06 1.097282589460985522e-22
5.052631065335679799e+06 8.349664099830490697e-23
5.607169938205458224e+06 6.329242189631193005e-23
6.222570836730230600e+06 4.777684244140909768e-23
6.905513520162330940e+06 3.588176244480246980e-23
7.663410868007462472e+06 2.682091784310845873e-23
8.504489341802684590e+06 1.993873620723532854e-23
9.437878277775391936e+06 1.472513541030922661e-23
1.047370897959450819e+07 1.080549944639163859e-23
1.162322468679854274e+07 7.867963898155977078e-24
1.289890261253307760e+07 5.683372995342054270e-24
1.431458937523478456e+07 4.065698123770148486e-24
1.588565129428052530e+07 2.880329369859940879e-24
1.762914118095947802e+07 2.015498842574266963e-24
1.956398343517064676e+07 1.392072133145219987e-24
2.171117945694505423e+07 9.473274238825882924e-25
2.409403560239527002e+07 6.338419892765716768e-25
2.673841615839949250e+07 4.155789598139075551e-25
2.967302408188872784e+07 2.661986216865740418e-25
3.292971255097155273e+07 1.656370803766800875e-25
3.654383070957254618e+07 9.931124801542054665e-26
4.055460735840827972e+07 5.649871369691748518e-26
4.500557675700496882e+07 2.967625578709047855e-26
4.994505115855139494e+07 1.359893353305321789e-26
5.542664520663107187e+07 4.767013052466517696e-27
6.150985788580504060e+07 8.315494709854454348e-28
6.826071834272393584e+07 1.671503417336883980e-29
7.575250258771920204e+07 1.234288014128885929e-51
