1.000000000000000000e+02 2.686701953834337838e-13
1.109752496412072134e+02 2.161157909418487321e-13
1.231550603292826196e+02 1.736546899900885228e-13
1.366716356462005990e+02 1.394900992100752827e-13
1.516716888470922413e+02 1.120694125500945079e-13
1.683180353330956791e+02 9.008784136768862483e-14
1.867913599020782840e+02 7.253830574263007953e-14
2.072921779595371845e+02 5.852733504030242194e-14
2.300430119772916839e+02 4.739786033390429721e-14
2.552908068239516410e+02 3.853173636265780876e-14
2.833096101839323637e+02 3.147186930265551888e-14
3.144035471591500368e+02 2.583252311269225346e-14
3.489101213406774491e+02 2.131907634987640598e-14
3.872038781812557318e+02 1.769306073285434278e-14
4.297004704320843871e+02 1.475712423324628282e-14
4.768611697714468960e+02 1.236520983450366336e-14
5.291978735958442712e+02 1.040248250848208776e-14
5.872786613189482523e+02 8.781571867654076848e-15
6.517339604882420190e+02 7.428843817499435114e-15
7.232633896483533817e+02 6.298669909541698112e-15
8.026433522257173081e+02 5.347044053434598095e-15
8.907354638610439679e+02 4.540654475451707392e-15
9.884959046625587007e+02 3.858530290609738946e-15
1.096985797892383971e+03 3.276590013017984863e-15
1.217382727739662187e+03 2.780115555395741848e-15
1.350993521198027793e+03 2.358214388956071288e-15
1.499268432786045423e+03 1.996749405965387922e-15
1.663816886076128640e+03 1.687243382289119891e-15
1.846424942895544291e+03 1.424567907371894289e-15
2.049074689815845886e+03 1.199276856434514180e-15
2.273965752357927613e+03 1.007530799173965877e-15
2.523539170434765765e+03 8.445246462441272425e-16
2.800503894183631019e+03 7.058025333789023649e-16
3.107866187782013640e+03 5.881995429378796849e-16
3.448962260405759935e+03 4.882865425512889984e-16
3.827494478516314757e+03 4.039649604450627060e-16
4.247571552536898707e+03 3.331049659434702200e-16
4.713753134116724141e+03 2.735984591124209226e-16
5.231099308056262998e+03 2.234728093182405680e-16
5.805225516094896193e+03 1.816817685521891126e-16
6.442363508721369726e+03 1.470719427833457094e-16
7.149428986597576113e+03 1.186005374498826769e-16
7.934096665797491369e+03 9.508238161549138517e-17
8.804883581643463913e+03 7.563031520395774449e-17
9.771241535346502133e+03 5.978278828550290741e-17
1.084365968689610963e+04 4.712147752499194027e-17
1.203377840777589154e+04 3.695496138674765919e-17
1.335451562929898682e+04 2.869320978961957160e-17
1.482020705798858762e+04 2.215935976846520168e-17
1.644676177994664249e+04 1.699463530815178663e-17
1.825183494319044257e+04 1.294965470704135131e-17
2.025501939230666540e+04 9.785140146137976593e-18
2.247805833548725059e+04 7.320510150420361215e-18
2.494508135230316839e+04 5.410680465114386300e-18
2.768286630392066581e+04 3.946371300372377052e-18
3.072112998861759115e+04 2.832048280976559360e-18
3.409285069746814406e+04 1.996026196337405184e-18
3.783462617131928710e+04 1.381229000588759205e-18
4.198707084443910571e+04 9.432613456420711012e-19
4.659525668664683326e+04 6.414928783229782709e-19
5.170920242896761192e+04 4.415168934217506111e-19
5.738441648302398244e+04 3.127494491651208964e-19
6.368249944718585903e+04 2.299895477648498378e-19
7.067181273927491566e+04 1.748597041649139226e-19
7.842822061337680498e+04 1.358429811997283670e-19
8.703591361485165544e+04 1.068530258569996278e-19
9.658832241158708348e+04 8.447256492039011484e-20
1.071891319205127511e+05 6.683871292580692998e-20
1.189534067370319535e+05 5.283097618291779072e-20
1.320088400831418112e+05 4.162436333000784905e-20
1.464971398307286145e+05 3.271435187695321595e-20
1.625755666443794908e+05 2.561027943103189996e-20
1.804186409392071655e+05 1.998792022044009700e-20
2.002200371815584658e+05 1.555358627039886506e-20
2.221946860939523904e+05 1.205412866070255696e-20
2.465811075822604180e+05 9.319982797142808873e-21
2.736439997074671555e+05 7.173159399897733367e-21
3.036771118035460822e+05 5.506435207432710295e-21
3.370064329271928291e+05 4.208790015098442093e-21
3.739937302478798083e+05 3.204797879417061386e-21
4.150404757850476308e+05 2.431331959758107150e-21
4.605922041145108524e+05 1.835985837219277852e-21
5.111433483440171112e+05 1.381665111643275782e-21
5.672426068491977639e+05 1.033980544732991241e-21
6.294988990221888525e+05 7.708329019025001012e-22
6.985879746785250027e+05 5.716364292627474477e-22
7.752597488629464060e+05 4.219446996752330346e-22
8.603464416684507160e+05 3.098353287311539865e-22
9.547716114208066138e+05 2.259230409738306739e-22
1.059560179277617019e+06 1.639195095124801700e-22
1.175849554052158026e+06 1.178227390641171800e-22
1.304901978014401859e+06 8.409138542946159224e-23
1.448118227674532915e+06 5.953208743150961538e-23
1.607052818261638284e+06 4.169395729527901846e-23
1.783430876931909472e+06 2.886823285109554574e-23
1.979166867853557458e+06 1.973052135706706582e-23
2.196385372416546568e+06 1.328851000672749822e-23
2.437444150122222025e+06 8.803226390674926171e-24
2.704959730463137385e+06 5.728613381193646969e-24
3.001835813575591892e+06 3.654703103935654247e-24
3.331294787934676744e+06 2.281498701427129173e-24
3.696912707195031922e+06 1.389985917906677919e-24
4.102658105827190448e+06 8.240218818864283045e-25
4.552935074866947718e+06 4.739901200362780617e-25
5.052631065335679799e+06 2.637332146016283113e-25
5.607169938205458224e+06 1.413305120184227662e-25
6.222570836730230600e+06 7.250463350166238672e-26
6.905513520162330940e+06 3.527900300140581735e-26
7.663410868007462472e+06 1.605747743875278741e-26
8.504489341802684590e+06 6.712262343570406381e-27
9.437878277775391936e+06 2.557014153529508127e-27
1.047370897959450819e+07 8.633607623993832423e-28
1.162322468679854274e+07 2.577257864710499587e-28
1.289890261253307760e+07 6.645223791803997118e-29
1.431458937523478456e+07 1.450805697747694506e-29
1.588565129428052530e+07 2.638063609050446044e-30
1.762914118095947802e+07 3.923750997883313506e-31
1.956398343517064676e+07 4.692426691725339145e-32
2.171117945694505423e+07 4.436872094075711991e-33
2.409403560239527002e+07 3.259750135011974019e-34
2.673841615839949250e+07 1.826134869248687122e-35
2.967302408188872784e+07 7.643038701345557524e-37
3.292971255097155273e+07 2.335096508174944999e-38
3.654383070957254618e+07 5.076031914621549581e-40
4.055460735840827972e+07 7.624833318353425672e-42
4.500557675700496882e+07 7.648604503845058641e-44
4.994505115855139494e+07 4.922761241123340229e-46
5.542664520663107187e+07 1.940143189845619361e-48
6.150985788580504060e+07 4.433633605182754286e-51
6.826071834272393584e+07 5.508046675065981881e-54
7.575250258771920204e+07 3.440326663993378680e-57
8.406652885618332028e+07 9.799653829934551026e-61
9.329304026284696162e+07 1.117801259310900462e-64
1.035321843295663744e+08 4.130880866149222355e-69
1.148951000187308788e+08 3.083591995633040396e-74
