1.000000000000000000e+02 7.518487548829745426e-13
1.109752496412072134e+02 6.120738678637489253e-13
1.231550603292826196e+02 4.974482767600305995e-13
1.366716356462005990e+02 4.038479849619845974e-13
1.516716888470922413e+02 3.277269411586482303e-13
1.683180353330956791e+02 2.661396146372153802e-13
1.867913599020782840e+02 2.164845505281712836e-13
2.072921779595371845e+02 1.764751984657575037e-13
2.300430119772916839e+02 1.443365556484875772e-13
2.552908068239516410e+02 1.185540591700396545e-13
2.833096101839323637e+02 9.784946327005039682e-14
3.144035471591500368e+02 8.117713270374334346e-14
3.489101213406774491e+02 6.769750453570724856e-14
3.872038781812557318e+02 5.676084929491673600e-14
4.297004704320843871e+02 4.780839347622697214e-14
4.768611697714468960e+02 4.044545322752764083e-14
5.291978735958442712e+02 3.433137209943706846e-14
5.872786613189482523e+02 2.922584162417515651e-14
6.517339604882420190e+02 2.492002860107029554e-14
7.232633896483533817e+02 2.126673835910277566e-14
8.026433522257173081e+02 1.817199381829862955e-14
8.907354638610439679e+02 1.550934920416981975e-14
9.884959046625587007e+02 1.322787240471033311e-14
1.096985797892383971e+03 1.127745106067537703e-14
1.217382727739662187e+03 9.588665496347695976e-15
1.350993521198027793e+03 8.139049167336234196e-15
1.499268432786045423e+03 6.895337555545873000e-15
1.663816886076128640e+03 5.821615020395414390e-15
1.846424942895544291e+03 4.901990702857325667e-15
2.049074689815845886e+03 4.115381058737747644e-15
2.273965752357927613e+03 3.443482267011436040e-15
2.523539170434765765e+03 2.867586778103882794e-15
2.800503894183631019e+03 2.379527355279970203e-15
3.107866187782013640e+03 1.968350262222336421e-15
3.448962260405759935e+03 1.620163215970084043e-15
3.827494478516314757e+03 1.324390424395001403e-15
4.247571552536898707e+03 1.079171977032223410e-15
4.713753134116724141e+03 8.757045332230141756e-16
5.231099308056262998e+03 7.074394682641203645e-16
5.805225516094896193e+03 5.662681219259470752e-16
6.442363508721369726e+03 4.519970967384233070e-16
7.149428986597576113e+03 3.595670498541561669e-16
7.934096665797491369e+03 2.837622070102741610e-16
8.804883581643463913e+03 2.225114705453042149e-16
9.771241535346502133e+03 1.737924720458604766e-16
1.084365968689610963e+04 1.350228132193166628e-16
1.203377840777589154e+04 1.039969890010182898e-16
1.335451562929898682e+04 7.960091575014946401e-17
1.482020705798858762e+04 6.027232227624050859e-17
1.644676177994664249e+04 4.517937793140457541e-17
1.825183494319044257e+04 3.342588038738995914e-17
2.025501939230666540e+04 2.432666995934635924e-17
2.247805833548725059e+04 1.737239899013844425e-17
2.494508135230316839e+04 1.214223341522254044e-17
2.768286630392066581e+04 8.307507764848789261e-18
3.072112998861759115e+04 5.603778937533934852e-18
3.409285069746814406e+04 3.779911057678453548e-18
3.783462617131928710e+04 2.606059442531178830e-18
4.198707084443910571e+04 1.876991392595910229e-18
4.659525668664683326e+04 1.422900080653925647e-18
5.170920242896761192e+04 1.123220466342465942e-18
5.738441648302398244e+04 9.099142180408267667e-19
6.368249944718585903e+04 7.476641335261653032e-19
7.067181273927491566e+04 6.187086699321470131e-19
7.842822061337680498e+04 5.134811568436932368e-19
8.703591361485165544e+04 4.265377938327563942e-19
9.658832241158708348e+04 3.543105874467095827e-19
1.071891319205127511e+05 2.941497283667511270e-19
1.189534067370319535e+05 2.440637894114096398e-19
1.320088400831418112e+05 2.023326057722501866e-19
1.464971398307286145e+05 1.675881106829646330e-19
1.625755666443794908e+05 1.386952204633897136e-19
1.804186409392071655e+05 1.146700895427327699e-19
2.002200371815584658e+05 9.472607056585078592e-20
2.221946860939523904e+05 7.816796625680169980e-20
2.465811075822604180e+05 6.444183889637230351e-20
2.736439997074671555e+05 5.307724928087371538e-20
3.036771118035460822e+05 4.367095515977600676e-20
3.370064329271928291e+05 3.589980132326368894e-20
3.739937302478798083e+05 2.948578121514097534e-20
4.150404757850476308e+05 2.419334990705891027e-20
4.605922041145108524e+05 1.983489142843599143e-20
5.111433483440171112e+05 1.624317745386453450e-20
5.672426068491977639e+05 1.329000235602469853e-20
6.294988990221888525e+05 1.086189051113647642e-20
6.985879746785250027e+05 8.866960112944816711e-21
7.752597488629464060e+05 7.230436710405684360e-21
8.603464416684507160e+05 5.888540427686158649e-21
9.547716114208066138e+05 4.789234814015778817e-21
1.059560179277617019e+06 3.890490224226586102e-21
1.175849554052158026e+06 3.155743407904801093e-21
1.304901978014401859e+06 2.555936551740253808e-21
1.448118227674532915e+06 2.067168896433211084e-21
1.607052818261638284e+06 1.669238781529993269e-21
1.783430876931909472e+06 1.345434860866819030e-21
1.979166867853557458e+06 1.082695448915931579e-21
2.196385372416546568e+06 8.697219514698268037e-22
2.437444150122222025e+06 6.972380593904349569e-22
2.704959730463137385e+06 5.578286027980192181e-22
3.001835813575591892e+06 4.453667108420136753e-22
3.331294787934676744e+06 3.547866589965099026e-22
3.696912707195031922e+06 2.819538805200546493e-22
4.102658105827190448e+06 2.235363279818178694e-22
4.552935074866947718e+06 1.767529355140564150e-22
5.052631065335679799e+06 1.393845220085102631e-22
5.607169938205458224e+06 1.095977458388211993e-22
6.222570836730230600e+06 8.589982680177966522e-23
6.905513520162330940e+06 6.710154948608296123e-23
7.663410868007462472e+06 5.223086561004041826e-23
8.504489341802684590e+06 4.050628122923055497e-23
9.437878277775391936e+06 3.128487169472950100e-23
1.047370897959450819e+07 2.406745274245852355e-23
1.162322468679854274e+07 1.842019072847806005e-23
1.289890261253307760e+07 1.402106482037815356e-23
1.431458937523478456e+07 1.061791783382545326e-23
1.588565129428052530e+07 7.994769921059760038e-24
1.762914118095947802e+07 5.974328828078788217e-24
1.956398343517064676e+07 4.433822064400448452e-24
2.171117945694505423e+07 3.262216878758879766e-24
2.409403560239527002e+07 2.377787290033130461e-24
2.673841615839949250e+07 1.715367279734718660e-24
2.967302408188872784e+07 1.222152172047824193e-24
3.292971255097155273e+07 8.588646580836850548e-25
3.654383070957254618e+07 5.935487834170510298e-25
4.055460735840827972e+07 4.025429271584011245e-25
4.500557675700496882e+07 2.666229346938589501e-25
4.994505115855139494e+07 1.718743604192724085e-25
5.542664520663107187e+07 1.070235069472962025e-25
6.150985788580504060e+07 6.388471462309182391e-26
6.826071834272393584e+07 3.615689088998501103e-26
7.575250258771920204e+07 1.915262745826993708e-26
8.406652885618332028e+07 9.362313538327628570e-27
9.329304026284696162e+07 4.194148519144573912e-27
1.035321843295663744e+08 1.735711176453641640e-27
1.148951000187308788e+08 6.537714676644201408e-28
1.275051240713012964e+08 1.663049332524479550e-28
1.414991297434575856e+08 1.402135300362681007e-30
