1.000000000000000000e+02 4.906132760214904467e-12
1.109752496412072134e+02 4.200003941737564820e-12
1.231550603292826196e+02 3.604398648485840939e-12
1.366716356462005990e+02 3.097143117798407719e-12
1.516716888470922413e+02 2.661727230342658019e-12
1.683180353330956791e+02 2.288062506021718628e-12
1.867913599020782840e+02 1.965691179609451190e-12
2.072921779595371845e+02 1.687345354827432735e-12
2.300430119772916839e+02 1.447301194175709012e-12
2.552908068239516410e+02 1.240441884476524193e-12
2.833096101839323637e+02 1.061727799056013349e-12
3.144035471591500368e+02 9.079984647762618925e-13
3.489101213406774491e+02 7.759069697886430351e-13
3.872038781812557318e+02 6.621369797418945642e-13
4.297004704320843871e+02 5.647346172590530895e-13
4.768611697714468960e+02 4.809795097782999814e-13
5.291978735958442712e+02 4.093223668512912889e-13
5.872786613189482523e+02 3.479908931073770191e-13
6.517339604882420190e+02 2.955773123021118839e-13
7.232633896483533817e+02 2.508397250893256231e-13
8.026433522257173081e+02 2.125718107705929685e-13
8.907354638610439679e+02 1.800839510468537211e-13
9.884959046625587007e+02 1.523722786378411133e-13
1.096985797892383971e+03 1.288086067763111955e-13
1.217382727739662187e+03 1.087985578016450860e-13
1.350993521198027793e+03 9.180406800747483928e-14
1.499268432786045423e+03 7.738654906311998766e-14
1.663816886076128640e+03 6.517160850356548626e-14
1.846424942895544291e+03 5.482670765126673022e-14
2.049074689815845886e+03 4.607442908663717007e-14
2.273965752357927613e+03 3.868372546847562924e-14
2.523539170434765765e+03 3.243341564034227488e-14
2.800503894183631019e+03 2.716479124541078745e-14
3.107866187782013640e+03 2.272029157141717556e-14
3.448962260405759935e+03 1.898353023774643285e-14
3.827494478516314757e+03 1.583124076173736312e-14
4.247571552536898707e+03 1.319773204574935516e-14
4.713753134116724141e+03 1.098737581583128174e-14
5.231099308056262998e+03 9.127624676822502733e-15
5.805225516094896193e+03 7.580895775426260749e-15
6.442363508721369726e+03 6.284641035192081428e-15
7.149428986597576113e+03 5.203774188916302908e-15
7.934096665797491369e+03 4.306065010860607300e-15
8.804883581643463913e+03 3.558638078515128823e-15
9.771241535346502133e+03 2.937952958492564319e-15
1.084365968689610963e+04 2.423526367992122220e-15
1.203377840777589154e+04 1.998157734617902327e-15
1.335451562929898682e+04 1.645381878305612942e-15
1.482020705798858762e+04 1.354294048519947082e-15
1.644676177994664249e+04 1.114067495249021530e-15
1.825183494319044257e+04 9.158209870598408380e-16
2.025501939230666540e+04 7.524833910897272608e-16
2.247805833548725059e+04 6.178288149459773650e-16
2.494508135230316839e+04 5.069693961412399861e-16
2.768286630392066581e+04 4.157316719692070487e-16
3.072112998861759115e+04 3.406292123541235150e-16
3.409285069746814406e+04 2.788666577469070477e-16
3.783462617131928710e+04 2.281257134478857029e-16
4.198707084443910571e+04 1.864121837452261659e-16
4.659525668664683326e+04 1.521663036376866095e-16
5.170920242896761192e+04 1.240686777156031096e-16
5.738441648302398244e+04 1.010389976357860794e-16
6.368249944718585903e+04 8.217933907225827784e-17
7.067181273927491566e+04 6.673430487743860387e-17
7.842822061337680498e+04 5.411257347213440019e-17
8.703591361485165544e+04 4.380525146137794983e-17
9.658832241158708348e+04 3.539547942495331026e-17
1.071891319205127511e+05 2.855011552652739360e-17
1.189534067370319535e+05 2.298321722019866616e-17
1.320088400831418112e+05 1.846695434584473109e-17
1.464971398307286145e+05 1.480514358829030267e-17
1.625755666443794908e+05 1.184416224122239638e-17
1.804186409392071655e+05 9.457385466278028620e-18
2.002200371815584658e+05 7.536539784214649443e-18
2.221946860939523904e+05 5.995535129489189573e-18
2.465811075822604180e+05 4.762499421089615930e-18
2.736439997074671555e+05 3.778176290124495600e-18
3.036771118035460822e+05 2.994451307944455881e-18
3.370064329271928291e+05 2.370808174686415490e-18
3.739937302478798083e+05 1.875128596624423861e-18
4.150404757850476308e+05 1.481632985531946784e-18
4.605922041145108524e+05 1.169371545191451723e-18
5.111433483440171112e+05 9.220049501831241944e-19
5.672426068491977639e+05 7.261493720857013937e-19
6.294988990221888525e+05 5.712300086989027485e-19
6.985879746785250027e+05 4.488722074525967409e-19
7.752597488629464060e+05 3.522882500721751415e-19
8.603464416684507160e+05 2.761466160595804498e-19
9.547716114208066138e+05 2.162016172727072295e-19
1.059560179277617019e+06 1.690466057948470788e-19
1.175849554052158026e+06 1.319964729988285156e-19
1.304901978014401859e+06 1.029233191346040986e-19
1.448118227674532915e+06 8.013292177115788609e-20
1.607052818261638284e+06 6.230340145557530728e-20
1.783430876931909472e+06 4.836459477394788836e-20
1.979166867853557458e+06 3.748777088000756228e-20
2.196385372416546568e+06 2.901054375146659752e-20
2.437444150122222025e+06 2.241397174175109200e-20
2.704959730463137385e+06 1.728798896222430453e-20
3.001835813575591892e+06 1.331112018446511915e-20
3.331294787934676744e+06 1.023007852902472986e-20
3.696912707195031922e+06 7.847073552589052575e-21
4.102658105827190448e+06 6.007980500175437353e-21
4.552935074866947718e+06 4.590774426356567433e-21
5.052631065335679799e+06 3.501134559702123119e-21
5.607169938205458224e+06 2.664467699477807801e-21
6.222570836730230600e+06 2.023756461447974492e-21
6.905513520162330940e+06 1.533187167027795000e-21
7.663410868007462472e+06 1.159521272175413254e-21
8.504489341802684590e+06 8.746750960685383650e-22
9.437878277775391936e+06 6.583913908765140187e-22
1.047370897959450819e+07 4.944582591371207833e-22
1.162322468679854274e+07 3.704571625937688875e-22
1.289890261253307760e+07 2.768712754449340846e-22
1.431458937523478456e+07 2.064103318246740361e-22
1.588565129428052530e+07 1.535183895110786736e-22
1.762914118095947802e+07 1.138935400761282417e-22
1.956398343517064676e+07 8.428459939029387889e-23
2.171117945694505423e+07 6.222984760747704382e-23
2.409403560239527002e+07 4.582335761068626592e-23
2.673841615839949250e+07 3.366500689240630906e-23
2.967302408188872784e+07 2.466657681500140577e-23
3.292971255097155273e+07 1.803106853884358922e-23
3.654383070957254618e+07 1.314753719138034705e-23
4.055460735840827972e+07 9.563146276354729655e-24
4.500557675700496882e+07 6.939562295234186960e-24
4.994505115855139494e+07 5.024676634819880794e-24
5.542664520663107187e+07 3.628293557279311548e-24
6.150985788580504060e+07 2.614610783449050700e-24
6.826071834272393584e+07 1.879590279191876391e-24
7.575250258771920204e+07 1.348255049797749999e-24
8.406652885618332028e+07 9.650753955799837805e-25
9.329304026284696162e+07 6.892653548649426765e-25
1.035321843295663744e+08 4.911828089645898368e-25
1.148951000187308788e+08 3.492761207114516583e-25
1.275051240713012964e+08 2.478465043052224840e-25
1.414991297434575856e+08 1.755022863679737292e-25
1.570290124729377627e+08 1.239938498493566996e-25
1.742633386009651124e+08 8.742365504807354795e-26
1.933891750455232263e+08 6.150965061816298090e-26
2.146141197858406007e+08 4.316581352808688167e-26
2.381685551976160705e+08 3.022882641093769091e-26
2.643081486974108517e+08 2.111971879449837192e-26
2.933166278390048146e+08 1.471823060531438902e-26
3.255088599835056663e+08 1.023186854323670470e-26
3.612342699709430337e+08 7.093242532892692323e-27
4.008806328898465633e+08 4.904071303687187318e-27
4.448782831127585173e+08 3.380173555967620167e-27
4.937047852839003801e+08 2.322310264775038502e-27
5.478901179593944550e+08 1.590008213990469936e-27
6.080224261649426222e+08 1.084693276058591943e-27
6.747544053110699654e+08 7.368260217725527443e-28
7.488103857590031624e+08 4.982705458081378020e-28
8.309941949353404045e+08 3.352619903374804807e-28
9.221978823334341049e+08 2.242855693974227832e-28
1.023411402105452657e+09 1.490718800904020136e-28
1.135733358343105316e+09 9.833554247039746773e-29
1.260382929679727316e+09 6.429179121945808879e-29
1.398713102647238731e+09 4.158637108452053774e-29
1.552225357427047968e+09 2.654968254191869961e-29
1.722585965398787737e+09 1.667462022602307987e-29
1.911644075385703564e+09 1.025265517758778815e-29
2.121451784910631895e+09 6.127743832932026694e-30
2.354286414322420120e+09 3.518302743649030482e-30
2.612675225563332081e+09 1.901347831369830452e-30
2.899422853882881165e+09 9.272332722568687183e-31
3.217641750250735283e+09 3.650145695835113113e-31
3.570785964900462627e+09 6.703283283580796153e-32
