1.000000000000000000e+02 8.534875769548354106e-14
1.109752496412072134e+02 7.164004113669885084e-14
1.231550603292826196e+02 5.998475646814098690e-14
1.366716356462005990e+02 5.026465072466723626e-14
1.516716888470922413e+02 4.212641353376607233e-14
1.683180353330956791e+02 3.529571425264604005e-14
1.867913599020782840e+02 2.959382479502503535e-14
2.072921779595371845e+02 2.482952456796209971e-14
2.300430119772916839e+02 2.087709974647989282e-14
2.552908068239516410e+02 1.758618638959605999e-14
2.833096101839323637e+02 1.482808606657697538e-14
3.144035471591500368e+02 1.252393475916952342e-14
3.489101213406774491e+02 1.059457055397216986e-14
3.872038781812557318e+02 8.978695972140422284e-15
4.297004704320843871e+02 7.611504661999302368e-15
4.768611697714468960e+02 6.457696454329933503e-15
5.291978735958442712e+02 5.474562139220570684e-15
5.872786613189482523e+02 4.634124481996960790e-15
6.517339604882420190e+02 3.919959323377122237e-15
7.232633896483533817e+02 3.307173479246264528e-15
8.026433522257173081e+02 2.781889128875939560e-15
8.907354638610439679e+02 2.330206384455677212e-15
9.884959046625587007e+02 1.942685795511659903e-15
1.096985797892383971e+03 1.610496108319094542e-15
1.217382727739662187e+03 1.326192242202325852e-15
1.350993521198027793e+03 1.083233899883636252e-15
1.499268432786045423e+03 8.766524335627240383e-16
1.663816886076128640e+03 7.018293810049038950e-16
1.846424942895544291e+03 5.547199246719601628e-16
2.049074689815845886e+03 4.318192481157228194e-16
2.273965752357927613e+03 3.301360889106551131e-16
2.523539170434765765e+03 2.470295346359797188e-16
2.800503894183631019e+03 1.801801594586672503e-16
3.107866187782013640e+03 1.273785159190538752e-16
3.448962260405759935e+03 8.671446600169783817e-17
3.827494478516314757e+03 5.642632595367578537e-17
4.247571552536898707e+03 3.484897037002666688e-17
4.713753134116724141e+03 2.032058705120751103e-17
5.231099308056262998e+03 1.117700869250166647e-17
5.805225516094896193e+03 5.850734017985966587e-18
6.442363508721369726e+03 2.999588960697792782e-18
7.149428986597576113e+03 1.584446780393805074e-18
7.934096665797491369e+03 9.020860652063958800e-19
8.804883581643463913e+03 5.659275627755140389e-19
9.771241535346502133e+03 3.900960292588760370e-19
1.084365968689610963e+04 2.891518720202556627e-19
1.203377840777589154e+04 2.245968747016434814e-19
1.335451562929898682e+04 1.791794784273268509e-19
1.482020705798858762e+04 1.448648164090941541e-19
1.644676177994664249e+04 1.178359779447103915e-19
1.825183494319044257e+04 9.605555470682264590e-20
2.025501939230666540e+04 7.829724317110652114e-20
2.247805833548725059e+04 6.376917733195697892e-20
2.494508135230316839e+04 5.187026383665740247e-20
2.768286630392066581e+04 4.214656978867121166e-20
3.072112998861759115e+04 3.418984125383440702e-20
3.409285069746814406e+04 2.769540294392988211e-20
3.783462617131928710e+04 2.239651652618140252e-20
4.198707084443910571e+04 1.808060407416244560e-20
4.659525668664683326e+04 1.457056594028979921e-20
5.170920242896761192e+04 1.171596414931943242e-20
5.738441648302398244e+04 9.403084146671733316e-21
6.368249944718585903e+04 7.529536702413827153e-21
7.067181273927491566e+04 6.015342960442909442e-21
7.842822061337680498e+04 4.794487004319341053e-21
8.703591361485165544e+04 3.812727233290940337e-21
9.658832241158708348e+04 3.025060364366680829e-21
1.071891319205127511e+05 2.394259627761981205e-21
1.189534067370319535e+05 1.891548710273173936e-21
1.320088400831418112e+05 1.491443169167042019e-21
1.464971398307286145e+05 1.173901906849983069e-21
1.625755666443794908e+05 9.224699949373439947e-22
1.804186409392071655e+05 7.237918112981243625e-22
2.002200371815584658e+05 5.673137338133631811e-22
2.221946860939523904e+05 4.441194348132365405e-22
2.465811075822604180e+05 3.471952733834491042e-22
2.736439997074671555e+05 2.710967012777688177e-22
3.036771118035460822e+05 2.114056946522076915e-22
3.370064329271928291e+05 1.646410384074664365e-22
3.739937302478798083e+05 1.280571986430294899e-22
4.150404757850476308e+05 9.946301585033216506e-23
4.605922041145108524e+05 7.715584688650130322e-23
5.111433483440171112e+05 5.977118823434139913e-23
5.672426068491977639e+05 4.623898998787774859e-23
6.294988990221888525e+05 3.572467090252181470e-23
6.985879746785250027e+05 2.755992560683633679e-23
7.752597488629464060e+05 2.123167903500655433e-23
8.603464416684507160e+05 1.633897517077073959e-23
9.547716114208066138e+05 1.255501216011058708e-23
1.059560179277617019e+06 9.632672906925481158e-24
1.175849554052158026e+06 7.380648126392289323e-24
1.304901978014401859e+06 5.647098183045798284e-24
1.448118227674532915e+06 4.314281258182617512e-24
1.607052818261638284e+06 3.291480853461772701e-24
1.783430876931909472e+06 2.507084310187025685e-24
1.979166867853557458e+06 1.906592723524299307e-24
2.196385372416546568e+06 1.447705782621237669e-24
2.437444150122222025e+06 1.097311504694301633e-24
2.704959730463137385e+06 8.303593120643106835e-25
3.001835813575591892e+06 6.271088041612490587e-25
3.331294787934676744e+06 4.727325838542218365e-25
3.696912707195031922e+06 3.555976574710066550e-25
4.102658105827190448e+06 2.669320958184211626e-25
4.552935074866947718e+06 1.998988886463192213e-25
5.052631065335679799e+06 1.493498521351594317e-25
5.607169938205458224e+06 1.112828913299080116e-25
6.222570836730230600e+06 8.268584200656868842e-26
6.905513520162330940e+06 6.125154938907751339e-26
7.663410868007462472e+06 4.522570009146837358e-26
8.504489341802684590e+06 3.327893768141581658e-26
9.437878277775391936e+06 2.439871142060892880e-26
1.047370897959450819e+07 1.780972013512173426e-26
1.162322468679854274e+07 1.293740214456244876e-26
1.289890261253307760e+07 9.356628131601992065e-27
1.431458937523478456e+07 6.726116995117916717e-27
1.588565129428052530e+07 4.806393760389377650e-27
1.762914118095947802e+07 3.410937723429128142e-27
1.956398343517064676e+07 2.402138800634995783e-27
2.171117945694505423e+07 1.677219285265361411e-27
2.409403560239527002e+07 1.159299649763006309e-27
2.673841615839949250e+07 7.923585567845829352e-28
2.967302408188872784e+07 5.344993114843994953e-28
3.292971255097155273e+07 3.551112196567675330e-28
3.654383070957254618e+07 2.317381532122932681e-28
4.055460735840827972e+07 1.480257800904920054e-28
4.500557675700496882e+07 9.217173097496907899e-29
4.994505115855139494e+07 5.556387901811863121e-29
5.542664520663107187e+07 3.213066564469744969e-29
6.150985788580504060e+07 1.753468309030385261e-29
6.826071834272393584e+07 8.756885790726533505e-30
7.575250258771920204e+07 3.731707922281839583e-30
8.406652885618332028e+07 1.117615520383617849e-30
9.329304026284696162e+07 9.458154495387007956e-32
