1.000000000000000000e+02 6.836977958598880017e-14
1.109752496412072134e+02 5.534098950877614943e-14
1.231550603292826196e+02 4.585324923225520058e-14
1.366716356462005990e+02 3.843833236854417330e-14
1.516716888470922413e+02 3.236663810402778617e-14
1.683180353330956791e+02 2.730010571931413373e-14
1.867913599020782840e+02 2.301193532707661226e-14
2.072921779595371845e+02 1.938211283985561951e-14
2.300430119772916839e+02 1.630738805093818958e-14
2.552908068239516410e+02 1.370761267112485236e-14
2.833096101839323637e+02 1.151061790158962617e-14
3.144035471591500368e+02 9.656840515434875406e-15
3.489101213406774491e+02 8.096277094977096626e-15
3.872038781812557318e+02 6.784442090238920600e-15
4.297004704320843871e+02 5.680668476701719254e-15
4.768611697714468960e+02 4.754993782792705352e-15
5.291978735958442712e+02 3.977711324055246237e-15
5.872786613189482523e+02 3.326494246616410475e-15
6.517339604882420190e+02 2.780840945763217274e-15
7.232633896483533817e+02 2.323547180504478693e-15
8.026433522257173081e+02 1.940897124715217830e-15
8.907354638610439679e+02 1.620782783236630792e-15
9.884959046625587007e+02 1.352570770548435296e-15
1.096985797892383971e+03 1.128603414148889503e-15
1.217382727739662187e+03 9.412303349598458471e-16
1.350993521198027793e+03 7.845895400189781978e-16
1.499268432786045423e+03 6.536517696340502445e-16
1.663816886076128640e+03 5.443477683703893523e-16
1.846424942895544291e+03 4.530218383598307546e-16
2.049074689815845886e+03 3.768675867400633098e-16
2.273965752357927613e+03 3.132977862613181690e-16
2.523539170434765765e+03 2.603183643959483063e-16
2.800503894183631019e+03 2.161739006979912121e-16
3.107866187782013640e+03 1.794052778001869932e-16
3.448962260405759935e+03 1.487892441610498891e-16
3.827494478516314757e+03 1.233558024305081959e-16
4.247571552536898707e+03 1.021823615672486193e-16
4.713753134116724141e+03 8.461341748048580904e-17
5.231099308056262998e+03 7.001740311734371146e-17
5.805225516094896193e+03 5.790287783549016896e-17
6.442363508721369726e+03 4.786499900148290560e-17
7.149428986597576113e+03 3.954467139265830343e-17
7.934096665797491369e+03 3.264340611371324881e-17
8.804883581643463913e+03 2.693813135689883144e-17
9.771241535346502133e+03 2.221599667906386549e-17
1.084365968689610963e+04 1.830682514301224264e-17
1.203377840777589154e+04 1.507974517994929782e-17
1.335451562929898682e+04 1.241002049305794337e-17
1.482020705798858762e+04 1.020603111836275456e-17
1.644676177994664249e+04 8.387227616865012255e-18
1.825183494319044257e+04 6.887217997664790207e-18
2.025501939230666540e+04 5.650419831072458177e-18
2.247805833548725059e+04 4.631215405036850851e-18
2.494508135230316839e+04 3.792297966634037601e-18
2.768286630392066581e+04 3.102132242545826329e-18
3.072112998861759115e+04 2.534699271936216171e-18
3.409285069746814406e+04 2.068782581694880420e-18
3.783462617131928710e+04 1.686528529314702743e-18
4.198707084443910571e+04 1.373013655604092073e-18
4.659525668664683326e+04 1.116284124991684250e-18
5.170920242896761192e+04 9.062638283196474869e-19
5.738441648302398244e+04 7.346245735366344459e-19
6.368249944718585903e+04 5.946814433599356684e-19
7.067181273927491566e+04 4.811552968428889960e-19
7.842822061337680498e+04 3.878210510611899873e-19
8.703591361485165544e+04 3.124891427865613135e-19
9.658832241158708348e+04 2.513418670333496031e-19
1.071891319205127511e+05 2.018622291716542399e-19
1.189534067370319535e+05 1.619041530581359599e-19
1.320088400831418112e+05 1.296625175277575642e-19
1.464971398307286145e+05 1.037199616503646899e-19
1.625755666443794908e+05 8.287038657479406923e-20
1.804186409392071655e+05 6.613249089768506582e-20
2.002200371815584658e+05 5.272561253389205500e-20
2.221946860939523904e+05 4.197496203776408278e-20
2.465811075822604180e+05 3.338361705003236941e-20
2.736439997074671555e+05 2.652251107570984319e-20
3.036771118035460822e+05 2.104372468832068081e-20
3.370064329271928291e+05 1.667849459207047536e-20
3.739937302478798083e+05 1.320304911761050833e-20
4.150404757850476308e+05 1.043878835825866978e-20
4.605922041145108524e+05 8.243466048755919146e-21
5.111433483440171112e+05 6.502021447203071554e-21
5.672426068491977639e+05 5.122870631131790545e-21
6.294988990221888525e+05 4.030776081414099222e-21
6.985879746785250027e+05 3.168072763787200330e-21
7.752597488629464060e+05 2.487029325759430538e-21
8.603464416684507160e+05 1.949967298429765027e-21
9.547716114208066138e+05 1.527283420798331892e-21
1.059560179277617019e+06 1.194621373935756763e-21
1.175849554052158026e+06 9.335060360655304998e-22
1.304901978014401859e+06 7.286519857326944995e-22
1.448118227674532915e+06 5.679379126067906188e-22
1.607052818261638284e+06 4.422916097058901623e-22
1.783430876931909472e+06 3.440466520957530102e-22
1.979166867853557458e+06 2.673247092229165265e-22
2.196385372416546568e+06 2.074752714866027300e-22
2.437444150122222025e+06 1.608668997870307875e-22
2.704959730463137385e+06 1.245897107802208687e-22
3.001835813575591892e+06 9.638273543423805783e-23
3.331294787934676744e+06 7.449214069735924666e-23
3.696912707195031922e+06 5.750261222752761937e-23
4.102658105827190448e+06 4.434805294190344341e-23
4.552935074866947718e+06 3.416249875907169073e-23
5.052631065335679799e+06 2.628742940843859700e-23
5.607169938205458224e+06 2.020712552428912484e-23
6.222570836730230600e+06 1.551633105752089110e-23
6.905513520162330940e+06 1.189921959944492094e-23
7.663410868007462472e+06 9.117281523515671285e-24
8.504489341802684590e+06 6.975282614432682494e-24
9.437878277775391936e+06 5.331193880949893239e-24
1.047370897959450819e+07 4.070367472167973096e-24
1.162322468679854274e+07 3.103114339042419035e-24
1.289890261253307760e+07 2.362755180942789434e-24
1.431458937523478456e+07 1.796685786475523544e-24
1.588565129428052530e+07 1.364777279313595983e-24
1.762914118095947802e+07 1.035111604013676057e-24
1.956398343517064676e+07 7.839412733859542056e-25
2.171117945694505423e+07 5.929705137421874293e-25
2.409403560239527002e+07 4.477777251375175428e-25
2.673841615839949250e+07 3.376537109534795351e-25
2.967302408188872784e+07 2.542097971837972644e-25
3.292971255097155273e+07 1.910747071455244429e-25
3.654383070957254618e+07 1.433727360714295817e-25
4.055460735840827972e+07 1.073747802811200767e-25
4.500557675700496882e+07 8.030314354609487242e-26
4.994505115855139494e+07 5.991474296125327582e-26
5.542664520663107187e+07 4.462224642800965056e-26
6.150985788580504060e+07 3.316711198114933571e-26
6.826071834272393584e+07 2.459947004388055571e-26
7.575250258771920204e+07 1.820088925109559108e-26
8.406652885618332028e+07 1.343525696072169569e-26
9.329304026284696162e+07 9.893045969789603121e-27
1.035321843295663744e+08 7.264662982424381391e-27
1.148951000187308788e+08 5.319729616314141089e-27
1.275051240713012964e+08 3.883874778316679199e-27
1.414991297434575856e+08 2.825967359505857725e-27
1.570290124729377627e+08 2.049531227944964178e-27
1.742633386009651124e+08 1.480446020112744444e-27
1.933891750455232263e+08 1.065333874198118588e-27
2.146141197858406007e+08 7.629733593134227370e-28
2.381685551976160705e+08 5.438013632812172186e-28
2.643081486974108517e+08 3.855225311855403328e-28
2.933166278390048146e+08 2.716672678404265879e-28
3.255088599835056663e+08 1.901291942173074978e-28
3.612342699709430337e+08 1.320282263205775841e-28
4.008806328898465633e+08 9.086960948784780749e-29
4.448782831127585173e+08 6.188769533625820707e-29
4.937047852839003801e+08 4.162813808150228530e-29
5.478901179593944550e+08 2.757913001261249940e-29
6.080224261649426222e+08 1.793743176244875147e-29
6.747544053110699654e+08 1.138961763314633329e-29
7.488103857590031624e+08 7.009913317791963490e-30
8.309941949353404045e+08 4.129797538316035071e-30
9.221978823334341049e+08 2.281364857806764936e-30
1.023411402105452657e+09 1.135459674205411693e-30
1.135733358343105316e+09 4.631654352997974821e-31
1.260382929679727316e+09 1.123333431112473321e-31
1.398713102647238731e+09 1.854144879722722164e-33
