1.000000000000000000e+02 8.546728595670732841e-12
1.109752496412072134e+02 7.188311970865767073e-12
1.231550603292826196e+02 6.032793072052080912e-12
1.366716356462005990e+02 5.036245356053471113e-12
1.516716888470922413e+02 4.189032668011392033e-12
1.683180353330956791e+02 3.469550476311298330e-12
1.867913599020782840e+02 2.865342772775814299e-12
2.072921779595371845e+02 2.353122638030628166e-12
2.300430119772916839e+02 1.928935452331925400e-12
2.552908068239516410e+02 1.569829499896389268e-12
2.833096101839323637e+02 1.279500144532101928e-12
3.144035471591500368e+02 1.033119757253501354e-12
3.489101213406774491e+02 8.360421908214997154e-13
3.872038781812557318e+02 6.727738677617889526e-13
4.297004704320843871e+02 5.433830762423569316e-13
4.768611697714468960e+02 4.350222337256411317e-13
5.291978735958442712e+02 3.504895200583885202e-13
5.872786613189482523e+02 2.805653356296956822e-13
6.517339604882420190e+02 2.256374576079172243e-13
7.232633896483533817e+02 1.812175638918387826e-13
8.026433522257173081e+02 1.460283229751064428e-13
8.907354638610439679e+02 1.174173692088332985e-13
9.884959046625587007e+02 9.464987445666115553e-14
1.096985797892383971e+03 7.629438665770559947e-14
1.217382727739662187e+03 6.140918931281624249e-14
1.350993521198027793e+03 4.944034903820152551e-14
1.499268432786045423e+03 3.971567672624585581e-14
1.663816886076128640e+03 3.180717558742350877e-14
1.846424942895544291e+03 2.539986316296136840e-14
2.049074689815845886e+03 2.022766273035455088e-14
2.273965752357927613e+03 1.603381305523441273e-14
2.523539170434765765e+03 1.265610760831612444e-14
2.800503894183631019e+03 9.959295783175922359e-15
3.107866187782013640e+03 7.804486558840046858e-15
3.448962260405759935e+03 6.102431754207192150e-15
3.827494478516314757e+03 4.762284457635072053e-15
4.247571552536898707e+03 3.715539634156381587e-15
4.713753134116724141e+03 2.901952299323809071e-15
5.231099308056262998e+03 2.274342197841544619e-15
5.805225516094896193e+03 1.790612646274872230e-15
6.442363508721369726e+03 1.422981223337110081e-15
7.149428986597576113e+03 1.136271205642492500e-15
7.934096665797491369e+03 9.207530826964467378e-16
8.804883581643463913e+03 7.500424075915085712e-16
9.771241535346502133e+03 6.185351907004462299e-16
1.084365968689610963e+04 5.146902685824221186e-16
1.203377840777589154e+04 4.309682527804591313e-16
1.335451562929898682e+04 3.632112466736277840e-16
1.482020705798858762e+04 3.072111322013863281e-16
1.644676177994664249e+04 2.606253422915755111e-16
1.825183494319044257e+04 2.211996337915083245e-16
2.025501939230666540e+04 1.876176868040282818e-16
2.247805833548725059e+04 1.589228378698629660e-16
2.494508135230316839e+04 1.341073557493560644e-16
2.768286630392066581e+04 1.129718735006631042e-16
3.072112998861759115e+04 9.485694505338797118e-17
3.409285069746814406e+04 7.899200179806137252e-17
3.783462617131928710e+04 6.541778344643690979e-17
4.198707084443910571e+04 5.388323226559635791e-17
4.659525668664683326e+04 4.406320233408050453e-17
5.170920242896761192e+04 3.574752950129440260e-17
5.738441648302398244e+04 2.862766552029697943e-17
6.368249944718585903e+04 2.269581100321226457e-17
7.067181273927491566e+04 1.776691164401946080e-17
7.842822061337680498e+04 1.370352358320894467e-17
8.703591361485165544e+04 1.041567324504008052e-17
9.658832241158708348e+04 7.767562497876299385e-18
1.071891319205127511e+05 5.681053161813298582e-18
1.189534067370319535e+05 4.063407049673477210e-18
1.320088400831418112e+05 2.851106967136581470e-18
1.464971398307286145e+05 1.964146172853509132e-18
1.625755666443794908e+05 1.349398972540620702e-18
1.804186409392071655e+05 9.314409764302096518e-19
2.002200371815584658e+05 6.591462556238687174e-19
2.221946860939523904e+05 4.848177553886638871e-19
2.465811075822604180e+05 3.715529364538359325e-19
2.736439997074671555e+05 2.946063882556906406e-19
3.036771118035460822e+05 2.389924917679913232e-19
3.370064329271928291e+05 1.964929687183728492e-19
3.739937302478798083e+05 1.626879530719372272e-19
4.150404757850476308e+05 1.351114900672376275e-19
4.605922041145108524e+05 1.123375163362253233e-19
5.111433483440171112e+05 9.341513134219124887e-20
5.672426068491977639e+05 7.763935745644272860e-20
6.294988990221888525e+05 6.449263175192699252e-20
6.985879746785250027e+05 5.353170724613838522e-20
7.752597488629464060e+05 4.439954673111130421e-20
8.603464416684507160e+05 3.680325426107946933e-20
9.547716114208066138e+05 3.048144376629623345e-20
1.059560179277617019e+06 2.522575534508651108e-20
1.175849554052158026e+06 2.085979642521975222e-20
1.304901978014401859e+06 1.723268187934998048e-20
1.448118227674532915e+06 1.422352157009573978e-20
1.607052818261638284e+06 1.172902249692709795e-20
1.783430876931909472e+06 9.661161408771408745e-21
1.979166867853557458e+06 7.950074595127103277e-21
2.196385372416546568e+06 6.534245700481003511e-21
2.437444150122222025e+06 5.364186839069157285e-21
2.704959730463137385e+06 4.398448158239775280e-21
3.001835813575591892e+06 3.601870995237934545e-21
3.331294787934676744e+06 2.945091229497326865e-21
3.696912707195031922e+06 2.404811553835835168e-21
4.102658105827190448e+06 1.960689870161812909e-21
4.552935074866947718e+06 1.596158869946057536e-21
5.052631065335679799e+06 1.297027581176458155e-21
5.607169938205458224e+06 1.052065570828828379e-21
6.222570836730230600e+06 8.516758943235331287e-22
6.905513520162330940e+06 6.881150739138567091e-22
7.663410868007462472e+06 5.547004838990086388e-22
8.504489341802684590e+06 4.461616769181460987e-22
9.437878277775391936e+06 3.579980302262034352e-22
1.047370897959450819e+07 2.864860884514727451e-22
1.162322468679854274e+07 2.286268692377307919e-22
1.289890261253307760e+07 1.818982047520531781e-22
1.431458937523478456e+07 1.442552304573152807e-22
1.588565129428052530e+07 1.139933257867465565e-22
1.762914118095947802e+07 8.976709988582201454e-23
1.956398343517064676e+07 7.041311074602533468e-23
2.171117945694505423e+07 5.496731192036863944e-23
2.409403560239527002e+07 4.269575175448510894e-23
2.673841615839949250e+07 3.300209039942933621e-23
2.967302408188872784e+07 2.536431928433189739e-23
3.292971255097155273e+07 1.934437521015947919e-23
3.654383070957254618e+07 1.465811357436547978e-23
4.055460735840827972e+07 1.101961732368597541e-23
4.500557675700496882e+07 8.204918883116514803e-24
4.994505115855139494e+07 6.046847014303215471e-24
5.542664520663107187e+07 4.400937249899701271e-24
6.150985788580504060e+07 3.158065766702533567e-24
6.826071834272393584e+07 2.229065423185144684e-24
7.575250258771920204e+07 1.542397665852282332e-24
8.406652885618332028e+07 1.042183560275471006e-24
9.329304026284696162e+07 6.829661145386853837e-25
1.035321843295663744e+08 4.306336394613274796e-25
1.148951000187308788e+08 2.587519768258678354e-25
1.275051240713012964e+08 1.454279367486860870e-25
1.414991297434575856e+08 7.478726118283986092e-26
1.570290124729377627e+08 3.398069207528063316e-26
1.742633386009651124e+08 1.304804797887612059e-26
1.933891750455232263e+08 4.004746111352429661e-27
2.146141197858406007e+08 6.346024709627904356e-28
2.381685551976160705e+08 4.198000874813574241e-37
