1.000000000000000000e+02 5.981927605384915562e-14
1.109752496412072134e+02 5.230660140086490683e-14
1.231550603292826196e+02 4.572329672769157002e-14
1.366716356462005990e+02 3.996486145260242183e-14
1.516716888470922413e+02 3.491482975373977759e-14
1.683180353330956791e+02 3.048643164992755255e-14
1.867913599020782840e+02 2.660825037794107851e-14
2.072921779595371845e+02 2.320285257564536067e-14
2.300430119772916839e+02 2.022009823937876500e-14
2.552908068239516410e+02 1.760522696499607825e-14
2.833096101839323637e+02 1.531279386263749508e-14
3.144035471591500368e+02 1.330573924193724761e-14
3.489101213406774491e+02 1.154838970535387427e-14
3.872038781812557318e+02 1.001091402825626642e-14
4.297004704320843871e+02 8.668282191471237535e-15
4.768611697714468960e+02 7.494242661716870155e-15
5.291978735958442712e+02 6.469412990009340701e-15
5.872786613189482523e+02 5.576144300980296876e-15
6.517339604882420190e+02 4.797544856301752398e-15
7.232633896483533817e+02 4.120112288727556504e-15
8.026433522257173081e+02 3.532139267672908031e-15
8.907354638610439679e+02 3.020980644993530469e-15
9.884959046625587007e+02 2.580111780670458904e-15
1.096985797892383971e+03 2.197437538414693407e-15
1.217382727739662187e+03 1.869132569827441798e-15
1.350993521198027793e+03 1.586566437813481602e-15
1.499268432786045423e+03 1.344649339985638184e-15
1.663816886076128640e+03 1.138630543741593727e-15
1.846424942895544291e+03 9.632842262637281263e-16
2.049074689815845886e+03 8.154871323467172144e-16
2.273965752357927613e+03 6.906806047268384750e-16
2.523539170434765765e+03 5.858202636333660015e-16
2.800503894183631019e+03 4.977633471169915781e-16
3.107866187782013640e+03 4.234153156196348492e-16
3.448962260405759935e+03 3.605684529016924027e-16
3.827494478516314757e+03 3.068100697379149538e-16
4.247571552536898707e+03 2.609292885881726910e-16
4.713753134116724141e+03 2.216286328636661482e-16
5.231099308056262998e+03 1.879757750461443162e-16
5.805225516094896193e+03 1.592103156365209141e-16
6.442363508721369726e+03 1.346059578828883036e-16
7.149428986597576113e+03 1.135955551584162599e-16
7.934096665797491369e+03 9.574128591161532296e-17
8.804883581643463913e+03 8.048918260471958580e-17
9.771241535346502133e+03 6.755112814135527039e-17
1.084365968689610963e+04 5.661632707696391423e-17
1.203377840777589154e+04 4.734039117871989030e-17
1.335451562929898682e+04 3.954481891554567705e-17
1.482020705798858762e+04 3.294787595508792953e-17
1.644676177994664249e+04 2.742715966775049695e-17
1.825183494319044257e+04 2.280914479101750603e-17
2.025501939230666540e+04 1.893259752553553627e-17
2.247805833548725059e+04 1.570248822792772367e-17
2.494508135230316839e+04 1.301394023741726541e-17
2.768286630392066581e+04 1.077771639598360489e-17
3.072112998861759115e+04 8.914178110344965038e-18
3.409285069746814406e+04 7.371718549696337345e-18
3.783462617131928710e+04 6.091601340301161051e-18
4.198707084443910571e+04 5.031412463471983867e-18
4.659525668664683326e+04 4.152899795401863452e-18
5.170920242896761192e+04 3.425821435616903252e-18
5.738441648302398244e+04 2.824019548733309409e-18
6.368249944718585903e+04 2.326202270491471726e-18
7.067181273927491566e+04 1.914330489469235421e-18
7.842822061337680498e+04 1.574096197924558046e-18
8.703591361485165544e+04 1.292972950483477796e-18
9.658832241158708348e+04 1.060867920168069197e-18
1.071891319205127511e+05 8.693017635691548126e-19
1.189534067370319535e+05 7.111801016945531377e-19
1.320088400831418112e+05 5.809473421585128696e-19
1.464971398307286145e+05 4.737192051796903213e-19
1.625755666443794908e+05 3.855967130395354842e-19
1.804186409392071655e+05 3.132052017743476744e-19
2.002200371815584658e+05 2.538094281446510575e-19
2.221946860939523904e+05 2.051842160552370882e-19
2.465811075822604180e+05 1.654047470730198852e-19
2.736439997074671555e+05 1.330194572348744826e-19
3.036771118035460822e+05 1.066956236724714961e-19
3.370064329271928291e+05 8.534268912077797208e-20
3.739937302478798083e+05 6.811818751498926216e-20
4.150404757850476308e+05 5.428020618890120545e-20
4.605922041145108524e+05 4.319349850788689823e-20
5.111433483440171112e+05 3.432743363583096703e-20
5.672426068491977639e+05 2.724778755575259386e-20
6.294988990221888525e+05 2.159990383084610901e-20
6.985879746785250027e+05 1.710075951067518287e-20
7.752597488629464060e+05 1.351858565806867883e-20
8.603464416684507160e+05 1.067165024543865880e-20
9.547716114208066138e+05 8.410695366741576718e-21
1.059560179277617019e+06 6.617711388455980638e-21
1.175849554052158026e+06 5.198755435433520447e-21
1.304901978014401859e+06 4.076490541864190024e-21
1.448118227674532915e+06 3.190296506280198856e-21
1.607052818261638284e+06 2.492101689464244866e-21
1.783430876931909472e+06 1.942878326835200655e-21
1.979166867853557458e+06 1.511674498368238130e-21
2.196385372416546568e+06 1.173533592850599235e-21
2.437444150122222025e+06 9.090004806636382152e-22
2.704959730463137385e+06 7.024884131872686702e-22
3.001835813575591892e+06 5.416022581123353792e-22
3.331294787934676744e+06 4.165498457096754791e-22
3.696912707195031922e+06 3.195895481146022025e-22
4.102658105827190448e+06 2.445558118763333460e-22
4.552935074866947718e+06 1.866564125095653363e-22
5.052631065335679799e+06 1.420889741465233802e-22
5.607169938205458224e+06 1.078718923090321326e-22
6.222570836730230600e+06 8.167070173880578176e-23
6.905513520162330940e+06 6.164586359574812966e-23
7.663410868007462472e+06 4.641667886530489531e-23
8.504489341802684590e+06 3.485131434403175073e-23
9.437878277775391936e+06 2.608738214520810747e-23
1.047370897959450819e+07 1.947239930115320024e-23
1.162322468679854274e+07 1.449163298000363554e-23
1.289890261253307760e+07 1.075414599927103130e-23
1.431458937523478456e+07 7.957084635849286712e-24
1.588565129428052530e+07 5.871835348613278498e-24
1.762914118095947802e+07 4.321140733777734290e-24
1.956398343517064676e+07 3.170791883481213202e-24
2.171117945694505423e+07 2.319895706258881081e-24
2.409403560239527002e+07 1.692748351975388753e-24
2.673841615839949250e+07 1.231582781377880696e-24
2.967302408188872784e+07 8.935258613012863006e-25
3.292971255097155273e+07 6.464348947176919427e-25
3.654383070957254618e+07 4.663575931865925678e-25
4.055460735840827972e+07 3.354504700671828695e-25
4.500557675700496882e+07 2.405915606689775626e-25
4.994505115855139494e+07 1.720525367502306239e-25
5.542664520663107187e+07 1.226638904546850903e-25
6.150985788580504060e+07 8.718240951450267442e-26
6.826071834272393584e+07 6.174927382257763521e-26
7.575250258771920204e+07 4.358654487023985998e-26
8.406652885618332028e+07 3.065460681792628319e-26
9.329304026284696162e+07 2.147590308581589547e-26
1.035321843295663744e+08 1.498179319805370361e-26
1.148951000187308788e+08 1.040306108137555588e-26
1.275051240713012964e+08 7.187048318630006789e-27
1.414991297434575856e+08 4.936355300635503707e-27
1.570290124729377627e+08 3.368569822486518995e-27
1.742633386009651124e+08 2.281521361113738149e-27
1.933891750455232263e+08 1.531852436441770229e-27
2.146141197858406007e+08 1.017615887342312545e-27
2.381685551976160705e+08 6.676625027966791814e-28
2.643081486974108517e+08 4.313459734075207402e-28
2.933166278390048146e+08 2.733516648323131646e-28
3.255088599835056663e+08 1.689473648633268250e-28
3.612342699709430337e+08 1.009861088995055937e-28
4.008806328898465633e+08 5.764562628234996825e-29
4.448782831127585173e+08 3.075613678201603239e-29
4.937047852839003801e+08 1.474933506298937856e-29
5.478901179593944550e+08 5.865904471366410013e-30
6.080224261649426222e+08 1.572625201826659496e-30
6.747544053110699654e+08 1.733270980140237486e-32
