1.000000000000000000e+02 1.194717760285412180e-13
1.109752496412072134e+02 9.877985224744606238e-14
1.231550603292826196e+02 8.122117512471416636e-14
1.366716356462005990e+02 6.654002709650049741e-14
1.516716888470922413e+02 5.408012024509325718e-14
1.683180353330956791e+02 4.363677373825800047e-14
1.867913599020782840e+02 3.499873535447488415e-14
2.072921779595371845e+02 2.784799799881707790e-14
2.300430119772916839e+02 2.198733648599335444e-14
2.552908068239516410e+02 1.720299243502093663e-14
2.833096101839323637e+02 1.332375834014775413e-14
3.144035471591500368e+02 1.026156268833432311e-14
3.489101213406774491e+02 7.836932909294792660e-15
3.872038781812557318e+02 5.912904167663992287e-15
4.297004704320843871e+02 4.409482221052144425e-15
4.768611697714468960e+02 3.282388559963358928e-15
5.291978735958442712e+02 2.420232175460870179e-15
5.872786613189482523e+02 1.773022106787652272e-15
6.517339604882420190e+02 1.294639485130870411e-15
7.232633896483533817e+02 9.459041285475578735e-16
8.026433522257173081e+02 6.906664684107881188e-16
8.907354638610439679e+02 5.072768249217045800e-16
9.884959046625587007e+02 3.757503933268754913e-16
1.096985797892383971e+03 2.812616282102442715e-16
1.217382727739662187e+03 2.128797718308138661e-16
1.350993521198027793e+03 1.629313840684016057e-16
1.499268432786045423e+03 1.259926211866656106e-16
1.663816886076128640e+03 9.800779600561760078e-17
1.846424942895544291e+03 7.650024763903464203e-17
2.049074689815845886e+03 5.966819212652463530e-17
2.273965752357927613e+03 4.633114859228866796e-17
2.523539170434765765e+03 3.567711129660105562e-17
2.800503894183631019e+03 2.715481271844920542e-17
3.107866187782013640e+03 2.035957603768553409e-17
3.448962260405759935e+03 1.502217536677023900e-17
3.827494478516314757e+03 1.080415666432079152e-17
4.247571552536898707e+03 7.621988084894079488e-18
4.713753134116724141e+03 5.279872899406800076e-18
5.231099308056262998e+03 3.627597657854768316e-18
5.805225516094896193e+03 2.515261817752325918e-18
6.442363508721369726e+03 1.802743657252070175e-18
7.149428986597576113e+03 1.357977776184390104e-18
7.934096665797491369e+03 1.071945354132986864e-18
8.804883581643463913e+03 8.740491046756992626e-19
9.771241535346502133e+03 7.254492533153802001e-19
1.084365968689610963e+04 6.073374322219410864e-19
1.203377840777589154e+04 5.097800767041343017e-19
1.335451562929898682e+04 4.284502994888292638e-19
1.482020705798858762e+04 3.599431141422615917e-19
1.644676177994664249e+04 3.020870519002285729e-19
1.825183494319044257e+04 2.533959451538426171e-19
2.025501939230666540e+04 2.123302285915077205e-19
2.247805833548725059e+04 1.777917486521893864e-19
2.494508135230316839e+04 1.487733879464851915e-19
2.768286630392066581e+04 1.244058997199375677e-19
3.072112998861759115e+04 1.039663153987570393e-19
3.409285069746814406e+04 8.682549881438845245e-20
3.783462617131928710e+04 7.247771957892538328e-20
4.198707084443910571e+04 6.046326434869051948e-20
4.659525668664683326e+04 5.041070474055339896e-20
5.170920242896761192e+04 4.201199792882562331e-20
5.738441648302398244e+04 3.498478729456380818e-20
6.368249944718585903e+04 2.911596775671332047e-20
7.067181273927491566e+04 2.421625794288786910e-20
7.842822061337680498e+04 2.012783418112558746e-20
8.703591361485165544e+04 1.671727850310485430e-20
9.658832241158708348e+04 1.387421263839312253e-20
1.071891319205127511e+05 1.150510129542077495e-20
1.189534067370319535e+05 9.533047650109030078e-21
1.320088400831418112e+05 7.891889981331195395e-21
1.464971398307286145e+05 6.527068461138598244e-21
1.625755666443794908e+05 5.393189468058480051e-21
1.804186409392071655e+05 4.451847585068078683e-21
2.002200371815584658e+05 3.670675293558361068e-21
2.221946860939523904e+05 3.023179636858038275e-21
2.465811075822604180e+05 2.487002592408932216e-21
2.736439997074671555e+05 2.043752699201982701e-21
3.036771118035460822e+05 1.677762686480061072e-21
3.370064329271928291e+05 1.376120285903058410e-21
3.739937302478798083e+05 1.127815778515218334e-21
4.150404757850476308e+05 9.234693344517535242e-22
4.605922041145108524e+05 7.555483119286916517e-22
5.111433483440171112e+05 6.176346810372371334e-22
5.672426068491977639e+05 5.043404886623459921e-22
6.294988990221888525e+05 4.113063433263691606e-22
6.985879746785250027e+05 3.351293234164975209e-22
7.752597488629464060e+05 2.727658708041932272e-22
8.603464416684507160e+05 2.215222387546084531e-22
9.547716114208066138e+05 1.797591310222926277e-22
1.059560179277617019e+06 1.456531178233669901e-22
1.175849554052158026e+06 1.177312662063868352e-22
1.304901978014401859e+06 9.501589489769700187e-23
1.448118227674532915e+06 7.652997997356084515e-23
1.607052818261638284e+06 6.146176205767451167e-23
1.783430876931909472e+06 4.925459274505469684e-23
1.979166867853557458e+06 3.938542251399661864e-23
2.196385372416546568e+06 3.138077969878518760e-23
2.437444150122222025e+06 2.493233484172893009e-23
2.704959730463137385e+06 1.974502768487828882e-23
3.001835813575591892e+06 1.558456116295648476e-23
3.331294787934676744e+06 1.225306442004472891e-23
3.696912707195031922e+06 9.597867032162107639e-24
4.102658105827190448e+06 7.486614239558922620e-24
4.552935074866947718e+06 5.813869961735326246e-24
5.052631065335679799e+06 4.492385467272306965e-24
5.607169938205458224e+06 3.453583670479321756e-24
6.222570836730230600e+06 2.635886524449300921e-24
6.905513520162330940e+06 1.996668048729614732e-24
7.663410868007462472e+06 1.497771715634657785e-24
8.504489341802684590e+06 1.108732747963188766e-24
9.437878277775391936e+06 8.098802447256459341e-25
1.047370897959450819e+07 5.753795472305159618e-25
1.162322468679854274e+07 3.979788362838770828e-25
1.289890261253307760e+07 2.643954994336624764e-25
1.431458937523478456e+07 1.670293318816486622e-25
1.588565129428052530e+07 9.852816463556956424e-26
1.762914118095947802e+07 5.318924077734508852e-26
1.956398343517064676e+07 2.565538031095232163e-26
2.171117945694505423e+07 1.083804822691328939e-26
2.409403560239527002e+07 3.957552614770585883e-27
2.673841615839949250e+07 1.241079937821277925e-27
2.967302408188872784e+07 3.301063362614089959e-28
3.292971255097155273e+07 7.351474001067627362e-29
3.654383070957254618e+07 1.348751811861427996e-29
4.055460735840827972e+07 2.003152791669002043e-30
4.500557675700496882e+07 2.362429960468559196e-31
4.994505115855139494e+07 2.163835529538366510e-32
5.542664520663107187e+07 1.501195370210878745e-33
6.150985788580504060e+07 7.666044178888647336e-35
6.826071834272393584e+07 2.784774437695383420e-36
7.575250258771920204e+07 6.890223802340547874e-38
8.406652885618332028e+07 1.095361485658976335e-39
9.329304026284696162e+07 1.023441925463476003e-41
1.035321843295663744e+08 4.847644095438990129e-44
1.148951000187308788e+08 6.431021234487959381e-47
