1.000000000000000000e+02 2.087160903752087905e-12
1.109752496412072134e+02 1.777413572235054331e-12
1.231550603292826196e+02 1.520646866029276543e-12
1.366716356462005990e+02 1.304423184281378674e-12
1.516716888470922413e+02 1.121325081308350582e-12
1.683180353330956791e+02 9.654390107548149186e-13
1.867913599020782840e+02 8.314066691509554900e-13
2.072921779595371845e+02 7.158673440088414335e-13
2.300430119772916839e+02 6.161261035937589649e-13
2.552908068239516410e+02 5.290621652817574138e-13
2.833096101839323637e+02 4.537427144349966811e-13
3.144035471591500368e+02 3.884900445831023640e-13
3.489101213406774491e+02 3.315014608617809008e-13
3.872038781812557318e+02 2.822966208787756967e-13
4.297004704320843871e+02 2.397863784911697548e-13
4.768611697714468960e+02 2.030387142151321159e-13
5.291978735958442712e+02 1.712178664364217276e-13
5.872786613189482523e+02 1.439468452004939482e-13
6.517339604882420190e+02 1.208745707201759515e-13
7.232633896483533817e+02 1.009009253960131681e-13
8.026433522257173081e+02 8.395971492409462711e-14
8.907354638610439679e+02 6.969466057758485605e-14
9.884959046625587007e+02 5.759722407759193899e-14
1.096985797892383971e+03 4.744274722254789308e-14
1.217382727739662187e+03 3.895225375289286057e-14
1.350993521198027793e+03 3.187876736049134675e-14
1.499268432786045423e+03 2.603116401160985765e-14
1.663816886076128640e+03 2.119753834459442887e-14
1.846424942895544291e+03 1.723131744610026038e-14
2.049074689815845886e+03 1.400177288169996350e-14
2.273965752357927613e+03 1.136897935455293331e-14
2.523539170434765765e+03 9.236865391993522300e-15
2.800503894183631019e+03 7.511274642368678155e-15
3.107866187782013640e+03 6.119710166960478866e-15
3.448962260405759935e+03 4.997803816776234892e-15
3.827494478516314757e+03 4.092599587112516214e-15
4.247571552536898707e+03 3.360540474882743209e-15
4.713753134116724141e+03 2.766237901516213284e-15
5.231099308056262998e+03 2.281505245648024324e-15
5.805225516094896193e+03 1.886398807619516237e-15
6.442363508721369726e+03 1.560737470409136848e-15
7.149428986597576113e+03 1.292631004302072945e-15
7.934096665797491369e+03 1.071013489041928811e-15
8.804883581643463913e+03 8.871760672341603531e-16
9.771241535346502133e+03 7.346405868246824429e-16
1.084365968689610963e+04 6.082025652747197592e-16
1.203377840777589154e+04 5.033966507803214535e-16
1.335451562929898682e+04 4.166073346936385368e-16
1.482020705798858762e+04 3.448169955582560060e-16
1.644676177994664249e+04 2.854764411607055368e-16
1.825183494319044257e+04 2.364471383847953637e-16
2.025501939230666540e+04 1.958963173852077078e-16
2.247805833548725059e+04 1.622989466152311231e-16
2.494508135230316839e+04 1.344374551425420736e-16
2.768286630392066581e+04 1.114474667695077799e-16
3.072112998861759115e+04 9.208785603489859754e-17
3.409285069746814406e+04 7.613195288240695274e-17
3.783462617131928710e+04 6.289187523490404707e-17
4.198707084443910571e+04 5.188904783904890663e-17
4.659525668664683326e+04 4.276856789263696068e-17
5.170920242896761192e+04 3.520972492686629866e-17
5.738441648302398244e+04 2.894294781303192119e-17
6.368249944718585903e+04 2.376044244099294273e-17
7.067181273927491566e+04 1.947227191704401794e-17
7.842822061337680498e+04 1.592807689948309508e-17
8.703591361485165544e+04 1.300878510386054324e-17
9.658832241158708348e+04 1.060305172116613117e-17
1.071891319205127511e+05 8.624092629254537317e-18
1.189534067370319535e+05 6.998193420382100350e-18
1.320088400831418112e+05 5.668383034506608355e-18
1.464971398307286145e+05 4.582950255831498066e-18
1.625755666443794908e+05 3.699539698590544639e-18
1.804186409392071655e+05 2.983045150281883409e-18
2.002200371815584658e+05 2.402410726800230721e-18
2.221946860939523904e+05 1.932862430599057202e-18
2.465811075822604180e+05 1.553569856943357170e-18
2.736439997074671555e+05 1.247175324636691290e-18
3.036771118035460822e+05 1.000190823875803773e-18
3.370064329271928291e+05 8.010960369546662015e-19
3.739937302478798083e+05 6.408699539200080425e-19
4.150404757850476308e+05 5.119934079382676313e-19
4.605922041145108524e+05 4.085361877374117309e-19
5.111433483440171112e+05 3.255228826725267176e-19
5.672426068491977639e+05 2.590161276686278053e-19
6.294988990221888525e+05 2.057807939829314929e-19
6.985879746785250027e+05 1.632434009061077829e-19
7.752597488629464060e+05 1.293013437100533735e-19
8.603464416684507160e+05 1.022372966622772845e-19
9.547716114208066138e+05 8.069815618896562308e-20
1.059560179277617019e+06 6.358506684517744584e-20
1.175849554052158026e+06 5.001053721501025076e-20
1.304901978014401859e+06 3.925692140660747614e-20
1.448118227674532915e+06 3.075338989969517767e-20
1.607052818261638284e+06 2.404156595128209685e-20
1.783430876931909472e+06 1.875594516445065764e-20
1.979166867853557458e+06 1.459464999268151252e-20
2.196385372416546568e+06 1.133584029031471687e-20
2.437444150122222025e+06 8.781732186666138502e-21
2.704959730463137385e+06 6.786471777394818246e-21
3.001835813575591892e+06 5.230955814775252120e-21
3.331294787934676744e+06 4.022078916447485306e-21
3.696912707195031922e+06 3.083824838770773809e-21
4.102658105827190448e+06 2.357617049176515016e-21
4.552935074866947718e+06 1.797436843942778824e-21
5.052631065335679799e+06 1.366766694647392584e-21
5.607169938205458224e+06 1.035947310783254315e-21
6.222570836730230600e+06 7.827111096504755387e-22
6.905513520162330940e+06 5.898210789255251677e-22
7.663410868007462472e+06 4.430573484684274420e-22
8.504489341802684590e+06 3.317219057147127802e-22
9.437878277775391936e+06 2.476649915246712939e-22
1.047370897959450819e+07 1.843681874479169125e-22
1.162322468679854274e+07 1.368321617660769856e-22
1.289890261253307760e+07 1.012609288786452006e-22
1.431458937523478456e+07 7.472258385555971607e-23
1.588565129428052530e+07 5.499106172074482436e-23
1.762914118095947802e+07 4.036078076301509723e-23
1.956398343517064676e+07 2.953667318365495784e-23
2.171117945694505423e+07 2.157587496023542950e-23
2.409403560239527002e+07 1.571835404183085462e-23
2.673841615839949250e+07 1.142501191084536419e-23
2.967302408188872784e+07 8.285039004603301745e-24
3.292971255097155273e+07 5.995037106005489392e-24
3.654383070957254618e+07 4.328846701453458714e-24
4.055460735840827972e+07 3.119236622999239600e-24
4.500557675700496882e+07 2.242800915837350857e-24
4.994505115855139494e+07 1.609406907324873215e-24
5.542664520663107187e+07 1.152348695098654520e-24
6.150985788580504060e+07 8.233450530645980218e-25
6.826071834272393584e+07 5.869701076448277729e-25
7.575250258771920204e+07 4.174590890349993716e-25
8.406652885618332028e+07 2.961437232059066230e-25
9.329304026284696162e+07 2.095399203378143983e-25
1.035321843295663744e+08 1.478201078439647158e-25
1.148951000187308788e+08 1.039385385497989140e-25
1.275051240713012964e+08 7.282153580185436348e-26
1.414991297434575856e+08 5.081631889279090974e-26
1.570290124729377627e+08 3.529602593474411984e-26
1.742633386009651124e+08 2.438668913647072012e-26
1.933891750455232263e+08 1.674485985364546175e-26
2.146141197858406007e+08 1.141535533413833305e-26
2.381685551976160705e+08 7.717075365536272571e-27
2.643081486974108517e+08 5.163248773282888424e-27
2.933166278390048146e+08 3.411989231195864164e-27
3.255088599835056663e+08 2.220363058347978708e-27
3.612342699709430337e+08 1.417105638843167727e-27
4.008806328898465633e+08 8.818964806968153818e-28
4.448782831127585173e+08 5.307033577272680212e-28
4.937047852839003801e+08 3.047730609768474680e-28
5.478901179593944550e+08 1.633474152048346757e-28
6.080224261649426222e+08 7.845700758281053592e-29
6.747544053110699654e+08 3.099057341317725142e-29
7.488103857590031624e+08 8.156964989024598799e-30
8.309941949353404045e+08 8.031217710327616351e-31
