1.000000000000000000e+02 9.299842184505365898e-14
1.109752496412072134e+02 8.045218406748059929e-14
1.231550603292826196e+02 6.958220711932006384e-14
1.366716356462005990e+02 6.014538130521636137e-14
1.516716888470922413e+02 5.196825864061066940e-14
1.683180353330956791e+02 4.488486701947290023e-14
1.867913599020782840e+02 3.874227371568639660e-14
2.072921779595371845e+02 3.343188960065309151e-14
2.300430119772916839e+02 2.883526348158213397e-14
2.552908068239516410e+02 2.485612640628365982e-14
2.833096101839323637e+02 2.141796516888438394e-14
3.144035471591500368e+02 1.844517340081328492e-14
3.489101213406774491e+02 1.587573179284623321e-14
3.872038781812557318e+02 1.365633318563171054e-14
4.297004704320843871e+02 1.174228085725610217e-14
4.768611697714468960e+02 1.009079019589023426e-14
5.291978735958442712e+02 8.666470236186254071e-15
5.872786613189482523e+02 7.438589683650117097e-15
6.517339604882420190e+02 6.381950375667397061e-15
7.232633896483533817e+02 5.470684352632422518e-15
8.026433522257173081e+02 4.687833125022439662e-15
8.907354638610439679e+02 4.014058776125702751e-15
9.884959046625587007e+02 3.435584608906380891e-15
1.096985797892383971e+03 2.937878413213223950e-15
1.217382727739662187e+03 2.511333634126776596e-15
1.350993521198027793e+03 2.144971609090575836e-15
1.499268432786045423e+03 1.831379889485055475e-15
1.663816886076128640e+03 1.562378581355129340e-15
1.846424942895544291e+03 1.332261059141392238e-15
2.049074689815845886e+03 1.135185284940450738e-15
2.273965752357927613e+03 9.669032529152634798e-16
2.523539170434765765e+03 8.229322816661364795e-16
2.800503894183631019e+03 7.001351770894174764e-16
3.107866187782013640e+03 5.952228536682886194e-16
3.448962260405759935e+03 5.059167736051783848e-16
3.827494478516314757e+03 4.297202380668214252e-16
4.247571552536898707e+03 3.648544496002784007e-16
4.713753134116724141e+03 3.095989957510151804e-16
5.231099308056262998e+03 2.626563133693819944e-16
5.805225516094896193e+03 2.227182223258877217e-16
6.442363508721369726e+03 1.887894044801766953e-16
7.149428986597576113e+03 1.599655896476980668e-16
7.934096665797491369e+03 1.355094935324918441e-16
8.804883581643463913e+03 1.147373688434153279e-16
9.771241535346502133e+03 9.712376991337883256e-17
1.084365968689610963e+04 8.219607321737116385e-17
1.203377840777589154e+04 6.954259852224040480e-17
1.335451562929898682e+04 5.881596678823223862e-17
1.482020705798858762e+04 4.973338198854190036e-17
1.644676177994664249e+04 4.203697810866644688e-17
1.825183494319044257e+04 3.552983356949687243e-17
2.025501939230666540e+04 3.001700012883395563e-17
2.247805833548725059e+04 2.535263422882216546e-17
2.494508135230316839e+04 2.141240689805482096e-17
2.768286630392066581e+04 1.807924524064029009e-17
3.072112998861759115e+04 1.526051049560640382e-17
3.409285069746814406e+04 1.287701769984626082e-17
3.783462617131928710e+04 1.086455975794127241e-17
4.198707084443910571e+04 9.163576755394001006e-18
4.659525668664683326e+04 7.727272924581486043e-18
5.170920242896761192e+04 6.513802653659185365e-18
5.738441648302398244e+04 5.489286789526931506e-18
6.368249944718585903e+04 4.625079042402388763e-18
7.067181273927491566e+04 3.895673971306213388e-18
7.842822061337680498e+04 3.280113164277207984e-18
8.703591361485165544e+04 2.761254167627370850e-18
9.658832241158708348e+04 2.323612594655107022e-18
1.071891319205127511e+05 1.954633640128580631e-18
1.189534067370319535e+05 1.643566838011383987e-18
1.320088400831418112e+05 1.381522820020686773e-18
1.464971398307286145e+05 1.161007992660824257e-18
1.625755666443794908e+05 9.751539045845617461e-19
1.804186409392071655e+05 8.189177585270063265e-19
2.002200371815584658e+05 6.873029580859535649e-19
2.221946860939523904e+05 5.766070112617479776e-19
2.465811075822604180e+05 4.835571248265928384e-19
2.736439997074671555e+05 4.053177776488746754e-19
3.036771118035460822e+05 3.395691037144987640e-19
3.370064329271928291e+05 2.843909293897409176e-19
3.739937302478798083e+05 2.380497123687719218e-19
4.150404757850476308e+05 1.991462009814166349e-19
4.605922041145108524e+05 1.665043866109435530e-19
5.111433483440171112e+05 1.391585585964606520e-19
5.672426068491977639e+05 1.162398124858553420e-19
6.294988990221888525e+05 9.702452809724244473e-20
6.985879746785250027e+05 8.094041877374818046e-20
7.752597488629464060e+05 6.749018324213178786e-20
8.603464416684507160e+05 5.623256502651642026e-20
9.547716114208066138e+05 4.682218550600760962e-20
1.059560179277617019e+06 3.897281017659678066e-20
1.175849554052158026e+06 3.240837833451610792e-20
1.304901978014401859e+06 2.693173341435021383e-20
1.448118227674532915e+06 2.236523987603571968e-20
1.607052818261638284e+06 1.856414222707059228e-20
1.783430876931909472e+06 1.539530913468149269e-20
1.979166867853557458e+06 1.276003184618221080e-20
2.196385372416546568e+06 1.056576820973867829e-20
2.437444150122222025e+06 8.744653893777487252e-21
2.704959730463137385e+06 7.231360360633488215e-21
3.001835813575591892e+06 5.976354628905555356e-21
3.331294787934676744e+06 4.946836025807433346e-21
3.696912707195031922e+06 4.073355789905513075e-21
4.102658105827190448e+06 3.360123394077281914e-21
4.552935074866947718e+06 2.768517388640594541e-21
5.052631065335679799e+06 2.280662749589348746e-21
5.607169938205458224e+06 1.877760230026678147e-21
6.222570836730230600e+06 1.544102228817110605e-21
6.905513520162330940e+06 1.269010860545529650e-21
7.663410868007462472e+06 1.041872258889592471e-21
8.504489341802684590e+06 8.545213872002910979e-22
9.437878277775391936e+06 7.001717280735494492e-22
1.047370897959450819e+07 5.726316310378379395e-22
1.162322468679854274e+07 4.675826304165872962e-22
1.289890261253307760e+07 3.807746215211152644e-22
1.431458937523478456e+07 3.096175791718800450e-22
1.588565129428052530e+07 2.504831387135198511e-22
1.762914118095947802e+07 2.022413401421746872e-22
1.956398343517064676e+07 1.627240135153437044e-22
2.171117945694505423e+07 1.304712456659615782e-22
2.409403560239527002e+07 1.042797891162183210e-22
2.673841615839949250e+07 8.310655477081335783e-23
2.967302408188872784e+07 6.598367157364758328e-23
3.292971255097155273e+07 5.222126601225461539e-23
3.654383070957254618e+07 4.115009997916723123e-23
4.055460735840827972e+07 3.228850842733363580e-23
4.500557675700496882e+07 2.519470647969506515e-23
4.994505115855139494e+07 1.953591698131538392e-23
5.542664520663107187e+07 1.503553883652355634e-23
6.150985788580504060e+07 1.150720985897968728e-23
6.826071834272393584e+07 8.676390267296356106e-24
7.575250258771920204e+07 6.490582879764718915e-24
8.406652885618332028e+07 4.775683869113430743e-24
9.329304026284696162e+07 3.456320361366147422e-24
1.035321843295663744e+08 2.450294157450286415e-24
1.148951000187308788e+08 1.694420597941951238e-24
1.275051240713012964e+08 1.137391340228347130e-24
1.414991297434575856e+08 7.355158610166861302e-25
1.570290124729377627e+08 4.541928968929009538e-25
1.742633386009651124e+08 2.646776930429065366e-25
1.933891750455232263e+08 1.431541749249324440e-25
2.146141197858406007e+08 7.045573772952373406e-26
2.381685551976160705e+08 3.079432179506363114e-26
2.643081486974108517e+08 1.171783961574983218e-26
2.933166278390048146e+08 3.768115605834235076e-27
3.255088599835056663e+08 9.940647442223417597e-28
3.612342699709430337e+08 2.032707960154424976e-28
4.008806328898465633e+08 2.970623336195271075e-29
4.448782831127585173e+08 2.701152832988963395e-30
4.937047852839003801e+08 1.036385560809802879e-31
5.478901179593944550e+08 2.098532668651686712e-35
