1.000000000000000000e+02 1.199646875840554701e-11
1.109752496412072134e+02 1.060268161805915529e-11
1.231550603292826196e+02 9.370010356683152623e-12
1.366716356462005990e+02 8.280134871748416592e-12
1.516716888470922413e+02 7.316255069987255753e-12
1.683180353330956791e+02 6.463453148535815282e-12
1.867913599020782840e+02 5.709464262199450937e-12
2.072921779595371845e+02 5.042616228897937596e-12
2.300430119772916839e+02 4.452879838900606015e-12
2.552908068239516410e+02 3.931744595233295178e-12
2.833096101839323637e+02 3.470813819781733143e-12
3.144035471591500368e+02 3.063491441467451373e-12
3.489101213406774491e+02 2.703306237461772753e-12
3.872038781812557318e+02 2.384955780731060645e-12
4.297004704320843871e+02 2.103511594908234310e-12
4.768611697714468960e+02 1.854956230069414599e-12
5.291978735958442712e+02 1.635350318485544013e-12
5.872786613189482523e+02 1.441232168125199291e-12
6.517339604882420190e+02 1.269883147535406720e-12
7.232633896483533817e+02 1.118499266917484460e-12
8.026433522257173081e+02 9.849270370315894205e-13
8.907354638610439679e+02 8.669335007932770355e-13
9.884959046625587007e+02 7.627879247227405473e-13
1.096985797892383971e+03 6.709411349102441338e-13
1.217382727739662187e+03 5.899066745764984269e-13
1.350993521198027793e+03 5.184364253204417281e-13
1.499268432786045423e+03 4.554397314904335679e-13
1.663816886076128640e+03 3.998919844013421583e-13
1.846424942895544291e+03 3.510051192165976143e-13
2.049074689815845886e+03 3.079181295989342154e-13
2.273965752357927613e+03 2.700057198367298656e-13
2.523539170434765765e+03 2.366144966316358396e-13
2.800503894183631019e+03 2.072603241463562501e-13
3.107866187782013640e+03 1.814148619245138894e-13
3.448962260405759935e+03 1.587177802371905823e-13
3.827494478516314757e+03 1.387663187071905193e-13
4.247571552536898707e+03 1.212466035035096708e-13
4.713753134116724141e+03 1.058580741175010426e-13
5.231099308056262998e+03 9.236124266797852410e-14
5.805225516094896193e+03 8.052235559151239859e-14
6.442363508721369726e+03 7.013882363332518461e-14
7.149428986597576113e+03 6.105287195217159332e-14
7.934096665797491369e+03 5.307648552076115096e-14
8.804883581643463913e+03 4.611422461223128370e-14
9.771241535346502133e+03 4.001465443421759227e-14
1.084365968689610963e+04 3.469253228919033693e-14
1.203377840777589154e+04 3.003910170992285240e-14
1.335451562929898682e+04 2.598508523664564001e-14
1.482020705798858762e+04 2.244678059010098579e-14
1.644676177994664249e+04 1.936749106793543986e-14
1.825183494319044257e+04 1.668817537863732776e-14
2.025501939230666540e+04 1.436228354639832823e-14
2.247805833548725059e+04 1.234120070772111743e-14
2.494508135230316839e+04 1.059308373738721446e-14
2.768286630392066581e+04 9.075360268943921896e-15
3.072112998861759115e+04 7.766364718151953881e-15
3.409285069746814406e+04 6.634871255278276447e-15
3.783462617131928710e+04 5.660218807410074708e-15
4.198707084443910571e+04 4.821141803770835348e-15
4.659525668664683326e+04 4.099334667903115655e-15
5.170920242896761192e+04 3.480739450425364385e-15
5.738441648302398244e+04 2.950085914765669781e-15
6.368249944718585903e+04 2.496652179696410484e-15
7.067181273927491566e+04 2.108585770878289910e-15
7.842822061337680498e+04 1.777942790784947115e-15
8.703591361485165544e+04 1.496743126091362211e-15
9.658832241158708348e+04 1.256980325101123198e-15
1.071891319205127511e+05 1.054305753392400026e-15
1.189534067370319535e+05 8.819427259698880074e-16
1.320088400831418112e+05 7.364368844908661745e-16
1.464971398307286145e+05 6.134911762950649816e-16
1.625755666443794908e+05 5.099532108234911567e-16
1.804186409392071655e+05 4.228741445583635188e-16
2.002200371815584658e+05 3.496362287268493840e-16
2.221946860939523904e+05 2.884547990643715795e-16
2.465811075822604180e+05 2.372011532979261776e-16
2.736439997074671555e+05 1.945255485453179738e-16
3.036771118035460822e+05 1.590119969733710581e-16
3.370064329271928291e+05 1.295124802722959557e-16
3.739937302478798083e+05 1.051908746670480584e-16
4.150404757850476308e+05 8.503975832591448255e-17
4.605922041145108524e+05 6.854341099637577348e-17
5.111433483440171112e+05 5.496236399637784832e-17
5.672426068491977639e+05 4.390660666480921567e-17
6.294988990221888525e+05 3.490681626401506611e-17
6.985879746785250027e+05 2.757520117761260802e-17
7.752597488629464060e+05 2.168374065502718920e-17
8.603464416684507160e+05 1.692085892805444391e-17
9.547716114208066138e+05 1.312283379078732827e-17
1.059560179277617019e+06 1.009844069403224921e-17
1.175849554052158026e+06 7.690199496178912204e-18
1.304901978014401859e+06 5.804362226232513055e-18
1.448118227674532915e+06 4.329710396173795820e-18
1.607052818261638284e+06 3.188585196807265934e-18
1.783430876931909472e+06 2.315945489448261890e-18
1.979166867853557458e+06 1.651394394742420302e-18
2.196385372416546568e+06 1.155474295480082010e-18
2.437444150122222025e+06 7.926041066187177015e-19
2.704959730463137385e+06 5.302177121455328043e-19
3.001835813575591892e+06 3.453536246278587853e-19
3.331294787934676744e+06 2.191604752366658545e-19
3.696912707195031922e+06 1.355906892995969768e-19
4.102658105827190448e+06 8.214689685526153905e-20
4.552935074866947718e+06 4.896118975652890083e-20
5.052631065335679799e+06 2.893769174732069830e-20
5.607169938205458224e+06 1.716767447959821806e-20
6.222570836730230600e+06 1.031842133475439427e-20
6.905513520162330940e+06 6.353162912004685537e-21
7.663410868007462472e+06 4.059113695481035389e-21
8.504489341802684590e+06 2.687126450647173058e-21
9.437878277775391936e+06 1.818328819123387743e-21
1.047370897959450819e+07 1.236608119855513883e-21
1.162322468679854274e+07 8.333157295285422474e-22
1.289890261253307760e+07 5.524100972303170769e-22
1.431458937523478456e+07 3.543150074301347766e-22
1.588565129428052530e+07 2.212725753355116805e-22
1.762914118095947802e+07 1.341240167407859451e-22
1.956398343517064676e+07 7.944318072453156509e-23
2.171117945694505423e+07 4.701518230187741862e-23
2.409403560239527002e+07 2.850999665344095288e-23
2.673841615839949250e+07 1.786983787339641034e-23
2.967302408188872784e+07 1.147643166747258703e-23
3.292971255097155273e+07 7.433045504963799663e-24
3.654383070957254618e+07 4.793383862560363856e-24
4.055460735840827972e+07 3.066029211416903893e-24
4.500557675700496882e+07 1.939570840094785387e-24
4.994505115855139494e+07 1.208760567965918229e-24
5.542664520663107187e+07 7.378195821112469291e-25
6.150985788580504060e+07 4.391336886422016592e-25
6.826071834272393584e+07 2.524792254252561811e-25
7.575250258771920204e+07 1.390411305126189944e-25
8.406652885618332028e+07 7.212462937114934533e-26
9.329304026284696162e+07 3.409401732884515662e-26
1.035321843295663744e+08 1.342768751413875574e-26
1.148951000187308788e+08 3.186783063239508305e-27
1.275051240713012964e+08 2.118504262285637091e-29
1.414991297434575856e+08 2.193775702829652856e-63
1.570290124729377627e+08 1.395266798352676032e-82
