1.000000000000000000e+02 1.550271513600823240e-13
1.109752496412072134e+02 1.245106288794567507e-13
1.231550603292826196e+02 9.988155078538144615e-14
1.366716356462005990e+02 8.006529051716714579e-14
1.516716888470922413e+02 6.416124972579158672e-14
1.683180353330956791e+02 5.146337038048180925e-14
1.867913599020782840e+02 4.134567112815225759e-14
2.072921779595371845e+02 3.329511193054431602e-14
2.300430119772916839e+02 2.690353196554818733e-14
2.552908068239516410e+02 2.182439577238358520e-14
2.833096101839323637e+02 1.779025071248162366e-14
3.144035471591500368e+02 1.456982811427880589e-14
3.489101213406774491e+02 1.199260439333887672e-14
3.872038781812557318e+02 9.921155702330850924e-15
4.297004704320843871e+02 8.247092547998999885e-15
4.768611697714468960e+02 6.882474003026540655e-15
5.291978735958442712e+02 5.765581266082377777e-15
5.872786613189482523e+02 4.843917682536465148e-15
6.517339604882420190e+02 4.076579963676990012e-15
7.232633896483533817e+02 3.436954389568325418e-15
8.026433522257173081e+02 2.899098986943640758e-15
8.907354638610439679e+02 2.444706921681230619e-15
9.884959046625587007e+02 2.061547926538702897e-15
1.096985797892383971e+03 1.735438699936699919e-15
1.217382727739662187e+03 1.458606560660728475e-15
1.350993521198027793e+03 1.224247300068432123e-15
1.499268432786045423e+03 1.024468701029730212e-15
1.663816886076128640e+03 8.546624482647542240e-16
1.846424942895544291e+03 7.113058009307728232e-16
2.049074689815845886e+03 5.899616711465637897e-16
2.273965752357927613e+03 4.875246883566683573e-16
2.523539170434765765e+03 4.012125687650305085e-16
2.800503894183631019e+03 3.288033077041445157e-16
3.107866187782013640e+03 2.686062028236343118e-16
3.448962260405759935e+03 2.184047504916821043e-16
3.827494478516314757e+03 1.765296117579418196e-16
4.247571552536898707e+03 1.421309045032783866e-16
4.713753134116724141e+03 1.140320612339369182e-16
5.231099308056262998e+03 9.111305684586552503e-17
5.805225516094896193e+03 7.224403479133448695e-17
6.442363508721369726e+03 5.709452510216075911e-17
7.149428986597576113e+03 4.499387370513106846e-17
7.934096665797491369e+03 3.537100459002496299e-17
8.804883581643463913e+03 2.765791925110467184e-17
9.771241535346502133e+03 2.156457859395890102e-17
1.084365968689610963e+04 1.680931910271042976e-17
1.203377840777589154e+04 1.310125525867717764e-17
1.335451562929898682e+04 1.022029792021269025e-17
1.482020705798858762e+04 7.967060295450152792e-18
1.644676177994664249e+04 6.226380897345002971e-18
1.825183494319044257e+04 4.879745653992339820e-18
2.025501939230666540e+04 3.836852878131916909e-18
2.247805833548725059e+04 3.027805208020840807e-18
2.494508135230316839e+04 2.397958847045095386e-18
2.768286630392066581e+04 1.907769692475125054e-18
3.072112998861759115e+04 1.525335928224720198e-18
3.409285069746814406e+04 1.225953499889012932e-18
3.783462617131928710e+04 9.907768781739915595e-19
4.198707084443910571e+04 8.052602801869514283e-19
4.659525668664683326e+04 6.578243760062948521e-19
5.170920242896761192e+04 5.395468145885018958e-19
5.738441648302398244e+04 4.437459456930526502e-19
6.368249944718585903e+04 3.654334683016299113e-19
7.067181273927491566e+04 3.011685096087642665e-19
7.842822061337680498e+04 2.481666596734366385e-19
8.703591361485165544e+04 2.043862521859198146e-19
9.658832241158708348e+04 1.681725282280981460e-19
1.071891319205127511e+05 1.382599876847868323e-19
1.189534067370319535e+05 1.135223702962095691e-19
1.320088400831418112e+05 9.309368723823009101e-20
1.464971398307286145e+05 7.623477845842119833e-20
1.625755666443794908e+05 6.234719604203898534e-20
1.804186409392071655e+05 5.090088360476711184e-20
2.002200371815584658e+05 4.149921665550211206e-20
2.221946860939523904e+05 3.376830867337874156e-20
2.465811075822604180e+05 2.743528261429579897e-20
2.736439997074671555e+05 2.224237638716160934e-20
3.036771118035460822e+05 1.799341610389713624e-20
3.370064329271928291e+05 1.453041165507677504e-20
3.739937302478798083e+05 1.170354407236568508e-20
4.150404757850476308e+05 9.407019359030875052e-21
4.605922041145108524e+05 7.541933762290163380e-21
5.111433483440171112e+05 6.034212782346557188e-21
5.672426068491977639e+05 4.817448897088131140e-21
6.294988990221888525e+05 3.836644367529694511e-21
6.985879746785250027e+05 3.049301814126258005e-21
7.752597488629464060e+05 2.416922650056711714e-21
8.603464416684507160e+05 1.911327932792540882e-21
9.547716114208066138e+05 1.507058515850992214e-21
1.059560179277617019e+06 1.185481381237317641e-21
1.175849554052158026e+06 9.294293843006689184e-22
1.304901978014401859e+06 7.259534930696674466e-22
1.448118227674532915e+06 5.652877651548895194e-22
1.607052818261638284e+06 4.386527201297453243e-22
1.783430876931909472e+06 3.387563599683497157e-22
1.979166867853557458e+06 2.605901299256234223e-22
2.196385372416546568e+06 1.995977463812119319e-22
2.437444150122222025e+06 1.521343442507677602e-22
2.704959730463137385e+06 1.152071513536667929e-22
3.001835813575591892e+06 8.704957245804236737e-23
3.331294787934676744e+06 6.535063731787058423e-23
3.696912707195031922e+06 4.880376460444089546e-23
4.102658105827190448e+06 3.626799716798646691e-23
4.552935074866947718e+06 2.679194705180029061e-23
5.052631065335679799e+06 1.966130764465987505e-23
5.607169938205458224e+06 1.433003004570323561e-23
6.222570836730230600e+06 1.035171320031987244e-23
6.905513520162330940e+06 7.396561741910347169e-24
7.663410868007462472e+06 5.238888963897363395e-24
8.504489341802684590e+06 3.666835147934785939e-24
9.437878277775391936e+06 2.530099450770801474e-24
1.047370897959450819e+07 1.715514568744665787e-24
1.162322468679854274e+07 1.137395784943783198e-24
1.289890261253307760e+07 7.331038794857447768e-25
1.431458937523478456e+07 4.548195738410117666e-25
1.588565129428052530e+07 2.683646856917933707e-25
1.762914118095947802e+07 1.477567550700510663e-25
1.956398343517064676e+07 7.389560535237931746e-26
2.171117945694505423e+07 3.220954990036243270e-26
2.409403560239527002e+07 1.136543064726255788e-26
2.673841615839949250e+07 2.793043346004979298e-27
2.967302408188872784e+07 3.724549026500837566e-28
3.292971255097155273e+07 3.372405198667717465e-29
3.654383070957254618e+07 5.910156620172151615e-31
4.055460735840827972e+07 5.151959740774494587e-33
4.500557675700496882e+07 2.703956267202236449e-35
4.994505115855139494e+07 7.330475500349299638e-38
5.542664520663107187e+07 8.778603179587031214e-41
6.150985788580504060e+07 3.652025062407660704e-44
6.826071834272393584e+07 3.167181042503696520e-48
7.575250258771920204e+07 1.965466406814119887e-53
8.406652885618332028e+07 5.618807125822796323e-61
9.329304026284696162e+07 1.841421272836340228e-74
