1.000000000000000000e+02 3.765137869532428476e-13
1.109752496412072134e+02 3.163481666386512366e-13
1.231550603292826196e+02 2.658364887295710610e-13
1.366716356462005990e+02 2.241611349262862167e-13
1.516716888470922413e+02 1.892349291484519925e-13
1.683180353330956791e+02 1.599014649720689852e-13
1.867913599020782840e+02 1.352393959680486039e-13
2.072921779595371845e+02 1.144011929782704068e-13
2.300430119772916839e+02 9.677274979380479545e-14
2.552908068239516410e+02 8.182112469855200611e-14
2.833096101839323637e+02 6.912387019080148148e-14
3.144035471591500368e+02 5.835164341153423139e-14
3.489101213406774491e+02 4.920452768046239878e-14
3.872038781812557318e+02 4.144616490167232405e-14
4.297004704320843871e+02 3.487315474098660369e-14
4.768611697714468960e+02 2.931729477703036733e-14
5.291978735958442712e+02 2.462477514229372534e-14
5.872786613189482523e+02 2.067261977163761399e-14
6.517339604882420190e+02 1.734986012851057524e-14
7.232633896483533817e+02 1.454841314843257943e-14
8.026433522257173081e+02 1.220218842172965945e-14
8.907354638610439679e+02 1.023668624172538965e-14
9.884959046625587007e+02 8.589481713081661248e-15
1.096985797892383971e+03 7.212653921447134023e-15
1.217382727739662187e+03 6.060200169175395131e-15
1.350993521198027793e+03 5.094806563515210222e-15
1.499268432786045423e+03 4.287714290047653142e-15
1.663816886076128640e+03 3.611114526172351035e-15
1.846424942895544291e+03 3.044192837243474417e-15
2.049074689815845886e+03 2.567141446018457960e-15
2.273965752357927613e+03 2.166382069594952203e-15
2.523539170434765765e+03 1.829231776505101663e-15
2.800503894183631019e+03 1.544634151733532152e-15
3.107866187782013640e+03 1.304647862871835701e-15
3.448962260405759935e+03 1.101554302890002119e-15
3.827494478516314757e+03 9.302257933946957655e-16
4.247571552536898707e+03 7.852149914908614033e-16
4.713753134116724141e+03 6.624310759888258066e-16
5.231099308056262998e+03 5.586458294794235665e-16
5.805225516094896193e+03 4.708427478101804760e-16
6.442363508721369726e+03 3.965486484068045854e-16
7.149428986597576113e+03 3.336841839576247555e-16
7.934096665797491369e+03 2.805994143112851551e-16
8.804883581643463913e+03 2.357534574357719347e-16
9.771241535346502133e+03 1.978131358305415113e-16
1.084365968689610963e+04 1.658599646868376316e-16
1.203377840777589154e+04 1.388816186879589051e-16
1.335451562929898682e+04 1.161460800600036346e-16
1.482020705798858762e+04 9.699283915267872649e-17
1.644676177994664249e+04 8.090629960384649557e-17
1.825183494319044257e+04 6.737725572251932867e-17
2.025501939230666540e+04 5.600340516213348594e-17
2.247805833548725059e+04 4.648085804816333807e-17
2.494508135230316839e+04 3.851238887143413293e-17
2.768286630392066581e+04 3.185032557626702589e-17
3.072112998861759115e+04 2.629537597910217683e-17
3.409285069746814406e+04 2.166735514153348045e-17
3.783462617131928710e+04 1.782282838867108914e-17
4.198707084443910571e+04 1.463084505883286611e-17
4.659525668664683326e+04 1.199031255585945421e-17
5.170920242896761192e+04 9.812592265467640284e-18
5.738441648302398244e+04 8.015953366712847270e-18
6.368249944718585903e+04 6.540894781375578421e-18
7.067181273927491566e+04 5.330825062550411572e-18
7.842822061337680498e+04 4.341684166793688234e-18
8.703591361485165544e+04 3.533520811881914061e-18
9.658832241158708348e+04 2.874416347055012840e-18
1.071891319205127511e+05 2.335609705796013522e-18
1.189534067370319535e+05 1.894759115103224415e-18
1.320088400831418112e+05 1.534688138183702898e-18
1.464971398307286145e+05 1.239414224332627907e-18
1.625755666443794908e+05 9.991886597785122822e-19
1.804186409392071655e+05 8.031396801038796094e-19
2.002200371815584658e+05 6.439287217801980745e-19
2.221946860939523904e+05 5.150212358346222110e-19
2.465811075822604180e+05 4.106125318925397280e-19
2.736439997074671555e+05 3.265264476069035428e-19
3.036771118035460822e+05 2.588086309766044474e-19
3.370064329271928291e+05 2.045244696607607105e-19
3.739937302478798083e+05 1.611028469272887337e-19
4.150404757850476308e+05 1.264289862732741330e-19
4.605922041145108524e+05 9.892523712595294470e-20
5.111433483440171112e+05 7.706582483029977023e-20
5.672426068491977639e+05 5.986068201338334928e-20
6.294988990221888525e+05 4.626308231145652057e-20
6.985879746785250027e+05 3.564003702459347106e-20
7.752597488629464060e+05 2.730790512851930102e-20
8.603464416684507160e+05 2.086260922911897207e-20
9.547716114208066138e+05 1.583830457748902538e-20
1.059560179277617019e+06 1.197894478734740619e-20
1.175849554052158026e+06 9.006719106881796610e-21
1.304901978014401859e+06 6.740583794292917211e-21
1.448118227674532915e+06 5.011069903903016798e-21
1.607052818261638284e+06 3.709033207399580809e-21
1.783430876931909472e+06 2.724871564451025241e-21
1.979166867853557458e+06 1.990969519642568859e-21
2.196385372416546568e+06 1.443744267741965484e-21
2.437444150122222025e+06 1.039400256645913097e-21
2.704959730463137385e+06 7.426107612579197906e-22
3.001835813575591892e+06 5.261277896223528957e-22
3.331294787934676744e+06 3.692453023794578606e-22
3.696912707195031922e+06 2.564281534402574666e-22
4.102658105827190448e+06 1.759905683728768137e-22
4.552935074866947718e+06 1.191082732822371225e-22
5.052631065335679799e+06 7.933593208928528669e-23
5.607169938205458224e+06 5.183349762123333874e-23
6.222570836730230600e+06 3.309548345296696427e-23
6.905513520162330940e+06 2.062195007738592009e-23
7.663410868007462472e+06 1.237675834429942423e-23
8.504489341802684590e+06 7.104479785918291758e-24
9.437878277775391936e+06 3.885353825008169005e-24
1.047370897959450819e+07 1.997177664201289439e-24
1.162322468679854274e+07 9.533606941918117340e-25
1.289890261253307760e+07 4.173098670213192476e-25
1.431458937523478456e+07 1.654320342259105129e-25
1.588565129428052530e+07 5.844055065988820180e-26
1.762914118095947802e+07 1.813556126943523475e-26
1.956398343517064676e+07 4.873111537449534436e-27
2.171117945694505423e+07 1.115720580509110431e-27
2.409403560239527002e+07 2.141500893053359125e-28
2.673841615839949250e+07 3.392166806330213302e-29
2.967302408188872784e+07 4.358505755247999235e-30
3.292971255097155273e+07 4.463596855011611359e-31
3.654383070957254618e+07 3.577409468130148914e-32
4.055460735840827972e+07 2.200536911734496685e-33
4.500557675700496882e+07 1.017414351859902713e-34
4.994505115855139494e+07 3.455445556010857971e-36
5.542664520663107187e+07 8.411487875289127932e-38
6.150985788580504060e+07 1.421744268181289930e-39
6.826071834272393584e+07 1.616118812667012532e-41
7.575250258771920204e+07 1.184966883048081759e-43
8.406652885618332028e+07 5.346858312129452075e-46
9.329304026284696162e+07 1.408217650715708703e-48
1.035321843295663744e+08 2.041459678753034491e-51
1.148951000187308788e+08 1.524654494040646878e-54
1.275051240713012964e+08 5.436977974198066497e-58
1.414991297434575856e+08 8.480091450884790238e-62
1.570290124729377627e+08 5.231563743685743706e-66
1.742633386009651124e+08 1.137956552762223813e-70
1.933891750455232263e+08 7.624124929279592798e-76
2.146141197858406007e+08 1.326671321855236824e-81
2.381685551976160705e+08 5.847755750734510221e-88
2.643081486974108517e+08 1.029188655444072890e-91
2.933166278390048146e+08 6.553063426226778194e-92
3.255088599835056663e+08 4.018678578188721546e-92
3.612342699709430337e+08 2.331910041501182935e-92
4.008806328898465633e+08 1.248488467238470765e-92
4.448782831127585173e+08 5.867888813857449002e-93
4.937047852839003801e+08 2.175772445215860253e-93
5.478901179593944550e+08 4.773321537367888966e-94
6.080224261649426222e+08 3.445303158485152628e-95
6.747544053110699654e+08 5.508950604507762594e-124
