1.000000000000000000e+02 4.154299819364058897e-13
1.109752496412072134e+02 3.502353248755431516e-13
1.231550603292826196e+02 2.941782871584412878e-13
1.366716356462005990e+02 2.465930052527860421e-13
1.516716888470922413e+02 2.059173838581525215e-13
1.683180353330956791e+02 1.713660396310150315e-13
1.867913599020782840e+02 1.422882830887407479e-13
2.072921779595371845e+02 1.173703261853220948e-13
2.300430119772916839e+02 9.669721094142407176e-14
2.552908068239516410e+02 7.923158439982289040e-14
2.833096101839323637e+02 6.472822920607287449e-14
3.144035471591500368e+02 5.267153433156578575e-14
3.489101213406774491e+02 4.259432570629355639e-14
3.872038781812557318e+02 3.438120420574515907e-14
4.297004704320843871e+02 2.755586601966500011e-14
4.768611697714468960e+02 2.205599844668719020e-14
5.291978735958442712e+02 1.756009147661010284e-14
5.872786613189482523e+02 1.394333902098335305e-14
6.517339604882420190e+02 1.103161913426128317e-14
7.232633896483533817e+02 8.712291359899036026e-15
8.026433522257173081e+02 6.859480453121016060e-15
8.907354638610439679e+02 5.406349733469739245e-15
9.884959046625587007e+02 4.250374405469977763e-15
1.096985797892383971e+03 3.356518993650270571e-15
1.217382727739662187e+03 2.644961177975963640e-15
1.350993521198027793e+03 2.098641466719447231e-15
1.499268432786045423e+03 1.664726405857882479e-15
1.663816886076128640e+03 1.329966081465065679e-15
1.846424942895544291e+03 1.065284177784314013e-15
2.049074689815845886e+03 8.586199381197392329e-16
2.273965752357927613e+03 6.934722732773225233e-16
2.523539170434765765e+03 5.630907644112504320e-16
2.800503894183631019e+03 4.575893297386772318e-16
3.107866187782013640e+03 3.732116887880814178e-16
3.448962260405759935e+03 3.041997651543900245e-16
3.827494478516314757e+03 2.483160229764492934e-16
4.247571552536898707e+03 2.023174537996371416e-16
4.713753134116724141e+03 1.648408430160890286e-16
5.231099308056262998e+03 1.338487271257556874e-16
5.805225516094896193e+03 1.086735278532375089e-16
6.442363508721369726e+03 8.777557791163578110e-17
7.149428986597576113e+03 7.099434518459250519e-17
7.934096665797491369e+03 5.704798636563824771e-17
8.804883581643463913e+03 4.592752629220459144e-17
9.771241535346502133e+03 3.676480080701238842e-17
1.084365968689610963e+04 2.944305763703190164e-17
1.203377840777589154e+04 2.360847632962160473e-17
1.335451562929898682e+04 1.884426370856205601e-17
1.482020705798858762e+04 1.511530757367091585e-17
1.644676177994664249e+04 1.210831899109241579e-17
1.825183494319044257e+04 9.718382532125125369e-18
2.025501939230666540e+04 7.830282481449964237e-18
2.247805833548725059e+04 6.319136623505199276e-18
2.494508135230316839e+04 5.112550079301414042e-18
2.768286630392066581e+04 4.150307436477545274e-18
3.072112998861759115e+04 3.376643363905400541e-18
3.409285069746814406e+04 2.750893677055345678e-18
3.783462617131928710e+04 2.244435259396095186e-18
4.198707084443910571e+04 1.830834309955030546e-18
4.659525668664683326e+04 1.491951043545860059e-18
5.170920242896761192e+04 1.213690668297238120e-18
5.738441648302398244e+04 9.843259152759565322e-19
6.368249944718585903e+04 7.953665556422419389e-19
7.067181273927491566e+04 6.395107811313139226e-19
7.842822061337680498e+04 5.112780141156308849e-19
8.703591361485165544e+04 4.060263361786436013e-19
9.658832241158708348e+04 3.201447207929913988e-19
1.071891319205127511e+05 2.504184832845930525e-19
1.189534067370319535e+05 1.942643468568635305e-19
1.320088400831418112e+05 1.494580260676632943e-19
1.464971398307286145e+05 1.141186528710617188e-19
1.625755666443794908e+05 8.659085447565353141e-20
1.804186409392071655e+05 6.547331177360239568e-20
2.002200371815584658e+05 4.956510559954959260e-20
2.221946860939523904e+05 3.766242625304812048e-20
2.465811075822604180e+05 2.895524931042331621e-20
2.736439997074671555e+05 2.261907215787974375e-20
3.036771118035460822e+05 1.798567609130184273e-20
3.370064329271928291e+05 1.454137038011634985e-20
3.739937302478798083e+05 1.190766845638973021e-20
4.150404757850476308e+05 9.838226391697657514e-21
4.605922041145108524e+05 8.169142213930402969e-21
5.111433483440171112e+05 6.799636822432327065e-21
5.672426068491977639e+05 5.665519692642539224e-21
6.294988990221888525e+05 4.720023529101908970e-21
6.985879746785250027e+05 3.930705022455239694e-21
7.752597488629464060e+05 3.270566561637453244e-21
8.603464416684507160e+05 2.717936810006446077e-21
9.547716114208066138e+05 2.256255441349792509e-21
1.059560179277617019e+06 1.870906091080481353e-21
1.175849554052158026e+06 1.549353965676993193e-21
1.304901978014401859e+06 1.281102001686029569e-21
1.448118227674532915e+06 1.058058233975947104e-21
1.607052818261638284e+06 8.723140377352600941e-22
1.783430876931909472e+06 7.178060593463663134e-22
1.979166867853557458e+06 5.897003434586217959e-22
2.196385372416546568e+06 4.833965803120708996e-22
2.437444150122222025e+06 3.954815838560540567e-22
2.704959730463137385e+06 3.228690616637197546e-22
3.001835813575591892e+06 2.628809552693898014e-22
3.331294787934676744e+06 2.134808256898972203e-22
3.696912707195031922e+06 1.728376659546671704e-22
4.102658105827190448e+06 1.395345278003524590e-22
4.552935074866947718e+06 1.121974757559911555e-22
5.052631065335679799e+06 8.991015845614784758e-23
5.607169938205458224e+06 7.164867903989193379e-23
6.222570836730230600e+06 5.687587034121390634e-23
6.905513520162330940e+06 4.490652657771511561e-23
7.663410868007462472e+06 3.523441309254339599e-23
8.504489341802684590e+06 2.748420970614561362e-23
9.437878277775391936e+06 2.127497385473387789e-23
1.047370897959450819e+07 1.633544179434527422e-23
1.162322468679854274e+07 1.241765613421047607e-23
1.289890261253307760e+07 9.351930511944489019e-24
1.431458937523478456e+07 6.956842918893517602e-24
1.588565129428052530e+07 5.104382201905267398e-24
1.762914118095947802e+07 3.686156968213076653e-24
1.956398343517064676e+07 2.614054312163431982e-24
2.171117945694505423e+07 1.814877596871153440e-24
2.409403560239527002e+07 1.229366587973443754e-24
2.673841615839949250e+07 8.090877280285588534e-25
2.967302408188872784e+07 5.150739777306707942e-25
3.292971255097155273e+07 3.156371691938695602e-25
3.654383070957254618e+07 1.854713078804685748e-25
4.055460735840827972e+07 1.041637050024420612e-25
4.500557675700496882e+07 5.598124378657463160e-26
4.994505115855139494e+07 2.900978111953065735e-26
5.542664520663107187e+07 1.460619909312326706e-26
6.150985788580504060e+07 7.002342305309630628e-27
6.826071834272393584e+07 2.896993269724507990e-27
7.575250258771920204e+07 7.825666164950917997e-28
8.406652885618332028e+07 4.019534182715520780e-29
9.329304026284696162e+07 7.930694612251758435e-32
1.035321843295663744e+08 1.969157842329061350e-36
1.148951000187308788e+08 6.585669903924560882e-46
1.275051240713012964e+08 3.921031682985827632e-79
