1.000000000000000000e+02 1.450373955020998785e-11
1.109752496412072134e+02 1.249346799960405244e-11
1.231550603292826196e+02 1.075620796357027953e-11
1.366716356462005990e+02 9.254278028248949457e-12
1.516716888470922413e+02 7.954151725794835523e-12
1.683180353330956791e+02 6.833154923818913146e-12
1.867913599020782840e+02 5.863187732627075868e-12
2.072921779595371845e+02 5.027651845349413029e-12
2.300430119772916839e+02 4.305994378621736412e-12
2.552908068239516410e+02 3.684692643290207370e-12
2.833096101839323637e+02 3.149012884902734241e-12
3.144035471591500368e+02 2.688395140192977114e-12
3.489101213406774491e+02 2.292084931085817455e-12
3.872038781812557318e+02 1.951458626139010195e-12
4.297004704320843871e+02 1.659858750994135026e-12
4.768611697714468960e+02 1.409132366978264985e-12
5.291978735958442712e+02 1.195890444554901585e-12
5.872786613189482523e+02 1.012021434145898116e-12
6.517339604882420190e+02 8.564430366394856551e-13
7.232633896483533817e+02 7.228444806934789419e-13
8.026433522257173081e+02 6.101154896824136075e-13
8.907354638610439679e+02 5.134875303143674008e-13
9.884959046625587007e+02 4.322238919372947529e-13
1.096985797892383971e+03 3.628154774948216872e-13
1.217382727739662187e+03 3.047038019212118684e-13
1.350993521198027793e+03 2.551393575653015816e-13
1.499268432786045423e+03 2.138394165852634329e-13
1.663816886076128640e+03 1.786760487130383028e-13
1.846424942895544291e+03 1.495161729537816914e-13
2.049074689815845886e+03 1.246842340428497000e-13
2.273965752357927613e+03 1.041674830774685688e-13
2.523539170434765765e+03 8.674483598764716240e-14
2.800503894183631019e+03 7.233667943382281754e-14
3.107866187782013640e+03 6.014193409692999189e-14
3.448962260405759935e+03 5.005890110358321052e-14
3.827494478516314757e+03 4.153728462169335493e-14
4.247571552536898707e+03 3.444870417092804032e-14
4.713753134116724141e+03 2.855544575207737503e-14
5.231099308056262998e+03 2.360704932584201456e-14
5.805225516094896193e+03 1.947781051919501396e-14
6.442363508721369726e+03 1.603449332021162076e-14
7.149428986597576113e+03 1.316548283848976503e-14
7.934096665797491369e+03 1.077685136920377718e-14
8.804883581643463913e+03 8.796069958107377710e-15
9.771241535346502133e+03 7.150729115238668584e-15
1.084365968689610963e+04 5.798656239664327976e-15
1.203377840777589154e+04 4.672773103964484213e-15
1.335451562929898682e+04 3.767105578134641161e-15
1.482020705798858762e+04 3.009851110335520673e-15
1.644676177994664249e+04 2.403913636388499504e-15
1.825183494319044257e+04 1.913481156533363642e-15
2.025501939230666540e+04 1.512869055128894982e-15
2.247805833548725059e+04 1.200825701446551020e-15
2.494508135230316839e+04 9.435762336536133544e-16
2.768286630392066581e+04 7.428275389444061245e-16
3.072112998861759115e+04 5.852306619133442853e-16
3.409285069746814406e+04 4.597319908990804665e-16
3.783462617131928710e+04 3.628326622055702740e-16
4.198707084443910571e+04 2.853550110308903113e-16
4.659525668664683326e+04 2.254123378840397954e-16
5.170920242896761192e+04 1.785360314894614028e-16
5.738441648302398244e+04 1.418285552944664356e-16
6.368249944718585903e+04 1.129667762704829738e-16
7.067181273927491566e+04 9.010373736262394569e-17
7.842822061337680498e+04 7.194992461116221804e-17
8.703591361485165544e+04 5.744180717881483626e-17
9.658832241158708348e+04 4.578280189699685245e-17
1.071891319205127511e+05 3.636664092099413390e-17
1.189534067370319535e+05 2.873358256268554015e-17
1.320088400831418112e+05 2.254149017743942179e-17
1.464971398307286145e+05 1.752338307153525439e-17
1.625755666443794908e+05 1.346856691221306097e-17
1.804186409392071655e+05 1.021092919564867779e-17
2.002200371815584658e+05 7.614726302514947998e-18
2.221946860939523904e+05 5.566327706003068855e-18
2.465811075822604180e+05 3.968933533643254704e-18
2.736439997074671555e+05 2.752626733886505603e-18
3.036771118035460822e+05 1.843813090317533192e-18
3.370064329271928291e+05 1.187913598276774026e-18
3.739937302478798083e+05 7.275209989617868589e-19
4.150404757850476308e+05 4.250319368858312544e-19
4.605922041145108524e+05 2.357129347490501207e-19
5.111433483440171112e+05 1.261970638546991613e-19
5.672426068491977639e+05 6.775760871462624996e-20
6.294988990221888525e+05 3.829074853004091875e-20
6.985879746785250027e+05 2.365632355995460368e-20
7.752597488629464060e+05 1.604044623666851610e-20
8.603464416684507160e+05 1.166021183358082422e-20
9.547716114208066138e+05 8.812572462993515264e-21
1.059560179277617019e+06 6.777890457514700625e-21
1.175849554052158026e+06 5.244987276183301597e-21
1.304901978014401859e+06 4.062875589636182362e-21
1.448118227674532915e+06 3.143486487026420595e-21
1.607052818261638284e+06 2.428957640041343768e-21
1.783430876931909472e+06 1.874838015963814682e-21
1.979166867853557458e+06 1.445610519888476587e-21
2.196385372416546568e+06 1.113326367780688904e-21
2.437444150122222025e+06 8.563040212896619226e-22
2.704959730463137385e+06 6.577672591576911248e-22
3.001835813575591892e+06 5.045074433743441242e-22
3.331294787934676744e+06 3.863108825867685467e-22
3.696912707195031922e+06 2.953435448956282900e-22
4.102658105827190448e+06 2.254459189355099459e-22
4.552935074866947718e+06 1.717697628740559612e-22
5.052631065335679799e+06 1.306442895928001179e-22
5.607169938205458224e+06 9.915777064704099025e-23
6.222570836730230600e+06 7.511542855489139465e-23
6.905513520162330940e+06 5.677381427264178220e-23
7.663410868007462472e+06 4.281801443699655473e-23
8.504489341802684590e+06 3.221584429437480124e-23
9.437878277775391936e+06 2.417949672676903404e-23
1.047370897959450819e+07 1.810298747993170333e-23
1.162322468679854274e+07 1.351523284956135878e-23
1.289890261253307760e+07 1.006287757372172641e-23
1.431458937523478456e+07 7.470790830503931760e-24
1.588565129428052530e+07 5.530199838165439223e-24
1.762914118095947802e+07 4.080571131780904838e-24
1.956398343517064676e+07 3.001271949487138491e-24
2.171117945694505423e+07 2.199597061627989891e-24
2.409403560239527002e+07 1.606304387742336405e-24
2.673841615839949250e+07 1.168394588080506193e-24
2.967302408188872784e+07 8.463385755838053848e-25
3.292971255097155273e+07 6.104257365382636119e-25
3.654383070957254618e+07 4.381204046036959281e-25
4.055460735840827972e+07 3.127644943390684978e-25
4.500557675700496882e+07 2.220256834651292916e-25
4.994505115855139494e+07 1.566342892676852409e-25
5.542664520663107187e+07 1.097259584071526528e-25
6.150985788580504060e+07 7.624986051569550907e-26
6.826071834272393584e+07 5.249672407627576784e-26
7.575250258771920204e+07 3.573494844870605931e-26
8.406652885618332028e+07 2.406293400353453222e-26
9.329304026284696162e+07 1.595053311361304358e-26
1.035321843295663744e+08 1.039936612176984919e-26
1.148951000187308788e+08 6.612430887922742641e-27
1.275051240713012964e+08 4.095018278136704647e-27
1.414991297434575856e+08 2.447166968152472793e-27
1.570290124729377627e+08 1.393915374820271880e-27
1.742633386009651124e+08 7.445128509681553581e-28
1.933891750455232263e+08 3.637462113886338769e-28
2.146141197858406007e+08 1.558354876801148134e-28
2.381685551976160705e+08 5.433033648204114673e-29
2.643081486974108517e+08 1.036062031697305818e-29
2.933166278390048146e+08 2.892016540458138434e-45
