1.000000000000000000e+02 7.207645000933261912e-12
1.109752496412072134e+02 6.233832853661325083e-12
1.231550603292826196e+02 5.389684467784918592e-12
1.366716356462005990e+02 4.658158136267579395e-12
1.516716888470922413e+02 4.025329262879961207e-12
1.683180353330956791e+02 3.477436306272208933e-12
1.867913599020782840e+02 3.002891197778015389e-12
2.072921779595371845e+02 2.592112323399786064e-12
2.300430119772916839e+02 2.237163577667186305e-12
2.552908068239516410e+02 1.929729519013264389e-12
2.833096101839323637e+02 1.681362663786564876e-12
3.144035471591500368e+02 1.434291671361016903e-12
3.489101213406774491e+02 1.235806024501235425e-12
3.872038781812557318e+02 1.064154285342604229e-12
4.297004704320843871e+02 9.160396702985614856e-13
4.768611697714468960e+02 7.880556138312996049e-13
5.291978735958442712e+02 6.776568959816967264e-13
5.872786613189482523e+02 5.824550282075157914e-13
6.517339604882420190e+02 5.002331625154367211e-13
7.232633896483533817e+02 4.294252675127025572e-13
8.026433522257173081e+02 3.684118170336600886e-13
8.907354638610439679e+02 3.158741096689541558e-13
9.884959046625587007e+02 2.705994582615586216e-13
1.096985797892383971e+03 2.316902909107421931e-13
1.217382727739662187e+03 1.982274099462330873e-13
1.350993521198027793e+03 1.694742750450485549e-13
1.499268432786045423e+03 1.447874232145821546e-13
1.663816886076128640e+03 1.236024457811821521e-13
1.846424942895544291e+03 1.054382361643789657e-13
2.049074689815845886e+03 8.986405101777908630e-14
2.273965752357927613e+03 7.652989822341480778e-14
2.523539170434765765e+03 6.512869728705658515e-14
2.800503894183631019e+03 5.537280304716407684e-14
3.107866187782013640e+03 4.704533390701377777e-14
3.448962260405759935e+03 3.993929538700804663e-14
3.827494478516314757e+03 3.387520834529261728e-14
4.247571552536898707e+03 2.871528757447110987e-14
4.713753134116724141e+03 2.431733863408166600e-14
5.231099308056262998e+03 2.058059770491981190e-14
5.805225516094896193e+03 1.740485032314516116e-14
6.442363508721369726e+03 1.470858801331214119e-14
7.149428986597576113e+03 1.242055979734607712e-14
7.934096665797491369e+03 1.048183865556257398e-14
8.804883581643463913e+03 8.840206201725987452e-15
9.771241535346502133e+03 7.450692162796684660e-15
1.084365968689610963e+04 6.276213652209668433e-15
1.203377840777589154e+04 5.284228089715819790e-15
1.335451562929898682e+04 4.445966861975200141e-15
1.482020705798858762e+04 3.738358549468669573e-15
1.644676177994664249e+04 3.142337527696320805e-15
1.825183494319044257e+04 2.639782696224630411e-15
2.025501939230666540e+04 2.216413156611214756e-15
2.247805833548725059e+04 1.860179050583820533e-15
2.494508135230316839e+04 1.560194002954793384e-15
2.768286630392066581e+04 1.308094065910849941e-15
3.072112998861759115e+04 1.096124792165313411e-15
3.409285069746814406e+04 9.181682526680725424e-16
3.783462617131928710e+04 7.685666453429656559e-16
4.198707084443910571e+04 6.431430185056498248e-16
4.659525668664683326e+04 5.378365351987718575e-16
5.170920242896761192e+04 4.495940486381706200e-16
5.738441648302398244e+04 3.756261494108408648e-16
6.368249944718585903e+04 3.136536307573222618e-16
7.067181273927491566e+04 2.617785435561203258e-16
7.842822061337680498e+04 2.183698472295534988e-16
8.703591361485165544e+04 1.820569007434135784e-16
9.658832241158708348e+04 1.517054205388303223e-16
1.071891319205127511e+05 1.263410100916078665e-16
1.189534067370319535e+05 1.051566759729544894e-16
1.320088400831418112e+05 8.747606242492808892e-17
1.464971398307286145e+05 7.272936973997586863e-17
1.625755666443794908e+05 6.043260597235382428e-17
1.804186409392071655e+05 5.018150645806053794e-17
2.002200371815584658e+05 4.164577675526042274e-17
2.221946860939523904e+05 3.453782955415600518e-17
2.465811075822604180e+05 2.862392530721913626e-17
2.736439997074671555e+05 2.370972873705710414e-17
3.036771118035460822e+05 1.962200916227911855e-17
3.370064329271928291e+05 1.622781242253864476e-17
3.739937302478798083e+05 1.341207435222244068e-17
4.150404757850476308e+05 1.107498159386516376e-17
4.605922041145108524e+05 9.137402806548876356e-18
5.111433483440171112e+05 7.532559412313523603e-18
5.672426068491977639e+05 6.206010751328900615e-18
6.294988990221888525e+05 5.105169274578430975e-18
6.985879746785250027e+05 4.196467332539256238e-18
7.752597488629464060e+05 3.446187435125175146e-18
8.603464416684507160e+05 2.827397322667771819e-18
9.547716114208066138e+05 2.317015780469398182e-18
1.059560179277617019e+06 1.896539734280760985e-18
1.175849554052158026e+06 1.550798010149699799e-18
1.304901978014401859e+06 1.266122895461500690e-18
1.448118227674532915e+06 1.032561856369076344e-18
1.607052818261638284e+06 8.409298008891153058e-19
1.783430876931909472e+06 6.838862940681631796e-19
1.979166867853557458e+06 5.553686669948769699e-19
2.196385372416546568e+06 4.502855492859933371e-19
2.437444150122222025e+06 3.644782243614213199e-19
2.704959730463137385e+06 2.945250114471154601e-19
3.001835813575591892e+06 2.375859388306101885e-19
3.331294787934676744e+06 1.912812410834351812e-19
3.696912707195031922e+06 1.537106903922205214e-19
4.102658105827190448e+06 1.232508218986513127e-19
4.552935074866947718e+06 9.862676265575500198e-20
5.052631065335679799e+06 7.874543833165887507e-20
5.607169938205458224e+06 6.272029692379122920e-20
6.222570836730230600e+06 4.983205903669940226e-20
6.905513520162330940e+06 3.949608521491784545e-20
7.663410868007462472e+06 3.121528570118394082e-20
8.504489341802684590e+06 2.460367343957808095e-20
9.437878277775391936e+06 1.933429781155371375e-20
1.047370897959450819e+07 1.514721066680859209e-20
1.162322468679854274e+07 1.182955595737731341e-20
1.289890261253307760e+07 9.207463632701926087e-21
1.431458937523478456e+07 7.142702440901819465e-21
1.588565129428052530e+07 5.519474942093756841e-21
1.762914118095947802e+07 4.249228097421363307e-21
1.956398343517064676e+07 3.260722652417527539e-21
2.171117945694505423e+07 2.487592297096417098e-21
2.409403560239527002e+07 1.892019941288794866e-21
2.673841615839949250e+07 1.431113680681925380e-21
2.967302408188872784e+07 1.077227439207231965e-21
3.292971255097155273e+07 8.072302440234958852e-22
3.654383070957254618e+07 6.010620244953676110e-22
4.055460735840827972e+07 4.447365415748907916e-22
4.500557675700496882e+07 3.269621453681701985e-22
4.994505115855139494e+07 2.384917971172260711e-22
5.542664520663107187e+07 1.727204807167981249e-22
6.150985788580504060e+07 1.240029294162032620e-22
6.826071834272393584e+07 8.823981915557962392e-23
7.575250258771920204e+07 6.226486951535827378e-23
8.406652885618332028e+07 4.352934794256770035e-23
9.329304026284696162e+07 3.012204930502576262e-23
1.035321843295663744e+08 2.061461633780945588e-23
1.148951000187308788e+08 1.394783474425288468e-23
1.275051240713012964e+08 9.334643896126319967e-24
1.414991297434575856e+08 6.167730913789480996e-24
1.570290124729377627e+08 4.010501735650864417e-24
1.742633386009651124e+08 2.537177315056366885e-24
1.933891750455232263e+08 1.566073505000760670e-24
2.146141197858406007e+08 9.177097181216656031e-25
2.381685551976160705e+08 4.987858174184411732e-25
2.643081486974108517e+08 2.434795537993337553e-25
2.933166278390048146e+08 1.022998444230719551e-25
3.255088599835056663e+08 3.508306822624195538e-26
3.612342699709430337e+08 9.325623766857943732e-27
4.008806328898465633e+08 1.938167637749142602e-27
4.448782831127585173e+08 3.376867857417872363e-28
4.937047852839003801e+08 5.426347712264180291e-29
5.478901179593944550e+08 7.151034972544894612e-30
6.080224261649426222e+08 6.470124117396297879e-31
6.747544053110699654e+08 3.610314521566219764e-32
7.488103857590031624e+08 1.367248299792593423e-33
8.309941949353404045e+08 3.520690737817355271e-35
9.221978823334341049e+08 6.076568149399820154e-37
1.023411402105452657e+09 6.877970201084110323e-39
1.135733358343105316e+09 4.948276991823085638e-41
1.260382929679727316e+09 2.161500807106749357e-43
1.398713102647238731e+09 5.366350759494040169e-46
1.552225357427047968e+09 6.833123877031511207e-49
1.722585965398787737e+09 3.700592039193774106e-52
1.911644075385703564e+09 6.112801139661442584e-56
2.121451784910631895e+09 2.357359027915447283e-60
2.354286414322420120e+09 1.554705984440070730e-65
