1.000000000000000000e+02 1.067114199967887020e-11
1.109752496412072134e+02 8.887707207425216557e-12
1.231550603292826196e+02 7.376783926845619520e-12
1.366716356462005990e+02 6.108606381521663693e-12
1.516716888470922413e+02 5.042857882205453758e-12
1.683180353330956791e+02 4.155342333291807571e-12
1.867913599020782840e+02 3.414227276255452693e-12
2.072921779595371845e+02 2.802607824843793996e-12
2.300430119772916839e+02 2.187246317238160712e-12
2.552908068239516410e+02 1.878843215616482865e-12
2.833096101839323637e+02 1.534988698123727948e-12
3.144035471591500368e+02 1.255880030794102025e-12
3.489101213406774491e+02 1.025974762002256832e-12
3.872038781812557318e+02 8.398013573541584778e-13
4.297004704320843871e+02 6.868320872033627593e-13
4.768611697714468960e+02 5.630678031843961390e-13
5.291978735958442712e+02 4.613233899103266900e-13
5.872786613189482523e+02 3.786559686240193622e-13
6.517339604882420190e+02 3.107183556482912055e-13
7.232633896483533817e+02 2.551728536885413223e-13
8.026433522257173081e+02 2.095583813243462576e-13
8.907354638610439679e+02 1.720398620665561861e-13
9.884959046625587007e+02 1.411327479753954263e-13
1.096985797892383971e+03 1.156537310621707797e-13
1.217382727739662187e+03 9.465357138097677708e-14
1.350993521198027793e+03 7.733124615487448669e-14
1.499268432786045423e+03 6.308281533938648931e-14
1.663816886076128640e+03 5.135747247945012829e-14
1.846424942895544291e+03 4.173951957923148731e-14
2.049074689815845886e+03 3.387007583108299153e-14
2.273965752357927613e+03 2.744815825215094386e-14
2.523539170434765765e+03 2.221989013227925721e-14
2.800503894183631019e+03 1.798228383691468463e-14
3.107866187782013640e+03 1.455482149808735767e-14
3.448962260405759935e+03 1.178764597363667924e-14
3.827494478516314757e+03 9.559965667075844683e-15
4.247571552536898707e+03 7.769994223422663050e-15
4.713753134116724141e+03 6.327312207771036689e-15
5.231099308056262998e+03 5.168689695310273229e-15
5.805225516094896193e+03 4.235250528035861228e-15
6.442363508721369726e+03 3.478737365750550548e-15
7.149428986597576113e+03 2.869459311650933640e-15
7.934096665797491369e+03 2.369790856157654997e-15
8.804883581643463913e+03 1.963555274287031817e-15
9.771241535346502133e+03 1.628660306880218084e-15
1.084365968689610963e+04 1.353377540661742639e-15
1.203377840777589154e+04 1.124647679791150521e-15
1.335451562929898682e+04 9.344316908521425103e-16
1.482020705798858762e+04 7.759327974012081460e-16
1.644676177994664249e+04 6.433426985112447633e-16
1.825183494319044257e+04 5.326527908232341170e-16
2.025501939230666540e+04 4.391263081196037698e-16
2.247805833548725059e+04 3.613411286655707953e-16
2.494508135230316839e+04 2.962974250069800117e-16
2.768286630392066581e+04 2.417496546919937923e-16
3.072112998861759115e+04 1.958884809617406271e-16
3.409285069746814406e+04 1.581013787088386368e-16
3.783462617131928710e+04 1.269082297018985590e-16
4.198707084443910571e+04 1.012668544905076304e-16
4.659525668664683326e+04 7.997525622296763360e-17
5.170920242896761192e+04 6.266480623560829431e-17
5.738441648302398244e+04 4.873557921103652925e-17
6.368249944718585903e+04 3.752878952569434744e-17
7.067181273927491566e+04 2.859545023849841121e-17
7.842822061337680498e+04 2.158740694866225508e-17
8.703591361485165544e+04 1.613373974373144869e-17
9.658832241158708348e+04 1.193556760824090476e-17
1.071891319205127511e+05 8.740425092735429877e-18
1.189534067370319535e+05 6.354310277516644890e-18
1.320088400831418112e+05 4.593111337398358966e-18
1.464971398307286145e+05 3.311994443886156531e-18
1.625755666443794908e+05 2.393823968905260694e-18
1.804186409392071655e+05 1.742941519618730690e-18
2.002200371815584658e+05 1.282987000493803643e-18
2.221946860939523904e+05 9.557236101723154998e-19
2.465811075822604180e+05 7.196695424118759708e-19
2.736439997074671555e+05 5.458265717508819426e-19
3.036771118035460822e+05 4.161423986200855136e-19
3.370064329271928291e+05 3.175921233750450383e-19
3.739937302478798083e+05 2.421571194083853713e-19
4.150404757850476308e+05 1.843861754484003838e-19
4.605922041145108524e+05 1.398906071349031270e-19
5.111433483440171112e+05 1.058891610897559381e-19
5.672426068491977639e+05 7.979101023544422231e-20
6.294988990221888525e+05 5.998970128612768741e-20
6.985879746785250027e+05 4.488246273562660150e-20
7.752597488629464060e+05 3.347607915001234541e-20
8.603464416684507160e+05 2.486759432855207845e-20
9.547716114208066138e+05 1.840708902379784715e-20
1.059560179277617019e+06 1.355103454758753248e-20
1.175849554052158026e+06 9.928211187016330821e-21
1.304901978014401859e+06 7.234228516626775687e-21
1.448118227674532915e+06 5.239503861396894709e-21
1.607052818261638284e+06 3.769605353148974209e-21
1.783430876931909472e+06 2.689603847609871283e-21
1.979166867853557458e+06 1.901366231260122132e-21
2.196385372416546568e+06 1.332871430925795245e-21
2.437444150122222025e+06 9.274099570648487237e-22
2.704959730463137385e+06 6.423874387812651190e-22
3.001835813575591892e+06 4.445424912528495854e-22
3.331294787934676744e+06 3.072105763477363263e-22
3.696912707195031922e+06 2.116433066517049972e-22
4.102658105827190448e+06 1.455611113958154556e-22
4.552935074866947718e+06 1.001847437231524482e-22
5.052631065335679799e+06 6.913422891942647844e-23
5.607169938205458224e+06 4.793609561961614477e-23
6.222570836730230600e+06 3.344644466326315788e-23
6.905513520162330940e+06 2.350817622786439161e-23
7.663410868007462472e+06 1.664432001346869529e-23
8.504489341802684590e+06 1.186300188299106359e-23
9.437878277775391936e+06 8.493588512675620534e-24
1.047370897959450819e+07 6.100521321830682280e-24
1.162322468679854274e+07 4.391353753995426467e-24
1.289890261253307760e+07 3.164145192273013241e-24
1.431458937523478456e+07 2.280240505960483160e-24
1.588565129428052530e+07 1.642433060561587868e-24
1.762914118095947802e+07 1.181829154333070148e-24
1.956398343517064676e+07 8.492176263440437479e-25
2.171117945694505423e+07 6.088048217099339911e-25
2.409403560239527002e+07 4.352470023388933690e-25
2.673841615839949250e+07 3.102544282878942433e-25
2.967302408188872784e+07 2.203392408579282083e-25
3.292971255097155273e+07 1.557071060645069114e-25
3.654383070957254618e+07 1.094878558276804523e-25
4.055460735840827972e+07 7.651650028937213411e-26
4.500557675700496882e+07 5.308964865336526159e-26
4.994505115855139494e+07 3.652179916058579919e-26
5.542664520663107187e+07 2.485674746829740028e-26
6.150985788580504060e+07 1.670989175119805594e-26
6.826071834272393584e+07 1.107059382319294740e-26
7.575250258771920204e+07 7.203264287370669831e-27
8.406652885618332028e+07 4.589958133260290614e-27
9.329304026284696162e+07 2.831603159573287630e-27
1.035321843295663744e+08 1.688216160895896598e-27
1.148951000187308788e+08 9.582964293614435179e-28
1.275051240713012964e+08 5.099874039731490986e-28
1.414991297434575856e+08 2.482470920216895053e-28
1.570290124729377627e+08 1.070151072316985632e-28
1.742633386009651124e+08 3.919929624201390650e-29
1.933891750455232263e+08 1.158571248430737262e-29
2.146141197858406007e+08 1.537788960940887574e-30
2.381685551976160705e+08 1.518233154853992304e-62
