1.000000000000000000e+02 2.515347328059110913e-16
1.109752496412072134e+02 2.189986603493561519e-16
1.231550603292826196e+02 1.907327550513449516e-16
1.366716356462005990e+02 1.662464916938350167e-16
1.516716888470922413e+02 1.449977568699678799e-16
1.683180353330956791e+02 1.262943885885849587e-16
1.867913599020782840e+02 1.099114437841882397e-16
2.072921779595371845e+02 9.562912012007273881e-17
2.300430119772916839e+02 8.308609878685559138e-17
2.552908068239516410e+02 7.197810220674959611e-17
2.833096101839323637e+02 6.222369438208928714e-17
3.144035471591500368e+02 5.366192359940868864e-17
3.489101213406774491e+02 4.611441528722364445e-17
3.872038781812557318e+02 3.946060552539498926e-17
4.297004704320843871e+02 3.363074985272781447e-17
4.768611697714468960e+02 2.851361617637386985e-17
5.291978735958442712e+02 2.401781720470361284e-17
5.872786613189482523e+02 2.013426594339661430e-17
6.517339604882420190e+02 1.673477674901246315e-17
7.232633896483533817e+02 1.375826813607217103e-17
8.026433522257173081e+02 1.121383718534230118e-17
8.907354638610439679e+02 9.033773749150896528e-18
9.884959046625587007e+02 7.177821746859286106e-18
1.096985797892383971e+03 5.616409796497408367e-18
1.217382727739662187e+03 4.314258286355001675e-18
1.350993521198027793e+03 3.243560455865095349e-18
1.499268432786045423e+03 2.380010827838110957e-18
1.663816886076128640e+03 1.697032501583888664e-18
1.846424942895544291e+03 1.172205575091225278e-18
2.049074689815845886e+03 7.826969805332944679e-19
2.273965752357927613e+03 5.062337048135438538e-19
2.523539170434765765e+03 3.211983991020475898e-19
2.800503894183631019e+03 2.043965301741744305e-19
3.107866187782013640e+03 1.348662294808514229e-19
3.448962260405759935e+03 9.482330195480279602e-20
3.827494478516314757e+03 7.124339772264502621e-20
4.247571552536898707e+03 5.629272080800302879e-20
4.713753134116724141e+03 4.592859620740247486e-20
5.231099308056262998e+03 3.815337181358540741e-20
5.805225516094896193e+03 3.201373929026536631e-20
6.442363508721369726e+03 2.692295824899301999e-20
7.149428986597576113e+03 2.270028642435693575e-20
7.934096665797491369e+03 1.914973477781481213e-20
8.804883581643463913e+03 1.615218446986544398e-20
9.771241535346502133e+03 1.362443497735519235e-20
1.084365968689610963e+04 1.148827860053832659e-20
1.203377840777589154e+04 9.683892017364514990e-21
1.335451562929898682e+04 8.160834919149581360e-21
1.482020705798858762e+04 6.875269296043478229e-21
1.644676177994664249e+04 5.790654160609332965e-21
1.825183494319044257e+04 4.875307113738052185e-21
2.025501939230666540e+04 4.102926082094126518e-21
2.247805833548725059e+04 3.452189598565745365e-21
2.494508135230316839e+04 2.903332001568534244e-21
2.768286630392066581e+04 2.440813651104250270e-21
3.072112998861759115e+04 2.051056300791341182e-21
3.409285069746814406e+04 1.722854627035545589e-21
3.783462617131928710e+04 1.446381590680223660e-21
4.198707084443910571e+04 1.213710121006510370e-21
4.659525668664683326e+04 1.017922438032153221e-21
5.170920242896761192e+04 8.531695465680915264e-22
5.738441648302398244e+04 7.146394566689511170e-22
6.368249944718585903e+04 5.982240131141259567e-22
7.067181273927491566e+04 5.004439373268276185e-22
7.842822061337680498e+04 4.183028648012789779e-22
8.703591361485165544e+04 3.494048885834214482e-22
9.658832241158708348e+04 2.915832233475282769e-22
1.071891319205127511e+05 2.431258695122783627e-22
1.189534067370319535e+05 2.025183004542717079e-22
1.320088400831418112e+05 1.685248142728716788e-22
1.464971398307286145e+05 1.400777055675693200e-22
1.625755666443794908e+05 1.162924241296419621e-22
1.804186409392071655e+05 9.642894125433507479e-23
2.002200371815584658e+05 7.986551229976759307e-23
2.221946860939523904e+05 6.604603436325683299e-23
2.465811075822604180e+05 5.454230210555159977e-23
2.736439997074671555e+05 4.497233889262140996e-23
3.036771118035460822e+05 3.700479171743913399e-23
3.370064329271928291e+05 3.040836332936516786e-23
3.739937302478798083e+05 2.495060461516974854e-23
4.150404757850476308e+05 2.042104894594399747e-23
4.605922041145108524e+05 1.667611289368832652e-23
5.111433483440171112e+05 1.358837121218696444e-23
5.672426068491977639e+05 1.104683463743902493e-23
6.294988990221888525e+05 8.953565014839283775e-24
6.985879746785250027e+05 7.238034836623677170e-24
7.752597488629464060e+05 5.831204091070432119e-24
8.603464416684507160e+05 4.683126846348924111e-24
9.547716114208066138e+05 3.746042682565520330e-24
1.059560179277617019e+06 2.985660612912923624e-24
1.175849554052158026e+06 2.369610906506415316e-24
1.304901978014401859e+06 1.872303659702359641e-24
1.448118227674532915e+06 1.471486080635688509e-24
1.607052818261638284e+06 1.149444554839742777e-24
1.783430876931909472e+06 8.924098703880255587e-25
1.979166867853557458e+06 6.882851703627035372e-25
2.196385372416546568e+06 5.273214039148849629e-25
2.437444150122222025e+06 4.011903089028401772e-25
2.704959730463137385e+06 3.022670957778115944e-25
3.001835813575591892e+06 2.254774893547734043e-25
3.331294787934676744e+06 1.664945011539799988e-25
3.696912707195031922e+06 1.215819401851684114e-25
4.102658105827190448e+06 8.765640304447277762e-26
4.552935074866947718e+06 6.231923449664009726e-26
5.052631065335679799e+06 4.364504372888098149e-26
5.607169938205458224e+06 3.006767422815865690e-26
6.222570836730230600e+06 2.038810305624488059e-26
6.905513520162330940e+06 1.357651348856668945e-26
7.663410868007462472e+06 8.887382623520443180e-27
8.504489341802684590e+06 5.722792257100792960e-27
9.437878277775391936e+06 3.636422174831585923e-27
1.047370897959450819e+07 2.284187003694121375e-27
1.162322468679854274e+07 1.424388263568838191e-27
1.289890261253307760e+07 8.795620726170944348e-28
1.431458937523478456e+07 5.348110109077161656e-28
1.588565129428052530e+07 3.148098947845074870e-28
1.762914118095947802e+07 1.746328985889532983e-28
1.956398343517064676e+07 8.769789899793205176e-29
2.171117945694505423e+07 3.740387747386739309e-29
2.409403560239527002e+07 1.201301550097119022e-29
2.673841615839949250e+07 2.316065785744016795e-30
2.967302408188872784e+07 3.152462061799940457e-31
3.292971255097155273e+07 6.157350243930950750e-33
