1.000000000000000000e+02 2.964902275120182839e-13
1.109752496412072134e+02 2.551648710117135196e-13
1.231550603292826196e+02 2.191731962107891312e-13
1.366716356462005990e+02 1.878035878757163177e-13
1.516716888470922413e+02 1.604607089184806511e-13
1.683180353330956791e+02 1.367623191708185850e-13
1.867913599020782840e+02 1.161054631691057139e-13
2.072921779595371845e+02 9.818445763416918510e-14
2.300430119772916839e+02 8.280539771688298151e-14
2.552908068239516410e+02 6.945867629037798261e-14
2.833096101839323637e+02 5.806939778138698479e-14
3.144035471591500368e+02 4.830341827293305881e-14
3.489101213406774491e+02 3.993378250039964066e-14
3.872038781812557318e+02 3.286364029968683093e-14
4.297004704320843871e+02 2.685491074210510041e-14
4.768611697714468960e+02 2.184580932415491147e-14
5.291978735958442712e+02 1.760478377409629336e-14
5.872786613189482523e+02 1.412239668645146214e-14
6.517339604882420190e+02 1.121200088793447323e-14
7.232633896483533817e+02 8.831014186982363214e-15
8.026433522257173081e+02 6.891518256069926455e-15
8.907354638610439679e+02 5.327182025702757869e-15
9.884959046625587007e+02 4.072120049210790795e-15
1.096985797892383971e+03 3.082743595395292105e-15
1.217382727739662187e+03 2.311129683899989678e-15
1.350993521198027793e+03 1.718812938838325286e-15
1.499268432786045423e+03 1.271636492060012368e-15
1.663816886076128640e+03 9.378580555414169072e-16
1.846424942895544291e+03 6.928681491583815501e-16
2.049074689815845886e+03 5.143978727642453539e-16
2.273965752357927613e+03 3.853432333111396938e-16
2.523539170434765765e+03 2.917215067092196088e-16
2.800503894183631019e+03 2.232209686555851131e-16
3.107866187782013640e+03 1.727966922458847754e-16
3.448962260405759935e+03 1.347461380800375421e-16
3.827494478516314757e+03 1.057165457274286220e-16
4.247571552536898707e+03 8.308257209760566756e-17
4.713753134116724141e+03 6.537377853018480883e-17
5.231099308056262998e+03 5.133959652402390536e-17
5.805225516094896193e+03 4.012718876940913281e-17
6.442363508721369726e+03 3.142360493629699088e-17
7.149428986597576113e+03 2.449760383932251753e-17
7.934096665797491369e+03 1.907206968254531378e-17
8.804883581643463913e+03 1.486005977254832787e-17
9.771241535346502133e+03 1.160556009026731842e-17
1.084365968689610963e+04 9.109145570303054748e-18
1.203377840777589154e+04 7.198822002797068715e-18
1.335451562929898682e+04 5.740494249834297335e-18
1.482020705798858762e+04 4.626943770767975346e-18
1.644676177994664249e+04 3.768214532552448826e-18
1.825183494319044257e+04 3.101784932520780329e-18
2.025501939230666540e+04 2.576669806934653465e-18
2.247805833548725059e+04 2.156799475808599858e-18
2.494508135230316839e+04 1.815233299760804832e-18
2.768286630392066581e+04 1.533761319107872948e-18
3.072112998861759115e+04 1.298532458383694356e-18
3.409285069746814406e+04 1.099800198051223493e-18
3.783462617131928710e+04 9.308849090150320969e-19
4.198707084443910571e+04 7.867757074802054036e-19
4.659525668664683326e+04 6.635931763319706239e-19
5.170920242896761192e+04 5.558804979266231221e-19
5.738441648302398244e+04 4.636230192636262593e-19
6.368249944718585903e+04 3.839848709557060118e-19
7.067181273927491566e+04 3.163119023725866976e-19
7.842822061337680498e+04 2.582217977928106549e-19
8.703591361485165544e+04 2.082373762203559804e-19
9.658832241158708348e+04 1.650330171514078872e-19
1.071891319205127511e+05 1.285351854306304922e-19
1.189534067370319535e+05 9.804092729245297002e-20
1.320088400831418112e+05 7.285094639402226540e-20
1.464971398307286145e+05 5.243669530546776479e-20
1.625755666443794908e+05 3.627272077946480935e-20
1.804186409392071655e+05 2.389622899306050394e-20
2.002200371815584658e+05 1.487857396340831591e-20
2.221946860939523904e+05 8.688486626005209088e-21
2.465811075822604180e+05 4.772607204662033055e-21
2.736439997074671555e+05 2.527886982719567897e-21
3.036771118035460822e+05 1.367568370929356539e-21
3.370064329271928291e+05 7.967400304178781824e-22
3.739937302478798083e+05 4.994836487455641354e-22
4.150404757850476308e+05 3.282820458357388673e-22
4.605922041145108524e+05 2.202619602059547006e-22
5.111433483440171112e+05 1.485154702320753202e-22
5.672426068491977639e+05 9.990625653087075814e-23
6.294988990221888525e+05 6.695740510853895445e-23
6.985879746785250027e+05 4.474700840551341069e-23
7.752597488629464060e+05 2.976738840721529208e-23
8.603464416684507160e+05 1.970944518494728532e-23
9.547716114208066138e+05 1.296650571971594951e-23
1.059560179277617019e+06 8.456220090351087024e-24
1.175849554052158026e+06 5.442217196416560291e-24
1.304901978014401859e+06 3.430993320883537300e-24
1.448118227674532915e+06 2.095089495746150416e-24
1.607052818261638284e+06 1.215876935423439194e-24
1.783430876931909472e+06 6.531676875332406028e-25
1.979166867853557458e+06 3.136706795598284932e-25
2.196385372416546568e+06 1.307502817102125523e-25
2.437444150122222025e+06 4.692379802879319920e-26
2.704959730463137385e+06 1.451874031889131297e-26
3.001835813575591892e+06 3.838265755989537555e-27
3.331294787934676744e+06 8.579711057337941733e-28
3.696912707195031922e+06 1.609516014362347433e-28
4.102658105827190448e+06 2.517136184790906804e-29
4.552935074866947718e+06 3.258982487660228853e-30
5.052631065335679799e+06 3.469622774218978572e-31
5.607169938205458224e+06 3.015326690583911812e-32
6.222570836730230600e+06 2.125938046194633442e-33
6.905513520162330940e+06 1.209560148090803091e-34
7.663410868007462472e+06 5.533992845603587991e-36
8.504489341802684590e+06 2.029748352818291240e-37
9.437878277775391936e+06 5.948274543623303038e-39
1.047370897959450819e+07 1.390159114229958558e-40
1.162322468679854274e+07 2.589273510717408142e-42
1.289890261253307760e+07 3.841777096205044413e-44
1.431458937523478456e+07 4.539946183214779304e-46
1.588565129428052530e+07 4.277893191142453858e-48
1.762914118095947802e+07 3.209987755270864984e-50
1.956398343517064676e+07 1.942489943568277227e-52
2.171117945694505423e+07 9.583792752023224022e-55
2.409403560239527002e+07 3.945828466689372134e-57
2.673841615839949250e+07 1.367232116658812799e-59
2.967302408188872784e+07 4.028773713632001665e-62
3.292971255097155273e+07 1.015123929050480915e-64
3.654383070957254618e+07 2.253177384878514502e-67
4.055460735840827972e+07 4.580829439381870679e-70
4.500557675700496882e+07 8.281174917982144137e-73
4.994505115855139494e+07 1.275758263446003867e-75
5.542664520663107187e+07 1.631270445566835340e-78
6.150985788580504060e+07 1.682016732961622041e-81
6.826071834272393584e+07 1.353486868698310300e-84
7.575250258771920204e+07 1.366646985379760705e-87
8.406652885618332028e+07 2.785197544315486956e-88
9.329304026284696162e+07 1.787840803212822378e-88
1.035321843295663744e+08 1.111776919933579844e-88
1.148951000187308788e+08 6.599594410183069235e-89
1.275051240713012964e+08 3.680124336041778571e-89
1.414991297434575856e+08 1.883065079064679405e-89
1.570290124729377627e+08 8.552156498692961926e-90
1.742633386009651124e+08 3.303280923224640649e-90
1.933891750455232263e+08 1.050369344332346691e-90
2.146141197858406007e+08 2.396439292450557291e-91
2.381685551976160705e+08 1.080365202231717938e-93
2.643081486974108517e+08 1.757071883315130419e-104
2.933166278390048146e+08 4.991598724557881126e-125
3.255088599835056663e+08 4.326893920819174368e-149
