1.000000000000000000e+02 2.508872781117536175e-11
1.109752496412072134e+02 2.130435655600371842e-11
1.231550603292826196e+02 1.806017679467246134e-11
1.366716356462005990e+02 1.528343284339666611e-11
1.516716888470922413e+02 1.291574055094804508e-11
1.683180353330956791e+02 1.088702652934789467e-11
1.867913599020782840e+02 9.168009036461745027e-12
2.072921779595371845e+02 7.694384305749220938e-12
2.300430119772916839e+02 6.452683528073513099e-12
2.552908068239516410e+02 5.388922532944575683e-12
2.833096101839323637e+02 4.496592899489960743e-12
3.144035471591500368e+02 3.734492522391599047e-12
3.489101213406774491e+02 3.097347544978861942e-12
3.872038781812557318e+02 2.557606331225996158e-12
4.297004704320843871e+02 2.106807934577341490e-12
4.768611697714468960e+02 1.727852378095502825e-12
5.291978735958442712e+02 1.413612504136040288e-12
5.872786613189482523e+02 1.150793553793000768e-12
6.517339604882420190e+02 9.344866285505054248e-13
7.232633896483533817e+02 7.556099214393001856e-13
8.026433522257173081e+02 6.090521888175510566e-13
8.907354638610439679e+02 4.890317959726576439e-13
9.884959046625587007e+02 3.917689016000485955e-13
1.096985797892383971e+03 3.128572899882723646e-13
1.217382727739662187e+03 2.493938952239686902e-13
1.350993521198027793e+03 1.985005528490489869e-13
1.499268432786045423e+03 1.578688598105353168e-13
1.663816886076128640e+03 1.255444928046583306e-13
1.846424942895544291e+03 9.994427849856029503e-14
2.049074689815845886e+03 7.972581064957828754e-14
2.273965752357927613e+03 6.374951798414672755e-14
2.523539170434765765e+03 5.118527568515291451e-14
2.800503894183631019e+03 4.126169430731059505e-14
3.107866187782013640e+03 3.343946004893508357e-14
3.448962260405759935e+03 2.724365285350008702e-14
3.827494478516314757e+03 2.232573614370168767e-14
4.247571552536898707e+03 1.838786507132475192e-14
4.713753134116724141e+03 1.522712957747261377e-14
5.231099308056262998e+03 1.266796964374974687e-14
5.805225516094896193e+03 1.057362156208801280e-14
6.442363508721369726e+03 8.859564814010930792e-15
7.149428986597576113e+03 7.432119706653159607e-15
7.934096665797491369e+03 6.249354831045004426e-15
8.804883581643463913e+03 5.253204580016948095e-15
9.771241535346502133e+03 4.412443404426663532e-15
1.084365968689610963e+04 3.697529665320271230e-15
1.203377840777589154e+04 3.095371014326718124e-15
1.335451562929898682e+04 2.586339548060720969e-15
1.482020705798858762e+04 2.147718222195436231e-15
1.644676177994664249e+04 1.775769257964964277e-15
1.825183494319044257e+04 1.462185531192469969e-15
2.025501939230666540e+04 1.197728657017407522e-15
2.247805833548725059e+04 9.739299391458399916e-16
2.494508135230316839e+04 7.850389360869823147e-16
2.768286630392066581e+04 6.279045486499953896e-16
3.072112998861759115e+04 4.981528608491672474e-16
3.409285069746814406e+04 3.913215099355667689e-16
3.783462617131928710e+04 3.039206719612022267e-16
4.198707084443910571e+04 2.335107826662211072e-16
4.659525668664683326e+04 1.770460597988535662e-16
5.170920242896761192e+04 1.325611221462087508e-16
5.738441648302398244e+04 9.798962604283532370e-17
6.368249944718585903e+04 7.151634974593588776e-17
7.067181273927491566e+04 5.156665308029699430e-17
7.842822061337680498e+04 3.680543577960535092e-17
8.703591361485165544e+04 2.602452967569835402e-17
9.658832241158708348e+04 1.831232983132579976e-17
1.071891319205127511e+05 1.287681187026529238e-17
1.189534067370319535e+05 9.091782095268100664e-18
1.320088400831418112e+05 6.477330478143332825e-18
1.464971398307286145e+05 4.681566920052882051e-18
1.625755666443794908e+05 3.439422717114840606e-18
1.804186409392071655e+05 2.571114119969671644e-18
2.002200371815584658e+05 1.952829348659850240e-18
2.221946860939523904e+05 1.502918544944144956e-18
2.465811075822604180e+05 1.167745243431747866e-18
2.736439997074671555e+05 9.127680239814794585e-19
3.036771118035460822e+05 7.150906757143537246e-19
3.370064329271928291e+05 5.603876348998234049e-19
3.739937302478798083e+05 4.380877682645595295e-19
4.150404757850476308e+05 3.411967296781472971e-19
4.605922041145108524e+05 2.646162823410537270e-19
5.111433483440171112e+05 2.038345113445383676e-19
5.672426068491977639e+05 1.560193113418329156e-19
6.294988990221888525e+05 1.183556998337991554e-19
6.985879746785250027e+05 8.940118833614974850e-20
7.752597488629464060e+05 6.656871653799201675e-20
8.603464416684507160e+05 4.915761229309844760e-20
9.547716114208066138e+05 3.591588118968595660e-20
1.059560179277617019e+06 2.586928313414498695e-20
1.175849554052158026e+06 1.834724160963600743e-20
1.304901978014401859e+06 1.280977595412044833e-20
1.448118227674532915e+06 8.775878367498628985e-21
1.607052818261638284e+06 5.890733811724995702e-21
1.783430876931909472e+06 3.870113576691090097e-21
1.979166867853557458e+06 2.484947034454333118e-21
2.196385372416546568e+06 1.558469415145852099e-21
2.437444150122222025e+06 9.590511794331639519e-22
2.704959730463137385e+06 5.784534532996861481e-22
3.001835813575591892e+06 3.454812578858562104e-22
3.331294787934676744e+06 2.046338335188602509e-22
3.696912707195031922e+06 1.199028160150999210e-22
4.102658105827190448e+06 6.872213177688442884e-23
4.552935074866947718e+06 3.781079103669492001e-23
5.052631065335679799e+06 1.963529036513229681e-23
5.607169938205458224e+06 9.717261114496597159e-24
6.222570836730230600e+06 4.836196184149041144e-24
6.905513520162330940e+06 2.559433995302818348e-24
7.663410868007462472e+06 1.454637758001244622e-24
8.504489341802684590e+06 8.623052048693572167e-25
9.437878277775391936e+06 5.140904752811761964e-25
1.047370897959450819e+07 3.004282042260020883e-25
1.162322468679854274e+07 1.691354639568664326e-25
1.289890261253307760e+07 9.021016087520039513e-26
1.431458937523478456e+07 4.488937318546318202e-26
1.588565129428052530e+07 2.058071723813293762e-26
1.762914118095947802e+07 8.598595384834290518e-27
1.956398343517064676e+07 3.228250357008540341e-27
2.171117945694505423e+07 1.069863119615767464e-27
2.409403560239527002e+07 3.086173472295529922e-28
2.673841615839949250e+07 7.627575531155431208e-29
2.967302408188872784e+07 1.587552120049083600e-29
3.292971255097155273e+07 2.732208817651384710e-30
3.654383070957254618e+07 3.812619385383533552e-31
4.055460735840827972e+07 4.220199197210812683e-32
4.500557675700496882e+07 3.614706216285794119e-33
4.994505115855139494e+07 2.324690035476841145e-34
5.542664520663107187e+07 1.079372479994811978e-35
6.150985788580504060e+07 3.425632504238443253e-37
6.826071834272393584e+07 6.846176592414659795e-39
7.575250258771920204e+07 7.473577306240555717e-41
8.406652885618332028e+07 3.063269387696375317e-43
9.329304026284696162e+07 1.811884577079462227e-46
1.035321843295663744e+08 1.675954812086229759e-100
1.148951000187308788e+08 6.113259735285780518e-139
