1.000000000000000000e+02 1.549478677653073456e-15
1.109752496412072134e+02 1.329228766580508197e-15
1.231550603292826196e+02 1.138481159776341467e-15
1.366716356462005990e+02 9.738413574857833616e-16
1.516716888470922413e+02 8.320722336327815031e-16
1.683180353330956791e+02 7.105954321380892375e-16
1.867913599020782840e+02 6.066953079133137459e-16
2.072921779595371845e+02 5.176691438434116279e-16
2.300430119772916839e+02 4.416238017405953297e-16
2.552908068239516410e+02 3.766140861464703129e-16
2.833096101839323637e+02 3.213798310408145872e-16
3.144035471591500368e+02 2.745030103147762816e-16
3.489101213406774491e+02 2.344019607963072737e-16
3.872038781812557318e+02 2.003283356687590976e-16
4.297004704320843871e+02 1.712228146704551915e-16
4.768611697714468960e+02 1.464934103954221172e-16
5.291978735958442712e+02 1.252398728131437726e-16
5.872786613189482523e+02 1.070013269818474092e-16
6.517339604882420190e+02 9.127264953093187287e-17
7.232633896483533817e+02 7.775544916732281287e-17
8.026433522257173081e+02 6.606710480829034275e-17
8.907354638610439679e+02 5.593942838860834335e-17
9.884959046625587007e+02 4.716126297481336295e-17
1.096985797892383971e+03 3.955669885828673792e-17
1.217382727739662187e+03 3.296263151542687430e-17
1.350993521198027793e+03 2.726130348193808562e-17
1.499268432786045423e+03 2.234389607971314552e-17
1.663816886076128640e+03 1.811934782341511649e-17
1.846424942895544291e+03 1.450881135052089559e-17
2.049074689815845886e+03 1.144736611062503321e-17
2.273965752357927613e+03 8.875067033452274339e-18
2.523539170434765765e+03 6.739591046580290981e-18
2.800503894183631019e+03 4.993537781891551092e-18
3.107866187782013640e+03 3.592979629262676342e-18
3.448962260405759935e+03 2.497082750836673205e-18
3.827494478516314757e+03 1.666552078563576209e-18
4.247571552536898707e+03 1.063849254475216491e-18
4.713753134116724141e+03 6.507302417737007956e-19
5.231099308056262998e+03 3.867166126105387003e-19
5.805225516094896193e+03 2.303813238498006642e-19
6.442363508721369726e+03 1.442521655832812470e-19
7.149428986597576113e+03 9.871079272229030955e-20
7.934096665797491369e+03 7.363076666624412053e-20
8.804883581643463913e+03 5.804372675090855693e-20
9.771241535346502133e+03 4.709783645342209979e-20
1.084365968689610963e+04 3.871797403948682830e-20
1.203377840777589154e+04 3.197670953257297679e-20
1.335451562929898682e+04 2.644612537113121246e-20
1.482020705798858762e+04 2.186484267449796070e-20
1.644676177994664249e+04 1.804658870211211740e-20
1.825183494319044257e+04 1.487523697523656082e-20
2.025501939230666540e+04 1.224101603315638279e-20
2.247805833548725059e+04 1.005260681627976045e-20
2.494508135230316839e+04 8.241659085265527352e-21
2.768286630392066581e+04 6.742100621438426149e-21
3.072112998861759115e+04 5.502010393123575245e-21
3.409285069746814406e+04 4.480670658515884236e-21
3.783462617131928710e+04 3.638596341910129553e-21
4.198707084443910571e+04 2.947220139139961186e-21
4.659525668664683326e+04 2.380336767995552477e-21
5.170920242896761192e+04 1.916711874436834989e-21
5.738441648302398244e+04 1.538607200357570927e-21
6.368249944718585903e+04 1.230990878326221771e-21
7.067181273927491566e+04 9.815473412421434608e-22
7.842822061337680498e+04 7.801220023418377015e-22
8.703591361485165544e+04 6.179291033524931616e-22
9.658832241158708348e+04 4.876586011488177003e-22
1.071891319205127511e+05 3.837026442739234638e-22
1.189534067370319535e+05 3.008162676137750633e-22
1.320088400831418112e+05 2.351195191917588561e-22
1.464971398307286145e+05 1.830153676742256239e-22
1.625755666443794908e+05 1.420209240014535824e-22
1.804186409392071655e+05 1.096010266702406757e-22
2.002200371815584658e+05 8.425994691812601877e-23
2.221946860939523904e+05 6.439129418500448675e-23
2.465811075822604180e+05 4.893566689589457633e-23
2.736439997074671555e+05 3.693952104113716034e-23
3.036771118035460822e+05 2.769590421897001423e-23
3.370064329271928291e+05 2.058782462645805872e-23
3.739937302478798083e+05 1.518223566344314832e-23
4.150404757850476308e+05 1.109645618793736490e-23
4.605922041145108524e+05 8.022131382558219755e-24
5.111433483440171112e+05 5.742381713540439701e-24
5.672426068491977639e+05 4.063235746258291754e-24
6.294988990221888525e+05 2.843838186874534603e-24
6.985879746785250027e+05 1.972889379073274287e-24
7.752597488629464060e+05 1.345782309583845164e-24
8.603464416684507160e+05 9.118209624237090688e-25
9.547716114208066138e+05 6.122735401611767526e-25
1.059560179277617019e+06 4.080627019441121099e-25
1.175849554052158026e+06 2.704820896123633248e-25
1.304901978014401859e+06 1.783082608063669198e-25
1.448118227674532915e+06 1.169193155586823569e-25
1.607052818261638284e+06 7.601359634564494228e-26
1.783430876931909472e+06 4.875417170119472185e-26
1.979166867853557458e+06 3.053505558487633032e-26
2.196385372416546568e+06 1.846541690849196341e-26
2.437444150122222025e+06 1.059035350971735332e-26
2.704959730463137385e+06 5.617622352766067220e-27
3.001835813575591892e+06 2.654066408854706782e-27
3.331294787934676744e+06 1.064652484671016093e-27
3.696912707195031922e+06 3.492872797463265329e-28
4.102658105827190448e+06 9.407553888208014546e-29
4.552935074866947718e+06 2.094226778547141986e-29
5.052631065335679799e+06 3.801768422739535260e-30
5.607169938205458224e+06 5.549447498025938447e-31
6.222570836730230600e+06 6.418904395425692571e-32
6.905513520162330940e+06 5.785757383428325231e-33
7.663410868007462472e+06 4.006091582024081650e-34
8.504489341802684590e+06 2.100339351548468002e-35
9.437878277775391936e+06 8.163887638740064779e-37
1.047370897959450819e+07 2.289854529471188200e-38
1.162322468679854274e+07 4.476299308746954691e-40
1.289890261253307760e+07 5.820070416282025534e-42
1.431458937523478456e+07 4.825005560752370164e-44
1.588565129428052530e+07 2.426334160798467705e-46
1.762914118095947802e+07 6.814557247563599751e-49
1.956398343517064676e+07 9.428344210396555239e-52
2.171117945694505423e+07 5.121524875338171823e-55
