1.000000000000000000e+02 9.301311871574235076e-13
1.109752496412072134e+02 8.021072306930014144e-13
1.231550603292826196e+02 6.915941905192233505e-13
1.366716356462005990e+02 5.960515884120254704e-13
1.516716888470922413e+02 5.135591204999034949e-13
1.683180353330956791e+02 4.423261121171386375e-13
1.867913599020782840e+02 3.808318475403495816e-13
2.072921779595371845e+02 3.277634807751233541e-13
2.300430119772916839e+02 2.819547545013981385e-13
2.552908068239516410e+02 2.424557735191079434e-13
2.833096101839323637e+02 2.083943680582195047e-13
3.144035471591500368e+02 1.790406577949041998e-13
3.489101213406774491e+02 1.537420671387871611e-13
3.872038781812557318e+02 1.319637748440635887e-13
4.297004704320843871e+02 1.131968195079179244e-13
4.768611697714468960e+02 9.706092554487845393e-14
5.291978735958442712e+02 8.317197899427624380e-14
5.872786613189482523e+02 7.123792137737925249e-14
6.517339604882420190e+02 6.097679253841369154e-14
7.232633896483533817e+02 5.216532952494552210e-14
8.026433522257173081e+02 4.459770058709883424e-14
8.907354638610439679e+02 3.811006990230728369e-14
9.884959046625587007e+02 3.253836670032487820e-14
1.096985797892383971e+03 2.776949014508021839e-14
1.217382727739662187e+03 2.368068324082420175e-14
1.350993521198027793e+03 2.018231151853963160e-14
1.499268432786045423e+03 1.718693900222685588e-14
1.663816886076128640e+03 1.462739485188107388e-14
1.846424942895544291e+03 1.243965532243513860e-14
2.049074689815845886e+03 1.057124980223098856e-14
2.273965752357927613e+03 8.975938523006161890e-15
2.523539170434765765e+03 7.615558194566406320e-15
2.800503894183631019e+03 6.456052700319594339e-15
3.107866187782013640e+03 5.468729567721396672e-15
3.448962260405759935e+03 4.627903339036101423e-15
3.827494478516314757e+03 3.912730640640573852e-15
4.247571552536898707e+03 3.305257416132155484e-15
4.713753134116724141e+03 2.788974819676559098e-15
5.231099308056262998e+03 2.351148965240238263e-15
5.805225516094896193e+03 1.980168752431357482e-15
6.442363508721369726e+03 1.665575787051272949e-15
7.149428986597576113e+03 1.399865850445713476e-15
7.934096665797491369e+03 1.175088842222295660e-15
8.804883581643463913e+03 9.854138647039068442e-16
9.771241535346502133e+03 8.254529561717465687e-16
1.084365968689610963e+04 6.908449829534572563e-16
1.203377840777589154e+04 5.774633763326921505e-16
1.335451562929898682e+04 4.823146940422264077e-16
1.482020705798858762e+04 4.024366218297492173e-16
1.644676177994664249e+04 3.354434707905338821e-16
1.825183494319044257e+04 2.793760364990552104e-16
2.025501939230666540e+04 2.325017804285674777e-16
2.247805833548725059e+04 1.933321436510127095e-16
2.494508135230316839e+04 1.606540075199176045e-16
2.768286630392066581e+04 1.333849882596216765e-16
3.072112998861759115e+04 1.106777683200841318e-16
3.409285069746814406e+04 9.177171102130606598e-17
3.783462617131928710e+04 7.603791278052976520e-17
4.198707084443910571e+04 6.296908191756624006e-17
4.659525668664683326e+04 5.210387913046593491e-17
5.170920242896761192e+04 4.308116923569879456e-17
5.738441648302398244e+04 3.559786053688414297e-17
6.368249944718585903e+04 2.938876510032384987e-17
7.067181273927491566e+04 2.424526912712088547e-17
7.842822061337680498e+04 1.998474556770998665e-17
8.703591361485165544e+04 1.645929651010009672e-17
9.658832241158708348e+04 1.354426340570031902e-17
1.071891319205127511e+05 1.113248319081360668e-17
1.189534067370319535e+05 9.140656005117380102e-18
1.320088400831418112e+05 7.499062610597839229e-18
1.464971398307286145e+05 6.144807781448173707e-18
1.625755666443794908e+05 5.029123255874900120e-18
1.804186409392071655e+05 4.111504149660016605e-18
2.002200371815584658e+05 3.357073963870053459e-18
2.221946860939523904e+05 2.737549353178173191e-18
2.465811075822604180e+05 2.229946910094768465e-18
2.736439997074671555e+05 1.814242242263554170e-18
3.036771118035460822e+05 1.474107075612979293e-18
3.370064329271928291e+05 1.196496312498344006e-18
3.739937302478798083e+05 9.702115269335873688e-19
4.150404757850476308e+05 7.859641285122135575e-19
4.605922041145108524e+05 6.359702928062035155e-19
5.111433483440171112e+05 5.140651434023974595e-19
5.672426068491977639e+05 4.151116478622587110e-19
6.294988990221888525e+05 3.348881985057979112e-19
6.985879746785250027e+05 2.698089142587524005e-19
7.752597488629464060e+05 2.171507945533609368e-19
8.603464416684507160e+05 1.745042396478305202e-19
9.547716114208066138e+05 1.400926145276313378e-19
1.059560179277617019e+06 1.122665652309790594e-19
1.175849554052158026e+06 8.986844854015213565e-20
1.304901978014401859e+06 7.179926531362269796e-20
1.448118227674532915e+06 5.729211194599196501e-20
1.607052818261638284e+06 4.561287720447738589e-20
1.783430876931909472e+06 3.627922122722319537e-20
1.979166867853557458e+06 2.878406064434825413e-20
2.196385372416546568e+06 2.279160460326013505e-20
2.437444150122222025e+06 1.801127735296286061e-20
2.704959730463137385e+06 1.420653989103968077e-20
3.001835813575591892e+06 1.117420527241296999e-20
3.331294787934676744e+06 8.764701227389563733e-21
3.696912707195031922e+06 6.858600462749863789e-21
4.102658105827190448e+06 5.346920807136278368e-21
4.552935074866947718e+06 4.155388485282257104e-21
5.052631065335679799e+06 3.217062123224482550e-21
5.607169938205458224e+06 2.481359617279456223e-21
6.222570836730230600e+06 1.905630210543260940e-21
6.905513520162330940e+06 1.457032055869538515e-21
7.663410868007462472e+06 1.110104121201706939e-21
8.504489341802684590e+06 8.430057776569730870e-22
9.437878277775391936e+06 6.378843328589433125e-22
1.047370897959450819e+07 4.808263101624139898e-22
1.162322468679854274e+07 3.607188446675824907e-22
1.289890261253307760e+07 2.693174675407019395e-22
1.431458937523478456e+07 1.998873412384096656e-22
1.588565129428052530e+07 1.475472136674570311e-22
1.762914118095947802e+07 1.082336774121857476e-22
1.956398343517064676e+07 7.889884642138102921e-23
2.171117945694505423e+07 5.715973132379091564e-23
2.409403560239527002e+07 4.118895959231059549e-23
2.673841615839949250e+07 2.955910579551464776e-23
2.967302408188872784e+07 2.118818743825782679e-23
3.292971255097155273e+07 1.523470744799969426e-23
3.654383070957254618e+07 1.104557535505231942e-23
4.055460735840827972e+07 8.101725718168879976e-24
4.500557675700496882e+07 6.018276047966006278e-24
4.994505115855139494e+07 4.516684617294521100e-24
5.542664520663107187e+07 3.399084388797026866e-24
6.150985788580504060e+07 2.550805489814577584e-24
6.826071834272393584e+07 1.904917360929506578e-24
7.575250258771920204e+07 1.412274712649609563e-24
8.406652885618332028e+07 1.037251527551837779e-24
9.329304026284696162e+07 7.528625600961727420e-25
1.035321843295663744e+08 5.377529765526017591e-25
1.148951000187308788e+08 3.763722334682765687e-25
1.275051240713012964e+08 2.561560840441142366e-25
1.414991297434575856e+08 1.679761018658184652e-25
1.570290124729377627e+08 1.046261536135531206e-25
1.742633386009651124e+08 6.013957123886487732e-26
1.933891750455232263e+08 2.880223453524183008e-26
2.146141197858406007e+08 7.116707524202703923e-27
2.381685551976160705e+08 6.701447865183654599e-28
2.643081486974108517e+08 2.745857012071703046e-29
2.933166278390048146e+08 3.849651398692675592e-31
3.255088599835056663e+08 1.139209174976107030e-33
3.612342699709430337e+08 1.335373149243424322e-37
4.008806328898465633e+08 2.313711470621773010e-98
