1.000000000000000000e+02 9.958699069419747334e-12
1.109752496412072134e+02 8.610989153917300148e-12
1.231550603292826196e+02 7.439469725559859757e-12
1.366716356462005990e+02 6.424424880509605895e-12
1.516716888470922413e+02 5.540090168439972838e-12
1.683180353330956791e+02 4.773971213148518078e-12
1.867913599020782840e+02 4.109175298210814574e-12
2.072921779595371845e+02 3.532468171746828250e-12
2.300430119772916839e+02 3.033633986329755265e-12
2.552908068239516410e+02 2.601851107461689439e-12
2.833096101839323637e+02 2.228833933135228983e-12
3.144035471591500368e+02 1.906497843451856493e-12
3.489101213406774491e+02 1.628044860473861053e-12
3.872038781812557318e+02 1.388779379510649917e-12
4.297004704320843871e+02 1.182436528529099210e-12
4.768611697714468960e+02 1.005586851677072905e-12
5.291978735958442712e+02 8.535153954532034017e-13
5.872786613189482523e+02 7.229110234753960514e-13
6.517339604882420190e+02 6.121976366751391746e-13
7.232633896483533817e+02 5.166744262646775578e-13
8.026433522257173081e+02 4.360606065826845384e-13
8.907354638610439679e+02 3.668412332166219910e-13
9.884959046625587007e+02 3.085337233445247050e-13
1.096985797892383971e+03 2.589887772166725771e-13
1.217382727739662187e+03 2.173345564129431945e-13
1.350993521198027793e+03 1.819482529035842614e-13
1.499268432786045423e+03 1.523618794927988481e-13
1.663816886076128640e+03 1.273220905206899720e-13
1.846424942895544291e+03 1.064575318415362192e-13
2.049074689815845886e+03 8.884226206122954046e-14
2.273965752357927613e+03 7.419490233468552127e-14
2.523539170434765765e+03 6.186476986660268736e-14
2.800503894183631019e+03 5.161102221929625031e-14
3.107866187782013640e+03 4.298240913166990217e-14
3.448962260405759935e+03 3.580242896903851035e-14
3.827494478516314757e+03 2.976519102294424368e-14
4.247571552536898707e+03 2.472994316752227141e-14
4.713753134116724141e+03 2.049007732458562471e-14
5.231099308056262998e+03 1.696564421579297732e-14
5.805225516094896193e+03 1.397749266306411184e-14
6.442363508721369726e+03 1.149897763459972899e-14
7.149428986597576113e+03 9.409429768148222764e-15
7.934096665797491369e+03 7.680341328907730802e-15
8.804883581643463913e+03 6.224584172778275717e-15
9.771241535346502133e+03 5.031688976460574891e-15
1.084365968689610963e+04 4.028021244134226831e-15
1.203377840777589154e+04 3.222282430307927444e-15
1.335451562929898682e+04 2.541937809859669183e-15
1.482020705798858762e+04 2.007278105757503778e-15
1.644676177994664249e+04 1.563528912150533224e-15
1.825183494319044257e+04 1.209312825760957521e-15
2.025501939230666540e+04 9.369139354997380140e-16
2.247805833548725059e+04 7.104473361020899842e-16
2.494508135230316839e+04 5.402568083108861085e-16
2.768286630392066581e+04 4.082398235396045700e-16
3.072112998861759115e+04 3.052023830554693800e-16
3.409285069746814406e+04 2.285130684672879590e-16
3.783462617131928710e+04 1.708665265001457104e-16
4.198707084443910571e+04 1.276108520276538161e-16
4.659525668664683326e+04 9.569422221260544847e-17
5.170920242896761192e+04 7.225054516202068127e-17
5.738441648302398244e+04 5.500013627064955606e-17
6.368249944718585903e+04 4.224837742961625105e-17
7.067181273927491566e+04 3.279614065951025751e-17
7.842822061337680498e+04 2.567938603739816659e-17
8.703591361485165544e+04 2.026077249163435006e-17
9.658832241158708348e+04 1.606283225688980850e-17
1.071891319205127511e+05 1.276015489252748819e-17
1.189534067370319535e+05 1.012739994626219938e-17
1.320088400831418112e+05 8.006269315262886683e-18
1.464971398307286145e+05 6.286030611034129196e-18
1.625755666443794908e+05 4.887761330681804056e-18
1.804186409392071655e+05 3.751330548655464564e-18
2.002200371815584658e+05 2.831773520866836632e-18
2.221946860939523904e+05 2.093191653361563880e-18
2.465811075822604180e+05 1.507193476089959779e-18
2.736439997074671555e+05 1.054407046418800498e-18
3.036771118035460822e+05 7.028740640376924942e-19
3.370064329271928291e+05 4.472873575031404461e-19
3.739937302478798083e+05 2.681068492190683408e-19
4.150404757850476308e+05 1.506571702859080362e-19
4.605922041145108524e+05 7.980168949480204954e-20
5.111433483440171112e+05 4.127679480837049070e-20
5.672426068491977639e+05 2.225169689433869764e-20
6.294988990221888525e+05 1.325352581966554745e-20
6.985879746785250027e+05 8.832782834204117520e-21
7.752597488629464060e+05 6.395522878298080517e-21
8.603464416684507160e+05 4.825932495070526244e-21
9.547716114208066138e+05 3.702738409336793910e-21
1.059560179277617019e+06 2.854690462053967381e-21
1.175849554052158026e+06 2.201222075705679335e-21
1.304901978014401859e+06 1.695054608992907746e-21
1.448118227674532915e+06 1.303146284367038212e-21
1.607052818261638284e+06 1.000551841467580193e-21
1.783430876931909472e+06 7.670996755601073829e-22
1.979166867853557458e+06 5.871581146961561330e-22
2.196385372416546568e+06 4.487176122107941488e-22
2.437444150122222025e+06 3.423060212732087173e-22
2.704959730463137385e+06 2.606354349417731832e-22
3.001835813575591892e+06 1.980981340790821726e-22
3.331294787934676744e+06 1.502800707441367166e-22
3.696912707195031922e+06 1.137769399174251885e-22
4.102658105827190448e+06 8.594076968316661939e-23
4.552935074866947718e+06 6.477652915364518999e-23
5.052631065335679799e+06 4.871430441603954095e-23
5.607169938205458224e+06 3.654800864748252360e-23
6.222570836730230600e+06 2.735410203091289575e-23
6.905513520162330940e+06 2.042373892610424384e-23
7.663410868007462472e+06 1.520944023569386043e-23
8.504489341802684590e+06 1.129601440666254022e-23
9.437878277775391936e+06 8.365467593788798118e-24
1.047370897959450819e+07 6.177074826845489402e-24
1.162322468679854274e+07 4.547764582970034576e-24
1.289890261253307760e+07 3.337713746605397944e-24
1.431458937523478456e+07 2.441568513037292961e-24
1.588565129428052530e+07 1.779791164826156785e-24
1.762914118095947802e+07 1.292804646850688481e-24
1.956398343517064676e+07 9.355640465580174510e-25
2.171117945694505423e+07 6.743151423754199149e-25
2.409403560239527002e+07 4.838307048006901800e-25
2.673841615839949250e+07 3.455809395543713556e-25
2.967302408188872784e+07 2.455358213915008486e-25
3.292971255097155273e+07 1.735070821227184474e-25
3.654383070957254618e+07 1.218595091582116540e-25
4.055460735840827972e+07 8.500590967257152808e-26
4.500557675700496882e+07 5.884832082817351273e-26
4.994505115855139494e+07 4.036408481003632704e-26
5.542664520663107187e+07 2.741950102166631222e-26
6.150985788580504060e+07 1.839421788391147136e-26
6.826071834272393584e+07 1.217791578018622963e-26
7.575250258771920204e+07 7.920065495873923754e-27
8.406652885618332028e+07 5.045126133350957958e-27
9.329304026284696162e+07 3.135751772972007460e-27
1.035321843295663744e+08 1.886295424637611072e-27
1.148951000187308788e+08 1.089003193774843367e-27
1.275051240713012964e+08 5.948345694370718226e-28
1.414991297434575856e+08 3.025662354274131084e-28
1.570290124729377627e+08 1.392425823494974656e-28
1.742633386009651124e+08 5.476635230351196563e-29
1.933891750455232263e+08 1.473329346662851699e-29
2.146141197858406007e+08 1.265336981242550754e-31
2.381685551976160705e+08 2.818295358479454365e-122
