1.000000000000000000e+02 7.486126407513680900e-16
1.109752496412072134e+02 6.445793866658813812e-16
1.231550603292826196e+02 5.548654736734377044e-16
1.366716356462005990e+02 4.776523092047411955e-16
1.516716888470922413e+02 4.114472694353147357e-16
1.683180353330956791e+02 3.544692351180790264e-16
1.867913599020782840e+02 3.055462123441168417e-16
2.072921779595371845e+02 2.632567723006554917e-16
2.300430119772916839e+02 2.268363879934537596e-16
2.552908068239516410e+02 1.955367325910207087e-16
2.833096101839323637e+02 1.684880785428394350e-16
3.144035471591500368e+02 1.450967600298423099e-16
3.489101213406774491e+02 1.248347640126324332e-16
3.872038781812557318e+02 1.073177908361906761e-16
4.297004704320843871e+02 9.208688022084365967e-17
4.768611697714468960e+02 7.889534089272501760e-17
5.291978735958442712e+02 6.744742527281293698e-17
5.872786613189482523e+02 5.750297018659928377e-17
6.517339604882420190e+02 4.887523931234761841e-17
7.232633896483533817e+02 4.139961965545070066e-17
8.026433522257173081e+02 3.491065102706466312e-17
8.907354638610439679e+02 2.931190464722970266e-17
9.884959046625587007e+02 2.447971758366388895e-17
1.096985797892383971e+03 2.031971052280317394e-17
1.217382727739662187e+03 1.675084592898928754e-17
1.350993521198027793e+03 1.370185651913551137e-17
1.499268432786045423e+03 1.111510579393583939e-17
1.663816886076128640e+03 8.932614923515143661e-18
1.846424942895544291e+03 7.104151782341076491e-18
2.049074689815845886e+03 5.595434130172168834e-18
2.273965752357927613e+03 4.348152204271003195e-18
2.523539170434765765e+03 3.347192419067093143e-18
2.800503894183631019e+03 2.554630418723338925e-18
3.107866187782013640e+03 1.941232511676006954e-18
3.448962260405759935e+03 1.478777990914566594e-18
3.827494478516314757e+03 1.139265023367094546e-18
4.247571552536898707e+03 8.940149260495375392e-19
4.713753134116724141e+03 7.166863685350375106e-19
5.231099308056262998e+03 5.857670104041097989e-19
5.805225516094896193e+03 4.856299625999195285e-19
6.442363508721369726e+03 4.054628718954353561e-19
7.149428986597576113e+03 3.401392600682577587e-19
7.934096665797491369e+03 2.854153741690896831e-19
8.804883581643463913e+03 2.397143228303592801e-19
9.771241535346502133e+03 2.010186891651322406e-19
1.084365968689610963e+04 1.684161596450913833e-19
1.203377840777589154e+04 1.408502442582694774e-19
1.335451562929898682e+04 1.177948845052056231e-19
1.482020705798858762e+04 9.815072721626026863e-20
1.644676177994664249e+04 8.173497844382831709e-20
1.825183494319044257e+04 6.798742723361753241e-20
2.025501939230666540e+04 5.648623420537130214e-20
2.247805833548725059e+04 4.686275911315573257e-20
2.494508135230316839e+04 3.884278656853633321e-20
2.768286630392066581e+04 3.216368931261963808e-20
3.072112998861759115e+04 2.659727648485626389e-20
3.409285069746814406e+04 2.197881952212018803e-20
3.783462617131928710e+04 1.813427239275008931e-20
4.198707084443910571e+04 1.495159741838439527e-20
4.659525668664683326e+04 1.230860900359437541e-20
5.170920242896761192e+04 1.012109168340852954e-20
5.738441648302398244e+04 8.309873613155454418e-21
6.368249944718585903e+04 6.811506347546487350e-21
7.067181273927491566e+04 5.574861702903554601e-21
7.842822061337680498e+04 4.555280821171756752e-21
8.703591361485165544e+04 3.714247006850317329e-21
9.658832241158708348e+04 3.022372629926765309e-21
1.071891319205127511e+05 2.454105252885597578e-21
1.189534067370319535e+05 1.988064665472491036e-21
1.320088400831418112e+05 1.606236238745597726e-21
1.464971398307286145e+05 1.294383343889043819e-21
1.625755666443794908e+05 1.039941377355999981e-21
1.804186409392071655e+05 8.327800507180577547e-22
2.002200371815584658e+05 6.647743416543192933e-22
2.221946860939523904e+05 5.287965475965212960e-22
2.465811075822604180e+05 4.191198069088584656e-22
2.736439997074671555e+05 3.309772475943238333e-22
3.036771118035460822e+05 2.603924194183540306e-22
3.370064329271928291e+05 2.042695608331912225e-22
3.739937302478798083e+05 1.597993525644763084e-22
4.150404757850476308e+05 1.246771268213025837e-22
4.605922041145108524e+05 9.700567399698348060e-23
5.111433483440171112e+05 7.529651203481288214e-23
5.672426068491977639e+05 5.828341371866725096e-23
6.294988990221888525e+05 4.499220374515412596e-23
6.985879746785250027e+05 3.463950212428568261e-23
7.752597488629464060e+05 2.660154578259214085e-23
8.603464416684507160e+05 2.037596841029510757e-23
9.547716114208066138e+05 1.556893779078210110e-23
1.059560179277617019e+06 1.186831716657568064e-23
1.175849554052158026e+06 9.026302425215021027e-24
1.304901978014401859e+06 6.850393038183104267e-24
1.448118227674532915e+06 5.188902850787432610e-24
1.607052818261638284e+06 3.923386640787809984e-24
1.783430876931909472e+06 2.962211809739799909e-24
1.979166867853557458e+06 2.233607854236788793e-24
2.196385372416546568e+06 1.682360000496256515e-24
2.437444150122222025e+06 1.266034124563866369e-24
2.704959730463137385e+06 9.518040582894022799e-25
3.001835813575591892e+06 7.150190057801172225e-25
3.331294787934676744e+06 5.367525290788003451e-25
3.696912707195031922e+06 4.025468493907210025e-25
4.102658105827190448e+06 3.016098649268149706e-25
4.552935074866947718e+06 2.256902615414915846e-25
5.052631065335679799e+06 1.686546350014327106e-25
5.607169938205458224e+06 1.258205809302220058e-25
6.222570836730230600e+06 9.371572482515699275e-26
6.905513520162330940e+06 6.963435078666366215e-26
7.663410868007462472e+06 5.161980949714164393e-26
8.504489341802684590e+06 3.816488705418793601e-26
9.437878277775391936e+06 2.813390667672835899e-26
1.047370897959450819e+07 2.066721917133498183e-26
1.162322468679854274e+07 1.512315990319231436e-26
1.289890261253307760e+07 1.101972829368923966e-26
1.431458937523478456e+07 7.990422640748728259e-27
1.588565129428052530e+07 5.763218548362367190e-27
1.762914118095947802e+07 4.131029476753301280e-27
1.956398343517064676e+07 2.940843038238055951e-27
2.171117945694505423e+07 2.077183847250008393e-27
2.409403560239527002e+07 1.453970031052130846e-27
2.673841615839949250e+07 1.007228529207253679e-27
2.967302408188872784e+07 6.893345301079172102e-28
3.292971255097155273e+07 4.654730087537522857e-28
3.654383070957254618e+07 3.090177167807588996e-28
4.055460735840827972e+07 2.013767469403184936e-28
4.500557675700496882e+07 1.281621977447959258e-28
4.994505115855139494e+07 7.934842876966173063e-29
5.542664520663107187e+07 4.740764878070690333e-29
6.150985788580504060e+07 2.705791587431036948e-29
6.826071834272393584e+07 1.445593339962565025e-29
7.575250258771920204e+07 6.941327013437000259e-30
8.406652885618332028e+07 2.705420952618326144e-30
9.329304026284696162e+07 6.125797034466860994e-31
1.035321843295663744e+08 6.876026467329678931e-33
