1.000000000000000000e+02 9.350780450106638246e-11
1.109752496412072134e+02 7.973514312636819636e-11
1.231550603292826196e+02 6.787760186904597511e-11
1.366716356462005990e+02 5.775604700335249390e-11
1.516716888470922413e+02 4.905131376612057912e-11
1.683180353330956791e+02 4.163418702751402668e-11
1.867913599020782840e+02 3.526676089635848516e-11
2.072921779595371845e+02 2.983992356723285401e-11
2.300430119772916839e+02 2.520052415880208838e-11
2.552908068239516410e+02 2.123926156153357416e-11
2.833096101839323637e+02 1.786177023805393784e-11
3.144035471591500368e+02 1.498210539840025212e-11
3.489101213406774491e+02 1.253325899262174289e-11
3.872038781812557318e+02 1.045420501794739842e-11
4.297004704320843871e+02 8.688041299792700530e-12
4.768611697714468960e+02 7.195036254225791768e-12
5.291978735958442712e+02 5.936286173584093938e-12
5.872786613189482523e+02 4.878293844860840761e-12
6.517339604882420190e+02 3.989908555723391381e-12
7.232633896483533817e+02 3.247459721473067285e-12
8.026433522257173081e+02 2.630504048329779429e-12
8.907354638610439679e+02 2.119774922222883648e-12
9.884959046625587007e+02 1.699730391921959011e-12
1.096985797892383971e+03 1.356034456389765227e-12
1.217382727739662187e+03 1.076207409186024707e-12
1.350993521198027793e+03 8.498405086216527625e-13
1.499268432786045423e+03 6.676424102732360007e-13
1.663816886076128640e+03 5.226214247147020173e-13
1.846424942895544291e+03 4.076866042997895937e-13
2.049074689815845886e+03 3.171410712690434629e-13
2.273965752357927613e+03 2.463819104068914037e-13
2.523539170434765765e+03 1.911678945793627186e-13
2.800503894183631019e+03 1.488902515025522293e-13
3.107866187782013640e+03 1.158633656807263432e-13
3.448962260405759935e+03 9.093377712302710421e-14
3.827494478516314757e+03 7.154963186620083353e-14
4.247571552536898707e+03 5.676030555303233670e-14
4.713753134116724141e+03 4.545622168345119210e-14
5.231099308056262998e+03 3.659526368831087436e-14
5.805225516094896193e+03 2.976011610171423775e-14
6.442363508721369726e+03 2.433448408191680520e-14
7.149428986597576113e+03 2.004135670603430721e-14
7.934096665797491369e+03 1.656771223413686465e-14
8.804883581643463913e+03 1.374394693353676417e-14
9.771241535346502133e+03 1.142004052885958716e-14
1.084365968689610963e+04 9.493513276073441015e-15
1.203377840777589154e+04 7.894845484223638706e-15
1.335451562929898682e+04 6.544984943382827258e-15
1.482020705798858762e+04 5.411137958612400943e-15
1.644676177994664249e+04 4.455682673159223220e-15
1.825183494319044257e+04 3.660881248651313906e-15
2.025501939230666540e+04 2.984353492505263113e-15
2.247805833548725059e+04 2.418712198370279052e-15
2.494508135230316839e+04 1.949626227461052338e-15
2.768286630392066581e+04 1.557870178636972184e-15
3.072112998861759115e+04 1.234889620415577550e-15
3.409285069746814406e+04 9.675964477359856035e-16
3.783462617131928710e+04 7.485550125179669875e-16
4.198707084443910571e+04 5.739469926009269994e-16
4.659525668664683326e+04 4.336133000451902488e-16
5.170920242896761192e+04 3.227847878079107197e-16
5.738441648302398244e+04 2.366760104955652908e-16
6.368249944718585903e+04 1.705212144610843095e-16
7.067181273927491566e+04 1.210480351515661862e-16
7.842822061337680498e+04 8.485277301026885328e-17
8.703591361485165544e+04 5.899013602397445001e-17
9.658832241158708348e+04 4.096519024911904458e-17
1.071891319205127511e+05 2.870095432145667983e-17
1.189534067370319535e+05 2.049219486629821195e-17
1.320088400831418112e+05 1.502172310097552428e-17
1.464971398307286145e+05 1.131791428895878024e-17
1.625755666443794908e+05 8.733235141344730980e-18
1.804186409392071655e+05 6.859209259833813103e-18
2.002200371815584658e+05 5.445621626607539222e-18
2.221946860939523904e+05 4.348434992721592349e-18
2.465811075822604180e+05 3.482531042023872315e-18
2.736439997074671555e+05 2.790524101578911421e-18
3.036771118035460822e+05 2.234318980426091901e-18
3.370064329271928291e+05 1.786169569473036698e-18
3.739937302478798083e+05 1.425280243562039755e-18
4.150404757850476308e+05 1.135462529208755280e-18
4.605922041145108524e+05 9.027943326337587935e-19
5.111433483440171112e+05 7.163385104872720806e-19
5.672426068491977639e+05 5.673427244868754259e-19
6.294988990221888525e+05 4.483394292270318197e-19
6.985879746785250027e+05 3.535354166478409085e-19
7.752597488629464060e+05 2.780998911208132998e-19
8.603464416684507160e+05 2.182280502153356674e-19
9.547716114208066138e+05 1.707951710435811091e-19
1.059560179277617019e+06 1.332853619553257843e-19
1.175849554052158026e+06 1.037055433271455894e-19
1.304901978014401859e+06 8.047401941531624212e-20
1.448118227674532915e+06 6.224064894701201256e-20
1.607052818261638284e+06 4.793838106063541024e-20
1.783430876931909472e+06 3.680471770745161358e-20
1.979166867853557458e+06 2.813448906172688378e-20
2.196385372416546568e+06 2.141624630351974218e-20
2.437444150122222025e+06 1.622878309107571463e-20
2.704959730463137385e+06 1.223038432874221793e-20
3.001835813575591892e+06 9.165867045126097775e-21
3.331294787934676744e+06 6.825379986614777031e-21
3.696912707195031922e+06 5.046140787395623577e-21
4.102658105827190448e+06 3.700704432709567142e-21
4.552935074866947718e+06 2.689090811664298748e-21
5.052631065335679799e+06 1.928025585127498473e-21
5.607169938205458224e+06 1.366539527141128023e-21
6.222570836730230600e+06 9.539685628337006495e-22
6.905513520162330940e+06 6.519399153927587774e-22
7.663410868007462472e+06 4.347640797923402131e-22
8.504489341802684590e+06 2.815855923537156235e-22
9.437878277775391936e+06 1.757630566663341487e-22
1.047370897959450819e+07 1.054259835315687346e-22
1.162322468679854274e+07 5.883757059978262329e-23
1.289890261253307760e+07 3.080050902788943974e-23
1.431458937523478456e+07 1.482600352420263263e-23
1.588565129428052530e+07 6.492969520624433787e-24
1.762914118095947802e+07 2.575024845392640991e-24
1.956398343517064676e+07 9.127526993688500274e-25
2.171117945694505423e+07 2.870793422989842272e-25
2.409403560239527002e+07 7.917722407136208367e-26
2.673841615839949250e+07 1.896398340404464647e-26
2.967302408188872784e+07 3.885237627448554959e-27
3.292971255097155273e+07 6.743509040211083894e-28
3.654383070957254618e+07 9.763538443930465267e-29
4.055460735840827972e+07 1.162008016624437855e-29
4.500557675700496882e+07 1.119223257031276238e-30
4.994505115855139494e+07 8.586728411732820598e-32
5.542664520663107187e+07 5.154431427500707342e-33
6.150985788580504060e+07 2.369640558485324861e-34
6.826071834272393584e+07 8.128113406625278365e-36
7.575250258771920204e+07 2.014381630055913083e-37
8.406652885618332028e+07 3.493436527996184728e-39
9.329304026284696162e+07 4.090908669460097752e-41
1.035321843295663744e+08 3.106377926894476788e-43
1.148951000187308788e+08 1.457856856424354000e-45
1.275051240713012964e+08 4.000228501579383007e-48
1.414991297434575856e+08 5.971659982748271301e-51
1.570290124729377627e+08 4.374329410550930956e-54
1.742633386009651124e+08 1.390803812219478328e-57
1.933891750455232263e+08 1.657318984827093705e-61
2.146141197858406007e+08 5.903193181551166573e-66
2.381685551976160705e+08 3.256946659294274689e-71
2.643081486974108517e+08 1.370390453936025232e-81
2.933166278390048146e+08 4.914556612101699871e-106
