1.000000000000000000e+02 3.668944787083940120e-12
1.109752496412072134e+02 3.142557056552555857e-12
1.231550603292826196e+02 2.690212862889334427e-12
1.366716356462005990e+02 2.301764528513960850e-12
1.516716888470922413e+02 1.968144790436715004e-12
1.683180353330956791e+02 1.681966799699993468e-12
1.867913599020782840e+02 1.436495820977188442e-12
2.072921779595371845e+02 1.226313623425431335e-12
2.300430119772916839e+02 1.046265630455876366e-12
2.552908068239516410e+02 8.921357836070732298e-13
2.833096101839323637e+02 7.603656086335282137e-13
3.144035471591500368e+02 6.476484964196395089e-13
3.489101213406774491e+02 5.513977172939029706e-13
3.872038781812557318e+02 4.692441263382249382e-13
4.297004704320843871e+02 3.990737656527818259e-13
4.768611697714468960e+02 3.392311276800133876e-13
5.291978735958442712e+02 2.882354421548912276e-13
5.872786613189482523e+02 2.447587468204211679e-13
6.517339604882420190e+02 2.077192479627131895e-13
7.232633896483533817e+02 1.761981851790782552e-13
8.026433522257173081e+02 1.493891679340753419e-13
8.907354638610439679e+02 1.265801444271271353e-13
9.884959046625587007e+02 1.071756515457999209e-13
1.096985797892383971e+03 9.069707385429541320e-14
1.217382727739662187e+03 7.669439672674687153e-14
1.350993521198027793e+03 6.481684782252322968e-14
1.499268432786045423e+03 5.473609681249436823e-14
1.663816886076128640e+03 4.619282710303621417e-14
1.846424942895544291e+03 3.894945744819580146e-14
2.049074689815845886e+03 3.281280316689737186e-14
2.273965752357927613e+03 2.762587088258220366e-14
2.523539170434765765e+03 2.323772876811716026e-14
2.800503894183631019e+03 1.952715523858775048e-14
3.107866187782013640e+03 1.639913349457616442e-14
3.448962260405759935e+03 1.375753431770103700e-14
3.827494478516314757e+03 1.153179070537439600e-14
4.247571552536898707e+03 9.659198109424963785e-15
4.713753134116724141e+03 8.081051026587970345e-15
5.231099308056262998e+03 6.755654751882530533e-15
5.805225516094896193e+03 5.644476267538010521e-15
6.442363508721369726e+03 4.709366050483298162e-15
7.149428986597576113e+03 3.926994810322038521e-15
7.934096665797491369e+03 3.271745874082795289e-15
8.804883581643463913e+03 2.722938598140676819e-15
9.771241535346502133e+03 2.264683269840513382e-15
1.084365968689610963e+04 1.881878292862031970e-15
1.203377840777589154e+04 1.562693582004807854e-15
1.335451562929898682e+04 1.296547358286972587e-15
1.482020705798858762e+04 1.074916167872205698e-15
1.644676177994664249e+04 8.905639884373082488e-16
1.825183494319044257e+04 7.372882997058486642e-16
2.025501939230666540e+04 6.099550472836347410e-16
2.247805833548725059e+04 5.042267255068950082e-16
2.494508135230316839e+04 4.165599296916363145e-16
2.768286630392066581e+04 3.438769457422173215e-16
3.072112998861759115e+04 2.836532993950795982e-16
3.409285069746814406e+04 2.338040970232267419e-16
3.783462617131928710e+04 1.925445259644190328e-16
4.198707084443910571e+04 1.584472124068316075e-16
4.659525668664683326e+04 1.302675340580704671e-16
5.170920242896761192e+04 1.070053434162955915e-16
5.738441648302398244e+04 8.780975612540275839e-17
6.368249944718585903e+04 7.204316403632398582e-17
7.067181273927491566e+04 5.896366524636368292e-17
7.842822061337680498e+04 4.824626239750824776e-17
8.703591361485165544e+04 3.943478536940188855e-17
9.658832241158708348e+04 3.219821875766274668e-17
1.071891319205127511e+05 2.626105617275925898e-17
1.189534067370319535e+05 2.139715976029234956e-17
1.320088400831418112e+05 1.741672624910714102e-17
1.464971398307286145e+05 1.416229887147028512e-17
1.625755666443794908e+05 1.150368841909687391e-17
1.804186409392071655e+05 9.336687013962760183e-18
2.002200371815584658e+05 7.571175934167343005e-18
2.221946860939523904e+05 6.134820285676206346e-18
2.465811075822604180e+05 4.967512162566616728e-18
2.736439997074671555e+05 4.020079619184477366e-18
3.036771118035460822e+05 3.250910333970256855e-18
3.370064329271928291e+05 2.627256751261692307e-18
3.739937302478798083e+05 2.121681188251769691e-18
4.150404757850476308e+05 1.711977438932492978e-18
4.605922041145108524e+05 1.380410314596312788e-18
5.111433483440171112e+05 1.112369849530012152e-18
5.672426068491977639e+05 8.955517306983920509e-19
6.294988990221888525e+05 7.204071662089973754e-19
6.985879746785250027e+05 5.790691001010101234e-19
7.752597488629464060e+05 4.650399638969114541e-19
8.603464416684507160e+05 3.731580876614795808e-19
9.547716114208066138e+05 2.991302427187898916e-19
1.059560179277617019e+06 2.395680131532113871e-19
1.175849554052158026e+06 1.916776377730384197e-19
1.304901978014401859e+06 1.532051206273364270e-19
1.448118227674532915e+06 1.223299048670163616e-19
1.607052818261638284e+06 9.757210944405482413e-20
1.783430876931909472e+06 7.773568170021841704e-20
1.979166867853557458e+06 6.186028797982079069e-20
2.196385372416546568e+06 4.917643716570521515e-20
2.437444150122222025e+06 3.904190128446176758e-20
2.704959730463137385e+06 3.095747092833694169e-20
3.001835813575591892e+06 2.452164432802583889e-20
3.331294787934676744e+06 1.938973135272672924e-20
3.696912707195031922e+06 1.531361187726803705e-20
4.102658105827190448e+06 1.207992404389370529e-20
4.552935074866947718e+06 9.512520148522530888e-21
5.052631065335679799e+06 7.480376013129166853e-21
5.607169938205458224e+06 5.873472389947678082e-21
6.222570836730230600e+06 4.604261804931897200e-21
6.905513520162330940e+06 3.603485379298910363e-21
7.663410868007462472e+06 2.815604407370771565e-21
8.504489341802684590e+06 2.196040592181199044e-21
9.437878277775391936e+06 1.709617552654118262e-21
1.047370897959450819e+07 1.328670385790899645e-21
1.162322468679854274e+07 1.030492295813150542e-21
1.289890261253307760e+07 7.979573121979403276e-22
1.431458937523478456e+07 6.165437430699449192e-22
1.588565129428052530e+07 4.753889349609667070e-22
1.762914118095947802e+07 3.658577485721128646e-22
1.956398343517064676e+07 2.809491386192285144e-22
2.171117945694505423e+07 2.152719110330742940e-22
2.409403560239527002e+07 1.645855450081204416e-22
2.673841615839949250e+07 1.255543330103807068e-22
2.967302408188872784e+07 9.556026849007625969e-23
3.292971255097155273e+07 7.255139354038767648e-23
3.654383070957254618e+07 5.495604042359697409e-23
4.055460735840827972e+07 4.152684831033207323e-23
4.500557675700496882e+07 3.129814540886692923e-23
4.994505115855139494e+07 2.352741712144631858e-23
5.542664520663107187e+07 1.763979946160610094e-23
6.150985788580504060e+07 1.318842921687342524e-23
6.826071834272393584e+07 9.832576436604110319e-24
7.575250258771920204e+07 7.308947980711620764e-24
8.406652885618332028e+07 5.415840289740123105e-24
9.329304026284696162e+07 3.999845881283177718e-24
1.035321843295663744e+08 2.943940114679109802e-24
1.148951000187308788e+08 2.158886915822385360e-24
1.275051240713012964e+08 1.577013364190947337e-24
1.414991297434575856e+08 1.146994666229131366e-24
1.570290124729377627e+08 8.300852421852512996e-25
1.742633386009651124e+08 5.977606560550877948e-25
1.933891750455232263e+08 4.279994371805228028e-25
2.146141197858406007e+08 3.045024550520466014e-25
2.381685551976160705e+08 2.150528295477776814e-25
2.643081486974108517e+08 1.506478176450994974e-25
2.933166278390048146e+08 1.045233634819837301e-25
3.255088599835056663e+08 7.174793190269906562e-26
3.612342699709430337e+08 4.864597985298018889e-26
4.008806328898465633e+08 3.248960848136872300e-26
4.448782831127585173e+08 2.128837643628890427e-26
4.937047852839003801e+08 1.359901257893807326e-26
5.478901179593944550e+08 8.379644272913877307e-27
6.080224261649426222e+08 4.901787931096965036e-27
6.747544053110699654e+08 2.646469412377538169e-27
7.488103857590031624e+08 1.253696651446392421e-27
8.309941949353404045e+08 4.725844526359031562e-28
9.221978823334341049e+08 1.137319018974750012e-28
1.023411402105452657e+09 8.318433000877061519e-30
1.135733358343105316e+09 6.510779357982411970e-33
1.260382929679727316e+09 2.147182295913199915e-45
1.398713102647238731e+09 4.073742291845118311e-66
1.552225357427047968e+09 5.659066144129112914e-100
