1.000000000000000000e+02 5.383320494938899474e-12
1.109752496412072134e+02 4.591363754397027262e-12
1.231550603292826196e+02 3.905435300338716810e-12
1.366716356462005990e+02 3.325276122942168030e-12
1.516716888470922413e+02 2.829375680733159476e-12
1.683180353330956791e+02 2.406317634906235884e-12
1.867913599020782840e+02 2.044863977623068993e-12
2.072921779595371845e+02 1.737136606577372345e-12
2.300430119772916839e+02 1.476015141105092848e-12
2.552908068239516410e+02 1.254239272790395102e-12
2.833096101839323637e+02 1.065516530010109480e-12
3.144035471591500368e+02 9.056797957493594736e-13
3.489101213406774491e+02 7.703214454812350198e-13
3.872038781812557318e+02 6.560478649288433993e-13
4.297004704320843871e+02 5.578711450639611344e-13
4.768611697714468960e+02 4.752394329820405502e-13
5.291978735958442712e+02 4.048239761205161124e-13
5.872786613189482523e+02 3.446978469498581334e-13
6.517339604882420190e+02 2.933116516936947462e-13
7.232633896483533817e+02 2.493956242430578725e-13
8.026433522257173081e+02 2.116219060148529848e-13
8.907354638610439679e+02 1.790969045487113158e-13
9.884959046625587007e+02 1.511847264593320844e-13
1.096985797892383971e+03 1.270373061805656161e-13
1.217382727739662187e+03 1.063310768173072249e-13
1.350993521198027793e+03 8.834288053174659110e-14
1.499268432786045423e+03 7.298771040270246907e-14
1.663816886076128640e+03 5.974505881902671050e-14
1.846424942895544291e+03 4.849641724290304262e-14
2.049074689815845886e+03 3.883890194318242949e-14
2.273965752357927613e+03 3.071151010597478077e-14
2.523539170434765765e+03 2.390064837438553914e-14
2.800503894183631019e+03 1.824939924933223913e-14
3.107866187782013640e+03 1.362262727100553728e-14
3.448962260405759935e+03 9.897538822792339339e-15
3.827494478516314757e+03 6.953963675944253118e-15
4.247571552536898707e+03 4.698136186433395914e-15
4.713753134116724141e+03 3.026960985793047789e-15
5.231099308056262998e+03 1.847227657629482317e-15
5.805225516094896193e+03 1.058484644856632169e-15
6.442363508721369726e+03 5.674625699969572509e-16
7.149428986597576113e+03 2.835698447281729477e-16
7.934096665797491369e+03 1.331333423782846251e-16
8.804883581643463913e+03 6.039257056408420951e-17
9.771241535346502133e+03 2.754220752340741656e-17
1.084365968689610963e+04 1.337781063719408342e-17
1.203377840777589154e+04 7.377819673161934263e-18
1.335451562929898682e+04 4.732615899524139700e-18
1.482020705798858762e+04 3.408985070204782309e-18
1.644676177994664249e+04 2.613829697824993977e-18
1.825183494319044257e+04 2.056915849854304030e-18
2.025501939230666540e+04 1.633145533839591312e-18
2.247805833548725059e+04 1.300247308544626324e-18
2.494508135230316839e+04 1.035799021651262850e-18
2.768286630392066581e+04 8.251194236412831339e-19
3.072112998861759115e+04 6.572396680234529971e-19
3.409285069746814406e+04 5.234010232363841998e-19
3.783462617131928710e+04 4.166708106767906968e-19
4.198707084443910571e+04 3.315590335395635267e-19
4.659525668664683326e+04 2.637096285829800979e-19
5.170920242896761192e+04 2.096941186678538935e-19
5.738441648302398244e+04 1.666973380161666708e-19
6.368249944718585903e+04 1.324664328446697350e-19
7.067181273927491566e+04 1.052218618331959360e-19
7.842822061337680498e+04 8.355294581188449812e-20
8.703591361485165544e+04 6.631684093169309672e-20
9.658832241158708348e+04 5.261887154120445418e-20
1.071891319205127511e+05 4.173268846866485565e-20
1.189534067370319535e+05 3.308510770051182815e-20
1.320088400831418112e+05 2.621837250006858249e-20
1.464971398307286145e+05 2.076755375986501805e-20
1.625755666443794908e+05 1.644261362566000092e-20
1.804186409392071655e+05 1.301324932969511377e-20
2.002200371815584658e+05 1.029279529749029969e-20
2.221946860939523904e+05 8.135992652688885194e-21
2.465811075822604180e+05 6.427856225095686929e-21
2.736439997074671555e+05 5.075752430272454765e-21
3.036771118035460822e+05 4.006122494367410510e-21
3.370064329271928291e+05 3.160435960645523907e-21
3.739937302478798083e+05 2.491653898980929005e-21
4.150404757850476308e+05 1.962934671923623922e-21
4.605922041145108524e+05 1.545289247616909160e-21
5.111433483440171112e+05 1.215520207663569518e-21
5.672426068491977639e+05 9.554603175855546368e-22
6.294988990221888525e+05 7.504631336369686898e-22
6.985879746785250027e+05 5.889479055311464386e-22
7.752597488629464060e+05 4.617794162472045523e-22
8.603464416684507160e+05 3.617492406071359519e-22
9.547716114208066138e+05 2.831370824283821582e-22
1.059560179277617019e+06 2.213592428027629709e-22
1.175849554052158026e+06 1.728955099291357659e-22
1.304901978014401859e+06 1.348958666411802951e-22
1.448118227674532915e+06 1.051173455014059393e-22
1.607052818261638284e+06 8.182332550453572529e-23
1.783430876931909472e+06 6.360425439479141181e-23
1.979166867853557458e+06 4.937890419449031879e-23
2.196385372416546568e+06 3.827985690123076023e-23
2.437444150122222025e+06 2.963116106246543513e-23
2.704959730463137385e+06 2.290137446514352257e-23
3.001835813575591892e+06 1.767174555256811281e-23
3.331294787934676744e+06 1.361064146648574132e-23
3.696912707195031922e+06 1.046196496170835095e-23
4.102658105827190448e+06 8.025163653326983203e-24
4.552935074866947718e+06 6.143568735421703423e-24
5.052631065335679799e+06 4.693170463486197238e-24
5.607169938205458224e+06 3.576686965373337629e-24
6.222570836730230600e+06 2.718733449290556007e-24
6.905513520162330940e+06 2.060535641152444696e-24
7.663410868007462472e+06 1.557039064782973021e-24
8.504489341802684590e+06 1.172847144304392791e-24
9.437878277775391936e+06 8.805319608152147428e-25
1.047370897959450819e+07 6.587170149910666635e-25
1.162322468679854274e+07 4.906280496706164398e-25
1.289890261253307760e+07 3.637777812692300380e-25
1.431458937523478456e+07 2.684742016549771786e-25
1.588565129428052530e+07 1.971483086256028909e-25
1.762914118095947802e+07 1.438520882801480267e-25
1.956398343517064676e+07 1.043119275490355770e-25
2.171117945694505423e+07 7.507918156134144880e-26
2.409403560239527002e+07 5.361274632622937465e-26
2.673841615839949250e+07 3.794958084818485348e-26
2.967302408188872784e+07 2.657521121802329764e-26
3.292971255097155273e+07 1.839724332350669338e-26
3.654383070957254618e+07 1.256121991994909362e-26
4.055460735840827972e+07 8.445676924671481302e-27
4.500557675700496882e+07 5.572425718512665012e-27
4.994505115855139494e+07 3.596645820046395048e-27
5.542664520663107187e+07 2.258143233488127177e-27
6.150985788580504060e+07 1.371959530221541547e-27
6.826071834272393584e+07 7.977771319274004017e-28
7.575250258771920204e+07 4.382959659740237716e-28
8.406652885618332028e+07 2.225155176709618723e-28
9.329304026284696162e+07 1.006348219657683111e-28
1.035321843295663744e+08 3.779342755056115402e-29
1.148951000187308788e+08 1.003581034319146653e-29
1.275051240713012964e+08 1.114019312146829038e-30
1.414991297434575856e+08 4.704458688181378653e-35
