1.000000000000000000e+02 1.712651265994331740e-14
1.109752496412072134e+02 1.476300518696514021e-14
1.231550603292826196e+02 1.267798256696669068e-14
1.366716356462005990e+02 1.082535600139263097e-14
1.516716888470922413e+02 9.196899116361741334e-15
1.683180353330956791e+02 7.773549788543345764e-15
1.867913599020782840e+02 6.523271978839191604e-15
2.072921779595371845e+02 5.436488680855596520e-15
2.300430119772916839e+02 4.506594938000423409e-15
2.552908068239516410e+02 3.711418837146136404e-15
2.833096101839323637e+02 3.018312478075179272e-15
3.144035471591500368e+02 2.444124599470217507e-15
3.489101213406774491e+02 1.965896679894485182e-15
3.872038781812557318e+02 1.558783514772720118e-15
4.297004704320843871e+02 1.226076070669812441e-15
4.768611697714468960e+02 9.540546509207718026e-16
5.291978735958442712e+02 7.343563328637885658e-16
5.872786613189482523e+02 5.593272232914320654e-16
6.517339604882420190e+02 4.211083132918761895e-16
7.232633896483533817e+02 3.132040075225060630e-16
8.026433522257173081e+02 2.304849327744305582e-16
8.907354638610439679e+02 1.677961802346526002e-16
9.884959046625587007e+02 1.211471935493665100e-16
1.096985797892383971e+03 8.687793661106997654e-17
1.217382727739662187e+03 6.207825562915490179e-17
1.350993521198027793e+03 4.439301748592472248e-17
1.499268432786045423e+03 3.192912621445475858e-17
1.663816886076128640e+03 2.318821334452761038e-17
1.846424942895544291e+03 1.715248128932708784e-17
2.049074689815845886e+03 1.291373446120711036e-17
2.273965752357927613e+03 9.872913615261156747e-18
2.523539170434765765e+03 7.675464317102950515e-18
2.800503894183631019e+03 6.035228238363571083e-18
3.107866187782013640e+03 4.782966936650068003e-18
3.448962260405759935e+03 3.790076218430033864e-18
3.827494478516314757e+03 2.993019099706329752e-18
4.247571552536898707e+03 2.343798190920760327e-18
4.713753134116724141e+03 1.813218845822134707e-18
5.231099308056262998e+03 1.381476416426143261e-18
5.805225516094896193e+03 1.035006826228295700e-18
6.442363508721369726e+03 7.635260969272838037e-19
7.149428986597576113e+03 5.555353491650690298e-19
7.934096665797491369e+03 4.024608878137567761e-19
8.804883581643463913e+03 2.947541412948991372e-19
9.771241535346502133e+03 2.217995277850501772e-19
1.084365968689610963e+04 1.728184341839800055e-19
1.203377840777589154e+04 1.385860841857650694e-19
1.335451562929898682e+04 1.130731577115199923e-19
1.482020705798858762e+04 9.307635506393376820e-20
1.644676177994664249e+04 7.690042227284125018e-20
1.825183494319044257e+04 6.360706023230619123e-20
2.025501939230666540e+04 5.261204921592275031e-20
2.247805833548725059e+04 4.348936918934062009e-20
2.494508135230316839e+04 3.592200606886114767e-20
2.768286630392066581e+04 2.964135229738718833e-20
3.072112998861759115e+04 2.443616509575131100e-20
3.409285069746814406e+04 2.012012089847823717e-20
3.783462617131928710e+04 1.654656010315476566e-20
4.198707084443910571e+04 1.359106349557201926e-20
4.659525668664683326e+04 1.114742718114302390e-20
5.170920242896761192e+04 9.130112747262827235e-21
5.738441648302398244e+04 7.464882779402307892e-21
6.368249944718585903e+04 6.094118128350016394e-21
7.067181273927491566e+04 4.964932414043936639e-21
7.842822061337680498e+04 4.038068756748689857e-21
8.703591361485165544e+04 3.277616302101589005e-21
9.658832241158708348e+04 2.654833705502324592e-21
1.071891319205127511e+05 2.145873834479236623e-21
1.189534067370319535e+05 1.731142393215466664e-21
1.320088400831418112e+05 1.394046942444143999e-21
1.464971398307286145e+05 1.120423194136917084e-21
1.625755666443794908e+05 8.991514471544116154e-22
1.804186409392071655e+05 7.203681109752416931e-22
2.002200371815584658e+05 5.763049250262825428e-22
2.221946860939523904e+05 4.602245110301883171e-22
2.465811075822604180e+05 3.668377336490843056e-22
2.736439997074671555e+05 2.919032369483628002e-22
3.036771118035460822e+05 2.318311833892058990e-22
3.370064329271928291e+05 1.837305174982159949e-22
3.739937302478798083e+05 1.453306153644590046e-22
4.150404757850476308e+05 1.147054379603165631e-22
4.605922041145108524e+05 9.031083216494130346e-23
5.111433483440171112e+05 7.093840199064785235e-23
5.672426068491977639e+05 5.557606480605960131e-23
6.294988990221888525e+05 4.343457308486940226e-23
6.985879746785250027e+05 3.385230675518306650e-23
7.752597488629464060e+05 2.630872938464473997e-23
8.603464416684507160e+05 2.038344150270735364e-23
9.547716114208066138e+05 1.574290466297768592e-23
1.059560179277617019e+06 1.211885028829681887e-23
1.175849554052158026e+06 9.296092055386179683e-24
1.304901978014401859e+06 7.104697968381001470e-24
1.448118227674532915e+06 5.408947963803875965e-24
1.607052818261638284e+06 4.101497400635612237e-24
1.783430876931909472e+06 3.097059557585195966e-24
1.979166867853557458e+06 2.327662199164392935e-24
2.196385372416546568e+06 1.741394594172691388e-24
2.437444150122222025e+06 1.296705402628932604e-24
2.704959730463137385e+06 9.600588282961837283e-25
3.001835813575591892e+06 7.068392883268876527e-25
3.331294787934676744e+06 5.174202406736601724e-25
3.696912707195031922e+06 3.763356491297856180e-25
4.102658105827190448e+06 2.718528702154898887e-25
4.552935074866947718e+06 1.949308876497338354e-25
5.052631065335679799e+06 1.386776834399397912e-25
5.607169938205458224e+06 9.780028821743537468e-26
6.222570836730230600e+06 6.830240461797056094e-26
6.905513520162330940e+06 4.718620247393667661e-26
7.663410868007462472e+06 3.218038513101080879e-26
8.504489341802684590e+06 2.162080143147454146e-26
9.437878277775391936e+06 1.425625014680980526e-26
1.047370897959450819e+07 9.190607298087519769e-27
1.162322468679854274e+07 5.745700872084127839e-27
1.289890261253307760e+07 3.451632102225330315e-27
1.431458937523478456e+07 1.960578749646311776e-27
1.588565129428052530e+07 1.027659822175642075e-27
1.762914118095947802e+07 4.760310527105472248e-28
1.956398343517064676e+07 1.790578083379200665e-28
2.171117945694505423e+07 4.540923995504575835e-29
2.409403560239527002e+07 5.686313528097221669e-30
2.673841615839949250e+07 7.192802753246166976e-31
