1.000000000000000000e+02 5.930015690314206508e-15
1.109752496412072134e+02 4.961376680228069919e-15
1.231550603292826196e+02 4.148743245016412892e-15
1.366716356462005990e+02 3.471227816855601420e-15
1.516716888470922413e+02 2.917205167937069576e-15
1.683180353330956791e+02 2.457130822273865135e-15
1.867913599020782840e+02 2.072383621376693725e-15
2.072921779595371845e+02 1.754399854572830732e-15
2.300430119772916839e+02 1.489048191169604560e-15
2.552908068239516410e+02 1.266126380141911726e-15
2.833096101839323637e+02 1.078934339898336309e-15
3.144035471591500368e+02 9.205448075945194279e-16
3.489101213406774491e+02 7.855804202649106945e-16
3.872038781812557318e+02 6.706928985252290033e-16
4.297004704320843871e+02 5.719857892754582971e-16
4.768611697714468960e+02 4.870297427591554947e-16
5.291978735958442712e+02 4.138978276562177082e-16
5.872786613189482523e+02 3.506239857200196155e-16
6.517339604882420190e+02 2.958848456226768076e-16
7.232633896483533817e+02 2.486048408165349375e-16
8.026433522257173081e+02 2.077394696044543407e-16
8.907354638610439679e+02 1.725195019576927702e-16
9.884959046625587007e+02 1.421835479020176697e-16
1.096985797892383971e+03 1.163660561968572272e-16
1.217382727739662187e+03 9.401483894884770216e-17
1.350993521198027793e+03 7.525378475414980920e-17
1.499268432786045423e+03 5.943697175371952690e-17
1.663816886076128640e+03 4.626458586919598449e-17
1.846424942895544291e+03 3.543075687720804894e-17
2.049074689815845886e+03 2.665409475193160878e-17
2.273965752357927613e+03 1.968435924825554356e-17
2.523539170434765765e+03 1.429069284142970984e-17
2.800503894183631019e+03 1.025139688135010206e-17
3.107866187782013640e+03 7.344575472816990873e-18
3.448962260405759935e+03 5.323974134287681658e-18
3.827494478516314757e+03 3.960007325361975803e-18
4.247571552536898707e+03 3.036772784576056690e-18
4.713753134116724141e+03 2.392600624755608510e-18
5.231099308056262998e+03 1.925700250517199204e-18
5.805225516094896193e+03 1.569113620848095909e-18
6.442363508721369726e+03 1.289755373942314989e-18
7.149428986597576113e+03 1.064893206170466937e-18
7.934096665797491369e+03 8.812736411442682402e-19
8.804883581643463913e+03 7.299320551750899467e-19
9.771241535346502133e+03 6.047759349115128388e-19
1.084365968689610963e+04 5.010462342180513537e-19
1.203377840777589154e+04 4.144147602029895411e-19
1.335451562929898682e+04 3.424264003571986543e-19
1.482020705798858762e+04 2.825002953766720645e-19
1.644676177994664249e+04 2.325912397811041679e-19
1.825183494319044257e+04 1.911440589021881819e-19
2.025501939230666540e+04 1.563602405190097229e-19
2.247805833548725059e+04 1.275720001310511491e-19
2.494508135230316839e+04 1.037949597032071241e-19
2.768286630392066581e+04 8.419436434638165969e-20
3.072112998861759115e+04 6.786534850186106917e-20
3.409285069746814406e+04 5.448833891801896777e-20
3.783462617131928710e+04 4.351482462966225703e-20
4.198707084443910571e+04 3.458523026540891941e-20
4.659525668664683326e+04 2.733346077590860007e-20
5.170920242896761192e+04 2.147097654701541680e-20
5.738441648302398244e+04 1.676304079124594664e-20
6.368249944718585903e+04 1.301727866139394646e-20
7.067181273927491566e+04 1.005739411107594805e-20
7.842822061337680498e+04 7.735936868164583278e-21
8.703591361485165544e+04 5.928261334021490106e-21
9.658832241158708348e+04 4.531309260795930977e-21
1.071891319205127511e+05 3.458571765715444568e-21
1.189534067370319535e+05 2.638358974943938916e-21
1.320088400831418112e+05 2.013128149613903340e-21
1.464971398307286145e+05 1.536939479763219858e-21
1.625755666443794908e+05 1.173941193080383982e-21
1.804186409392071655e+05 8.968555058708870164e-22
2.002200371815584658e+05 6.850834990947740589e-22
2.221946860939523904e+05 5.231144703277387330e-22
2.465811075822604180e+05 3.992181491551706771e-22
2.736439997074671555e+05 3.043829814147604369e-22
3.036771118035460822e+05 2.318811315395904442e-22
3.370064329271928291e+05 1.764473526974736685e-22
3.739937302478798083e+05 1.341034458008390675e-22
4.150404757850476308e+05 1.017991344169076971e-22
4.605922041145108524e+05 7.721781139508318636e-23
5.111433483440171112e+05 5.853673039964790138e-23
5.672426068491977639e+05 4.438405369314168866e-23
6.294988990221888525e+05 3.365347711414146126e-23
6.985879746785250027e+05 2.554195741284938340e-23
7.752597488629464060e+05 1.939523341426942336e-23
8.603464416684507160e+05 1.473480275218817361e-23
9.547716114208066138e+05 1.119821364394547360e-23
1.059560179277617019e+06 8.512929680866924853e-24
1.175849554052158026e+06 6.472610495032104561e-24
1.304901978014401859e+06 4.920841326118886220e-24
1.448118227674532915e+06 3.741689436108470810e-24
1.607052818261638284e+06 2.844481996848939699e-24
1.783430876931909472e+06 2.161818091807111725e-24
1.979166867853557458e+06 1.642503259617966096e-24
2.196385372416546568e+06 1.247202857728932328e-24
2.437444150122222025e+06 9.464244206219661947e-25
2.704959730463137385e+06 7.177546601844191872e-25
3.001835813575591892e+06 5.439108773186360431e-25
3.331294787934676744e+06 4.118218395132545225e-25
3.696912707195031922e+06 3.114793548768520476e-25
4.102658105827190448e+06 2.353370729055229226e-25
4.552935074866947718e+06 1.776118676781019160e-25
5.052631065335679799e+06 1.338186245445791646e-25
5.607169938205458224e+06 1.007132576678613378e-25
6.222570836730230600e+06 7.567363947254514126e-26
6.905513520162330940e+06 5.676525256693943073e-26
7.663410868007462472e+06 4.251416909185371869e-26
8.504489341802684590e+06 3.177715318191193600e-26
9.437878277775391936e+06 2.370780152768224942e-26
1.047370897959450819e+07 1.764789740139048143e-26
1.162322468679854274e+07 1.310716150370337794e-26
1.289890261253307760e+07 9.711872348377597376e-27
1.431458937523478456e+07 7.178552917134139156e-27
1.588565129428052530e+07 5.291027141424811617e-27
1.762914118095947802e+07 3.889445997314594758e-27
1.956398343517064676e+07 2.849472336265512630e-27
2.171117945694505423e+07 2.081483584220491242e-27
2.409403560239527002e+07 1.514638290148119824e-27
2.673841615839949250e+07 1.098082799953055625e-27
2.967302408188872784e+07 7.928061652654585297e-28
3.292971255097155273e+07 5.697237583170043531e-28
3.654383070957254618e+07 4.074012650623337910e-28
4.055460735840827972e+07 2.896739239179537893e-28
4.500557675700496882e+07 2.047376311309008516e-28
4.994505115855139494e+07 1.436769531302672159e-28
5.542664520663107187e+07 1.000562149087483425e-28
6.150985788580504060e+07 6.904774468641502653e-29
6.826071834272393584e+07 4.715138638324116546e-29
7.575250258771920204e+07 3.181318763196486419e-29
8.406652885618332028e+07 2.115247983253185030e-29
9.329304026284696162e+07 1.381702859863425874e-29
1.035321843295663744e+08 8.833406545751099639e-30
1.148951000187308788e+08 5.495239416441681263e-30
1.275051240713012964e+08 3.301189138365404979e-30
1.414991297434575856e+08 1.891489860923336524e-30
1.570290124729377627e+08 1.015847040248379672e-30
1.742633386009651124e+08 4.948706839779990520e-31
1.933891750455232263e+08 2.042854411416866031e-31
2.146141197858406007e+08 5.664315226681811484e-32
2.381685551976160705e+08 6.883266408902910150e-34
