1.000000000000000000e+02 1.714735531460068804e-12
1.109752496412072134e+02 1.477576059777789195e-12
1.231550603292826196e+02 1.268942933832862697e-12
1.366716356462005990e+02 1.089809132469109007e-12
1.516716888470922413e+02 9.341033953669686309e-13
1.683180353330956791e+02 7.995470667324996048e-13
1.867913599020782840e+02 6.847453582098508096e-13
2.072921779595371845e+02 5.842394247025514395e-13
2.300430119772916839e+02 5.002680811723293873e-13
2.552908068239516410e+02 4.271738272273852157e-13
2.833096101839323637e+02 3.661004655687336352e-13
3.144035471591500368e+02 3.128578183024168768e-13
3.489101213406774491e+02 2.675537789129849701e-13
3.872038781812557318e+02 2.284526754872835769e-13
4.297004704320843871e+02 1.953742102202720694e-13
4.768611697714468960e+02 1.664590972028336419e-13
5.291978735958442712e+02 1.417860983041166861e-13
5.872786613189482523e+02 1.202284511725043325e-13
6.517339604882420190e+02 1.016826875103122304e-13
7.232633896483533817e+02 8.560160825028530431e-14
8.026433522257173081e+02 7.169447063715496200e-14
8.907354638610439679e+02 5.964336225779685280e-14
9.884959046625587007e+02 4.940986087577688759e-14
1.096985797892383971e+03 4.060079706611211038e-14
1.217382727739662187e+03 3.313221759745994189e-14
1.350993521198027793e+03 2.693138510500734989e-14
1.499268432786045423e+03 2.145827432934202129e-14
1.663816886076128640e+03 1.721091721844155374e-14
1.846424942895544291e+03 1.351511744303965054e-14
2.049074689815845886e+03 1.062174589092181654e-14
2.273965752357927613e+03 8.268025359148108730e-15
2.523539170434765765e+03 6.379215850708804448e-15
2.800503894183631019e+03 4.942454095278750832e-15
3.107866187782013640e+03 3.767825978568251640e-15
3.448962260405759935e+03 2.901727670735170583e-15
3.827494478516314757e+03 2.226492793797574728e-15
4.247571552536898707e+03 1.729277876451959984e-15
4.713753134116724141e+03 1.350684966320845017e-15
5.231099308056262998e+03 1.066898744191620182e-15
5.805225516094896193e+03 8.516882169248067709e-16
6.442363508721369726e+03 6.912738243878389982e-16
7.149428986597576113e+03 5.688211458119420212e-16
7.934096665797491369e+03 4.694269556472672492e-16
8.804883581643463913e+03 3.931110559120679618e-16
9.771241535346502133e+03 3.311228703931272746e-16
1.084365968689610963e+04 2.784982214265510781e-16
1.203377840777589154e+04 2.357560933192589428e-16
1.335451562929898682e+04 1.994361100482452566e-16
1.482020705798858762e+04 1.684269776598012392e-16
1.644676177994664249e+04 1.420055152339290673e-16
1.825183494319044257e+04 1.194699657988408369e-16
2.025501939230666540e+04 1.002438785676087467e-16
2.247805833548725059e+04 8.375339249000271465e-17
2.494508135230316839e+04 6.967733969487946439e-17
2.768286630392066581e+04 5.752173551322487244e-17
3.072112998861759115e+04 4.736164034944305378e-17
3.409285069746814406e+04 3.859974173822363368e-17
3.783462617131928710e+04 3.114416496488187966e-17
4.198707084443910571e+04 2.483800101562282108e-17
4.659525668664683326e+04 1.953136020336566838e-17
5.170920242896761192e+04 1.509287236753359198e-17
5.738441648302398244e+04 1.141505917012441336e-17
6.368249944718585903e+04 8.400188324867462961e-18
7.067181273927491566e+04 5.993255621300413966e-18
7.842822061337680498e+04 4.111319807254670757e-18
8.703591361485165544e+04 2.685348918290183247e-18
9.658832241158708348e+04 1.650283440605737189e-18
1.071891319205127511e+05 9.465858699011156815e-19
1.189534067370319535e+05 4.968861266691147595e-19
1.320088400831418112e+05 2.422014412054027589e-19
1.464971398307286145e+05 1.126708640991186244e-19
1.625755666443794908e+05 5.374873679098148346e-20
1.804186409392071655e+05 2.894650726482021392e-20
2.002200371815584658e+05 1.860147413650353316e-20
2.221946860939523904e+05 1.363087607010265610e-20
2.465811075822604180e+05 1.058331180550687888e-20
2.736439997074671555e+05 8.362076677443800968e-21
3.036771118035460822e+05 6.626906077321462246e-21
3.370064329271928291e+05 5.248172899385223817e-21
3.739937302478798083e+05 4.149802955663089078e-21
4.150404757850476308e+05 3.276583132904844056e-21
4.605922041145108524e+05 2.583563712715317009e-21
5.111433483440171112e+05 2.034118587692742307e-21
5.672426068491977639e+05 1.598806467544523598e-21
6.294988990221888525e+05 1.254666515080900841e-21
6.985879746785250027e+05 9.829190186771869490e-22
7.752597488629464060e+05 7.685320608747445254e-22
8.603464416684507160e+05 5.997464828006154737e-22
9.547716114208066138e+05 4.671320019249073045e-22
1.059560179277617019e+06 3.630636584721790498e-22
1.175849554052158026e+06 2.815691569543149269e-22
1.304901978014401859e+06 2.178697746710659243e-22
1.448118227674532915e+06 1.681678954091500492e-22
1.607052818261638284e+06 1.294871621961719045e-22
1.783430876931909472e+06 9.943010509011416653e-23
1.979166867853557458e+06 7.612714941994006232e-23
2.196385372416546568e+06 5.811420597235802823e-23
2.437444150122222025e+06 4.422222445726017009e-23
2.704959730463137385e+06 3.353405136189339963e-23
3.001835813575591892e+06 2.533651804990888948e-23
3.331294787934676744e+06 1.906651613346738317e-23
3.696912707195031922e+06 1.428597315742659386e-23
4.102658105827190448e+06 1.065506334102561412e-23
4.552935074866947718e+06 7.906741535168538823e-24
5.052631065335679799e+06 5.834688729420072937e-24
5.607169938205458224e+06 4.280451314170690802e-24
6.222570836730230600e+06 3.119068851467160730e-24
6.905513520162330940e+06 2.256485089192283003e-24
7.663410868007462472e+06 1.619174752449642083e-24
8.504489341802684590e+06 1.151314147980839735e-24
9.437878277775391936e+06 8.105642520851335326e-25
1.047370897959450819e+07 5.640652122330040904e-25
1.162322468679854274e+07 3.873003274331014895e-25
1.289890261253307760e+07 2.618159162960344486e-25
1.431458937523478456e+07 1.736679357389866580e-25
1.588565129428052530e+07 1.125545461869360938e-25
1.762914118095947802e+07 7.077673059882147553e-26
1.956398343517064676e+07 4.276938298537942336e-26
2.171117945694505423e+07 2.442051460179890002e-26
2.409403560239527002e+07 1.285371788869115762e-26
2.673841615839949250e+07 5.947485290680594891e-27
2.967302408188872784e+07 2.208077392162430241e-27
3.292971255097155273e+07 5.370759177725554626e-28
3.654383070957254618e+07 6.364246292782971720e-29
4.055460735840827972e+07 8.920807093182412700e-32
