1.000000000000000000e+02 1.981326359087645974e-14
1.109752496412072134e+02 1.714165224154132927e-14
1.231550603292826196e+02 1.480997796461834798e-14
1.366716356462005990e+02 1.278359247411202925e-14
1.516716888470922413e+02 1.101610886000453285e-14
1.683180353330956791e+02 9.482549523833312900e-15
1.867913599020782840e+02 8.153099871321604625e-15
2.072921779595371845e+02 7.000172167135255484e-15
2.300430119772916839e+02 6.005195637897971881e-15
2.552908068239516410e+02 5.145177042811893374e-15
2.833096101839323637e+02 4.404434745582692498e-15
3.144035471591500368e+02 3.766258099275728792e-15
3.489101213406774491e+02 3.218902333929216652e-15
3.872038781812557318e+02 2.747667720234217489e-15
4.297004704320843871e+02 2.344847617244805337e-15
4.768611697714468960e+02 1.999200032165606416e-15
5.291978735958442712e+02 1.704083058177839299e-15
5.872786613189482523e+02 1.451617061256441094e-15
6.517339604882420190e+02 1.236251755070865546e-15
7.232633896483533817e+02 1.052240542602736922e-15
8.026433522257173081e+02 8.953995537949861703e-16
8.907354638610439679e+02 7.616000151783050348e-16
9.884959046625587007e+02 6.476501501869546655e-16
1.096985797892383971e+03 5.505117799177575240e-16
1.217382727739662187e+03 4.677898672154183089e-16
1.350993521198027793e+03 3.974320919565653572e-16
1.499268432786045423e+03 3.375157206493164316e-16
1.663816886076128640e+03 2.865553294209111317e-16
1.846424942895544291e+03 2.431918243017472445e-16
2.049074689815845886e+03 2.063663751212305421e-16
2.273965752357927613e+03 1.750636470154937734e-16
2.523539170434765765e+03 1.484676352328389339e-16
2.800503894183631019e+03 1.258843187911276309e-16
3.107866187782013640e+03 1.067120109332696918e-16
3.448962260405759935e+03 9.044801382632755149e-17
3.827494478516314757e+03 7.664797293339037558e-17
4.247571552536898707e+03 6.494711873678651956e-17
4.713753134116724141e+03 5.502660563398907478e-17
5.231099308056262998e+03 4.661788082761084947e-17
5.805225516094896193e+03 3.948594935872752893e-17
6.442363508721369726e+03 3.344396669647242781e-17
7.149428986597576113e+03 2.832328704625092057e-17
7.934096665797491369e+03 2.398302500787075291e-17
8.804883581643463913e+03 2.030536469746410211e-17
9.771241535346502133e+03 1.719002301967610588e-17
1.084365968689610963e+04 1.455084858154532199e-17
1.203377840777589154e+04 1.231457880006089725e-17
1.335451562929898682e+04 1.042028278365331185e-17
1.482020705798858762e+04 8.815583559104077395e-18
1.644676177994664249e+04 7.456904554754802392e-18
1.825183494319044257e+04 6.306590023011429562e-18
2.025501939230666540e+04 5.332246522958359566e-18
2.247805833548725059e+04 4.507387421011798527e-18
2.494508135230316839e+04 3.809050058715788239e-18
2.768286630392066581e+04 3.218084321015731415e-18
3.072112998861759115e+04 2.718042731933274924e-18
3.409285069746814406e+04 2.295021835884515006e-18
3.783462617131928710e+04 1.937312459679028963e-18
4.198707084443910571e+04 1.634634830085716399e-18
4.659525668664683326e+04 1.378788062682182847e-18
5.170920242896761192e+04 1.162525156257710146e-18
5.738441648302398244e+04 9.800731954355379765e-19
6.368249944718585903e+04 8.254955027157219788e-19
7.067181273927491566e+04 6.951817608924142117e-19
7.842822061337680498e+04 5.851838487043636999e-19
8.703591361485165544e+04 4.923586786541602579e-19
9.658832241158708348e+04 4.141137233670789648e-19
1.071891319205127511e+05 3.481399496360349253e-19
1.189534067370319535e+05 2.925595746262483932e-19
1.320088400831418112e+05 2.457447446285482915e-19
1.464971398307286145e+05 2.063454996257976330e-19
1.625755666443794908e+05 1.732022177498418502e-19
1.804186409392071655e+05 1.453267465271522888e-19
2.002200371815584658e+05 1.219038906699417245e-19
2.221946860939523904e+05 1.022183517484331236e-19
2.465811075822604180e+05 8.567511637627659899e-20
2.736439997074671555e+05 7.177955480455506362e-20
3.036771118035460822e+05 6.011536600040636898e-20
3.370064329271928291e+05 5.032372279137945721e-20
3.739937302478798083e+05 4.211050908070196115e-20
4.150404757850476308e+05 3.522264891811110537e-20
4.605922041145108524e+05 2.944594079937384231e-20
5.111433483440171112e+05 2.460477586349871970e-20
5.672426068491977639e+05 2.054853100993957613e-20
6.294988990221888525e+05 1.715296799889275816e-20
6.985879746785250027e+05 1.431225510963501170e-20
7.752597488629464060e+05 1.193420405366115977e-20
8.603464416684507160e+05 9.946190866054030794e-21
9.547716114208066138e+05 8.283994441511194076e-21
1.059560179277617019e+06 6.895538983703387920e-21
1.175849554052158026e+06 5.736497938772909092e-21
1.304901978014401859e+06 4.768847170657712607e-21
1.448118227674532915e+06 3.961881539425537222e-21
1.607052818261638284e+06 3.289535181973109603e-21
1.783430876931909472e+06 2.728799645062881665e-21
1.979166867853557458e+06 2.262152971577715097e-21
2.196385372416546568e+06 1.873960762643270203e-21
2.437444150122222025e+06 1.550990542984400057e-21
2.704959730463137385e+06 1.282450008234578209e-21
3.001835813575591892e+06 1.059499914045899214e-21
3.331294787934676744e+06 8.745384858729185590e-22
3.696912707195031922e+06 7.209955781361212238e-22
4.102658105827190448e+06 5.936758632319949683e-22
4.552935074866947718e+06 4.881589186059301221e-22
5.052631065335679799e+06 4.010010630301329725e-22
5.607169938205458224e+06 3.289005567324319199e-22
6.222570836730230600e+06 2.693169258984333384e-22
6.905513520162330940e+06 2.200704661586576691e-22
7.663410868007462472e+06 1.794353239764012821e-22
8.504489341802684590e+06 1.460622046145625592e-22
9.437878277775391936e+06 1.185426077694580769e-22
1.047370897959450819e+07 9.594344708653426155e-23
1.162322468679854274e+07 7.738664782387768945e-23
1.289890261253307760e+07 6.220898602733890711e-23
1.431458937523478456e+07 4.979008934779431862e-23
1.588565129428052530e+07 3.966903253836724565e-23
1.762914118095947802e+07 3.144027532816215093e-23
1.956398343517064676e+07 2.477860211753855984e-23
2.171117945694505423e+07 1.939660580811340265e-23
2.409403560239527002e+07 1.507803092258730319e-23
2.673841615839949250e+07 1.163119529052990475e-23
2.967302408188872784e+07 8.892057117911324799e-24
3.292971255097155273e+07 6.732745167596178082e-24
3.654383070957254618e+07 5.039641310237708513e-24
4.055460735840827972e+07 3.725064555464292034e-24
4.500557675700496882e+07 2.710067803313880277e-24
4.994505115855139494e+07 1.936594841251657961e-24
5.542664520663107187e+07 1.354918006685063443e-24
6.150985788580504060e+07 9.239723375519520682e-25
6.826071834272393584e+07 6.106598903324725550e-25
7.575250258771920204e+07 3.879595455876651854e-25
8.406652885618332028e+07 2.343868653687843972e-25
9.329304026284696162e+07 1.325533899153533020e-25
1.035321843295663744e+08 6.875536071555164856e-26
1.148951000187308788e+08 3.183491707831990415e-26
1.275051240713012964e+08 1.277479113240947834e-26
1.414991297434575856e+08 4.286845422632167801e-27
1.570290124729377627e+08 9.375424923191854253e-28
1.742633386009651124e+08 9.031811213513658027e-30
