1.000000000000000000e+02 9.232489456613196773e-13
1.109752496412072134e+02 8.014648547547291500e-13
1.231550603292826196e+02 6.949061541688057201e-13
1.366716356462005990e+02 6.022197383215495670e-13
1.516716888470922413e+02 5.214243325906401438e-13
1.683180353330956791e+02 4.510283795687116047e-13
1.867913599020782840e+02 3.898897054526563028e-13
2.072921779595371845e+02 3.365563157696914540e-13
2.300430119772916839e+02 2.903270932638122502e-13
2.552908068239516410e+02 2.501238941180267854e-13
2.833096101839323637e+02 2.152253374927070046e-13
3.144035471591500368e+02 1.850053622611158886e-13
3.489101213406774491e+02 1.587861329006050720e-13
3.872038781812557318e+02 1.361391187464733598e-13
4.297004704320843871e+02 1.165159627268411655e-13
4.768611697714468960e+02 9.961928885809952784e-14
5.291978735958442712e+02 8.500542994323991611e-14
5.872786613189482523e+02 7.246758806575665388e-14
6.517339604882420190e+02 6.163035608373438921e-14
7.232633896483533817e+02 5.238387822361360680e-14
8.026433522257173081e+02 4.439129681101369802e-14
8.907354638610439679e+02 3.760117459865550525e-14
9.884959046625587007e+02 3.175577691380228435e-14
1.096985797892383971e+03 2.680987702075190262e-14
1.217382727739662187e+03 2.256234793174886584e-14
1.350993521198027793e+03 1.898186571632679553e-14
1.499268432786045423e+03 1.591780148363114386e-14
1.663816886076128640e+03 1.334803783232443018e-14
1.846424942895544291e+03 1.115394545631444477e-14
2.049074689815845886e+03 9.324415104646633955e-15
2.273965752357927613e+03 7.765103736724189632e-15
2.523539170434765765e+03 6.473840950290081632e-15
2.800503894183631019e+03 5.375332569730537788e-15
3.107866187782013640e+03 4.469918922644791143e-15
3.448962260405759935e+03 3.701512471600827566e-15
3.827494478516314757e+03 3.070468766897272601e-15
4.247571552536898707e+03 2.536882024096383447e-15
4.713753134116724141e+03 2.098842272062537961e-15
5.231099308056262998e+03 1.730678959824980501e-15
5.805225516094896193e+03 1.427768472232056693e-15
6.442363508721369726e+03 1.174242090622622614e-15
7.149428986597576113e+03 9.656036550984830565e-16
7.934096665797491369e+03 7.913980586523355250e-16
8.804883581643463913e+03 6.481720339952985346e-16
9.771241535346502133e+03 5.286630845706273800e-16
1.084365968689610963e+04 4.306584257173382084e-16
1.203377840777589154e+04 3.491520454907941412e-16
1.335451562929898682e+04 2.821799047038134457e-16
1.482020705798858762e+04 2.271663565367739805e-16
1.644676177994664249e+04 1.816472573116511306e-16
1.825183494319044257e+04 1.448496809442654291e-16
2.025501939230666540e+04 1.152100088960540969e-16
2.247805833548725059e+04 9.047580169851269500e-17
2.494508135230316839e+04 7.113787170401416151e-17
2.768286630392066581e+04 5.533351535836683150e-17
3.072112998861759115e+04 4.277616495957267417e-17
3.409285069746814406e+04 3.306773337569647844e-17
3.783462617131928710e+04 2.521510550722556259e-17
4.198707084443910571e+04 1.918591117675252701e-17
4.659525668664683326e+04 1.454580982906643259e-17
5.170920242896761192e+04 1.098188619517921405e-17
5.738441648302398244e+04 8.267880032617729294e-18
6.368249944718585903e+04 6.220198636321418492e-18
7.067181273927491566e+04 4.684210869881338863e-18
7.842822061337680498e+04 3.535040215136484175e-18
8.703591361485165544e+04 2.681934493118467483e-18
9.658832241158708348e+04 2.045066421650219903e-18
1.071891319205127511e+05 1.569743600935083853e-18
1.189534067370319535e+05 1.212479902441664912e-18
1.320088400831418112e+05 9.423316721393543995e-19
1.464971398307286145e+05 7.343501396561418939e-19
1.625755666443794908e+05 5.735963623305151398e-19
1.804186409392071655e+05 4.482052727560750412e-19
2.002200371815584658e+05 3.483958298057037891e-19
2.221946860939523904e+05 2.694238990225522666e-19
2.465811075822604180e+05 2.064474229887994714e-19
2.736439997074671555e+05 1.564254160606988721e-19
3.036771118035460822e+05 1.167735768034964672e-19
3.370064329271928291e+05 8.564315689834915849e-20
3.739937302478798083e+05 6.150204702193677397e-20
4.150404757850476308e+05 4.312377063447317774e-20
4.605922041145108524e+05 2.939302704785296259e-20
5.111433483440171112e+05 1.947580409068047971e-20
5.672426068491977639e+05 1.258381137325094835e-20
6.294988990221888525e+05 8.035262430612321685e-21
6.985879746785250027e+05 5.187714712463459948e-21
7.752597488629464060e+05 3.492109790379984884e-21
8.603464416684507160e+05 2.494732602899333896e-21
9.547716114208066138e+05 1.878829720236153114e-21
1.059560179277617019e+06 1.466948444138641266e-21
1.175849554052158026e+06 1.168632242618339906e-21
1.304901978014401859e+06 9.397888711632717665e-22
1.448118227674532915e+06 7.584160671628903404e-22
1.607052818261638284e+06 6.124929255188159656e-22
1.783430876931909472e+06 4.943916545769660403e-22
1.979166867853557458e+06 3.987028625638926655e-22
2.196385372416546568e+06 3.210422015801218455e-22
2.437444150122222025e+06 2.582282337198355768e-22
2.704959730463137385e+06 2.074375177894847807e-22
3.001835813575591892e+06 1.664207807860486484e-22
3.331294787934676744e+06 1.333231514504269485e-22
3.696912707195031922e+06 1.066644166412803537e-22
4.102658105827190448e+06 8.521296417206484249e-23
4.552935074866947718e+06 6.795340271112522393e-23
5.052631065335679799e+06 5.410642743145298883e-23
5.607169938205458224e+06 4.300472576488206248e-23
6.222570836730230600e+06 3.412028801479548424e-23
6.905513520162330940e+06 2.702107734288975336e-23
7.663410868007462472e+06 2.135838358001141042e-23
8.504489341802684590e+06 1.684568259424058123e-23
9.437878277775391936e+06 1.325932844633369404e-23
1.047370897959450819e+07 1.041259240543632417e-23
1.162322468679854274e+07 8.157173029544083410e-24
1.289890261253307760e+07 6.374192440604026945e-24
1.431458937523478456e+07 4.968158777622848488e-24
1.588565129428052530e+07 3.861326875412071927e-24
1.762914118095947802e+07 2.991920191470909900e-24
1.956398343517064676e+07 2.310917323296898674e-24
2.171117945694505423e+07 1.779039773059987099e-24
2.409403560239527002e+07 1.364644192038301361e-24
2.673841615839949250e+07 1.042628882551012492e-24
2.967302408188872784e+07 7.932989414810529493e-25
3.292971255097155273e+07 6.008803511838662914e-25
3.654383070957254618e+07 4.529659768597239491e-25
4.055460735840827972e+07 3.395143619441096554e-25
4.500557675700496882e+07 2.530271912909535760e-25
4.994505115855139494e+07 1.873294213727116461e-25
5.542664520663107187e+07 1.377257970926521022e-25
6.150985788580504060e+07 1.004435480571519148e-25
6.826071834272393584e+07 7.259749455352943123e-26
7.575250258771920204e+07 5.189384913367974829e-26
8.406652885618332028e+07 3.666206983290017326e-26
9.329304026284696162e+07 2.554856937585429480e-26
1.035321843295663744e+08 1.750211998995603044e-26
1.148951000187308788e+08 1.178256565120520857e-26
1.275051240713012964e+08 7.720363563117177069e-27
1.414991297434575856e+08 4.911182512549895325e-27
1.570290124729377627e+08 3.002947373580080605e-27
1.742633386009651124e+08 1.740407857633549709e-27
1.933891750455232263e+08 9.379164262079680051e-28
2.146141197858406007e+08 4.554668818401761972e-28
2.381685551976160705e+08 1.901175732126201264e-28
2.643081486974108517e+08 6.264927524461224709e-29
2.933166278390048146e+08 1.000486113920721577e-29
3.255088599835056663e+08 1.100730735924349305e-36
