1.000000000000000000e+02 3.855777800927552293e-13
1.109752496412072134e+02 3.328286248105441564e-13
1.231550603292826196e+02 2.871526485161476979e-13
1.366716356462005990e+02 2.475834258099255859e-13
1.516716888470922413e+02 2.133585599138366673e-13
1.683180353330956791e+02 1.837448139975073376e-13
1.867913599020782840e+02 1.581636208236951440e-13
2.072921779595371845e+02 1.360516356377625638e-13
2.300430119772916839e+02 1.169727460048835950e-13
2.552908068239516410e+02 1.005082689895232661e-13
2.833096101839323637e+02 8.631117820747878907e-14
3.144035471591500368e+02 7.408633287597459473e-14
3.489101213406774491e+02 6.354960242779386707e-14
3.872038781812557318e+02 5.448066381915563066e-14
4.297004704320843871e+02 4.668845053862093141e-14
4.768611697714468960e+02 3.998146085755802357e-14
5.291978735958442712e+02 3.421879941898639885e-14
5.872786613189482523e+02 2.927405970436961642e-14
6.517339604882420190e+02 2.502313813354771745e-14
7.232633896483533817e+02 2.138303993171669354e-14
8.026433522257173081e+02 1.825860715532102380e-14
8.907354638610439679e+02 1.558318820892031470e-14
9.884959046625587007e+02 1.328871845929098581e-14
1.096985797892383971e+03 1.132509849113452678e-14
1.217382727739662187e+03 9.645925284661778447e-15
1.350993521198027793e+03 8.210637313519462824e-15
1.499268432786045423e+03 6.983123998590754258e-15
1.663816886076128640e+03 5.935238582187549985e-15
1.846424942895544291e+03 5.040667433552377515e-15
2.049074689815845886e+03 4.278179861583147257e-15
2.273965752357927613e+03 3.628665824274944350e-15
2.523539170434765765e+03 3.075579515628790242e-15
2.800503894183631019e+03 2.605085765144912829e-15
3.107866187782013640e+03 2.205176540124135845e-15
3.448962260405759935e+03 1.865749243083725647e-15
3.827494478516314757e+03 1.577316963846521189e-15
4.247571552536898707e+03 1.333150983288401985e-15
4.713753134116724141e+03 1.125979470514368770e-15
5.231099308056262998e+03 9.507823090540386465e-16
5.805225516094896193e+03 8.023886964907563512e-16
6.442363508721369726e+03 6.769141958211454546e-16
7.149428986597576113e+03 5.708805112858216078e-16
7.934096665797491369e+03 4.812627444511603330e-16
8.804883581643463913e+03 4.055804508319397545e-16
9.771241535346502133e+03 3.417072309354405707e-16
1.084365968689610963e+04 2.877882488042390271e-16
1.203377840777589154e+04 2.422746509618354134e-16
1.335451562929898682e+04 2.039006300819423152e-16
1.482020705798858762e+04 1.715268784257151266e-16
1.644676177994664249e+04 1.442406079398822435e-16
1.825183494319044257e+04 1.212380672105333350e-16
2.025501939230666540e+04 1.018472521020018821e-16
2.247805833548725059e+04 8.552199598198850627e-17
2.494508135230316839e+04 7.177524640479358801e-17
2.768286630392066581e+04 6.020841297257746531e-17
3.072112998861759115e+04 5.046816297619965859e-17
3.409285069746814406e+04 4.228161371087767509e-17
3.783462617131928710e+04 3.539855917989225888e-17
4.198707084443910571e+04 2.961528926243506955e-17
4.659525668664683326e+04 2.475909317274654039e-17
5.170920242896761192e+04 2.068368509048939315e-17
5.738441648302398244e+04 1.726576273460774786e-17
6.368249944718585903e+04 1.440010141344849507e-17
7.067181273927491566e+04 1.200113465932106411e-17
7.842822061337680498e+04 9.991401414035126895e-18
8.703591361485165544e+04 8.312319070086897197e-18
9.658832241158708348e+04 6.909377762871595405e-18
1.071891319205127511e+05 5.737804544788093779e-18
1.189534067370319535e+05 4.760669022471595109e-18
1.320088400831418112e+05 3.947221933515891563e-18
1.464971398307286145e+05 3.269910336512793354e-18
1.625755666443794908e+05 2.706841619115423912e-18
1.804186409392071655e+05 2.239648231183162495e-18
2.002200371815584658e+05 1.851557712852871283e-18
2.221946860939523904e+05 1.529821579940851131e-18
2.465811075822604180e+05 1.263074406152238900e-18
2.736439997074671555e+05 1.042195934007468265e-18
3.036771118035460822e+05 8.593269437487356214e-19
3.370064329271928291e+05 7.080223355831506260e-19
3.739937302478798083e+05 5.828328230140693553e-19
4.150404757850476308e+05 4.794361386049845548e-19
4.605922041145108524e+05 3.940657241072793191e-19
5.111433483440171112e+05 3.235987140208858638e-19
5.672426068491977639e+05 2.654887724717544009e-19
6.294988990221888525e+05 2.176157958754357319e-19
6.985879746785250027e+05 1.782062797211012926e-19
7.752597488629464060e+05 1.457864351475675992e-19
8.603464416684507160e+05 1.191455561385875339e-19
9.547716114208066138e+05 9.727272977272330952e-20
1.059560179277617019e+06 7.931871908717403019e-20
1.175849554052158026e+06 6.460924882430417294e-20
1.304901978014401859e+06 5.256297617024875080e-20
1.448118227674532915e+06 4.270848718066198004e-20
1.607052818261638284e+06 3.465861923413498046e-20
1.783430876931909472e+06 2.808668887611462026e-20
1.979166867853557458e+06 2.273321705368522658e-20
2.196385372416546568e+06 1.837144215883240064e-20
2.437444150122222025e+06 1.482552661198809978e-20
2.704959730463137385e+06 1.194558816789179665e-20
3.001835813575591892e+06 9.610008808251113871e-21
3.331294787934676744e+06 7.718489357712142670e-21
3.696912707195031922e+06 6.189040162860692035e-21
4.102658105827190448e+06 4.953816105577658336e-21
4.552935074866947718e+06 3.957819129050076878e-21
5.052631065335679799e+06 3.156494643686006065e-21
5.607169938205458224e+06 2.512611914386430016e-21
6.222570836730230600e+06 1.995847156829956690e-21
6.905513520162330940e+06 1.582158091485444527e-21
7.663410868007462472e+06 1.251457018427580230e-21
8.504489341802684590e+06 9.877212406742055340e-22
9.437878277775391936e+06 7.778578993950098176e-22
1.047370897959450819e+07 6.112176402213819965e-22
1.162322468679854274e+07 4.789796984734696374e-22
1.289890261253307760e+07 3.745088627285530494e-22
1.431458937523478456e+07 2.920684274465762214e-22
1.588565129428052530e+07 2.271732629511668444e-22
1.762914118095947802e+07 1.762012264265226405e-22
1.956398343517064676e+07 1.362963863288125586e-22
2.171117945694505423e+07 1.051218164269337892e-22
2.409403560239527002e+07 8.083531360242311968e-23
2.673841615839949250e+07 6.197294034848023697e-23
2.967302408188872784e+07 4.736135275368254189e-23
3.292971255097155273e+07 3.607592304889973893e-23
3.654383070957254618e+07 2.739146316531452588e-23
4.055460735840827972e+07 2.072617777905242872e-23
4.500557675700496882e+07 1.562811002792964700e-23
4.994505115855139494e+07 1.174172314814755204e-23
5.542664520663107187e+07 8.788659906773942407e-24
6.150985788580504060e+07 6.552615658643646711e-24
6.826071834272393584e+07 4.866345731096642515e-24
7.575250258771920204e+07 3.598295854187014924e-24
8.406652885618332028e+07 2.648932883062850062e-24
9.329304026284696162e+07 1.941128203312988823e-24
1.035321843295663744e+08 1.415266055580634660e-24
1.148951000187308788e+08 1.026228112133625069e-24
1.275051240713012964e+08 7.397551024008833120e-25
1.414991297434575856e+08 5.297279827535981192e-25
1.570290124729377627e+08 3.765703598170654421e-25
1.742633386009651124e+08 2.654528045443704452e-25
1.933891750455232263e+08 1.853441694767512175e-25
2.146141197858406007e+08 1.279985517232975794e-25
2.381685551976160705e+08 8.723431597629821362e-26
2.643081486974108517e+08 5.852987654800078762e-26
2.933166278390048146e+08 3.854759610958529375e-26
3.255088599835056663e+08 2.480039839162556323e-26
3.612342699709430337e+08 1.547936511353577677e-26
4.008806328898465633e+08 9.275863571954237802e-27
4.448782831127585173e+08 5.247160136853228729e-27
4.937047852839003801e+08 2.721941289228952472e-27
5.478901179593944550e+08 1.224664096631058996e-27
6.080224261649426222e+08 4.226983849410194250e-28
6.747544053110699654e+08 8.130289555522214537e-29
