1.000000000000000000e+02 2.834857303114564859e-11
1.109752496412072134e+02 2.349543411536122595e-11
1.231550603292826196e+02 1.950304001314762312e-11
1.366716356462005990e+02 1.621047725336646095e-11
1.516716888470922413e+02 1.349879963709303763e-11
1.683180353330956791e+02 1.126060030086639179e-11
1.867913599020782840e+02 9.417567582599284499e-12
2.072921779595371845e+02 7.891740983957709109e-12
2.300430119772916839e+02 6.629673440290717482e-12
2.552908068239516410e+02 5.581765691602701423e-12
2.833096101839323637e+02 4.709971077828873874e-12
3.144035471591500368e+02 3.981172046908433525e-12
3.489101213406774491e+02 3.370728299644176572e-12
3.872038781812557318e+02 2.856860231188892778e-12
4.297004704320843871e+02 2.425397320769560670e-12
4.768611697714468960e+02 2.058991087031293652e-12
5.291978735958442712e+02 1.749755271117692930e-12
5.872786613189482523e+02 1.486093862227558483e-12
6.517339604882420190e+02 1.261796369304001044e-12
7.232633896483533817e+02 1.070646318816133638e-12
8.026433522257173081e+02 9.078030215743279826e-13
8.907354638610439679e+02 7.681720827200123704e-13
9.884959046625587007e+02 6.491589659812288258e-13
1.096985797892383971e+03 5.478798984460575388e-13
1.217382727739662187e+03 4.610481030170199670e-13
1.350993521198027793e+03 3.871683713764091859e-13
1.499268432786045423e+03 3.244630107121184601e-13
1.663816886076128640e+03 2.709813512782735877e-13
1.846424942895544291e+03 2.257390070314548642e-13
2.049074689815845886e+03 1.874914334907163712e-13
2.273965752357927613e+03 1.551624729484322965e-13
2.523539170434765765e+03 1.279767891157983107e-13
2.800503894183631019e+03 1.052078213626166342e-13
3.107866187782013640e+03 8.616016370248715964e-14
3.448962260405759935e+03 7.031517394124483981e-14
3.827494478516314757e+03 5.716900625334177093e-14
4.247571552536898707e+03 4.630782475035542512e-14
4.713753134116724141e+03 3.736371515464521032e-14
5.231099308056262998e+03 3.000239170150214901e-14
5.805225516094896193e+03 2.400655795346658586e-14
6.442363508721369726e+03 1.912252952083181638e-14
7.149428986597576113e+03 1.516643638574842098e-14
7.934096665797491369e+03 1.196767217782502003e-14
8.804883581643463913e+03 9.384456501833771158e-15
9.771241535346502133e+03 7.309308531137598080e-15
1.084365968689610963e+04 5.654438675440564494e-15
1.203377840777589154e+04 4.332355085751608678e-15
1.335451562929898682e+04 3.287400393635642247e-15
1.482020705798858762e+04 2.465103418205537805e-15
1.644676177994664249e+04 1.823849948176210636e-15
1.825183494319044257e+04 1.329183409857469216e-15
2.025501939230666540e+04 9.532665251134096426e-16
2.247805833548725059e+04 6.728538442396250353e-16
2.494508135230316839e+04 4.681378850324140348e-16
2.768286630392066581e+04 3.218313683355827658e-16
3.072112998861759115e+04 2.199962224475791970e-16
3.409285069746814406e+04 1.507046298968117605e-16
3.783462617131928710e+04 1.044504071819487260e-16
4.198707084443910571e+04 7.384027710024222881e-17
4.659525668664683326e+04 5.350164109507065865e-17
5.170920242896761192e+04 3.971955406541274707e-17
5.738441648302398244e+04 3.006884798451174791e-17
6.368249944718585903e+04 2.300170468877555322e-17
7.067181273927491566e+04 1.765704080901926866e-17
7.842822061337680498e+04 1.349476999575317890e-17
8.703591361485165544e+04 1.021884638688469969e-17
9.658832241158708348e+04 7.602187134161153211e-18
1.071891319205127511e+05 5.563322621965917141e-18
1.189534067370319535e+05 3.992102300444858231e-18
1.320088400831418112e+05 2.783075710490059622e-18
1.464971398307286145e+05 1.893863310983943664e-18
1.625755666443794908e+05 1.255097546414788050e-18
1.804186409392071655e+05 8.140917889449054531e-19
2.002200371815584658e+05 5.223325527352978090e-19
2.221946860939523904e+05 3.380644375629797241e-19
2.465811075822604180e+05 2.258378370809494431e-19
2.736439997074671555e+05 1.587730512033727667e-19
3.036771118035460822e+05 1.173435498650045699e-19
3.370064329271928291e+05 8.974769855380098796e-20
3.739937302478798083e+05 6.992774651727389913e-20
4.150404757850476308e+05 5.489788742075391572e-20
4.605922041145108524e+05 4.318622684887409180e-20
5.111433483440171112e+05 3.394704067344464028e-20
5.672426068491977639e+05 2.663836257799636125e-20
6.294988990221888525e+05 2.086575413521029429e-20
6.985879746785250027e+05 1.631519565988998295e-20
7.752597488629464060e+05 1.273516609197599693e-20
8.603464416684507160e+05 9.917611895328500813e-21
9.547716114208066138e+05 7.706526784003825320e-21
1.059560179277617019e+06 5.972755036292946694e-21
1.175849554052158026e+06 4.616191733324619631e-21
1.304901978014401859e+06 3.556796703844857564e-21
1.448118227674532915e+06 2.731212977914715512e-21
1.607052818261638284e+06 2.090361102526004495e-21
1.783430876931909472e+06 1.593757899051052470e-21
1.979166867853557458e+06 1.209789016988356010e-21
2.196385372416546568e+06 9.150470187444028897e-22
2.437444150122222025e+06 6.884548927761318342e-22
2.704959730463137385e+06 5.152930198986903894e-22
3.001835813575591892e+06 3.837516077809170987e-22
3.331294787934676744e+06 2.840183121342241168e-22
3.696912707195031922e+06 2.088383642109780492e-22
4.102658105827190448e+06 1.523835905988505623e-22
4.552935074866947718e+06 1.103175908249375914e-22
5.052631065335679799e+06 7.914222376755615379e-23
5.607169938205458224e+06 5.614203090067863325e-23
6.222570836730230600e+06 3.929441761394896796e-23
6.905513520162330940e+06 2.703831851530669236e-23
7.663410868007462472e+06 1.821866497297014114e-23
8.504489341802684590e+06 1.194756301571741209e-23
9.437878277775391936e+06 7.563459099705187480e-24
1.047370897959450819e+07 4.570959038811563795e-24
1.162322468679854274e+07 2.595764780290958779e-24
1.289890261253307760e+07 1.354370153227300374e-24
1.431458937523478456e+07 6.272611034401493147e-25
1.588565129428052530e+07 2.445011410074133235e-25
1.762914118095947802e+07 7.476618338541469241e-26
1.956398343517064676e+07 1.835234763004064003e-26
2.171117945694505423e+07 3.804177221193926828e-27
2.409403560239527002e+07 3.393903814778098143e-29
2.673841615839949250e+07 1.036666725886236774e-88
