1.000000000000000000e+02 7.011150732374947343e-13
1.109752496412072134e+02 6.013321535737028251e-13
1.231550603292826196e+02 5.150645996996757393e-13
1.366716356462005990e+02 4.403869636585164483e-13
1.516716888470922413e+02 3.759311147834655848e-13
1.683180353330956791e+02 3.201915023384526470e-13
1.867913599020782840e+02 2.720634326755465438e-13
2.072921779595371845e+02 2.306342185904669396e-13
2.300430119772916839e+02 1.949310841153077507e-13
2.552908068239516410e+02 1.642562546413879198e-13
2.833096101839323637e+02 1.379286530841405432e-13
3.144035471591500368e+02 1.153794182411771449e-13
3.489101213406774491e+02 9.610322783424636554e-14
3.872038781812557318e+02 7.968399961738392618e-14
4.297004704320843871e+02 6.573060373122902450e-14
4.768611697714468960e+02 5.391472102251945725e-14
5.291978735958442712e+02 4.394466755337845841e-14
5.872786613189482523e+02 3.557434299922687923e-14
6.517339604882420190e+02 2.858476383644946680e-14
7.232633896483533817e+02 2.277937884330599299e-14
8.026433522257173081e+02 1.799209267408807084e-14
8.907354638610439679e+02 1.407549326252774905e-14
9.884959046625587007e+02 1.090126437845026457e-14
1.096985797892383971e+03 8.353813526662914954e-15
1.217382727739662187e+03 6.330777864959414177e-15
1.350993521198027793e+03 4.742300216128182845e-15
1.499268432786045423e+03 3.509888526858185719e-15
1.663816886076128640e+03 2.564012252967153187e-15
1.846424942895544291e+03 1.847994117484270041e-15
2.049074689815845886e+03 1.313696996288875831e-15
2.273965752357927613e+03 9.204612663815989012e-16
2.523539170434765765e+03 6.354811994103713446e-16
2.800503894183631019e+03 4.322104304281449357e-16
3.107866187782013640e+03 2.896013589688355018e-16
3.448962260405759935e+03 1.912741505240352133e-16
3.827494478516314757e+03 1.246501705613062197e-16
4.247571552536898707e+03 8.031102319810561916e-17
4.713753134116724141e+03 5.129860601581186871e-17
5.231099308056262998e+03 3.262877664530639453e-17
5.805225516094896193e+03 2.078280324289719080e-17
6.442363508721369726e+03 1.332856594924508661e-17
7.149428986597576113e+03 8.670143647692878432e-18
7.934096665797491369e+03 5.756110222852911701e-18
8.804883581643463913e+03 3.913647432441464853e-18
9.771241535346502133e+03 2.727134942329875717e-18
1.084365968689610963e+04 1.943959239315490403e-18
1.203377840777589154e+04 1.414749540035559126e-18
1.335451562929898682e+04 1.047108609976998042e-18
1.482020705798858762e+04 7.846817070412524444e-19
1.644676177994664249e+04 5.934581587947806586e-19
1.825183494319044257e+04 4.476127619979856760e-19
2.025501939230666540e+04 3.352401176206585496e-19
2.247805833548725059e+04 2.467957238496838904e-19
2.494508135230316839e+04 1.770576515696708170e-19
2.768286630392066581e+04 1.216831366976898967e-19
3.072112998861759115e+04 7.913697193019071089e-20
3.409285069746814406e+04 4.812341831399556485e-20
3.783462617131928710e+04 2.681839561422123945e-20
4.198707084443910571e+04 1.374287355728082179e-20
4.659525668664683326e+04 6.861820048257143822e-21
5.170920242896761192e+04 3.651292860690107777e-21
5.738441648302398244e+04 2.151168191634576536e-21
6.368249944718585903e+04 1.378451362317324949e-21
7.067181273927491566e+04 9.231415955892149328e-22
7.842822061337680498e+04 6.243892598084397546e-22
8.703591361485165544e+04 4.172975562096237387e-22
9.658832241158708348e+04 2.731777013043528312e-22
1.071891319205127511e+05 1.746623549828008401e-22
1.189534067370319535e+05 1.084465103418248520e-22
1.320088400831418112e+05 6.514463141325976099e-23
1.464971398307286145e+05 3.750845801476103028e-23
1.625755666443794908e+05 2.049628526792081415e-23
1.804186409392071655e+05 1.047321004283693777e-23
2.002200371815584658e+05 4.898730557593417454e-24
2.221946860939523904e+05 2.052096307212657855e-24
2.465811075822604180e+05 7.622480757827965241e-25
2.736439997074671555e+05 2.508506113368997784e-25
3.036771118035460822e+05 7.196654359450473134e-26
3.370064329271928291e+05 1.775849546978317560e-26
3.739937302478798083e+05 3.720430145405821235e-27
4.150404757850476308e+05 6.534914347320499941e-28
4.605922041145108524e+05 9.466053018580857748e-29
5.111433483440171112e+05 1.108093447373913905e-29
5.672426068491977639e+05 1.028698451280236271e-30
6.294988990221888525e+05 7.690337487161638864e-32
6.985879746785250027e+05 4.972468356753610472e-33
7.752597488629464060e+05 2.840726171480060867e-34
8.603464416684507160e+05 1.370859478033839224e-35
9.547716114208066138e+05 5.481326795031138739e-37
1.059560179277617019e+06 1.796529151714679851e-38
1.175849554052158026e+06 4.764895649640114089e-40
1.304901978014401859e+06 9.985833053964131497e-42
1.448118227674532915e+06 1.573001747133418172e-43
1.607052818261638284e+06 1.695287956104634613e-45
1.783430876931909472e+06 1.172724773125741588e-47
1.979166867853557458e+06 5.100130456687432905e-50
2.196385372416546568e+06 1.384517507628865391e-52
2.437444150122222025e+06 2.321732191892838669e-55
2.704959730463137385e+06 2.358564105054668252e-58
3.001835813575591892e+06 1.414507944689979090e-61
3.331294787934676744e+06 4.827874394447645394e-65
3.696912707195031922e+06 8.832073464321780195e-69
4.102658105827190448e+06 7.806026921326844689e-73
4.552935074866947718e+06 2.753893751331389447e-77
5.052631065335679799e+06 2.808171671606681309e-82
5.607169938205458224e+06 3.782373595757041053e-85
6.222570836730230600e+06 2.835461412223531239e-85
6.905513520162330940e+06 2.116727550043814256e-85
7.663410868007462472e+06 1.569226773137853399e-85
8.504489341802684590e+06 1.154967834776379859e-85
9.437878277775391936e+06 8.428785195657021215e-86
1.047370897959450819e+07 6.092296354471151810e-86
1.162322468679854274e+07 4.358603457093210291e-86
1.289890261253307760e+07 3.082330705725542997e-86
1.431458937523478456e+07 2.150472900177132803e-86
1.588565129428052530e+07 1.478277120036257999e-86
1.762914118095947802e+07 9.986338998572280554e-87
1.956398343517064676e+07 6.615948737732596699e-87
2.171117945694505423e+07 4.279808300374481720e-87
2.409403560239527002e+07 2.685534996719379538e-87
2.673841615839949250e+07 1.615937144130348659e-87
2.967302408188872784e+07 9.146035184069108950e-88
3.292971255097155273e+07 4.710152820295480683e-88
3.654383070957254618e+07 2.073659967900061165e-88
4.055460735840827972e+07 6.778967128594446423e-89
4.500557675700496882e+07 1.104039742094339701e-89
4.994505115855139494e+07 5.601341771328388653e-91
5.542664520663107187e+07 2.465801291420650277e-96
6.150985788580504060e+07 1.387136371177783258e-104
6.826071834272393584e+07 1.185750532771882389e-113
7.575250258771920204e+07 2.163747499100779932e-123
