1.000000000000000000e+02 1.578473904948011689e-11
1.109752496412072134e+02 1.315232562975560539e-11
1.231550603292826196e+02 1.095342112124312159e-11
1.366716356462005990e+02 9.122389520888420001e-12
1.516716888470922413e+02 7.598183055670448697e-12
1.683180353330956791e+02 6.335907555494542785e-12
1.867913599020782840e+02 5.287119030698420215e-12
2.072921779595371845e+02 4.419612849727581733e-12
2.300430119772916839e+02 3.699931650801750575e-12
2.552908068239516410e+02 3.103991632382736927e-12
2.833096101839323637e+02 2.609370080052092288e-12
3.144035471591500368e+02 2.197909815012272087e-12
3.489101213406774491e+02 1.855769304127475229e-12
3.872038781812557318e+02 1.569095544202992761e-12
4.297004704320843871e+02 1.329211658362328776e-12
4.768611697714468960e+02 1.127550790627303553e-12
5.291978735958442712e+02 9.571674597554565300e-13
5.872786613189482523e+02 8.133784930038897038e-13
6.517339604882420190e+02 6.912000827317130910e-13
7.232633896483533817e+02 5.876106065131189675e-13
8.026433522257173081e+02 4.990029623283425422e-13
8.907354638610439679e+02 4.239237261908532191e-13
9.884959046625587007e+02 3.594729818433096695e-13
1.096985797892383971e+03 3.047268043840068358e-13
1.217382727739662187e+03 2.577140656680059135e-13
1.350993521198027793e+03 2.178120339239191571e-13
1.499268432786045423e+03 1.836398138231270440e-13
1.663816886076128640e+03 1.545864558082533671e-13
1.846424942895544291e+03 1.298218877597580629e-13
2.049074689815845886e+03 1.088073158632743466e-13
2.273965752357927613e+03 9.094890395471914586e-14
2.523539170434765765e+03 7.584851734969431031e-14
2.800503894183631019e+03 6.311154027556486222e-14
3.107866187782013640e+03 5.234487431874159067e-14
3.448962260405759935e+03 4.331206815061714372e-14
3.827494478516314757e+03 3.570674951971456325e-14
4.247571552536898707e+03 2.937000607546223628e-14
4.713753134116724141e+03 2.407725671919615871e-14
5.231099308056262998e+03 1.967855709024953303e-14
5.805225516094896193e+03 1.602834571533100071e-14
6.442363508721369726e+03 1.299842570185181239e-14
7.149428986597576113e+03 1.051896062654065869e-14
7.934096665797491369e+03 8.470442617948027596e-15
8.804883581643463913e+03 6.806135505649733268e-15
9.771241535346502133e+03 5.433591152990117895e-15
1.084365968689610963e+04 4.329171710310683978e-15
1.203377840777589154e+04 3.429633257962230566e-15
1.335451562929898682e+04 2.706541750077035893e-15
1.482020705798858762e+04 2.124208270707792997e-15
1.644676177994664249e+04 1.656407806079634670e-15
1.825183494319044257e+04 1.286137633292310655e-15
2.025501939230666540e+04 9.929767484814153529e-16
2.247805833548725059e+04 7.637471863602360633e-16
2.494508135230316839e+04 5.821673237120279240e-16
2.768286630392066581e+04 4.412954431912071474e-16
3.072112998861759115e+04 3.342752547791169713e-16
3.409285069746814406e+04 2.523472750563287569e-16
3.783462617131928710e+04 1.909258264914133677e-16
4.198707084443910571e+04 1.454708875898514180e-16
4.659525668664683326e+04 1.117958814627906334e-16
5.170920242896761192e+04 8.669995771619035485e-17
5.738441648302398244e+04 6.790355142965054111e-17
6.368249944718585903e+04 5.357160307695426812e-17
7.067181273927491566e+04 4.246748705901455656e-17
7.842822061337680498e+04 3.370633136802049208e-17
8.703591361485165544e+04 2.671903574727488616e-17
9.658832241158708348e+04 2.110653341973499828e-17
1.071891319205127511e+05 1.657785872974712709e-17
1.189534067370319535e+05 1.292063632028816614e-17
1.320088400831418112e+05 9.976255555977650710e-18
1.464971398307286145e+05 7.621622972357556499e-18
1.625755666443794908e+05 5.752135466280856284e-18
1.804186409392071655e+05 4.281837094357505093e-18
2.002200371815584658e+05 3.139325827987786020e-18
2.221946860939523904e+05 2.262714549598348821e-18
2.465811075822604180e+05 1.598566242803384723e-18
2.736439997074671555e+05 1.102916806238978068e-18
3.036771118035460822e+05 7.392190296578585452e-19
3.370064329271928291e+05 4.771207793901037052e-19
3.739937302478798083e+05 2.941172940681333720e-19
4.150404757850476308e+05 1.711033869754662545e-19
4.605922041145108524e+05 9.312154059203792249e-20
5.111433483440171112e+05 4.704289511401376475e-20
5.672426068491977639e+05 2.232098091853376273e-20
6.294988990221888525e+05 1.031017091657176028e-20
6.985879746785250027e+05 4.887937283418514249e-21
7.752597488629464060e+05 2.470789024206724954e-21
8.603464416684507160e+05 1.342915579456532395e-21
9.547716114208066138e+05 7.709630738869839977e-22
1.059560179277617019e+06 4.548944332435797734e-22
1.175849554052158026e+06 2.687446051193372162e-22
1.304901978014401859e+06 1.563533342887413936e-22
1.448118227674532915e+06 8.935332068009058732e-23
1.607052818261638284e+06 5.013763987199800114e-23
1.783430876931909472e+06 2.742064663061481072e-23
1.979166867853557458e+06 1.447440888759631206e-23
2.196385372416546568e+06 7.294247434772201729e-24
2.437444150122222025e+06 3.451979502772832639e-24
2.704959730463137385e+06 1.502769018693138316e-24
3.001835813575591892e+06 5.934779683893030448e-25
3.331294787934676744e+06 2.110780111613665542e-25
3.696912707195031922e+06 6.688375563885023047e-26
4.102658105827190448e+06 1.867763353029012297e-26
4.552935074866947718e+06 4.550314181442044294e-27
5.052631065335679799e+06 9.587814562220863940e-28
5.607169938205458224e+06 1.732069886171204871e-28
6.222570836730230600e+06 2.660063843815031403e-29
6.905513520162330940e+06 3.443261058719930186e-30
7.663410868007462472e+06 3.723381380362606762e-31
8.504489341802684590e+06 3.332836926916938742e-32
9.437878277775391936e+06 2.444487486440262507e-33
1.047370897959450819e+07 1.452115875953029933e-34
1.162322468679854274e+07 6.896698922228210227e-36
1.289890261253307760e+07 2.582509265022097435e-37
1.431458937523478456e+07 7.508032297456182147e-39
1.588565129428052530e+07 1.664251180937129967e-40
1.762914118095947802e+07 2.753636629652273699e-42
1.956398343517064676e+07 3.320511680494892661e-44
2.171117945694505423e+07 2.841581318772773542e-46
2.409403560239527002e+07 1.674594449638333724e-48
2.673841615839949250e+07 6.560020355263953679e-51
2.967302408188872784e+07 1.638133366322340337e-53
3.292971255097155273e+07 2.485511740557022772e-56
3.654383070957254618e+07 2.171500178800496362e-59
4.055460735840827972e+07 1.027842953372921883e-62
4.500557675700496882e+07 2.454364346406751090e-66
4.994505115855139494e+07 2.718421488459075309e-70
5.542664520663107187e+07 1.268407471004561850e-74
6.150985788580504060e+07 2.235541850431021296e-79
6.826071834272393584e+07 1.313908195522313936e-84
7.575250258771920204e+07 2.221994132685312265e-90
8.406652885618332028e+07 9.059032267557333786e-97
9.329304026284696162e+07 7.186983563383476010e-104
1.035321843295663744e+08 8.436524558191109305e-112
1.148951000187308788e+08 9.650575907656661279e-121
