1.000000000000000000e+02 1.274926433737311564e-12
1.109752496412072134e+02 1.073772088019310664e-12
1.231550603292826196e+02 9.087491553267264435e-13
1.366716356462005990e+02 7.723900757725017188e-13
1.516716888470922413e+02 6.585696812179797776e-13
1.683180353330956791e+02 5.629920090107545271e-13
1.867913599020782840e+02 4.821941613418912713e-13
2.072921779595371845e+02 4.132199426610685214e-13
2.300430119772916839e+02 3.541939728001369412e-13
2.552908068239516410e+02 3.037039843262601962e-13
2.833096101839323637e+02 2.600552696342479966e-13
3.144035471591500368e+02 2.225509059297715853e-13
3.489101213406774491e+02 1.901179083545288580e-13
3.872038781812557318e+02 1.620971563379911712e-13
4.297004704320843871e+02 1.380228166694272627e-13
4.768611697714468960e+02 1.171944287409968533e-13
5.291978735958442712e+02 9.929338034172947911e-14
5.872786613189482523e+02 8.395229025572192451e-14
6.517339604882420190e+02 7.079920121570867294e-14
7.232633896483533817e+02 5.952209334361182195e-14
8.026433522257173081e+02 4.992880545296387081e-14
8.907354638610439679e+02 4.180280326635357348e-14
9.884959046625587007e+02 3.485029674800658922e-14
1.096985797892383971e+03 2.900303559010296887e-14
1.217382727739662187e+03 2.410271709535382644e-14
1.350993521198027793e+03 1.994901580317923572e-14
1.499268432786045423e+03 1.647972843798243573e-14
1.663816886076128640e+03 1.360128307492337660e-14
1.846424942895544291e+03 1.119428534366976275e-14
2.049074689815845886e+03 9.192164973406389497e-15
2.273965752357927613e+03 7.544380999612890523e-15
2.523539170434765765e+03 6.177956866333868814e-15
2.800503894183631019e+03 5.051787824736920795e-15
3.107866187782013640e+03 4.129769271796466022e-15
3.448962260405759935e+03 3.369298393624433297e-15
3.827494478516314757e+03 2.746774863766063943e-15
4.247571552536898707e+03 2.238732790038190220e-15
4.713753134116724141e+03 1.821404193427854261e-15
5.231099308056262998e+03 1.479807091326573358e-15
5.805225516094896193e+03 1.201159227208313473e-15
6.442363508721369726e+03 9.731343563901658929e-16
7.149428986597576113e+03 7.863387091165300297e-16
7.934096665797491369e+03 6.344082000787554522e-16
8.804883581643463913e+03 5.103577094530520598e-16
9.771241535346502133e+03 4.092930316684544099e-16
1.084365968689610963e+04 3.276652082770997116e-16
1.203377840777589154e+04 2.617668757508189087e-16
1.335451562929898682e+04 2.089524755110946446e-16
1.482020705798858762e+04 1.668662718450023251e-16
1.644676177994664249e+04 1.335373670731795864e-16
1.825183494319044257e+04 1.072702085073915997e-16
2.025501939230666540e+04 8.649288683533230111e-17
2.247805833548725059e+04 7.008446089976713846e-17
2.494508135230316839e+04 5.698107761877354228e-17
2.768286630392066581e+04 4.643337444030230609e-17
3.072112998861759115e+04 3.788104077849440649e-17
3.409285069746814406e+04 3.089375661148517125e-17
3.783462617131928710e+04 2.518507207885427255e-17
4.198707084443910571e+04 2.050296320420341899e-17
4.659525668664683326e+04 1.667082678106228672e-17
5.170920242896761192e+04 1.353073953618857951e-17
5.738441648302398244e+04 1.096127952999824512e-17
6.368249944718585903e+04 8.861866522052853886e-18
7.067181273927491566e+04 7.149544873115827899e-18
7.842822061337680498e+04 5.755803984915459740e-18
8.703591361485165544e+04 4.622819932468194055e-18
9.658832241158708348e+04 3.704062996311353193e-18
1.071891319205127511e+05 2.960102085810837825e-18
1.189534067370319535e+05 2.358619793023987568e-18
1.320088400831418112e+05 1.874842438473719190e-18
1.464971398307286145e+05 1.484869563325713018e-18
1.625755666443794908e+05 1.172804439588786467e-18
1.804186409392071655e+05 9.233965499048457936e-19
2.002200371815584658e+05 7.248106710836366875e-19
2.221946860939523904e+05 5.670697027092920032e-19
2.465811075822604180e+05 4.422934464503448360e-19
2.736439997074671555e+05 3.439470692000466135e-19
3.036771118035460822e+05 2.665883003293914732e-19
3.370064329271928291e+05 2.060075138333840648e-19
3.739937302478798083e+05 1.586659019163498667e-19
4.150404757850476308e+05 1.217731903371590139e-19
4.605922041145108524e+05 9.312634177126712725e-20
5.111433483440171112e+05 7.094011198039500521e-20
5.672426068491977639e+05 5.384736754405029101e-20
6.294988990221888525e+05 4.067188648564761436e-20
6.985879746785250027e+05 3.060107670785316041e-20
7.752597488629464060e+05 2.289221442177785725e-20
8.603464416684507160e+05 1.704942165052527826e-20
9.547716114208066138e+05 1.262171197563962676e-20
1.059560179277617019e+06 9.283966395233509518e-21
1.175849554052158026e+06 6.780565077961067802e-21
1.304901978014401859e+06 4.914912283054160573e-21
1.448118227674532915e+06 3.530457325140366914e-21
1.607052818261638284e+06 2.510059929095634658e-21
1.783430876931909472e+06 1.767092541072476822e-21
1.979166867853557458e+06 1.222656511208818053e-21
2.196385372416546568e+06 8.354595483563130487e-22
2.437444150122222025e+06 5.586733805660836957e-22
2.704959730463137385e+06 3.662046242902527250e-22
3.001835813575591892e+06 2.339339205316496908e-22
3.331294787934676744e+06 1.450699901882834861e-22
3.696912707195031922e+06 8.689111452931111481e-23
4.102658105827190448e+06 5.011705104838161380e-23
4.552935074866947718e+06 2.766565821027946314e-23
5.052631065335679799e+06 1.458308060522925292e-23
5.607169938205458224e+06 7.312553426610893740e-24
6.222570836730230600e+06 3.466008554995239327e-24
6.905513520162330940e+06 1.535640036005928455e-24
7.663410868007462472e+06 6.246580871943118770e-25
8.504489341802684590e+06 2.310550095426866064e-25
9.437878277775391936e+06 7.725927869792374778e-26
1.047370897959450819e+07 2.317882757072930248e-26
1.162322468679854274e+07 6.201182385522789162e-27
1.289890261253307760e+07 1.458368651518940683e-27
1.431458937523478456e+07 2.978976024114209799e-28
1.588565129428052530e+07 5.272246659227544209e-29
1.762914118095947802e+07 7.990159917295186388e-30
1.956398343517064676e+07 1.027785496377069758e-30
2.171117945694505423e+07 1.110970818177372807e-31
2.409403560239527002e+07 9.986093884809578487e-33
2.673841615839949250e+07 7.373431138916978763e-34
2.967302408188872784e+07 4.381264312779016073e-35
3.292971255097155273e+07 2.050094852973968613e-36
3.654383070957254618e+07 7.436111883569517449e-38
4.055460735840827972e+07 2.059302659869998885e-39
4.500557675700496882e+07 4.229387026030624465e-41
4.994505115855139494e+07 6.294117776797875291e-43
5.542664520663107187e+07 6.530185992244759706e-45
6.150985788580504060e+07 4.555065405523544514e-47
6.826071834272393584e+07 2.030584837232829299e-49
7.575250258771920204e+07 5.486677563562064001e-52
8.406652885618332028e+07 8.591804858406085823e-55
9.329304026284696162e+07 7.205701402194203972e-58
1.035321843295663744e+08 2.977779385629244545e-61
1.148951000187308788e+08 5.544008698742628437e-65
1.275051240713012964e+08 4.247611207750967409e-69
1.414991297434575856e+08 1.184307316614271795e-73
1.570290124729377627e+08 9.670665187176193907e-79
1.742633386009651124e+08 1.489741310755449218e-84
1.933891750455232263e+08 2.186546009565222881e-92
2.146141197858406007e+08 9.376717847856042302e-103
2.381685551976160705e+08 9.429958534688540738e-116
2.643081486974108517e+08 1.166218774804389493e-132
