1.000000000000000000e+02 1.784112709169261170e-14
1.109752496412072134e+02 1.536383429571215388e-14
1.231550603292826196e+02 1.320993996780031604e-14
1.366716356462005990e+02 1.133531178119944453e-14
1.516716888470922413e+02 9.708301120380511985e-15
1.683180353330956791e+02 8.297045408239161716e-15
1.867913599020782840e+02 7.073544544474442849e-15
2.072921779595371845e+02 6.013140534293449263e-15
2.300430119772916839e+02 5.096295266264766949e-15
2.552908068239516410e+02 4.304376952551754895e-15
2.833096101839323637e+02 3.621979789020587156e-15
3.144035471591500368e+02 3.036083471324248169e-15
3.489101213406774491e+02 2.533219956517501136e-15
3.872038781812557318e+02 2.103859228816346135e-15
4.297004704320843871e+02 1.737912190821525932e-15
4.768611697714468960e+02 1.427748775887693739e-15
5.291978735958442712e+02 1.166178979495189108e-15
5.872786613189482523e+02 9.476278965920234269e-16
6.517339604882420190e+02 7.641849429765994098e-16
7.232633896483533817e+02 6.132223549918763135e-16
8.026433522257173081e+02 4.899218701539831242e-16
8.907354638610439679e+02 3.899778850507541417e-16
9.884959046625587007e+02 3.102486599505207776e-16
1.096985797892383971e+03 2.473131622672028002e-16
1.217382727739662187e+03 1.983668012672188525e-16
1.350993521198027793e+03 1.605063063273673789e-16
1.499268432786045423e+03 1.312377436041131185e-16
1.663816886076128640e+03 1.083446551144267902e-16
1.846424942895544291e+03 9.020344286160942660e-17
2.049074689815845886e+03 7.557493587097184655e-17
2.273965752357927613e+03 6.354332038116537378e-17
2.523539170434765765e+03 5.352727233860349205e-17
2.800503894183631019e+03 4.512908242878273888e-17
3.107866187782013640e+03 3.806179251198857201e-17
3.448962260405759935e+03 3.208433880669780941e-17
3.827494478516314757e+03 2.704541968086494841e-17
4.247571552536898707e+03 2.278433742303619938e-17
4.713753134116724141e+03 1.917882044812147621e-17
5.231099308056262998e+03 1.613134734065700019e-17
5.805225516094896193e+03 1.356183445911806999e-17
6.442363508721369726e+03 1.139209788892247796e-17
7.149428986597576113e+03 9.558993507740544170e-18
7.934096665797491369e+03 8.014846874725041088e-18
8.804883581643463913e+03 6.711581874855846422e-18
9.771241535346502133e+03 5.615204772325787030e-18
1.084365968689610963e+04 4.692810809424452812e-18
1.203377840777589154e+04 3.918388994524277507e-18
1.335451562929898682e+04 3.267439060621276850e-18
1.482020705798858762e+04 2.721552069974447282e-18
1.644676177994664249e+04 2.264524950385373265e-18
1.825183494319044257e+04 1.882444930313043446e-18
2.025501939230666540e+04 1.562820100257629498e-18
2.247805833548725059e+04 1.296152307502094276e-18
2.494508135230316839e+04 1.074005114288943337e-18
2.768286630392066581e+04 8.890775363119804060e-19
3.072112998861759115e+04 7.352047695902812298e-19
3.409285069746814406e+04 6.072668096096703245e-19
3.783462617131928710e+04 5.011342367062090587e-19
4.198707084443910571e+04 4.130435609794908305e-19
4.659525668664683326e+04 3.400798411519588727e-19
5.170920242896761192e+04 2.796603050084199736e-19
5.738441648302398244e+04 2.296658056762809481e-19
6.368249944718585903e+04 1.883782831489618991e-19
7.067181273927491566e+04 1.542592490542497631e-19
7.842822061337680498e+04 1.261567583662741063e-19
8.703591361485165544e+04 1.030262043770226257e-19
9.658832241158708348e+04 8.396718062994323492e-20
1.071891319205127511e+05 6.833516723470531672e-20
1.189534067370319535e+05 5.550238573397602302e-20
1.320088400831418112e+05 4.501112983249170413e-20
1.464971398307286145e+05 3.640802026644193195e-20
1.625755666443794908e+05 2.941975161409763265e-20
1.804186409392071655e+05 2.370596438719035275e-20
2.002200371815584658e+05 1.907605389391460605e-20
2.221946860939523904e+05 1.530849641024812615e-20
2.465811075822604180e+05 1.226045913935428738e-20
2.736439997074671555e+05 9.797680670120014230e-21
3.036771118035460822e+05 7.814009219508895562e-21
3.370064329271928291e+05 6.218567546102546258e-21
3.739937302478798083e+05 4.939111285415230932e-21
4.150404757850476308e+05 3.914585674312427921e-21
4.605922041145108524e+05 3.096611248562929326e-21
5.111433483440171112e+05 2.443800694095022461e-21
5.672426068491977639e+05 1.924662910146638938e-21
6.294988990221888525e+05 1.511602960775658048e-21
6.985879746785250027e+05 1.184533394226591418e-21
7.752597488629464060e+05 9.256840377230280239e-22
8.603464416684507160e+05 7.211909303134458069e-22
9.547716114208066138e+05 5.603864957261610485e-22
1.059560179277617019e+06 4.340872763008352503e-22
1.175849554052158026e+06 3.349683019942858357e-22
1.304901978014401859e+06 2.576328458307647327e-22
1.448118227674532915e+06 1.975951184196430069e-22
1.607052818261638284e+06 1.510642340049561324e-22
1.783430876931909472e+06 1.150283294324719813e-22
1.979166867853557458e+06 8.731913788815065228e-23
2.196385372416546568e+06 6.603459156999099008e-23
2.437444150122222025e+06 4.977469507924466704e-23
2.704959730463137385e+06 3.739182245438934818e-23
3.001835813575591892e+06 2.799808910469545413e-23
3.331294787934676744e+06 2.090127195157583548e-23
3.696912707195031922e+06 1.555537712719790449e-23
4.102658105827190448e+06 1.154401879677895671e-23
4.552935074866947718e+06 8.543225744524502659e-24
5.052631065335679799e+06 6.306030605194966565e-24
5.607169938205458224e+06 4.641178882141844816e-24
6.222570836730230600e+06 3.406642673003537983e-24
6.905513520162330940e+06 2.492646888572947987e-24
7.663410868007462472e+06 1.817501282023776798e-24
8.504489341802684590e+06 1.320245611019120803e-24
9.437878277775391936e+06 9.551091066205046882e-25
1.047370897959450819e+07 6.871962887140713222e-25
1.162322468679854274e+07 4.913466446748985768e-25
1.289890261253307760e+07 3.492215070857643376e-25
1.431458937523478456e+07 2.460645075655786292e-25
1.588565129428052530e+07 1.717984102330035185e-25
1.762914118095947802e+07 1.186797376254596513e-25
1.956398343517064676e+07 8.098920265475125074e-26
2.171117945694505423e+07 5.447461355657255043e-26
2.409403560239527002e+07 3.603263874612764014e-26
2.673841615839949250e+07 2.337959635899541069e-26
2.967302408188872784e+07 1.484292782175214336e-26
3.292971255097155273e+07 9.182499569596836269e-27
3.654383070957254618e+07 5.523509389597031622e-27
4.055460735840827972e+07 3.215596210515860728e-27
4.500557675700496882e+07 1.806320973535564463e-27
4.994505115855139494e+07 9.697007830704952358e-28
5.542664520663107187e+07 4.888297351497823086e-28
6.150985788580504060e+07 2.202170086247422250e-28
6.826071834272393584e+07 7.890106292970596095e-29
7.575250258771920204e+07 1.642075233379382311e-29
8.406652885618332028e+07 7.241580408835123207e-31
