1.000000000000000000e+02 3.552984466218291130e-14
1.109752496412072134e+02 2.959657987286553431e-14
1.231550603292826196e+02 2.451935771915135737e-14
1.366716356462005990e+02 2.019963518181469354e-14
1.516716888470922413e+02 1.653629121241633314e-14
1.683180353330956791e+02 1.346237880601899872e-14
1.867913599020782840e+02 1.086568740884589229e-14
2.072921779595371845e+02 8.712750204701798931e-15
2.300430119772916839e+02 6.954658139073815399e-15
2.552908068239516410e+02 5.490108768584985296e-15
2.833096101839323637e+02 4.292424951102083983e-15
3.144035471591500368e+02 3.340123210806862063e-15
3.489101213406774491e+02 2.578436126818389914e-15
3.872038781812557318e+02 1.967198434664515189e-15
4.297004704320843871e+02 1.488907089844418585e-15
4.768611697714468960e+02 1.119750653761591900e-15
5.291978735958442712e+02 8.355490657052340659e-16
5.872786613189482523e+02 6.193545828698317575e-16
6.517339604882420190e+02 4.570688987726395694e-16
7.232633896483533817e+02 3.365002104336307326e-16
8.026433522257173081e+02 2.477209522138033208e-16
8.907354638610439679e+02 1.830618683177802202e-16
9.884959046625587007e+02 1.361576023192490556e-16
1.096985797892383971e+03 1.023082776162594674e-16
1.217382727739662187e+03 7.793693388705737180e-17
1.350993521198027793e+03 6.030437171192355811e-17
1.499268432786045423e+03 4.737922445141419180e-17
1.663816886076128640e+03 3.775785550046919750e-17
1.846424942895544291e+03 3.045701324446717985e-17
2.049074689815845886e+03 2.481439743684036000e-17
2.273965752357927613e+03 2.036628166521669356e-17
2.523539170434765765e+03 1.679126959448289640e-17
2.800503894183631019e+03 1.387489298866512610e-17
3.107866187782013640e+03 1.146823165494981506e-17
3.448962260405759935e+03 9.480546896665487531e-18
3.827494478516314757e+03 7.831980318943932104e-18
4.247571552536898707e+03 6.465821492474969740e-18
4.713753134116724141e+03 5.336479529822375057e-18
5.231099308056262998e+03 4.408651153327319938e-18
5.805225516094896193e+03 3.650639686077086973e-18
6.442363508721369726e+03 3.034855792419064587e-18
7.149428986597576113e+03 2.535230654437137462e-18
7.934096665797491369e+03 2.129599795896836835e-18
8.804883581643463913e+03 1.796996750835131178e-18
9.771241535346502133e+03 1.522015938683369252e-18
1.084365968689610963e+04 1.291376722702421621e-18
1.203377840777589154e+04 1.096755261702091800e-18
1.335451562929898682e+04 9.314557196399926536e-19
1.482020705798858762e+04 7.909031942077317992e-19
1.644676177994664249e+04 6.712635348861025610e-19
1.825183494319044257e+04 5.694724233699393607e-19
2.025501939230666540e+04 4.829029782549246620e-19
2.247805833548725059e+04 4.093015399704330576e-19
2.494508135230316839e+04 3.467483484975705145e-19
2.768286630392066581e+04 2.936082808823966666e-19
3.072112998861759115e+04 2.484730702335634326e-19
3.409285069746814406e+04 2.101664343973976245e-19
3.783462617131928710e+04 1.776549615411109731e-19
4.198707084443910571e+04 1.500794831354766399e-19
4.659525668664683326e+04 1.266978850051479656e-19
5.170920242896761192e+04 1.068772780795222839e-19
5.738441648302398244e+04 9.008227779355755616e-20
6.368249944718585903e+04 7.586061876629277899e-20
7.067181273927491566e+04 6.382318679612209614e-20
7.842822061337680498e+04 5.364164045748530970e-20
8.703591361485165544e+04 4.503614518461333399e-20
9.658832241158708348e+04 3.776462575952240143e-20
1.071891319205127511e+05 3.162920617830004553e-20
1.189534067370319535e+05 2.645402432210833508e-20
1.320088400831418112e+05 2.209506541295635324e-20
1.464971398307286145e+05 1.842470829599228987e-20
1.625755666443794908e+05 1.533991051408606298e-20
1.804186409392071655e+05 1.275205605023432176e-20
2.002200371815584658e+05 1.058219708486352150e-20
2.221946860939523904e+05 8.765534659580216493e-21
2.465811075822604180e+05 7.249109271622655727e-21
2.736439997074671555e+05 5.985187504141165283e-21
3.036771118035460822e+05 4.932715583196520957e-21
3.370064329271928291e+05 4.058306900056807408e-21
3.739937302478798083e+05 3.332386064213663197e-21
4.150404757850476308e+05 2.730803707830115197e-21
4.605922041145108524e+05 2.233048532541525174e-21
5.111433483440171112e+05 1.821874845856351013e-21
5.672426068491977639e+05 1.482873742953174569e-21
6.294988990221888525e+05 1.203925631800677025e-21
6.985879746785250027e+05 9.747390925737384987e-22
7.752597488629464060e+05 7.870610040430418786e-22
8.603464416684507160e+05 6.335133623469379354e-22
9.547716114208066138e+05 5.081992823345316630e-22
1.059560179277617019e+06 4.064132284375268093e-22
1.175849554052158026e+06 3.238941495729912127e-22
1.304901978014401859e+06 2.572300615232703489e-22
1.448118227674532915e+06 2.035733728018030851e-22
1.607052818261638284e+06 1.604339565961399908e-22
1.783430876931909472e+06 1.259044996369943882e-22
1.979166867853557458e+06 9.846074472912131167e-23
2.196385372416546568e+06 7.655612853463221958e-23
2.437444150122222025e+06 5.919829833043498380e-23
2.704959730463137385e+06 4.548230448000227669e-23
3.001835813575591892e+06 3.466930916208617079e-23
3.331294787934676744e+06 2.618399389136852569e-23
3.696912707195031922e+06 1.953479873783773287e-23
4.102658105827190448e+06 1.436109412083804850e-23
4.552935074866947718e+06 1.036412684575488096e-23
5.052631065335679799e+06 7.305460091930637417e-24
5.607169938205458224e+06 4.998819470092206829e-24
6.222570836730230600e+06 3.291609857655440483e-24
6.905513520162330940e+06 2.061497923432093951e-24
7.663410868007462472e+06 1.205753841772454195e-24
8.504489341802684590e+06 6.424627444279094595e-25
9.437878277775391936e+06 3.006976422836841745e-25
1.047370897959450819e+07 1.193740290507417094e-25
1.162322468679854274e+07 4.190916124903755053e-26
1.289890261253307760e+07 1.590747454116606915e-26
1.431458937523478456e+07 4.440623310715625285e-27
