1.000000000000000000e+02 3.141967478419052886e-14
1.109752496412072134e+02 2.467882006540052256e-14
1.231550603292826196e+02 1.939914653419090434e-14
1.366716356462005990e+02 1.534121755483704035e-14
1.516716888470922413e+02 1.214049596260848208e-14
1.683180353330956791e+02 9.687294291978376866e-15
1.867913599020782840e+02 7.750718885715025944e-15
2.072921779595371845e+02 6.258635285232861022e-15
2.300430119772916839e+02 5.086511743205466450e-15
2.552908068239516410e+02 4.173293666161342632e-15
2.833096101839323637e+02 3.449150540641381337e-15
3.144035471591500368e+02 2.875283044815901457e-15
3.489101213406774491e+02 2.414651037911424993e-15
3.872038781812557318e+02 2.041032527559381795e-15
4.297004704320843871e+02 1.735532199181201646e-15
4.768611697714468960e+02 1.481376402902743153e-15
5.291978735958442712e+02 1.269591764192117356e-15
5.872786613189482523e+02 1.089860613348042051e-15
6.517339604882420190e+02 9.371849614448958468e-16
7.232633896483533817e+02 8.065263905310515686e-16
8.026433522257173081e+02 6.938704757300285320e-16
8.907354638610439679e+02 5.965127981934143494e-16
9.884959046625587007e+02 5.126377006456131361e-16
1.096985797892383971e+03 4.397289878515853294e-16
1.217382727739662187e+03 3.765551571836751916e-16
1.350993521198027793e+03 3.221044714000222946e-16
1.499268432786045423e+03 2.746514186291963327e-16
1.663816886076128640e+03 2.339103521204099677e-16
1.846424942895544291e+03 1.985729685307147117e-16
2.049074689815845886e+03 1.682191506257947824e-16
2.273965752357927613e+03 1.420460968139674080e-16
2.523539170434765765e+03 1.196568067730181959e-16
2.800503894183631019e+03 1.004591955798806261e-16
3.107866187782013640e+03 8.407323390680448334e-17
3.448962260405759935e+03 7.012866716783759116e-17
3.827494478516314757e+03 5.835076909326397157e-17
4.247571552536898707e+03 4.825620959091282486e-17
4.713753134116724141e+03 3.981598130033067711e-17
5.231099308056262998e+03 3.276177514836990422e-17
5.805225516094896193e+03 2.681819293051034284e-17
6.442363508721369726e+03 2.187470348014576408e-17
7.149428986597576113e+03 1.778292576413495039e-17
7.934096665797491369e+03 1.440781854933433711e-17
8.804883581643463913e+03 1.162996535343436275e-17
9.771241535346502133e+03 9.353922233903560826e-18
1.084365968689610963e+04 7.505134320709075068e-18
1.203377840777589154e+04 6.011027735553938217e-18
1.335451562929898682e+04 4.808637138204341860e-18
1.482020705798858762e+04 3.842010708836287905e-18
1.644676177994664249e+04 3.067388127364680057e-18
1.825183494319044257e+04 2.449288404518329428e-18
2.025501939230666540e+04 1.955693501439255167e-18
2.247805833548725059e+04 1.564490145123788191e-18
2.494508135230316839e+04 1.252698549114052832e-18
2.768286630392066581e+04 1.004863888404214586e-18
3.072112998861759115e+04 8.081123351304345234e-19
3.409285069746814406e+04 6.521376716022234713e-19
3.783462617131928710e+04 5.290605508415828331e-19
4.198707084443910571e+04 4.319846562102268230e-19
4.659525668664683326e+04 3.554717996764278246e-19
5.170920242896761192e+04 2.948273009946794656e-19
5.738441648302398244e+04 2.462113851862110440e-19
6.368249944718585903e+04 2.066485821495148571e-19
7.067181273927491566e+04 1.739447034797021840e-19
7.842822061337680498e+04 1.466149639161050769e-19
8.703591361485165544e+04 1.236572194447568656e-19
9.658832241158708348e+04 1.042879076118273043e-19
1.071891319205127511e+05 8.793304977474472878e-20
1.189534067370319535e+05 7.411324413616109724e-20
1.320088400831418112e+05 6.243800367984315576e-20
1.464971398307286145e+05 5.257206326153985726e-20
1.625755666443794908e+05 4.423969373868131492e-20
1.804186409392071655e+05 3.720082621606122358e-20
2.002200371815584658e+05 3.126478795881717167e-20
2.221946860939523904e+05 2.625449805861975675e-20
2.465811075822604180e+05 2.202971459144404745e-20
2.736439997074671555e+05 1.846625487201609190e-20
3.036771118035460822e+05 1.546571917746939684e-20
3.370064329271928291e+05 1.293930214084440071e-20
3.739937302478798083e+05 1.081308615544104233e-20
4.150404757850476308e+05 9.025899790920903668e-21
4.605922041145108524e+05 7.526288254191625632e-21
5.111433483440171112e+05 6.265977085699393599e-21
5.672426068491977639e+05 5.207955446957903640e-21
6.294988990221888525e+05 4.321141127959074274e-21
6.985879746785250027e+05 3.578507116797279734e-21
7.752597488629464060e+05 2.957545349690146806e-21
8.603464416684507160e+05 2.439027602256020812e-21
9.547716114208066138e+05 2.006387352603858016e-21
1.059560179277617019e+06 1.646309967531977405e-21
1.175849554052158026e+06 1.346760190300953073e-21
1.304901978014401859e+06 1.097747025010950387e-21
1.448118227674532915e+06 8.914874873708242736e-22
1.607052818261638284e+06 7.211556301925667756e-22
1.783430876931909472e+06 5.804169743601098726e-22
1.979166867853557458e+06 4.646816294607095513e-22
2.196385372416546568e+06 3.699696174097135701e-22
2.437444150122222025e+06 2.926684551220262135e-22
2.704959730463137385e+06 2.298453875130697721e-22
3.001835813575591892e+06 1.789960320792959728e-22
3.331294787934676744e+06 1.381185323958005012e-22
3.696912707195031922e+06 1.054582859012293462e-22
4.102658105827190448e+06 7.960521561060212874e-23
4.552935074866947718e+06 5.928832276220557116e-23
5.052631065335679799e+06 4.350318694490936348e-23
5.607169938205458224e+06 3.138788162151604567e-23
6.222570836730230600e+06 2.222852267585160579e-23
6.905513520162330940e+06 1.542870989305607337e-23
7.663410868007462472e+06 1.046906083823620234e-23
8.504489341802684590e+06 6.937222162966513465e-24
9.437878277775391936e+06 4.491263790037054627e-24
1.047370897959450819e+07 2.842601362339982214e-24
1.162322468679854274e+07 1.765899393688165216e-24
1.289890261253307760e+07 1.082851163581821929e-24
1.431458937523478456e+07 6.584097254029975665e-25
1.588565129428052530e+07 3.965330124720620346e-25
1.762914118095947802e+07 2.331653205751883031e-25
1.956398343517064676e+07 1.295878982185300040e-25
2.171117945694505423e+07 6.460256592061928170e-26
2.409403560239527002e+07 2.662851326555698673e-26
2.673841615839949250e+07 7.885739975588879058e-27
2.967302408188872784e+07 1.427817044940142060e-27
3.292971255097155273e+07 2.812489501430704073e-28
3.654383070957254618e+07 1.269483629074052192e-29
