1.000000000000000000e+02 1.053034425534832343e-11
1.109752496412072134e+02 6.381090704918419381e-12
1.231550603292826196e+02 3.940488160132137390e-12
1.366716356462005990e+02 2.528752985202102166e-12
1.516716888470922413e+02 1.717487996098721833e-12
1.683180353330956791e+02 1.245376471474087179e-12
1.867913599020782840e+02 9.598524705237557456e-13
2.072921779595371845e+02 7.748399828408838449e-13
2.300430119772916839e+02 6.442196961007837683e-13
2.552908068239516410e+02 5.446629744607412731e-13
2.833096101839323637e+02 4.639842014965237230e-13
3.144035471591500368e+02 3.964834641330417075e-13
3.489101213406774491e+02 3.391392834328304253e-13
3.872038781812557318e+02 2.899852860095397010e-13
4.297004704320843871e+02 2.478525382816292845e-13
4.768611697714468960e+02 2.117311119130404664e-13
5.291978735958442712e+02 1.807528108360973901e-13
5.872786613189482523e+02 1.542053143765421461e-13
6.517339604882420190e+02 1.314693996078197333e-13
7.232633896483533817e+02 1.120383057887177906e-13
8.026433522257173081e+02 9.542491619384710305e-14
8.907354638610439679e+02 8.120383031085961574e-14
9.884959046625587007e+02 6.908693428828663855e-14
1.096985797892383971e+03 5.873512906172928459e-14
1.217382727739662187e+03 4.990784217534354265e-14
1.350993521198027793e+03 4.237848856497102823e-14
1.499268432786045423e+03 3.596638372541643081e-14
1.663816886076128640e+03 3.050653652796573395e-14
1.846424942895544291e+03 2.585748792821862192e-14
2.049074689815845886e+03 2.190183801232648225e-14
2.273965752357927613e+03 1.854253976477364918e-14
2.523539170434765765e+03 1.568313103158111264e-14
2.800503894183631019e+03 1.326074108095226476e-14
3.107866187782013640e+03 1.120188205310949812e-14
3.448962260405759935e+03 9.458196668178910999e-15
3.827494478516314757e+03 7.979296179402313231e-15
4.247571552536898707e+03 6.729489758660276404e-15
4.713753134116724141e+03 5.670247671078660609e-15
5.231099308056262998e+03 4.775407769298099605e-15
5.805225516094896193e+03 4.019464251493637978e-15
6.442363508721369726e+03 3.381334831447308490e-15
7.149428986597576113e+03 2.843025084440418035e-15
7.934096665797491369e+03 2.388896582595783541e-15
8.804883581643463913e+03 2.006549534374013944e-15
9.771241535346502133e+03 1.684616872805953706e-15
1.084365968689610963e+04 1.413535023493706781e-15
1.203377840777589154e+04 1.185541061568157009e-15
1.335451562929898682e+04 9.938565530517608430e-16
1.482020705798858762e+04 8.327346266880577933e-16
1.644676177994664249e+04 6.973063132370687928e-16
1.825183494319044257e+04 5.836844501795527666e-16
2.025501939230666540e+04 4.882459112707298272e-16
2.247805833548725059e+04 4.082075914968727094e-16
2.494508135230316839e+04 3.410664220539967221e-16
2.768286630392066581e+04 2.847961999908150528e-16
3.072112998861759115e+04 2.376400101383112785e-16
3.409285069746814406e+04 1.981688331211997234e-16
3.783462617131928710e+04 1.651377852689563933e-16
4.198707084443910571e+04 1.375018151980098651e-16
4.659525668664683326e+04 1.144083481388860433e-16
5.170920242896761192e+04 9.511506583985696045e-17
5.738441648302398244e+04 7.900562667760038924e-17
6.368249944718585903e+04 6.557530874609892675e-17
7.067181273927491566e+04 5.437185345459301521e-17
7.842822061337680498e+04 4.504542499824016614e-17
8.703591361485165544e+04 3.728269707021976584e-17
9.658832241158708348e+04 3.082702983975946560e-17
1.071891319205127511e+05 2.546592522012657998e-17
1.189534067370319535e+05 2.101202269914185052e-17
1.320088400831418112e+05 1.732273882804193871e-17
1.464971398307286145e+05 1.426504975894118134e-17
1.625755666443794908e+05 1.173495933399963002e-17
1.804186409392071655e+05 9.645048773058175835e-18
2.002200371815584658e+05 7.918126981619440936e-18
2.221946860939523904e+05 6.495148688717441400e-18
2.465811075822604180e+05 5.322982757091834551e-18
2.736439997074671555e+05 4.357872102678908425e-18
3.036771118035460822e+05 3.564980559494786479e-18
3.370064329271928291e+05 2.913207253646229846e-18
3.739937302478798083e+05 2.378617574667291799e-18
4.150404757850476308e+05 1.939571149241993467e-18
4.605922041145108524e+05 1.580024081592018533e-18
5.111433483440171112e+05 1.285912687514984600e-18
5.672426068491977639e+05 1.045302784187194713e-18
6.294988990221888525e+05 8.487522660005466965e-19
6.985879746785250027e+05 6.883488075636104240e-19
7.752597488629464060e+05 5.575711792542628017e-19
8.603464416684507160e+05 4.511287163888150323e-19
9.547716114208066138e+05 3.645018979966280973e-19
1.059560179277617019e+06 2.941645345325773127e-19
1.175849554052158026e+06 2.370726179989938980e-19
1.304901978014401859e+06 1.908115299991740615e-19
1.448118227674532915e+06 1.533761943238328129e-19
1.607052818261638284e+06 1.230965133451280529e-19
1.783430876931909472e+06 9.866607409335051834e-20
1.979166867853557458e+06 7.896682591411314724e-20
2.196385372416546568e+06 6.310507511786263942e-20
2.437444150122222025e+06 5.035880443005849802e-20
2.704959730463137385e+06 4.011687401344684199e-20
3.001835813575591892e+06 3.191286685240755274e-20
3.331294787934676744e+06 2.534603363341591665e-20
3.696912707195031922e+06 2.009792634481671641e-20
4.102658105827190448e+06 1.591187046493003505e-20
4.552935074866947718e+06 1.257594504352498017e-20
5.052631065335679799e+06 9.921865493598854187e-21
5.607169938205458224e+06 7.815871038267705731e-21
6.222570836730230600e+06 6.146070879963687802e-21
6.905513520162330940e+06 4.824280082253159277e-21
7.663410868007462472e+06 3.780462242378528282e-21
8.504489341802684590e+06 2.957122785039752633e-21
9.437878277775391936e+06 2.309128296689824493e-21
1.047370897959450819e+07 1.799719829156446814e-21
1.162322468679854274e+07 1.400193510551049700e-21
1.289890261253307760e+07 1.087415336089292712e-21
1.431458937523478456e+07 8.429768694788347425e-22
1.588565129428052530e+07 6.522069707283788973e-22
1.762914118095947802e+07 5.037054517760334228e-22
1.956398343517064676e+07 3.883060334325419326e-22
2.171117945694505423e+07 2.988101198197139942e-22
2.409403560239527002e+07 2.295106342330305684e-22
2.673841615839949250e+07 1.759343964217566751e-22
2.967302408188872784e+07 1.346172243039423450e-22
3.292971255097155273e+07 1.028162129382101888e-22
3.654383070957254618e+07 7.839226042103367807e-23
4.055460735840827972e+07 5.963916111946542242e-23
4.500557675700496882e+07 4.529462467092101373e-23
4.994505115855139494e+07 3.433326617235964148e-23
5.542664520663107187e+07 2.597733097499644377e-23
6.150985788580504060e+07 1.961770108884771744e-23
6.826071834272393584e+07 1.478673997665613800e-23
7.575250258771920204e+07 1.112399159450796305e-23
8.406652885618332028e+07 8.351923879961771381e-24
9.329304026284696162e+07 6.258792730842976710e-24
1.035321843295663744e+08 4.680620056179063676e-24
1.148951000187308788e+08 3.493108059487855392e-24
1.275051240713012964e+08 2.601629728353256749e-24
1.414991297434575856e+08 1.933674735811451614e-24
1.570290124729377627e+08 1.433912222102439791e-24
1.742633386009651124e+08 1.060753373355343385e-24
1.933891750455232263e+08 7.830172921688856941e-25
2.146141197858406007e+08 5.765647763965806400e-25
2.381685551976160705e+08 4.234654825108490906e-25
2.643081486974108517e+08 3.102259833491900854e-25
2.933166278390048146e+08 2.266370060316162681e-25
3.255088599835056663e+08 1.650775245949950569e-25
3.612342699709430337e+08 1.198794078639309411e-25
4.008806328898465633e+08 8.677333424932522063e-26
4.448782831127585173e+08 6.260156466232909250e-26
4.937047852839003801e+08 4.499348730036926107e-26
5.478901179593944550e+08 3.221172811767290646e-26
6.080224261649426222e+08 2.296538342406628326e-26
6.747544053110699654e+08 1.629935465125825295e-26
7.488103857590031624e+08 1.150972910365010339e-26
8.309941949353404045e+08 8.083749568663248910e-27
9.221978823334341049e+08 5.643986904769913417e-27
1.023411402105452657e+09 3.913770644821777705e-27
1.135733358343105316e+09 2.693388963227420553e-27
1.260382929679727316e+09 1.837328192779136705e-27
1.398713102647238731e+09 1.240615356201843851e-27
1.552225357427047968e+09 8.276138771802818804e-28
1.722585965398787737e+09 5.439738587492610157e-28
1.911644075385703564e+09 3.510641633710688088e-28
2.121451784910631895e+09 2.212742439048404200e-28
2.354286414322420120e+09 1.351462415591577298e-28
2.612675225563332081e+09 7.894467850093260487e-29
2.899422853882881165e+09 4.307457439441547374e-29
3.217641750250735283e+09 2.088658477439586085e-29
3.570785964900462627e+09 7.792176812258369926e-30
3.962688638701478481e+09 8.732939927597561859e-31
