1.000000000000000000e+02 7.674761121023483240e-12
1.109752496412072134e+02 6.637770493671756288e-12
1.231550603292826196e+02 5.733956869467335172e-12
1.366716356462005990e+02 4.943249066483484361e-12
1.516716888470922413e+02 4.256517021325583769e-12
1.683180353330956791e+02 3.659044789440188542e-12
1.867913599020782840e+02 3.139410305631164519e-12
2.072921779595371845e+02 2.689733933967017033e-12
2.300430119772916839e+02 2.299878918327950553e-12
2.552908068239516410e+02 1.964445821231544650e-12
2.833096101839323637e+02 1.674037454737087618e-12
3.144035471591500368e+02 1.424606420129617383e-12
3.489101213406774491e+02 1.210647499361897676e-12
3.872038781812557318e+02 1.026997329482754511e-12
4.297004704320843871e+02 8.703716318387372068e-13
4.768611697714468960e+02 7.365315304086751930e-13
5.291978735958442712e+02 6.225147425391056817e-13
5.872786613189482523e+02 5.257071964472893471e-13
6.517339604882420190e+02 4.435915842251286831e-13
7.232633896483533817e+02 3.739057172132091114e-13
8.026433522257173081e+02 3.149877360519898034e-13
8.907354638610439679e+02 2.651884651827406221e-13
9.884959046625587007e+02 2.231813317493228767e-13
1.096985797892383971e+03 1.877217761678334924e-13
1.217382727739662187e+03 1.577798708778286339e-13
1.350993521198027793e+03 1.325829855673545822e-13
1.499268432786045423e+03 1.113131946602583395e-13
1.663816886076128640e+03 9.339671024873855676e-14
1.846424942895544291e+03 7.830719028316762744e-14
2.049074689815845886e+03 6.559048891014941970e-14
2.273965752357927613e+03 5.489451487661508126e-14
2.523539170434765765e+03 4.589441576933945754e-14
2.800503894183631019e+03 3.831770902323985821e-14
3.107866187782013640e+03 3.195946084368306486e-14
3.448962260405759935e+03 2.661848029557665825e-14
3.827494478516314757e+03 2.214823867709211729e-14
4.247571552536898707e+03 1.838714489577291797e-14
4.713753134116724141e+03 1.526052859454422117e-14
5.231099308056262998e+03 1.263738765229606374e-14
5.805225516094896193e+03 1.045279419712619632e-14
6.442363508721369726e+03 8.639979148887571015e-15
7.149428986597576113e+03 7.126002740360434223e-15
7.934096665797491369e+03 5.872931295895990114e-15
8.804883581643463913e+03 4.834805861216411014e-15
9.771241535346502133e+03 3.977220977672412443e-15
1.084365968689610963e+04 3.268417954536598197e-15
1.203377840777589154e+04 2.684258893438179416e-15
1.335451562929898682e+04 2.203191960817052678e-15
1.482020705798858762e+04 1.807611494953816462e-15
1.644676177994664249e+04 1.482320360166318236e-15
1.825183494319044257e+04 1.215272646792485485e-15
2.025501939230666540e+04 9.960496617598350301e-16
2.247805833548725059e+04 8.159916117779851742e-16
2.494508135230316839e+04 6.682430294660624886e-16
2.768286630392066581e+04 5.468775943049297882e-16
3.072112998861759115e+04 4.473206288341810477e-16
3.409285069746814406e+04 3.656080634526058900e-16
3.783462617131928710e+04 2.985543848524512483e-16
4.198707084443910571e+04 2.435890923063814329e-16
4.659525668664683326e+04 1.985531808293015995e-16
5.170920242896761192e+04 1.616424598761088530e-16
5.738441648302398244e+04 1.314224116503765986e-16
6.368249944718585903e+04 1.066943785222111525e-16
7.067181273927491566e+04 8.649342478205884713e-17
7.842822061337680498e+04 6.998962184230327929e-17
8.703591361485165544e+04 5.653387702768995274e-17
9.658832241158708348e+04 4.557424747377744967e-17
1.071891319205127511e+05 3.664298835497170825e-17
1.189534067370319535e+05 2.939279696982968767e-17
1.320088400831418112e+05 2.351990187335703421e-17
1.464971398307286145e+05 1.877329746252647441e-17
1.625755666443794908e+05 1.494628081499672916e-17
1.804186409392071655e+05 1.187049725910001930e-17
2.002200371815584658e+05 9.406096776432803790e-18
2.221946860939523904e+05 7.439897126602029399e-18
2.465811075822604180e+05 5.873833891042263545e-18
2.736439997074671555e+05 4.632636408176714856e-18
3.036771118035460822e+05 3.649329824792591160e-18
3.370064329271928291e+05 2.870683110968608906e-18
3.739937302478798083e+05 2.255525453808748442e-18
4.150404757850476308e+05 1.769742226349041879e-18
4.605922041145108524e+05 1.386644970892577182e-18
5.111433483440171112e+05 1.084906121977321319e-18
5.672426068491977639e+05 8.474297606803475740e-19
6.294988990221888525e+05 6.610808035349872751e-19
6.985879746785250027e+05 5.147703642190062136e-19
7.752597488629464060e+05 4.002059323386653253e-19
8.603464416684507160e+05 3.106338946666475749e-19
9.547716114208066138e+05 2.406656879771358483e-19
1.059560179277617019e+06 1.861492907721090744e-19
1.175849554052158026e+06 1.437214849429583412e-19
1.304901978014401859e+06 1.107634986946457291e-19
1.448118227674532915e+06 8.520402430192246507e-20
1.607052818261638284e+06 6.542386824910582428e-20
1.783430876931909472e+06 5.013533374831164066e-20
1.979166867853557458e+06 3.835153327023258247e-20
2.196385372416546568e+06 2.928136339368906618e-20
2.437444150122222025e+06 2.231250993553237403e-20
2.704959730463137385e+06 1.697172990690937999e-20
3.001835813575591892e+06 1.288437655153404163e-20
3.331294787934676744e+06 9.764896499873772024e-21
3.696912707195031922e+06 7.387374415994650009e-21
4.102658105827190448e+06 5.577898789319813192e-21
4.552935074866947718e+06 4.204075749184282124e-21
5.052631065335679799e+06 3.163249647906989531e-21
5.607169938205458224e+06 2.376105032704694836e-21
6.222570836730230600e+06 1.781650580836977240e-21
6.905513520162330940e+06 1.333800170669775936e-21
7.663410868007462472e+06 9.968125158611804095e-22
8.504489341802684590e+06 7.437187530344220374e-22
9.437878277775391936e+06 5.540165046590951100e-22
1.047370897959450819e+07 4.120433845133030919e-22
1.162322468679854274e+07 3.059139466199229144e-22
1.289890261253307760e+07 2.268030817949750307e-22
1.431458937523478456e+07 1.678473417368920933e-22
1.588565129428052530e+07 1.240453557102079063e-22
1.762914118095947802e+07 9.153855963646478096e-23
1.956398343517064676e+07 6.742612417288619889e-23
2.171117945694505423e+07 4.958419806886663889e-23
2.409403560239527002e+07 3.642047933519524113e-23
2.673841615839949250e+07 2.670180880009645058e-23
2.967302408188872784e+07 1.954289152345091990e-23
3.292971255097155273e+07 1.428218691869358791e-23
3.654383070957254618e+07 1.041921519431301494e-23
4.055460735840827972e+07 7.587533017431739326e-24
4.500557675700496882e+07 5.516592483926875877e-24
4.994505115855139494e+07 4.003301760250555940e-24
5.542664520663107187e+07 2.899902716677577330e-24
6.150985788580504060e+07 2.096704232262411156e-24
6.826071834272393584e+07 1.513097636395000925e-24
7.575250258771920204e+07 1.089691362898014522e-24
8.406652885618332028e+07 7.831603275435083817e-25
9.329304026284696162e+07 5.616423297257964973e-25
1.035321843295663744e+08 4.018283283832480073e-25
1.148951000187308788e+08 2.868466373314647693e-25
1.275051240713012964e+08 2.042089067806929947e-25
1.414991297434575856e+08 1.450209900450471314e-25
1.570290124729377627e+08 1.026824825825107871e-25
1.742633386009651124e+08 7.248076364019151597e-26
1.933891750455232263e+08 5.100311778631028783e-26
2.146141197858406007e+08 3.575987150328567673e-26
2.381685551976160705e+08 2.497332378030383918e-26
2.643081486974108517e+08 1.736244685413793803e-26
2.933166278390048146e+08 1.201390832986342927e-26
3.255088599835056663e+08 8.266627167437539740e-27
3.612342699709430337e+08 5.653519549884460668e-27
4.008806328898465633e+08 3.838533981605435365e-27
4.448782831127585173e+08 2.584802252146049030e-27
4.937047852839003801e+08 1.723904698863958038e-27
5.478901179593944550e+08 1.135838980252641042e-27
6.080224261649426222e+08 7.379563809688547999e-28
6.747544053110699654e+08 4.708237104139797743e-28
7.488103857590031624e+08 2.939963913934714385e-28
8.309941949353404045e+08 1.778849162013835744e-28
9.221978823334341049e+08 1.032267600288357410e-28
1.023411402105452657e+09 5.631044762069366940e-29
1.135733358343105316e+09 2.782396034488425452e-29
1.260382929679727316e+09 1.141179553755469950e-29
1.398713102647238731e+09 2.955808629809797017e-30
1.552225357427047968e+09 1.100183414861619958e-31
1.722585965398787737e+09 5.822739340788011961e-59
