1.000000000000000000e+02 8.759097176304266818e-13
1.109752496412072134e+02 7.734163548336324980e-13
1.231550603292826196e+02 6.830086743265049179e-13
1.366716356462005990e+02 6.030702913852300155e-13
1.516716888470922413e+02 5.323839550062264733e-13
1.683180353330956791e+02 4.698089033688349796e-13
1.867913599020782840e+02 4.145007020879866809e-13
2.072921779595371845e+02 3.655763399470252724e-13
2.300430119772916839e+02 3.223249834320457908e-13
2.552908068239516410e+02 2.840496416778703913e-13
2.833096101839323637e+02 2.501669979501749203e-13
3.144035471591500368e+02 2.202269961378422702e-13
3.489101213406774491e+02 1.937512605572154802e-13
3.872038781812557318e+02 1.703797014404692576e-13
4.297004704320843871e+02 1.496934023272152850e-13
4.768611697714468960e+02 1.314064448304763109e-13
5.291978735958442712e+02 1.153046662471767576e-13
5.872786613189482523e+02 1.010028653920087574e-13
6.517339604882420190e+02 8.840108468378765044e-14
7.232633896483533817e+02 7.728457180011002751e-14
8.026433522257173081e+02 6.747727727314895555e-14
8.907354638610439679e+02 5.884386052785474241e-14
9.884959046625587007e+02 5.120870409076431322e-14
1.096985797892383971e+03 4.448694028670338991e-14
1.217382727739662187e+03 3.860023357283432185e-14
1.350993521198027793e+03 3.343967496373481699e-14
1.499268432786045423e+03 2.885984898818606794e-14
1.663816886076128640e+03 2.487909398684381901e-14
1.846424942895544291e+03 2.141775520099452527e-14
2.049074689815845886e+03 1.834792819410474411e-14
2.273965752357927613e+03 1.569799480688456901e-14
2.523539170434765765e+03 1.334534838296352254e-14
2.800503894183631019e+03 1.134850354550306514e-14
3.107866187782013640e+03 9.606874090963084683e-15
3.448962260405759935e+03 8.097277770254135596e-15
3.827494478516314757e+03 6.808494781153029321e-15
4.247571552536898707e+03 5.698408392710992022e-15
4.713753134116724141e+03 4.750219573515689757e-15
5.231099308056262998e+03 3.943720200885119369e-15
5.805225516094896193e+03 3.266929551309272148e-15
6.442363508721369726e+03 2.688466665562784305e-15
7.149428986597576113e+03 2.207955762396859653e-15
7.934096665797491369e+03 1.805907467881338769e-15
8.804883581643463913e+03 1.475099878148101762e-15
9.771241535346502133e+03 1.201764206018731088e-15
1.084365968689610963e+04 9.779028957893553692e-16
1.203377840777589154e+04 7.952355933704520839e-16
1.335451562929898682e+04 6.475280698592778098e-16
1.482020705798858762e+04 5.269738379245822558e-16
1.644676177994664249e+04 4.310925722200454429e-16
1.825183494319044257e+04 3.530590824691419599e-16
2.025501939230666540e+04 2.910972412170507499e-16
2.247805833548725059e+04 2.400656184522627174e-16
2.494508135230316839e+04 1.995220524855164015e-16
2.768286630392066581e+04 1.659957437537753528e-16
3.072112998861759115e+04 1.383280393663698415e-16
3.409285069746814406e+04 1.159551769776692810e-16
3.783462617131928710e+04 9.669806918258611495e-17
4.198707084443910571e+04 8.093481626254118619e-17
4.659525668664683326e+04 6.759332415786088145e-17
5.170920242896761192e+04 5.616833441526754072e-17
5.738441648302398244e+04 4.672975261433200074e-17
6.368249944718585903e+04 3.857323706469449769e-17
7.067181273927491566e+04 3.175605633145108278e-17
7.842822061337680498e+04 2.601444178645559364e-17
8.703591361485165544e+04 2.117146071138518056e-17
9.658832241158708348e+04 1.713558640909048713e-17
1.071891319205127511e+05 1.381146206750772656e-17
1.189534067370319535e+05 1.105950384249080232e-17
1.320088400831418112e+05 8.809621448992411799e-18
1.464971398307286145e+05 6.982646854044573493e-18
1.625755666443794908e+05 5.508847059139283980e-18
1.804186409392071655e+05 4.329432003032250385e-18
2.002200371815584658e+05 3.392614584816632221e-18
2.221946860939523904e+05 2.652620536285200828e-18
2.465811075822604180e+05 2.070459913829346549e-18
2.736439997074671555e+05 1.615233940032155662e-18
3.036771118035460822e+05 1.258454615123421301e-18
3.370064329271928291e+05 9.789418093757365584e-19
3.739937302478798083e+05 7.597260090404519087e-19
4.150404757850476308e+05 5.865051214000593756e-19
4.605922041145108524e+05 4.491834623608371072e-19
5.111433483440171112e+05 3.388565775377478215e-19
5.672426068491977639e+05 2.520736474644835877e-19
6.294988990221888525e+05 1.824475860547094253e-19
6.985879746785250027e+05 1.280426222628314847e-19
7.752597488629464060e+05 8.478710665094022352e-20
8.603464416684507160e+05 5.284172739355857564e-20
9.547716114208066138e+05 3.011634866583908797e-20
1.059560179277617019e+06 1.521120417180582508e-20
1.175849554052158026e+06 6.606386965014764836e-21
1.304901978014401859e+06 2.466231025732759730e-21
1.448118227674532915e+06 8.254618313810005228e-22
1.607052818261638284e+06 2.630780615743315662e-22
1.783430876931909472e+06 8.895851320809781702e-23
1.979166867853557458e+06 3.797615339454546888e-23
2.196385372416546568e+06 2.208975449471074983e-23
2.437444150122222025e+06 1.551262410980427293e-23
2.704959730463137385e+06 1.161991797593338438e-23
3.001835813575591892e+06 8.849607707830622276e-24
3.331294787934676744e+06 6.759722202254896810e-24
3.696912707195031922e+06 5.163700822091810362e-24
4.102658105827190448e+06 3.943970756535303042e-24
4.552935074866947718e+06 3.012193371499165534e-24
5.052631065335679799e+06 2.299294533038238163e-24
5.607169938205458224e+06 1.753557008337922595e-24
6.222570836730230600e+06 1.335899956240585898e-24
6.905513520162330940e+06 1.016357806626746428e-24
7.663410868007462472e+06 7.719054215712979405e-25
8.504489341802684590e+06 5.852852712802569612e-25
9.437878277775391936e+06 4.427727712566038814e-25
1.047370897959450819e+07 3.341587849444364377e-25
1.162322468679854274e+07 2.515273592486070789e-25
1.289890261253307760e+07 1.887788455649275678e-25
1.431458937523478456e+07 1.411438092636613707e-25
1.588565129428052530e+07 1.051134169189737444e-25
1.762914118095947802e+07 7.798985384384078028e-26
1.956398343517064676e+07 5.755179677768192672e-26
2.171117945694505423e+07 4.223884858116747859e-26
2.409403560239527002e+07 3.080985535423543391e-26
2.673841615839949250e+07 2.231159847771556560e-26
2.967302408188872784e+07 1.602637607502939310e-26
3.292971255097155273e+07 1.140325099899871943e-26
3.654383070957254618e+07 8.024445064053549828e-27
4.055460735840827972e+07 5.575045421080381956e-27
4.500557675700496882e+07 3.815875215327271070e-27
4.994505115855139494e+07 2.563934071457726955e-27
5.542664520663107187e+07 1.686771725494654741e-27
6.150985788580504060e+07 1.080430614970105651e-27
6.826071834272393584e+07 6.700191823762232251e-28
7.575250258771920204e+07 3.988630742016942632e-28
8.406652885618332028e+07 2.257550139485346074e-28
9.329304026284696162e+07 1.200249635050973949e-28
1.035321843295663744e+08 5.916223289104716177e-29
1.148951000187308788e+08 2.677267891818332734e-29
1.275051240713012964e+08 1.091946473267881660e-29
1.414991297434575856e+08 3.503361132764365046e-30
1.570290124729377627e+08 3.429171770929328856e-31
