1.000000000000000000e+02 2.299083371598852095e-13
1.109752496412072134e+02 1.981611355558838395e-13
1.231550603292826196e+02 1.706264917285700791e-13
1.366716356462005990e+02 1.468252522717026163e-13
1.516716888470922413e+02 1.261978681390314840e-13
1.683180353330956791e+02 1.083670638756601558e-13
1.867913599020782840e+02 9.295771340584545040e-14
2.072921779595371845e+02 7.965428954851549565e-14
2.300430119772916839e+02 6.819234909221753453e-14
2.552908068239516410e+02 5.831127951016904151e-14
2.833096101839323637e+02 4.981988360514560541e-14
3.144035471591500368e+02 4.250449538193230884e-14
3.489101213406774491e+02 3.622311430678109276e-14
3.872038781812557318e+02 3.084044516943370331e-14
4.297004704320843871e+02 2.622632789015279832e-14
4.768611697714468960e+02 2.227955601439837938e-14
5.291978735958442712e+02 1.890412801632506795e-14
5.872786613189482523e+02 1.601942192195762848e-14
6.517339604882420190e+02 1.356413837831328350e-14
7.232633896483533817e+02 1.147248387989428623e-14
8.026433522257173081e+02 9.691144139151420725e-15
8.907354638610439679e+02 8.180520309232057119e-15
9.884959046625587007e+02 6.898628343201528230e-15
1.096985797892383971e+03 5.811266909913032843e-15
1.217382727739662187e+03 4.892447452201378397e-15
1.350993521198027793e+03 4.114969191594821195e-15
1.499268432786045423e+03 3.458715328201661775e-15
1.663816886076128640e+03 2.905097850023100022e-15
1.846424942895544291e+03 2.438279461312670414e-15
2.049074689815845886e+03 2.045533049379363065e-15
2.273965752357927613e+03 1.714775048885262167e-15
2.523539170434765765e+03 1.436812919031664993e-15
2.800503894183631019e+03 1.203360330548986087e-15
3.107866187782013640e+03 1.007141925144623527e-15
3.448962260405759935e+03 8.425595887326663627e-16
3.827494478516314757e+03 7.044824442998159496e-16
4.247571552536898707e+03 5.886624330704028777e-16
4.713753134116724141e+03 4.916841205371252161e-16
5.231099308056262998e+03 4.103741876355691839e-16
5.805225516094896193e+03 3.423489069944560050e-16
6.442363508721369726e+03 2.854800602698325798e-16
7.149428986597576113e+03 2.378426322502347105e-16
7.934096665797491369e+03 1.980903143952304837e-16
8.804883581643463913e+03 1.649054657808916150e-16
9.771241535346502133e+03 1.371790568430738769e-16
1.084365968689610963e+04 1.140531783811836825e-16
1.203377840777589154e+04 9.479345022232029627e-17
1.335451562929898682e+04 7.874948134277092245e-17
1.482020705798858762e+04 6.537637788959797777e-17
1.644676177994664249e+04 5.425579191294538566e-17
1.825183494319044257e+04 4.500375999641278326e-17
2.025501939230666540e+04 3.731409149090883835e-17
2.247805833548725059e+04 3.092466868865434519e-17
2.494508135230316839e+04 2.561656280888307917e-17
2.768286630392066581e+04 2.121153228664561507e-17
3.072112998861759115e+04 1.755205047849983127e-17
3.409285069746814406e+04 1.451909295919088838e-17
3.783462617131928710e+04 1.200338579413239736e-17
4.198707084443910571e+04 9.917340783734037448e-18
4.659525668664683326e+04 8.189949922860875938e-18
5.170920242896761192e+04 6.759162045152574247e-18
5.738441648302398244e+04 5.574526355150926790e-18
6.368249944718585903e+04 4.594439304806643419e-18
7.067181273927491566e+04 3.784328269845307964e-18
7.842822061337680498e+04 3.114823626314320849e-18
8.703591361485165544e+04 2.561533241297689542e-18
9.658832241158708348e+04 2.105059075293940031e-18
1.071891319205127511e+05 1.728558580809762729e-18
1.189534067370319535e+05 1.418108286634328547e-18
1.320088400831418112e+05 1.162485516051185614e-18
1.464971398307286145e+05 9.520687784958325495e-19
1.625755666443794908e+05 7.790335089284190838e-19
1.804186409392071655e+05 6.367618844647263524e-19
2.002200371815584658e+05 5.200611638060842208e-19
2.221946860939523904e+05 4.242584058754845432e-19
2.465811075822604180e+05 3.458217416850254901e-19
2.736439997074671555e+05 2.816213576665316248e-19
3.036771118035460822e+05 2.290966187222467546e-19
3.370064329271928291e+05 1.862385415144470747e-19
3.739937302478798083e+05 1.512440552031400004e-19
4.150404757850476308e+05 1.227237936764117358e-19
4.605922041145108524e+05 9.950364308492592885e-20
5.111433483440171112e+05 8.058939385348991358e-20
5.672426068491977639e+05 6.521698345010159864e-20
6.294988990221888525e+05 5.272975060005357003e-20
6.985879746785250027e+05 4.257928855221415989e-20
7.752597488629464060e+05 3.435652885982639206e-20
8.603464416684507160e+05 2.768687815080178918e-20
9.547716114208066138e+05 2.229234267370934088e-20
1.059560179277617019e+06 1.792761967788437284e-20
1.175849554052158026e+06 1.440000803006588281e-20
1.304901978014401859e+06 1.155360313977356270e-20
1.448118227674532915e+06 9.259294553946768728e-21
1.607052818261638284e+06 7.410619475425645956e-21
1.783430876931909472e+06 5.924082878711366078e-21
1.979166867853557458e+06 4.728808898203164790e-21
2.196385372416546568e+06 3.770150169952085826e-21
2.437444150122222025e+06 3.001998277634746853e-21
2.704959730463137385e+06 2.386389176450993839e-21
3.001835813575591892e+06 1.894709915854464164e-21
3.331294787934676744e+06 1.502055248154107673e-21
3.696912707195031922e+06 1.188839900366884721e-21
4.102658105827190448e+06 9.396308503268337580e-22
4.552935074866947718e+06 7.414512047484997526e-22
5.052631065335679799e+06 5.840155060310734798e-22
5.607169938205458224e+06 4.593240315558116701e-22
6.222570836730230600e+06 3.606267928535305515e-22
6.905513520162330940e+06 2.826761260612840420e-22
7.663410868007462472e+06 2.211554371755038623e-22
8.504489341802684590e+06 1.727304906923922332e-22
9.437878277775391936e+06 1.346467644009045349e-22
1.047370897959450819e+07 1.047719892965579097e-22
1.162322468679854274e+07 8.135670824250661910e-23
1.289890261253307760e+07 6.306927498125036196e-23
1.431458937523478456e+07 4.878601094433926101e-23
1.588565129428052530e+07 3.766246659844964720e-23
1.762914118095947802e+07 2.901307665922902323e-23
1.956398343517064676e+07 2.230762806613047144e-23
2.171117945694505423e+07 1.711866753879165052e-23
2.409403560239527002e+07 1.310495196590281047e-23
2.673841615839949250e+07 1.001152373946267674e-23
2.967302408188872784e+07 7.631638021865953837e-24
3.292971255097155273e+07 5.805707001557858760e-24
3.654383070957254618e+07 4.405980080099923471e-24
4.055460735840827972e+07 3.336126059171950871e-24
4.500557675700496882e+07 2.519923643507177482e-24
4.994505115855139494e+07 1.899352481798289450e-24
5.542664520663107187e+07 1.427961157841147748e-24
6.150985788580504060e+07 1.071132965849710171e-24
6.826071834272393584e+07 8.013827025999958487e-25
7.575250258771920204e+07 5.980624731521046257e-25
8.406652885618332028e+07 4.451605793723348752e-25
9.329304026284696162e+07 3.305105676710008462e-25
1.035321843295663744e+08 2.446555691100210100e-25
1.148951000187308788e+08 1.806009108350796994e-25
1.275051240713012964e+08 1.329331780194817443e-25
1.414991297434575856e+08 9.753135011858437829e-26
1.570290124729377627e+08 7.132743330622823348e-26
1.742633386009651124e+08 5.199614978202661834e-26
1.933891750455232263e+08 3.775793481353227441e-26
2.146141197858406007e+08 2.731968704185740465e-26
2.381685551976160705e+08 1.968271484704930263e-26
2.643081486974108517e+08 1.411896776367838490e-26
2.933166278390048146e+08 1.007896109033342689e-26
3.255088599835056663e+08 7.158053432745811833e-27
3.612342699709430337e+08 5.054154174224580494e-27
4.008806328898465633e+08 3.545634274909722073e-27
4.448782831127585173e+08 2.469894901306267667e-27
4.937047852839003801e+08 1.706543187817315946e-27
5.478901179593944550e+08 1.168180638895423710e-27
6.080224261649426222e+08 7.910206350021729057e-28
6.747544053110699654e+08 5.287996587261519844e-28
7.488103857590031624e+08 3.479845374913383355e-28
8.309941949353404045e+08 2.245926831261874734e-28
9.221978823334341049e+08 1.413516489153131009e-28
1.023411402105452657e+09 8.607597272967138526e-29
1.135733358343105316e+09 5.001606016606606228e-29
1.260382929679727316e+09 2.709074504202177463e-29
1.398713102647238731e+09 1.304063888184800661e-29
1.552225357427047968e+09 4.947307810147239087e-30
1.722585965398787737e+09 9.065344097103821598e-31
