1.000000000000000000e+02 7.201015372767189618e-12
1.109752496412072134e+02 6.040847086944388263e-12
1.231550603292826196e+02 5.048418553732511535e-12
1.366716356462005990e+02 4.212854735510673920e-12
1.516716888470922413e+02 3.512101864863743537e-12
1.683180353330956791e+02 2.918727252945108769e-12
1.867913599020782840e+02 2.423431012229111762e-12
2.072921779595371845e+02 2.004802992326727119e-12
2.300430119772916839e+02 1.656024357078794722e-12
2.552908068239516410e+02 1.364773274018375035e-12
2.833096101839323637e+02 1.122560078410946765e-12
3.144035471591500368e+02 9.186291442092708355e-13
3.489101213406774491e+02 7.536915963507827741e-13
3.872038781812557318e+02 6.125689393822194709e-13
4.297004704320843871e+02 5.009864800038379247e-13
4.768611697714468960e+02 4.043946050637739684e-13
5.291978735958442712e+02 3.290900238205354416e-13
5.872786613189482523e+02 2.642653082593743914e-13
6.517339604882420190e+02 2.137462839137733738e-13
7.232633896483533817e+02 1.707797270164943724e-13
8.026433522257173081e+02 1.372479414765780669e-13
8.907354638610439679e+02 1.090268889469465690e-13
9.884959046625587007e+02 8.703637899925139255e-14
1.096985797892383971e+03 6.869385364363806470e-14
1.217382727739662187e+03 5.445084201655042558e-14
1.350993521198027793e+03 4.264950091862903700e-14
1.499268432786045423e+03 3.356072788388776463e-14
1.663816886076128640e+03 2.604834814358969664e-14
1.846424942895544291e+03 2.035833731144535636e-14
2.049074689815845886e+03 1.564587684509350991e-14
2.273965752357927613e+03 1.209480216894405173e-14
2.523539170434765765e+03 9.290963873858858960e-15
2.800503894183631019e+03 7.053439653916943430e-15
3.107866187782013640e+03 5.412825409581135446e-15
3.448962260405759935e+03 4.072496727259812372e-15
3.827494478516314757e+03 3.068606775495688411e-15
4.247571552536898707e+03 2.318893658993423573e-15
4.713753134116724141e+03 1.731338291103128061e-15
5.231099308056262998e+03 1.292875143093873722e-15
5.805225516094896193e+03 9.629879303761683945e-16
6.442363508721369726e+03 7.155887098790831969e-16
7.149428986597576113e+03 5.307948058965351092e-16
7.934096665797491369e+03 3.930462169365196014e-16
8.804883581643463913e+03 2.906005388370143953e-16
9.771241535346502133e+03 2.144001559266846821e-16
1.084365968689610963e+04 1.577895907130605388e-16
1.203377840777589154e+04 1.157577209591447140e-16
1.335451562929898682e+04 8.446709792278070830e-17
1.482020705798858762e+04 6.121235715198350475e-17
1.644676177994664249e+04 4.393703310896800746e-17
1.825183494319044257e+04 3.117902230479905535e-17
2.025501939230666540e+04 2.178525695601452583e-17
2.247805833548725059e+04 1.492624566659511428e-17
2.494508135230316839e+04 1.000264533137631726e-17
2.768286630392066581e+04 6.530389357508659484e-18
3.072112998861759115e+04 4.149318066776770193e-18
3.409285069746814406e+04 2.543651002215580403e-18
3.783462617131928710e+04 1.511863498418283740e-18
4.198707084443910571e+04 8.705589672332236309e-19
4.659525668664683326e+04 4.838776245004403748e-19
5.170920242896761192e+04 2.583995522530737745e-19
5.738441648302398244e+04 1.306699750570669484e-19
6.368249944718585903e+04 6.137525031263521035e-20
7.067181273927491566e+04 2.704564014723944161e-20
7.842822061337680498e+04 1.202653810759075485e-20
8.703591361485165544e+04 6.091092404639322157e-21
9.658832241158708348e+04 3.728760913227297303e-21
1.071891319205127511e+05 2.645817082645518367e-21
1.189534067370319535e+05 2.018909275827182351e-21
1.320088400831418112e+05 1.581567745165809476e-21
1.464971398307286145e+05 1.249012334090419638e-21
1.625755666443794908e+05 9.877922639930431369e-22
1.804186409392071655e+05 7.807172659012754623e-22
2.002200371815584658e+05 6.163674019567747801e-22
2.221946860939523904e+05 4.860047605926980376e-22
2.465811075822604180e+05 3.827238524301111607e-22
2.736439997074671555e+05 3.009742454118714600e-22
3.036771118035460822e+05 2.363337842759189227e-22
3.370064329271928291e+05 1.853491714535959787e-22
3.739937302478798083e+05 1.451074997154309729e-22
4.150404757850476308e+05 1.134396380380054900e-22
4.605922041145108524e+05 8.852843854909735707e-23
5.111433483440171112e+05 6.896586865543787505e-23
5.672426068491977639e+05 5.362965041719792247e-23
6.294988990221888525e+05 4.162611751229716470e-23
6.985879746785250027e+05 3.224553994113331748e-23
7.752597488629464060e+05 2.492298595234016802e-23
8.603464416684507160e+05 1.921803144422973023e-23
9.547716114208066138e+05 1.478420705696376893e-23
1.059560179277617019e+06 1.134688424124843825e-23
1.175849554052158026e+06 8.686353210570018845e-24
1.304901978014401859e+06 6.629742671927225199e-24
1.448118227674532915e+06 5.044344519280929648e-24
1.607052818261638284e+06 3.825779885947547603e-24
1.783430876931909472e+06 2.891919382756532063e-24
1.979166867853557458e+06 2.178123337874775268e-24
2.196385372416546568e+06 1.633981253615211771e-24
2.437444150122222025e+06 1.220196890852554310e-24
2.704959730463137385e+06 9.068502845312014857e-25
3.001835813575591892e+06 6.710790173952119065e-25
3.331294787934676744e+06 4.934033071086983067e-25
3.696912707195031922e+06 3.607097324390873082e-25
4.102658105827190448e+06 2.618980325101775098e-25
4.552935074866947718e+06 1.887447420997465346e-25
5.052631065335679799e+06 1.349222429029594813e-25
5.607169938205458224e+06 9.555078728784891671e-26
6.222570836730230600e+06 6.694124075050594767e-26
6.905513520162330940e+06 4.632528129558539274e-26
7.663410868007462472e+06 3.161296594504562191e-26
8.504489341802684590e+06 2.120579797798886168e-26
9.437878277775391936e+06 1.394652772658167715e-26
1.047370897959450819e+07 8.943784412157092483e-27
1.162322468679854274e+07 5.562241275840777761e-27
1.289890261253307760e+07 3.321364490468062032e-27
1.431458937523478456e+07 1.881050704262396952e-27
1.588565129428052530e+07 9.891525906234569205e-28
1.762914118095947802e+07 4.662413199987256124e-28
1.956398343517064676e+07 1.841757491008126304e-28
2.171117945694505423e+07 5.214117876238724486e-29
2.409403560239527002e+07 5.805066432435928572e-30
