1.000000000000000000e+02 2.655130283976210483e-14
1.109752496412072134e+02 2.117074016226354695e-14
1.231550603292826196e+02 1.692643989941022925e-14
1.366716356462005990e+02 1.357066950789503056e-14
1.516716888470922413e+02 1.091197107347722580e-14
1.683180353330956791e+02 8.810485831270220747e-15
1.867913599020782840e+02 7.130511672013488250e-15
2.072921779595371845e+02 5.798116682437210458e-15
2.300430119772916839e+02 4.730900361715230870e-15
2.552908068239516410e+02 3.878039879800059480e-15
2.833096101839323637e+02 3.193638609524631449e-15
3.144035471591500368e+02 2.643186253054277877e-15
3.489101213406774491e+02 2.199025650721458020e-15
3.872038781812557318e+02 1.838207702478352833e-15
4.297004704320843871e+02 1.544135627234793128e-15
4.768611697714468960e+02 1.302597413057880438e-15
5.291978735958442712e+02 1.103485851558060308e-15
5.872786613189482523e+02 9.373237308920994601e-16
6.517339604882420190e+02 7.986497667929583804e-16
7.232633896483533817e+02 6.815201738022951148e-16
8.026433522257173081e+02 5.824601728626266089e-16
8.907354638610439679e+02 4.980730814561486452e-16
9.884959046625587007e+02 4.260905146434112478e-16
1.096985797892383971e+03 3.643767348688022874e-16
1.217382727739662187e+03 3.114133571341824225e-16
1.350993521198027793e+03 2.659460533359752119e-16
1.499268432786045423e+03 2.268571805846866116e-16
1.663816886076128640e+03 1.931877607374861648e-16
1.846424942895544291e+03 1.642986388481876197e-16
2.049074689815845886e+03 1.394762723411590910e-16
2.273965752357927613e+03 1.181449911326679563e-16
2.523539170434765765e+03 9.988345808868474041e-17
2.800503894183631019e+03 8.426374900087088567e-17
3.107866187782013640e+03 7.088549379360812183e-17
3.448962260405759935e+03 5.949264104512519224e-17
3.827494478516314757e+03 4.979016310728486417e-17
4.247571552536898707e+03 4.154423625119280779e-17
4.713753134116724141e+03 3.455165862820261775e-17
5.231099308056262998e+03 2.864373286472710461e-17
5.805225516094896193e+03 2.365391663039394884e-17
6.442363508721369726e+03 1.946816694959518249e-17
7.149428986597576113e+03 1.595670823327573764e-17
7.934096665797491369e+03 1.302717576829224707e-17
8.804883581643463913e+03 1.058849528746011235e-17
9.771241535346502133e+03 8.570386166435797553e-18
1.084365968689610963e+04 6.917620374983225102e-18
1.203377840777589154e+04 5.558920410090453226e-18
1.335451562929898682e+04 4.444423399596391793e-18
1.482020705798858762e+04 3.541479453550370741e-18
1.644676177994664249e+04 2.811887527979130977e-18
1.825183494319044257e+04 2.227008367887026616e-18
2.025501939230666540e+04 1.757318966248530173e-18
2.247805833548725059e+04 1.381949825375857016e-18
2.494508135230316839e+04 1.082423389578682496e-18
2.768286630392066581e+04 8.438459662896295370e-19
3.072112998861759115e+04 6.550265949054621984e-19
3.409285069746814406e+04 5.061287762228211465e-19
3.783462617131928710e+04 3.894605437168904627e-19
4.198707084443910571e+04 2.989537179160042725e-19
4.659525668664683326e+04 2.295752071683833291e-19
5.170920242896761192e+04 1.769970521212738770e-19
5.738441648302398244e+04 1.376234385944141799e-19
6.368249944718585903e+04 1.083049361482014171e-19
7.067181273927491566e+04 8.646028997627458036e-20
7.842822061337680498e+04 6.991538601089830925e-20
8.703591361485165544e+04 5.708816472769332649e-20
9.658832241158708348e+04 4.690089205706846806e-20
1.071891319205127511e+05 3.862832197261918858e-20
1.189534067370319535e+05 3.183823154969135802e-20
1.320088400831418112e+05 2.623304744242026641e-20
1.464971398307286145e+05 2.159118232725553021e-20
1.625755666443794908e+05 1.775576451784190612e-20
1.804186409392071655e+05 1.455520256259510881e-20
2.002200371815584658e+05 1.191458874536642013e-20
2.221946860939523904e+05 9.732115048370941376e-21
2.465811075822604180e+05 7.927326747388868684e-21
2.736439997074671555e+05 6.439955925639353069e-21
3.036771118035460822e+05 5.215154872731587451e-21
3.370064329271928291e+05 4.208581336413246929e-21
3.739937302478798083e+05 3.383430498972151272e-21
4.150404757850476308e+05 2.708620910482342387e-21
4.605922041145108524e+05 2.158449541643633675e-21
5.111433483440171112e+05 1.711378404128219122e-21
5.672426068491977639e+05 1.349539711599299682e-21
6.294988990221888525e+05 1.057933843450477383e-21
6.985879746785250027e+05 8.238005016227789125e-22
7.752597488629464060e+05 6.371742074916465709e-22
8.603464416684507160e+05 4.888525861809055907e-22
9.547716114208066138e+05 3.719285211243135157e-22
1.059560179277617019e+06 2.799625621850659759e-22
1.175849554052158026e+06 2.094069910445227110e-22
1.304901978014401859e+06 1.547660452815706708e-22
1.448118227674532915e+06 1.132476917477703114e-22
1.607052818261638284e+06 8.200880543919678967e-23
1.783430876931909472e+06 5.880474162180121789e-23
1.979166867853557458e+06 4.180770087175754561e-23
2.196385372416546568e+06 2.949094967308468204e-23
2.437444150122222025e+06 2.068404331762296471e-23
2.704959730463137385e+06 1.446544124570153237e-23
3.001835813575591892e+06 1.007921680538299202e-23
3.331294787934676744e+06 6.992708818055357255e-24
3.696912707195031922e+06 4.817905137945851843e-24
4.102658105827190448e+06 3.275275949174710246e-24
4.552935074866947718e+06 2.182877692622480316e-24
5.052631065335679799e+06 1.411071097720445537e-24
5.607169938205458224e+06 8.757582112197031350e-25
6.222570836730230600e+06 5.158840886450390588e-25
6.905513520162330940e+06 2.855617057440288086e-25
7.663410868007462472e+06 1.482599760693793319e-25
8.504489341802684590e+06 7.339586513692061455e-26
9.437878277775391936e+06 3.636623356643098895e-26
1.047370897959450819e+07 1.906688626153035251e-26
1.162322468679854274e+07 9.965130119025168522e-27
1.289890261253307760e+07 4.274594043755082300e-27
1.431458937523478456e+07 7.999965041283617890e-28
1.588565129428052530e+07 5.764369852899030328e-29
1.762914118095947802e+07 2.312783350649529893e-30
1.956398343517064676e+07 5.795489763502150306e-32
2.171117945694505423e+07 9.667869653482474149e-34
2.409403560239527002e+07 1.111077188975517818e-35
2.673841615839949250e+07 8.935509324738184120e-38
2.967302408188872784e+07 5.038110776316578064e-40
3.292971255097155273e+07 1.971988048216208520e-42
3.654383070957254618e+07 5.217128873350348880e-45
4.055460735840827972e+07 8.956333280701775434e-48
4.500557675700496882e+07 9.336635567956096326e-51
4.994505115855139494e+07 5.299692821685564561e-54
5.542664520663107187e+07 1.330101001307842524e-57
6.150985788580504060e+07 8.132338505737121350e-62
