1.000000000000000000e+02 2.108533015396718979e-13
1.109752496412072134e+02 1.769555402389420862e-13
1.231550603292826196e+02 1.478788147238391735e-13
1.366716356462005990e+02 1.232853864049198115e-13
1.516716888470922413e+02 1.021872956889128019e-13
1.683180353330956791e+02 8.427267087263735509e-14
1.867913599020782840e+02 6.933159294484832653e-14
2.072921779595371845e+02 5.665103883632419163e-14
2.300430119772916839e+02 4.600161946561807956e-14
2.552908068239516410e+02 3.727236485998863605e-14
2.833096101839323637e+02 2.996653365767320740e-14
3.144035471591500368e+02 2.394663344856430800e-14
3.489101213406774491e+02 1.905643425574401133e-14
3.872038781812557318e+02 1.507972232641741817e-14
4.297004704320843871e+02 1.185190471858138266e-14
4.768611697714468960e+02 9.275923266953292638e-15
5.291978735958442712e+02 7.222837034364245342e-15
5.872786613189482523e+02 5.601774870697027457e-15
6.517339604882420190e+02 4.331426074230998052e-15
7.232633896483533817e+02 3.340602582480848249e-15
8.026433522257173081e+02 2.577161016265214235e-15
8.907354638610439679e+02 1.982134023971617051e-15
9.884959046625587007e+02 1.529380060703663142e-15
1.096985797892383971e+03 1.183448809879213315e-15
1.217382727739662187e+03 9.200791922082596156e-16
1.350993521198027793e+03 7.187533706054074351e-16
1.499268432786045423e+03 5.621285234093510219e-16
1.663816886076128640e+03 4.420761020939614479e-16
1.846424942895544291e+03 3.488088934534225598e-16
2.049074689815845886e+03 2.755352382481762975e-16
2.273965752357927613e+03 2.176269303173271718e-16
2.523539170434765765e+03 1.711421064827788722e-16
2.800503894183631019e+03 1.340092124054691471e-16
3.107866187782013640e+03 1.041834254753336219e-16
3.448962260405759935e+03 8.024290193969864252e-17
3.827494478516314757e+03 6.111133339508823948e-17
4.247571552536898707e+03 4.594615657707661021e-17
4.713753134116724141e+03 3.409414653060687318e-17
5.231099308056262998e+03 2.498327430450813540e-17
5.805225516094896193e+03 1.814465123480629990e-17
6.442363508721369726e+03 1.315037446087886072e-17
7.149428986597576113e+03 9.612685929319004661e-18
7.934096665797491369e+03 7.172600292277026661e-18
8.804883581643463913e+03 5.518738941364212335e-18
9.771241535346502133e+03 4.391031947994580320e-18
1.084365968689610963e+04 3.591915711039627203e-18
1.203377840777589154e+04 2.991475708949952750e-18
1.335451562929898682e+04 2.517045306348762432e-18
1.482020705798858762e+04 2.128836584593481920e-18
1.644676177994664249e+04 1.804846151502424828e-18
1.825183494319044257e+04 1.531680018074579666e-18
2.025501939230666540e+04 1.300031624321622169e-18
2.247805833548725059e+04 1.103390854867775183e-18
2.494508135230316839e+04 9.360542664521359531e-19
2.768286630392066581e+04 7.939432655595741953e-19
3.072112998861759115e+04 6.730665038670786719e-19
3.409285069746814406e+04 5.703516156039265693e-19
3.783462617131928710e+04 4.830872987931501211e-19
4.198707084443910571e+04 4.089526812076022016e-19
4.659525668664683326e+04 3.460500687373861459e-19
5.170920242896761192e+04 2.926349979827669587e-19
5.738441648302398244e+04 2.473165413275088365e-19
6.368249944718585903e+04 2.088905455042087397e-19
7.067181273927491566e+04 1.763127338242235867e-19
7.842822061337680498e+04 1.486999209530194583e-19
8.703591361485165544e+04 1.253192646735781396e-19
9.658832241158708348e+04 1.055329263585695176e-19
1.071891319205127511e+05 8.879134974544524260e-20
1.189534067370319535e+05 7.464163202948938661e-20
1.320088400831418112e+05 6.268501730290918747e-20
1.464971398307286145e+05 5.258926562762503559e-20
1.625755666443794908e+05 4.407532586872098877e-20
1.804186409392071655e+05 3.689744157427379224e-20
2.002200371815584658e+05 3.084903523821759906e-20
2.221946860939523904e+05 2.576348138292369212e-20
2.465811075822604180e+05 2.148880480467492111e-20
2.736439997074671555e+05 1.789828135653168429e-20
3.036771118035460822e+05 1.488460085606345699e-20
3.370064329271928291e+05 1.236209399487793078e-20
3.739937302478798083e+05 1.024906514890174735e-20
4.150404757850476308e+05 8.481353429497753747e-21
4.605922041145108524e+05 7.005784199927651072e-21
5.111433483440171112e+05 5.774381095042465324e-21
5.672426068491977639e+05 4.748765001520499855e-21
6.294988990221888525e+05 3.896228796464219950e-21
6.985879746785250027e+05 3.188001613029403907e-21
7.752597488629464060e+05 2.602241552585510584e-21
8.603464416684507160e+05 2.117234593770418566e-21
9.547716114208066138e+05 1.717514997366285696e-21
1.059560179277617019e+06 1.388683983541055084e-21
1.175849554052158026e+06 1.118912470952450743e-21
1.304901978014401859e+06 8.975648885258751807e-22
1.448118227674532915e+06 7.168669268553752852e-22
1.607052818261638284e+06 5.698667025362068001e-22
1.783430876931909472e+06 4.509238569590290319e-22
1.979166867853557458e+06 3.551053487034677130e-22
2.196385372416546568e+06 2.782163270622622485e-22
2.437444150122222025e+06 2.165104499146755754e-22
2.704959730463137385e+06 1.674437342152989752e-22
3.001835813575591892e+06 1.287091225792462558e-22
3.331294787934676744e+06 9.823714261360273023e-23
3.696912707195031922e+06 7.442775662344761108e-23
4.102658105827190448e+06 5.595390252383233689e-23
4.552935074866947718e+06 4.172866337467557419e-23
5.052631065335679799e+06 3.086870945126459521e-23
5.607169938205458224e+06 2.263735169092461029e-23
6.222570836730230600e+06 1.643309207930021396e-23
6.905513520162330940e+06 1.179775405522375646e-23
7.663410868007462472e+06 8.363282408544069395e-24
8.504489341802684590e+06 5.832025600005529099e-24
9.437878277775391936e+06 3.982860840213731521e-24
1.047370897959450819e+07 2.644817187354993216e-24
1.162322468679854274e+07 1.690455119256250954e-24
1.289890261253307760e+07 1.024672734396540376e-24
1.431458937523478456e+07 5.766747665393173109e-25
1.588565129428052530e+07 2.909299712711279955e-25
1.762914118095947802e+07 1.239933000267348995e-25
1.956398343517064676e+07 4.007298846823461101e-26
2.171117945694505423e+07 8.413323981429772471e-27
2.409403560239527002e+07 1.627066234047421764e-27
2.673841615839949250e+07 2.705128225682606463e-28
