1.000000000000000000e+02 4.005501620431271023e-12
1.109752496412072134e+02 3.452696572364641001e-12
1.231550603292826196e+02 2.974712630902863294e-12
1.366716356462005990e+02 2.560617952425135306e-12
1.516716888470922413e+02 2.203299765026014889e-12
1.683180353330956791e+02 1.894347250126770204e-12
1.867913599020782840e+02 1.627459131244094138e-12
2.072921779595371845e+02 1.397275379338771971e-12
2.300430119772916839e+02 1.198834957764629988e-12
2.552908068239516410e+02 1.027514825363241229e-12
2.833096101839323637e+02 8.801854690438793570e-13
3.144035471591500368e+02 7.532815933837749809e-13
3.489101213406774491e+02 6.441250651152502321e-13
3.872038781812557318e+02 5.503555373486576925e-13
4.297004704320843871e+02 4.698423665710975168e-13
4.768611697714468960e+02 4.007453095840890872e-13
5.291978735958442712e+02 3.415322839792214063e-13
5.872786613189482523e+02 2.908011539672133904e-13
6.517339604882420190e+02 2.474178006316800414e-13
7.232633896483533817e+02 2.103216489212798416e-13
8.026433522257173081e+02 1.786207343922524714e-13
8.907354638610439679e+02 1.515649729662553017e-13
9.884959046625587007e+02 1.285217298216609865e-13
1.096985797892383971e+03 1.088905751918592719e-13
1.217382727739662187e+03 9.218523109247272701e-14
1.350993521198027793e+03 7.799214539960395659e-14
1.499268432786045423e+03 6.594228204481598355e-14
1.663816886076128640e+03 5.571017676722001764e-14
1.846424942895544291e+03 4.704328410571263361e-14
2.049074689815845886e+03 3.969822285107747699e-14
2.273965752357927613e+03 3.347664477360355085e-14
2.523539170434765765e+03 2.821394270597720598e-14
2.800503894183631019e+03 2.376619778057895993e-14
3.107866187782013640e+03 2.000454811373671732e-14
3.448962260405759935e+03 1.683078763341965634e-14
3.827494478516314757e+03 1.415011651159075803e-14
4.247571552536898707e+03 1.188972011942439367e-14
4.713753134116724141e+03 9.982356549784253436e-15
5.231099308056262998e+03 8.375464105454888626e-15
5.805225516094896193e+03 7.022243588897456088e-15
6.442363508721369726e+03 5.883494625468725801e-15
7.149428986597576113e+03 4.924941973826374114e-15
7.934096665797491369e+03 4.119345789213526327e-15
8.804883581643463913e+03 3.442726428691427754e-15
9.771241535346502133e+03 2.874400775345296434e-15
1.084365968689610963e+04 2.398326305351762878e-15
1.203377840777589154e+04 1.999323305996027721e-15
1.335451562929898682e+04 1.664870179224534683e-15
1.482020705798858762e+04 1.385413472473000180e-15
1.644676177994664249e+04 1.151894897374248643e-15
1.825183494319044257e+04 9.569171231543921706e-16
2.025501939230666540e+04 7.942139208284130360e-16
2.247805833548725059e+04 6.587060686855930831e-16
2.494508135230316839e+04 5.458856659259286164e-16
2.768286630392066581e+04 4.520712006850099786e-16
3.072112998861759115e+04 3.740916957475685443e-16
3.409285069746814406e+04 3.093239281655533650e-16
3.783462617131928710e+04 2.552428601018590117e-16
4.198707084443910571e+04 2.110410951089635314e-16
4.659525668664683326e+04 1.741200040126448847e-16
5.170920242896761192e+04 1.435531604324903620e-16
5.738441648302398244e+04 1.182574987004258404e-16
6.368249944718585903e+04 9.733877074562687265e-17
7.067181273927491566e+04 8.006049007228178284e-17
7.842822061337680498e+04 6.578596948956394318e-17
8.703591361485165544e+04 5.400641475233486299e-17
9.658832241158708348e+04 4.429174417506748793e-17
1.071891319205127511e+05 3.629071697737465879e-17
1.189534067370319535e+05 2.970025373769949956e-17
1.320088400831418112e+05 2.427611465246260447e-17
1.464971398307286145e+05 1.982133526935786041e-17
1.625755666443794908e+05 1.616283175362187256e-17
1.804186409392071655e+05 1.316200920684017675e-17
2.002200371815584658e+05 1.070185691050184697e-17
2.221946860939523904e+05 8.690342050129007660e-18
2.465811075822604180e+05 7.045571900793142496e-18
2.736439997074671555e+05 5.703909966340653969e-18
3.036771118035460822e+05 4.610805015234100486e-18
3.370064329271928291e+05 3.721634085297994968e-18
3.739937302478798083e+05 2.999934848798311131e-18
4.150404757850476308e+05 2.413771124861075213e-18
4.605922041145108524e+05 1.939627006230049778e-18
5.111433483440171112e+05 1.555791440587367078e-18
5.672426068491977639e+05 1.245780734264513627e-18
6.294988990221888525e+05 9.958210392390071229e-19
6.985879746785250027e+05 7.944285721071639180e-19
7.752597488629464060e+05 6.323307869759690702e-19
8.603464416684507160e+05 5.022672380709820548e-19
9.547716114208066138e+05 3.980735244732684313e-19
1.059560179277617019e+06 3.145695296197875874e-19
1.175849554052158026e+06 2.479797938115923985e-19
1.304901978014401859e+06 1.949547989087764254e-19
1.448118227674532915e+06 1.528055141914488240e-19
1.607052818261638284e+06 1.194045665607373943e-19
1.783430876931909472e+06 9.299272335858089670e-20
1.979166867853557458e+06 7.219653029878999908e-20
2.196385372416546568e+06 5.583541193785696855e-20
2.437444150122222025e+06 4.301964685054472415e-20
2.704959730463137385e+06 3.300949217348146932e-20
3.001835813575591892e+06 2.522795342397346282e-20
3.331294787934676744e+06 1.919362520028658810e-20
3.696912707195031922e+06 1.453418020595238461e-20
4.102658105827190448e+06 1.094091976516238391e-20
4.552935074866947718e+06 8.192942505822087641e-21
5.052631065335679799e+06 6.098037792618961011e-21
5.607169938205458224e+06 4.508568134650975589e-21
6.222570836730230600e+06 3.309334154928689335e-21
6.905513520162330940e+06 2.409838139779202659e-21
7.663410868007462472e+06 1.741992746705389125e-21
8.504489341802684590e+06 1.245984379611595589e-21
9.437878277775391936e+06 8.867776703460585637e-22
1.047370897959450819e+07 6.213479343982391965e-22
1.162322468679854274e+07 4.305844589253888108e-22
1.289890261253307760e+07 2.939589605442438194e-22
1.431458937523478456e+07 1.974875149203358468e-22
1.588565129428052530e+07 1.306380765800067656e-22
1.762914118095947802e+07 8.521124634812116511e-23
1.956398343517064676e+07 5.516743645963581267e-23
2.171117945694505423e+07 3.578736132057581983e-23
2.409403560239527002e+07 2.339618375569201103e-23
2.673841615839949250e+07 1.546473617701392915e-23
2.967302408188872784e+07 1.029734132365761294e-23
3.292971255097155273e+07 6.846925881520347720e-24
3.654383070957254618e+07 4.517045090568631420e-24
4.055460735840827972e+07 2.973276070136244819e-24
4.500557675700496882e+07 1.994308948023060889e-24
4.994505115855139494e+07 1.392763011705537614e-24
5.542664520663107187e+07 1.021416479037415877e-24
6.150985788580504060e+07 7.755252473397801499e-25
6.826071834272393584e+07 5.994597637451959236e-25
7.575250258771920204e+07 4.653465285171694419e-25
8.406652885618332028e+07 3.609703538129692052e-25
9.329304026284696162e+07 2.787826419166416862e-25
1.035321843295663744e+08 2.141615602022800325e-25
1.148951000187308788e+08 1.632974574559300191e-25
1.275051240713012964e+08 1.233688271991230989e-25
1.414991297434575856e+08 9.225090542144290683e-26
1.570290124729377627e+08 6.790774076404576825e-26
1.742633386009651124e+08 4.910799673305452671e-26
1.933891750455232263e+08 3.451474068113251432e-26
2.146141197858406007e+08 2.331135411932908127e-26
2.381685551976160705e+08 1.481563642690761640e-26
2.643081486974108517e+08 8.533743478727480245e-27
2.933166278390048146e+08 4.161628758829203295e-27
3.255088599835056663e+08 1.559479302302093779e-27
3.612342699709430337e+08 4.400026236633678803e-28
4.008806328898465633e+08 1.379577614565310330e-29
4.448782831127585173e+08 8.994226729987525103e-32
4.937047852839003801e+08 3.786894594793195416e-34
5.478901179593944550e+08 1.097149260349492493e-36
6.080224261649426222e+08 2.256928995929819364e-39
6.747544053110699654e+08 3.339009475256723916e-42
7.488103857590031624e+08 3.548825796109863978e-45
8.309941949353404045e+08 2.662449037764230137e-48
9.221978823334341049e+08 1.360471851935400967e-51
1.023411402105452657e+09 4.465952980564335897e-55
1.135733358343105316e+09 8.483041330268741605e-59
1.260382929679727316e+09 7.427681380128220928e-63
1.398713102647238731e+09 1.107146516021549207e-67
