1.000000000000000000e+02 6.103667131909135864e-13
1.109752496412072134e+02 5.157729813513071450e-13
1.231550603292826196e+02 4.353518979013153001e-13
1.366716356462005990e+02 3.670538899086435256e-13
1.516716888470922413e+02 3.089834358831966595e-13
1.683180353330956791e+02 2.596762129998117631e-13
1.867913599020782840e+02 2.178676394474736233e-13
2.072921779595371845e+02 1.823766079041656494e-13
2.300430119772916839e+02 1.523080808049628075e-13
2.552908068239516410e+02 1.268667679616992454e-13
2.833096101839323637e+02 1.053491049049638858e-13
3.144035471591500368e+02 8.718516669928893465e-14
3.489101213406774491e+02 7.187682832850184624e-14
3.872038781812557318e+02 5.901068587927475479e-14
4.297004704320843871e+02 4.815768882872934190e-14
4.768611697714468960e+02 3.904642259493530657e-14
5.291978735958442712e+02 3.143615220172525284e-14
5.872786613189482523e+02 2.508374730252466994e-14
6.517339604882420190e+02 1.981488871622897966e-14
7.232633896483533817e+02 1.547211458126575931e-14
8.026433522257173081e+02 1.192219768197142648e-14
8.907354638610439679e+02 9.055654491456124736e-15
9.884959046625587007e+02 6.771217439751648519e-15
1.096985797892383971e+03 4.984421374348510144e-15
1.217382727739662187e+03 3.622297227949161442e-15
1.350993521198027793e+03 2.612449389222533985e-15
1.499268432786045423e+03 1.893744212023673078e-15
1.663816886076128640e+03 1.398799316547219612e-15
1.846424942895544291e+03 1.066418013856153703e-15
2.049074689815845886e+03 8.421497063816925788e-16
2.273965752357927613e+03 6.834327340848201240e-16
2.523539170434765765e+03 5.640839181954957383e-16
2.800503894183631019e+03 4.698514376529656221e-16
3.107866187782013640e+03 3.929811751534526384e-16
3.448962260405759935e+03 3.293519351304214012e-16
3.827494478516314757e+03 2.761400683558266410e-16
4.247571552536898707e+03 2.315098730164280502e-16
4.713753134116724141e+03 1.939781929670097763e-16
5.231099308056262998e+03 1.624887155686203213e-16
5.805225516094896193e+03 1.360140862804348890e-16
6.442363508721369726e+03 1.137892176657619260e-16
7.149428986597576113e+03 9.514658248705562029e-17
7.934096665797491369e+03 7.951174059624301634e-17
8.804883581643463913e+03 6.639703759284958931e-17
9.771241535346502133e+03 5.541063988008837743e-17
1.084365968689610963e+04 4.620734504214104224e-17
1.203377840777589154e+04 3.850357890171472746e-17
1.335451562929898682e+04 3.205935399740318848e-17
1.482020705798858762e+04 2.666897758989396942e-17
1.644676177994664249e+04 2.216701307264238030e-17
1.825183494319044257e+04 1.841119870998210601e-17
2.025501939230666540e+04 1.527448598883201968e-17
2.247805833548725059e+04 1.265903229859095698e-17
2.494508135230316839e+04 1.048177205035312153e-17
2.768286630392066581e+04 8.668928259447375699e-18
3.072112998861759115e+04 7.161865572697007845e-18
3.409285069746814406e+04 5.910296006729716609e-18
3.783462617131928710e+04 4.870592910058409519e-18
4.198707084443910571e+04 4.009631437974307425e-18
4.659525668664683326e+04 3.296359559377761955e-18
5.170920242896761192e+04 2.706418714336513095e-18
5.738441648302398244e+04 2.219536110289176144e-18
6.368249944718585903e+04 1.817925364996143155e-18
7.067181273927491566e+04 1.486703563891114074e-18
7.842822061337680498e+04 1.214448614446844928e-18
8.703591361485165544e+04 9.909110237917734262e-19
9.658832241158708348e+04 8.073515295624323481e-19
1.071891319205127511e+05 6.570949347808219008e-19
1.189534067370319535e+05 5.340789660702862327e-19
1.320088400831418112e+05 4.337527071503549361e-19
1.464971398307286145e+05 3.518397902861453380e-19
1.625755666443794908e+05 2.850354194485139706e-19
1.804186409392071655e+05 2.306694862633916906e-19
2.002200371815584658e+05 1.864422083540471139e-19
2.221946860939523904e+05 1.505047425745765267e-19
2.465811075822604180e+05 1.213491408135333451e-19
2.736439997074671555e+05 9.772035607664989437e-20
3.036771118035460822e+05 7.858146268707574927e-20
3.370064329271928291e+05 6.310566779926759493e-20
3.739937302478798083e+05 5.061457581699441715e-20
4.150404757850476308e+05 4.054855520325199545e-20
4.605922041145108524e+05 3.243003797551777898e-20
5.111433483440171112e+05 2.590145514963303547e-20
5.672426068491977639e+05 2.065919136968715196e-20
6.294988990221888525e+05 1.645327980978479731e-20
6.985879746785250027e+05 1.308547044008699091e-20
7.752597488629464060e+05 1.039140872835413939e-20
8.603464416684507160e+05 8.240436563395176267e-21
9.547716114208066138e+05 6.523882505401155856e-21
1.059560179277617019e+06 5.157985094890761481e-21
1.175849554052158026e+06 4.071309224062866481e-21
1.304901978014401859e+06 3.209019121215955473e-21
1.448118227674532915e+06 2.525581975648612200e-21
1.607052818261638284e+06 1.984599160342132365e-21
1.783430876931909472e+06 1.556984562573659610e-21
1.979166867853557458e+06 1.219469551678196668e-21
2.196385372416546568e+06 9.536205303825111350e-22
2.437444150122222025e+06 7.446203421194557177e-22
2.704959730463137385e+06 5.804216001493817267e-22
3.001835813575591892e+06 4.517121340824364002e-22
3.331294787934676744e+06 3.509307908796151272e-22
3.696912707195031922e+06 2.722017552282936395e-22
4.102658105827190448e+06 2.107687233266623748e-22
4.552935074866947718e+06 1.629301820150480102e-22
5.052631065335679799e+06 1.257286232181387234e-22
5.607169938205458224e+06 9.683693366270330654e-23
6.222570836730230600e+06 7.445177492952642981e-23
6.905513520162330940e+06 5.713483659919810059e-23
7.663410868007462472e+06 4.376533112885508501e-23
8.504489341802684590e+06 3.346203075660670236e-23
9.437878277775391936e+06 2.553051408259783462e-23
1.047370897959450819e+07 1.944147276807738824e-23
1.162322468679854274e+07 1.477812193207279832e-23
1.289890261253307760e+07 1.120833851812699412e-23
1.431458937523478456e+07 8.483090241442236262e-24
1.588565129428052530e+07 6.406509998625044901e-24
1.762914118095947802e+07 4.827758123577204708e-24
1.956398343517064676e+07 3.630060909250586273e-24
2.171117945694505423e+07 2.723252390982556094e-24
2.409403560239527002e+07 2.038281999525727943e-24
2.673841615839949250e+07 1.521989961971159609e-24
2.967302408188872784e+07 1.133824484455655120e-24
3.292971255097155273e+07 8.425317584924308770e-25
3.654383070957254618e+07 6.245029623126250655e-25
4.055460735840827972e+07 4.616452826892495994e-25
4.500557675700496882e+07 3.403877844476581691e-25
4.994505115855139494e+07 2.502724435240238537e-25
5.542664520663107187e+07 1.834834856912668990e-25
6.150985788580504060e+07 1.341157462174640606e-25
6.826071834272393584e+07 9.772445757527541961e-26
7.575250258771920204e+07 7.098004445977160704e-26
8.406652885618332028e+07 5.137779597326822677e-26
9.329304026284696162e+07 3.705038062049780596e-26
1.035321843295663744e+08 2.660990999924407557e-26
1.148951000187308788e+08 1.903186969758407665e-26
1.275051240713012964e+08 1.354767195989275890e-26
1.414991297434575856e+08 9.594109046788691609e-27
1.570290124729377627e+08 6.755283710795461380e-27
1.742633386009651124e+08 4.725272834696272955e-27
1.933891750455232263e+08 3.280864079840345862e-27
2.146141197858406007e+08 2.258330356676995815e-27
2.381685551976160705e+08 1.538946630664252088e-27
2.643081486974108517e+08 1.036072003848433380e-27
2.933166278390048146e+08 6.873708238938471339e-28
3.255088599835056663e+08 4.477914175858528865e-28
3.612342699709430337e+08 2.850278446651124160e-28
4.008806328898465633e+08 1.760186493754926060e-28
4.448782831127585173e+08 1.042948043194456063e-28
4.937047852839003801e+08 5.822518768661842714e-29
5.478901179593944550e+08 2.968557022399950069e-29
6.080224261649426222e+08 1.296875786317171164e-29
6.747544053110699654e+08 4.179830172598260953e-30
7.488103857590031624e+08 4.388399852308090656e-31
