1.000000000000000000e+02 1.443003544121953293e-14
1.109752496412072134e+02 1.226504194940304278e-14
1.231550603292826196e+02 1.043075366636625213e-14
1.366716356462005990e+02 8.870829851643197118e-15
1.516716888470922413e+02 7.548003373938127515e-15
1.683180353330956791e+02 6.423947302198909031e-15
1.867913599020782840e+02 5.465770899395802265e-15
2.072921779595371845e+02 4.647797996841947493e-15
2.300430119772916839e+02 3.949011924768385998e-15
2.552908068239516410e+02 3.352492025947559802e-15
2.833096101839323637e+02 2.840947192058041327e-15
3.144035471591500368e+02 2.403463407243867502e-15
3.489101213406774491e+02 2.029527769701769235e-15
3.872038781812557318e+02 1.707987405833418969e-15
4.297004704320843871e+02 1.433297318566504769e-15
4.768611697714468960e+02 1.198115737914892725e-15
5.291978735958442712e+02 9.972399603492683794e-16
5.872786613189482523e+02 8.259860458492891883e-16
6.517339604882420190e+02 6.801398663377978209e-16
7.232633896483533817e+02 5.564639890296892983e-16
8.026433522257173081e+02 4.519634484542277680e-16
8.907354638610439679e+02 3.639434438287242010e-16
9.884959046625587007e+02 2.902372053557088395e-16
1.096985797892383971e+03 2.289027589644914066e-16
1.217382727739662187e+03 1.782657025882574823e-16
1.350993521198027793e+03 1.368402015577786519e-16
1.499268432786045423e+03 1.033440460998146198e-16
1.663816886076128640e+03 7.664921829839895189e-17
1.846424942895544291e+03 5.573935269492079996e-17
2.049074689815845886e+03 3.968526894532033201e-17
2.273965752357927613e+03 2.762377039718954151e-17
2.523539170434765765e+03 1.878097241752091075e-17
2.800503894183631019e+03 1.246163924692583650e-17
3.107866187782013640e+03 8.070497901309217237e-18
3.448962260405759935e+03 5.098455845701484919e-18
3.827494478516314757e+03 3.147878688353565147e-18
4.247571552536898707e+03 1.905311064806941553e-18
4.713753134116724141e+03 1.136689998702154672e-18
5.231099308056262998e+03 6.737305832589353214e-19
5.805225516094896193e+03 4.015338354846100386e-19
6.442363508721369726e+03 2.441131816528400283e-19
7.149428986597576113e+03 1.537080261052481268e-19
7.934096665797491369e+03 1.013087986360562169e-19
8.804883581643463913e+03 7.001825342185057538e-20
9.771241535346502133e+03 5.046021038057242236e-20
1.084365968689610963e+04 3.761174363964691656e-20
1.203377840777589154e+04 2.853461520496069871e-20
1.335451562929898682e+04 2.194782679498679560e-20
1.482020705798858762e+04 1.694927910437028209e-20
1.644676177994664249e+04 1.318456303876426346e-20
1.825183494319044257e+04 1.027804887101973826e-20
2.025501939230666540e+04 7.982059197073375691e-21
2.247805833548725059e+04 6.132639844066793555e-21
2.494508135230316839e+04 4.636995743752444394e-21
2.768286630392066581e+04 3.400805935036983208e-21
3.072112998861759115e+04 2.417423288587985306e-21
3.409285069746814406e+04 1.649419481149345051e-21
3.783462617131928710e+04 1.095477239910531320e-21
4.198707084443910571e+04 7.372751915361506507e-22
4.659525668664683326e+04 5.255551126408207533e-22
5.170920242896761192e+04 3.959897165423599497e-22
5.738441648302398244e+04 3.058668607453647341e-22
6.368249944718585903e+04 2.379678218965722595e-22
7.067181273927491566e+04 1.853615612778629868e-22
7.842822061337680498e+04 1.443162508806011466e-22
8.703591361485165544e+04 1.122676127485830318e-22
9.658832241158708348e+04 8.726203091708723845e-23
1.071891319205127511e+05 6.775817437105462881e-23
1.189534067370319535e+05 5.256172955892541179e-23
1.320088400831418112e+05 4.072680203688366711e-23
1.464971398307286145e+05 3.152360646153425506e-23
1.625755666443794908e+05 2.437348097065013908e-23
1.804186409392071655e+05 1.882400286571044273e-23
2.002200371815584658e+05 1.452125199618336526e-23
2.221946860939523904e+05 1.119095051333843797e-23
2.465811075822604180e+05 8.615108556927947489e-24
2.736439997074671555e+05 6.625588304905786352e-24
3.036771118035460822e+05 5.090113052545971796e-24
3.370064329271928291e+05 3.907521412410597805e-24
3.739937302478798083e+05 2.997488068224995662e-24
4.150404757850476308e+05 2.297895085545126825e-24
4.605922041145108524e+05 1.760055331735313819e-24
5.111433483440171112e+05 1.347123688981232111e-24
5.672426068491977639e+05 1.029894525495709990e-24
6.294988990221888525e+05 7.864035210542810266e-25
6.985879746785250027e+05 5.998150046769727519e-25
7.752597488629464060e+05 4.568163331563825785e-25
8.603464416684507160e+05 3.473488349701426826e-25
9.547716114208066138e+05 2.636474967093742913e-25
1.059560179277617019e+06 1.996979383108183621e-25
1.175849554052158026e+06 1.509594514298070852e-25
1.304901978014401859e+06 1.138560393379945745e-25
1.448118227674532915e+06 8.566380265838611748e-26
1.607052818261638284e+06 6.427883482610944034e-26
1.783430876931909472e+06 4.809072213092609023e-26
1.979166867853557458e+06 3.585728393557980113e-26
2.196385372416546568e+06 2.663515320087647321e-26
2.437444150122222025e+06 1.970712179584743512e-26
2.704959730463137385e+06 1.452011404079968698e-26
3.001835813575591892e+06 1.065048124222960310e-26
3.331294787934676744e+06 7.777477904674524601e-27
3.696912707195031922e+06 5.644189263291582610e-27
4.102658105827190448e+06 4.069805368172193180e-27
4.552935074866947718e+06 2.916695446708583568e-27
5.052631065335679799e+06 2.074779582631488077e-27
5.607169938205458224e+06 1.463836665354258373e-27
6.222570836730230600e+06 1.023299365017626963e-27
6.905513520162330940e+06 7.080121714194769016e-28
7.663410868007462472e+06 4.845003603629616654e-28
8.504489341802684590e+06 3.275155570879990943e-28
9.437878277775391936e+06 2.181890595457880912e-28
1.047370897959450819e+07 1.430362670063540828e-28
1.162322468679854274e+07 9.206488472709164271e-29
1.289890261253307760e+07 5.801794346838808658e-29
1.431458937523478456e+07 3.567504661674732232e-29
1.588565129428052530e+07 2.132059004940782121e-29
1.762914118095947802e+07 1.229745280353131283e-29
1.956398343517064676e+07 6.804962091768649902e-30
2.171117945694505423e+07 3.564817231396521362e-30
2.409403560239527002e+07 1.738309771257009355e-30
2.673841615839949250e+07 7.656867424249662955e-31
2.967302408188872784e+07 2.891301377023139179e-31
3.292971255097155273e+07 8.483434851212335831e-32
3.654383070957254618e+07 1.595749473294054369e-32
4.055460735840827972e+07 1.539660208674046250e-33
