1.000000000000000000e+02 6.938298778179753492e-12
1.109752496412072134e+02 5.827680815293128141e-12
1.231550603292826196e+02 4.891546148109693070e-12
1.366716356462005990e+02 4.095307298879205310e-12
1.516716888470922413e+02 3.425779684921418922e-12
1.683180353330956791e+02 2.861148979137598617e-12
1.867913599020782840e+02 2.386716179812772241e-12
2.072921779595371845e+02 1.989858884490741901e-12
2.300430119772916839e+02 1.656402550476701146e-12
2.552908068239516410e+02 1.379730197591781921e-12
2.833096101839323637e+02 1.147130244167922422e-12
3.144035471591500368e+02 9.550284218662483833e-13
3.489101213406774491e+02 7.937999982319743544e-13
3.872038781812557318e+02 6.605477414937127694e-13
4.297004704320843871e+02 5.489749861424527101e-13
4.768611697714468960e+02 4.566518621059728815e-13
5.291978735958442712e+02 3.794782608497977721e-13
5.872786613189482523e+02 3.155425032882946289e-13
6.517339604882420190e+02 2.619371143711664469e-13
7.232633896483533817e+02 2.174609800893113123e-13
8.026433522257173081e+02 1.801746309716023546e-13
8.907354638610439679e+02 1.492027849343272237e-13
9.884959046625587007e+02 1.232670353759905437e-13
1.096985797892383971e+03 1.016804131619760746e-13
1.217382727739662187e+03 8.365245856877600929e-14
1.350993521198027793e+03 6.867723284065610844e-14
1.499268432786045423e+03 5.622543660555715136e-14
1.663816886076128640e+03 4.590446770808037704e-14
1.846424942895544291e+03 3.736595441050453381e-14
2.049074689815845886e+03 3.032806217540392007e-14
2.273965752357927613e+03 2.455301050851003037e-14
2.523539170434765765e+03 1.981686676975186093e-14
2.800503894183631019e+03 1.594633343510095437e-14
3.107866187782013640e+03 1.282369502363989238e-14
3.448962260405759935e+03 1.028783022112062004e-14
3.827494478516314757e+03 8.241960734527039418e-15
4.247571552536898707e+03 6.600708974382782717e-15
4.713753134116724141e+03 5.282807597413063177e-15
5.231099308056262998e+03 4.234584824006431457e-15
5.805225516094896193e+03 3.395406548139054165e-15
6.442363508721369726e+03 2.727404580450488553e-15
7.149428986597576113e+03 2.197197791556843316e-15
7.934096665797491369e+03 1.773453293995524923e-15
8.804883581643463913e+03 1.437573429668625548e-15
9.771241535346502133e+03 1.166674542106849527e-15
1.084365968689610963e+04 9.507833990429687596e-16
1.203377840777589154e+04 7.761093358427705992e-16
1.335451562929898682e+04 6.353068927360999854e-16
1.482020705798858762e+04 5.206505829147706230e-16
1.644676177994664249e+04 4.268600970846525853e-16
1.825183494319044257e+04 3.502963294646045534e-16
2.025501939230666540e+04 2.873346243250997973e-16
2.247805833548725059e+04 2.353864521655451754e-16
2.494508135230316839e+04 1.923475634356143311e-16
2.768286630392066581e+04 1.567470430461450181e-16
3.072112998861759115e+04 1.273653828755745125e-16
3.409285069746814406e+04 1.030900883514529493e-16
3.783462617131928710e+04 8.298466002098423608e-17
4.198707084443910571e+04 6.645186029079455171e-17
4.659525668664683326e+04 5.289757026216218817e-17
5.170920242896761192e+04 4.182297453459778545e-17
5.738441648302398244e+04 3.286514373837621846e-17
6.368249944718585903e+04 2.558312993170006677e-17
7.067181273927491566e+04 1.977788778919160311e-17
7.842822061337680498e+04 1.516492091277456411e-17
8.703591361485165544e+04 1.153424618467390534e-17
9.658832241158708348e+04 8.708598730638826813e-18
1.071891319205127511e+05 6.534765599052246410e-18
1.189534067370319535e+05 4.877950450853260773e-18
1.320088400831418112e+05 3.634008956287938729e-18
1.464971398307286145e+05 2.708068705091909064e-18
1.625755666443794908e+05 2.025699438151891964e-18
1.804186409392071655e+05 1.525076565522041829e-18
2.002200371815584658e+05 1.157583214006170083e-18
2.221946860939523904e+05 8.863559913239054113e-19
2.465811075822604180e+05 6.843669193391188350e-19
2.736439997074671555e+05 5.319543442929986496e-19
3.036771118035460822e+05 4.151587743976776235e-19
3.370064329271928291e+05 3.248383458813578736e-19
3.739937302478798083e+05 2.543523578382736282e-19
4.150404757850476308e+05 1.989755274613281781e-19
4.605922041145108524e+05 1.555293456537684462e-19
5.111433483440171112e+05 1.213060957326205276e-19
5.672426068491977639e+05 9.441626202686421247e-20
6.294988990221888525e+05 7.326616424421623827e-20
6.985879746785250027e+05 5.673608538733803151e-20
7.752597488629464060e+05 4.377693452762563974e-20
8.603464416684507160e+05 3.368465788178917294e-20
9.547716114208066138e+05 2.582326913874036046e-20
1.059560179277617019e+06 1.972265759932433637e-20
1.175849554052158026e+06 1.499855025477606483e-20
1.304901978014401859e+06 1.135050146610108015e-20
1.448118227674532915e+06 8.552506752224540454e-21
1.607052818261638284e+06 6.412101779030876893e-21
1.783430876931909472e+06 4.773103519378858165e-21
1.979166867853557458e+06 3.532090987375890860e-21
2.196385372416546568e+06 2.596936686483482598e-21
2.437444150122222025e+06 1.895220347298720914e-21
2.704959730463137385e+06 1.372709465007828324e-21
3.001835813575591892e+06 9.866866093926414924e-22
3.331294787934676744e+06 7.018040368019167373e-22
3.696912707195031922e+06 4.943680470100981795e-22
4.102658105827190448e+06 3.440014918477394232e-22
4.552935074866947718e+06 2.365794300832947869e-22
5.052631065335679799e+06 1.602152828589293386e-22
5.607169938205458224e+06 1.066352416467902436e-22
6.222570836730230600e+06 6.966875489855357334e-23
6.905513520162330940e+06 4.462804452612757267e-23
7.663410868007462472e+06 2.814294640731510071e-23
8.504489341802684590e+06 1.755125943239724067e-23
9.437878277775391936e+06 1.085935022811958080e-23
1.047370897959450819e+07 6.714482001683064771e-24
1.162322468679854274e+07 4.199314904997911011e-24
1.289890261253307760e+07 2.657000361830035425e-24
1.431458937523478456e+07 1.703789082196964625e-24
1.588565129428052530e+07 1.098388231199047514e-24
1.762914118095947802e+07 7.109065327635994589e-25
1.956398343517064676e+07 4.585515686706362171e-25
2.171117945694505423e+07 2.934349490829351505e-25
2.409403560239527002e+07 1.855021423028841011e-25
2.673841615839949250e+07 1.154562793524748051e-25
2.967302408188872784e+07 7.060331244399711456e-26
3.292971255097155273e+07 4.222503293530961101e-26
3.654383070957254618e+07 2.454687606134017959e-26
4.055460735840827972e+07 1.378757078165270143e-26
4.500557675700496882e+07 7.379114539227178657e-27
4.994505115855139494e+07 3.655427973090390238e-27
5.542664520663107187e+07 1.573586569814408161e-27
6.150985788580504060e+07 5.029112174727643677e-28
6.826071834272393584e+07 6.526871180563553924e-29
7.575250258771920204e+07 2.579311011515591248e-31
8.406652885618332028e+07 4.404869260381513357e-56
9.329304026284696162e+07 3.529494218905001928e-70
1.035321843295663744e+08 9.274271966005271950e-84
1.148951000187308788e+08 8.086350871685135950e-102
1.275051240713012964e+08 1.164463528505415358e-132
