1.000000000000000000e+02 5.555013097715960082e-11
1.109752496412072134e+02 4.931752362026549458e-11
1.231550603292826196e+02 4.377930164623754193e-11
1.366716356462005990e+02 3.885174577790255487e-11
1.516716888470922413e+02 3.446944937506598174e-11
1.683180353330956791e+02 3.057307969901066114e-11
1.867913599020782840e+02 2.711174611170652219e-11
2.072921779595371845e+02 2.403522973698297477e-11
2.300430119772916839e+02 2.130133756970072961e-11
2.552908068239516410e+02 1.887321793391153404e-11
2.833096101839323637e+02 1.671562094361122405e-11
3.144035471591500368e+02 1.480044227087302547e-11
3.489101213406774491e+02 1.310124614837630983e-11
3.872038781812557318e+02 1.159218461027402408e-11
4.297004704320843871e+02 1.025348427601408233e-11
4.768611697714468960e+02 9.066003053573008762e-12
5.291978735958442712e+02 8.012833341003308011e-12
5.872786613189482523e+02 7.079648416839066297e-12
6.517339604882420190e+02 6.251729508033030600e-12
7.232633896483533817e+02 5.518980813108125618e-12
8.026433522257173081e+02 4.869177578601803964e-12
8.907354638610439679e+02 4.294326274289495686e-12
9.884959046625587007e+02 3.785241001037849849e-12
1.096985797892383971e+03 3.334554080195483555e-12
1.217382727739662187e+03 2.936307154249799135e-12
1.350993521198027793e+03 2.583806974368675748e-12
1.499268432786045423e+03 2.272341202323522749e-12
1.663816886076128640e+03 1.997304765175022841e-12
1.846424942895544291e+03 1.754083303673008491e-12
2.049074689815845886e+03 1.539657191868245411e-12
2.273965752357927613e+03 1.350326823485615817e-12
2.523539170434765765e+03 1.183325972687735814e-12
2.800503894183631019e+03 1.036231440659989015e-12
3.107866187782013640e+03 9.064718512335608881e-13
3.448962260405759935e+03 7.924624631939624738e-13
3.827494478516314757e+03 6.920748191253776855e-13
4.247571552536898707e+03 6.036369591382669090e-13
4.713753134116724141e+03 5.262338838502390135e-13
5.231099308056262998e+03 4.580022935766019396e-13
5.805225516094896193e+03 3.982238842563593732e-13
6.442363508721369726e+03 3.458590227904034268e-13
7.149428986597576113e+03 2.999777871855499308e-13
7.934096665797491369e+03 2.597540791454210505e-13
8.804883581643463913e+03 2.247773942547156179e-13
9.771241535346502133e+03 1.940597875253184583e-13
1.084365968689610963e+04 1.673447685660063582e-13
1.203377840777589154e+04 1.440198756159839486e-13
1.335451562929898682e+04 1.237917479319291132e-13
1.482020705798858762e+04 1.062198801248287662e-13
1.644676177994664249e+04 9.090698562986766312e-14
1.825183494319044257e+04 7.770512645057841451e-14
2.025501939230666540e+04 6.626092873861629371e-14
2.247805833548725059e+04 5.636995041307199946e-14
2.494508135230316839e+04 4.788718726091742939e-14
2.768286630392066581e+04 4.052649399976580813e-14
3.072112998861759115e+04 3.424772591027757176e-14
3.409285069746814406e+04 2.882997054987022534e-14
3.783462617131928710e+04 2.424403981533778890e-14
4.198707084443910571e+04 2.028481281554310731e-14
4.659525668664683326e+04 1.695175245523344026e-14
5.170920242896761192e+04 1.411100639949256479e-14
5.738441648302398244e+04 1.170343933514222535e-14
6.368249944718585903e+04 9.679253795488393805e-15
7.067181273927491566e+04 7.976427882037650310e-15
7.842822061337680498e+04 6.544292360494936910e-15
8.703591361485165544e+04 5.352558187085479113e-15
9.658832241158708348e+04 4.358582595848219772e-15
1.071891319205127511e+05 3.535565029066518100e-15
1.189534067370319535e+05 2.856849307988696169e-15
1.320088400831418112e+05 2.299933478887972805e-15
1.464971398307286145e+05 1.843741814993506025e-15
1.625755666443794908e+05 1.474632437768903372e-15
1.804186409392071655e+05 1.172710015213068447e-15
2.002200371815584658e+05 9.316600205909625579e-16
2.221946860939523904e+05 7.357354258442670789e-16
2.465811075822604180e+05 5.814149824989541728e-16
2.736439997074671555e+05 4.570735607831171103e-16
3.036771118035460822e+05 3.588374189040860318e-16
3.370064329271928291e+05 2.810289896762378150e-16
3.739937302478798083e+05 2.191455109368300263e-16
4.150404757850476308e+05 1.706320696226527453e-16
4.605922041145108524e+05 1.318949531943117400e-16
5.111433483440171112e+05 1.014456777495533528e-16
5.672426068491977639e+05 7.763488265301204622e-17
6.294988990221888525e+05 5.893107831556820420e-17
6.985879746785250027e+05 4.410100781137143114e-17
7.752597488629464060e+05 3.267280033936070527e-17
8.603464416684507160e+05 2.379185283668472481e-17
9.547716114208066138e+05 1.714948510928671204e-17
1.059560179277617019e+06 1.212556043119224045e-17
1.175849554052158026e+06 8.416681620088669847e-18
1.304901978014401859e+06 5.730624634008581875e-18
1.448118227674532915e+06 3.812040592586742923e-18
1.607052818261638284e+06 2.495248688566657462e-18
1.783430876931909472e+06 1.610771137879866786e-18
1.979166867853557458e+06 1.029616291815059154e-18
2.196385372416546568e+06 6.580115892668067520e-19
2.437444150122222025e+06 4.234480540478893939e-19
2.704959730463137385e+06 2.757438210382795271e-19
3.001835813575591892e+06 1.806326998011707320e-19
3.331294787934676744e+06 1.178940157230818327e-19
3.696912707195031922e+06 7.524350050930523030e-20
4.102658105827190448e+06 4.610207453301840361e-20
4.552935074866947718e+06 2.696132779453497581e-20
5.052631065335679799e+06 1.553790752089764537e-20
5.607169938205458224e+06 9.501823400300038062e-21
6.222570836730230600e+06 6.422066549840697591e-21
6.905513520162330940e+06 4.703417884520030475e-21
7.663410868007462472e+06 3.576084411188199947e-21
8.504489341802684590e+06 2.750204351562203180e-21
9.437878277775391936e+06 2.116962246361503416e-21
1.047370897959450819e+07 1.626009475924268622e-21
1.162322468679854274e+07 1.244410524261047050e-21
1.289890261253307760e+07 9.491646884282888355e-22
1.431458937523478456e+07 7.209142477411627860e-22
1.588565129428052530e+07 5.448539282917878044e-22
1.762914118095947802e+07 4.096275865230055908e-22
1.956398343517064676e+07 3.066914905497830761e-22
2.171117945694505423e+07 2.276984893946203931e-22
2.409403560239527002e+07 1.680533218732005407e-22
2.673841615839949250e+07 1.230452681696991604e-22
2.967302408188872784e+07 8.932290730291691635e-23
3.292971255097155273e+07 6.416245793188672192e-23
3.654383070957254618e+07 4.557208966648744227e-23
4.055460735840827972e+07 3.193750460290295379e-23
4.500557675700496882e+07 2.204199238411443690e-23
4.994505115855139494e+07 1.494086823303974490e-23
5.542664520663107187e+07 9.905225694829849538e-24
6.150985788580504060e+07 6.396148113312913148e-24
6.826071834272393584e+07 3.992701476751436003e-24
7.575250258771920204e+07 2.393242568618843714e-24
8.406652885618332028e+07 1.361585854282828795e-24
9.329304026284696162e+07 7.250065235791656110e-25
1.035321843295663744e+08 3.543652250251206535e-25
1.148951000187308788e+08 1.542530554803578046e-25
1.275051240713012964e+08 5.525150265475904184e-26
1.414991297434575856e+08 1.149796898396673998e-26
1.570290124729377627e+08 7.608177565391970850e-29
1.742633386009651124e+08 9.017049842144737053e-41
