1.000000000000000000e+02 6.642387765391624960e-13
1.109752496412072134e+02 5.789485730365012833e-13
1.231550603292826196e+02 5.039652578156089563e-13
1.366716356462005990e+02 4.383665386985880898e-13
1.516716888470922413e+02 3.808089681761729148e-13
1.683180353330956791e+02 3.305218324381094791e-13
1.867913599020782840e+02 2.864600610307485672e-13
2.072921779595371845e+02 2.480245154933340601e-13
2.300430119772916839e+02 2.144509942746830285e-13
2.552908068239516410e+02 1.852595593652507478e-13
2.833096101839323637e+02 1.597694909731964823e-13
3.144035471591500368e+02 1.376727869797087732e-13
3.489101213406774491e+02 1.184395944628300276e-13
3.872038781812557318e+02 1.017856186690540321e-13
4.297004704320843871e+02 8.734665845079393046e-14
4.768611697714468960e+02 7.487462553595611995e-14
5.291978735958442712e+02 6.409327085046658689e-14
5.872786613189482523e+02 5.480389151817098232e-14
6.517339604882420190e+02 4.680108973194365017e-14
7.232633896483533817e+02 3.991719627445249202e-14
8.026433522257173081e+02 3.401982279270673812e-14
8.907354638610439679e+02 2.895095420811781815e-14
9.884959046625587007e+02 2.462442022586323969e-14
1.096985797892383971e+03 2.091449907279320689e-14
1.217382727739662187e+03 1.775732788937428632e-14
1.350993521198027793e+03 1.506045489305561437e-14
1.499268432786045423e+03 1.276722300397678851e-14
1.663816886076128640e+03 1.081383224856683501e-14
1.846424942895544291e+03 9.156171132003154925e-15
2.049074689815845886e+03 7.747816853463708688e-15
2.273965752357927613e+03 6.586162933185555212e-15
2.523539170434765765e+03 5.539052591582524666e-15
2.800503894183631019e+03 4.679959917695587845e-15
3.107866187782013640e+03 3.952317218557193131e-15
3.448962260405759935e+03 3.335950617711019099e-15
3.827494478516314757e+03 2.814291314376300124e-15
4.247571552536898707e+03 2.372679425052954493e-15
4.713753134116724141e+03 1.999196484388964974e-15
5.231099308056262998e+03 1.683463877758458677e-15
5.805225516094896193e+03 1.416608970106855101e-15
6.442363508721369726e+03 1.191263249376174477e-15
7.149428986597576113e+03 1.001064375631875555e-15
7.934096665797491369e+03 8.405928087998342219e-16
8.804883581643463913e+03 7.052910933320572214e-16
9.771241535346502133e+03 5.914533601597702305e-16
1.084365968689610963e+04 4.956207153831320166e-16
1.203377840777589154e+04 4.149830952710868488e-16
1.335451562929898682e+04 3.473268025055253784e-16
1.482020705798858762e+04 2.904655663891577006e-16
1.644676177994664249e+04 2.427969828031550767e-16
1.825183494319044257e+04 2.028333303759189947e-16
2.025501939230666540e+04 1.693961221901553152e-16
2.247805833548725059e+04 1.413870004865258353e-16
2.494508135230316839e+04 1.179668110141504383e-16
2.768286630392066581e+04 9.838535284028684229e-17
3.072112998861759115e+04 8.202298177340767506e-17
3.409285069746814406e+04 6.835161468889517103e-17
3.783462617131928710e+04 5.694405173970961963e-17
4.198707084443910571e+04 4.741294921989221072e-17
4.659525668664683326e+04 3.946549824386447690e-17
5.170920242896761192e+04 3.283436409001634223e-17
5.738441648302398244e+04 2.730191460778210339e-17
6.368249944718585903e+04 2.268911381865964703e-17
7.067181273927491566e+04 1.884647086185338032e-17
7.842822061337680498e+04 1.564322226386275169e-17
8.703591361485165544e+04 1.297692219372417698e-17
9.658832241158708348e+04 1.075709694336872126e-17
1.071891319205127511e+05 8.910628414853366178e-18
1.189534067370319535e+05 7.374404842151273730e-18
1.320088400831418112e+05 6.098310187030386317e-18
1.464971398307286145e+05 5.038703382311826636e-18
1.625755666443794908e+05 4.158937577769403661e-18
1.804186409392071655e+05 3.429766816076321873e-18
2.002200371815584658e+05 2.825704688582052768e-18
2.221946860939523904e+05 2.325584909466980429e-18
2.465811075822604180e+05 1.912208387390272000e-18
2.736439997074671555e+05 1.570993766839502251e-18
3.036771118035460822e+05 1.289549184195699249e-18
3.370064329271928291e+05 1.057668251947650447e-18
3.739937302478798083e+05 8.669936067235395086e-19
4.150404757850476308e+05 7.103259738671544276e-19
4.605922041145108524e+05 5.816457092711691032e-19
5.111433483440171112e+05 4.759733235983864689e-19
5.672426068491977639e+05 3.892676503943483995e-19
6.294988990221888525e+05 3.181505751071516995e-19
6.985879746785250027e+05 2.598326136595887098e-19
7.752597488629464060e+05 2.120595485129235593e-19
8.603464416684507160e+05 1.729269459665396584e-19
9.547716114208066138e+05 1.409173987933818328e-19
1.059560179277617019e+06 1.147253508835032767e-19
1.175849554052158026e+06 9.331563004930218069e-20
1.304901978014401859e+06 7.583577253747852520e-20
1.448118227674532915e+06 6.156828158527482000e-20
1.607052818261638284e+06 4.993547823923096542e-20
1.783430876931909472e+06 4.045589816447090055e-20
1.979166867853557458e+06 3.274006929547271831e-20
2.196385372416546568e+06 2.646480811756504725e-20
2.437444150122222025e+06 2.136565123234385777e-20
2.704959730463137385e+06 1.722611197936358787e-20
3.001835813575591892e+06 1.387018267515152166e-20
3.331294787934676744e+06 1.115291055102368761e-20
3.696912707195031922e+06 8.953527333065097141e-21
4.102658105827190448e+06 7.177566750204623797e-21
4.552935074866947718e+06 5.744403230386367031e-21
5.052631065335679799e+06 4.589196974102407053e-21
5.607169938205458224e+06 3.659946055279397157e-21
6.222570836730230600e+06 2.913281570828396939e-21
6.905513520162330940e+06 2.314156954180841996e-21
7.663410868007462472e+06 1.834356456443001715e-21
8.504489341802684590e+06 1.450744444585151969e-21
9.437878277775391936e+06 1.144560993583608776e-21
1.047370897959450819e+07 9.007311426301234943e-22
1.162322468679854274e+07 7.069192399045993744e-22
1.289890261253307760e+07 5.532507801989561474e-22
1.431458937523478456e+07 4.316594598970406602e-22
1.588565129428052530e+07 3.356776562847006859e-22
1.762914118095947802e+07 2.601075422566059850e-22
1.956398343517064676e+07 2.007777979761764653e-22
2.171117945694505423e+07 1.543548120954386115e-22
2.409403560239527002e+07 1.181477381076443191e-22
2.673841615839949250e+07 9.000288226621260738e-23
2.967302408188872784e+07 6.818647907142463190e-23
3.292971255097155273e+07 5.133367109817657085e-23
3.654383070957254618e+07 3.843068903513727270e-23
4.055460735840827972e+07 2.851511153331186430e-23
4.500557675700496882e+07 2.099146523301080569e-23
4.994505115855139494e+07 1.531422479431120256e-23
5.542664520663107187e+07 1.104611515468039323e-23
6.150985788580504060e+07 7.870127560655133440e-24
6.826071834272393584e+07 5.521372477493458960e-24
7.575250258771920204e+07 3.805153155389144819e-24
8.406652885618332028e+07 2.566488938531624117e-24
9.329304026284696162e+07 1.684106620131929822e-24
1.035321843295663744e+08 1.068915052937029842e-24
1.148951000187308788e+08 6.497784983131002722e-25
1.275051240713012964e+08 3.729655034134101585e-25
1.414991297434575856e+08 1.982440382478265152e-25
1.570290124729377627e+08 9.484750214345718298e-26
1.742633386009651124e+08 3.941078185407364391e-26
1.933891750455232263e+08 1.371431859656593639e-26
2.146141197858406007e+08 3.535355211767617574e-27
2.381685551976160705e+08 5.802027809790438770e-29
2.643081486974108517e+08 8.465786270479221954e-47
