1.000000000000000000e+02 4.093634132222973375e-13
1.109752496412072134e+02 3.555125425315019400e-13
1.231550603292826196e+02 3.085852999367145377e-13
1.366716356462005990e+02 2.676639748213919097e-13
1.516716888470922413e+02 2.320402051696712792e-13
1.683180353330956791e+02 2.009733233629878096e-13
1.867913599020782840e+02 1.739981961187547040e-13
2.072921779595371845e+02 1.504791985500686314e-13
2.300430119772916839e+02 1.300874638184941434e-13
2.552908068239516410e+02 1.123272313945185016e-13
2.833096101839323637e+02 9.694120119298243197e-14
3.144035471591500368e+02 8.356720700315803926e-14
3.489101213406774491e+02 7.198640429896772662e-14
3.872038781812557318e+02 6.193277836876310165e-14
4.297004704320843871e+02 5.324429899016656917e-14
4.768611697714468960e+02 4.571937669828882976e-14
5.291978735958442712e+02 3.922732163097237982e-14
5.872786613189482523e+02 3.360749543348750313e-14
6.517339604882420190e+02 2.876855012720802011e-14
7.232633896483533817e+02 2.459048741284075578e-14
8.026433522257173081e+02 2.100199454850927168e-14
8.907354638610439679e+02 1.790868456383207774e-14
9.884959046625587007e+02 1.526055250511699457e-14
1.096985797892383971e+03 1.297912127005920474e-14
1.217382727739662187e+03 1.103308353470470802e-14
1.350993521198027793e+03 9.361928046766626991e-15
1.499268432786045423e+03 7.936533010444893744e-15
1.663816886076128640e+03 6.720527160669553668e-15
1.846424942895544291e+03 5.684430669533704942e-15
2.049074689815845886e+03 4.802688834416445038e-15
2.273965752357927613e+03 4.053785176838655727e-15
2.523539170434765765e+03 3.418485813209885302e-15
2.800503894183631019e+03 2.880328847221421085e-15
3.107866187782013640e+03 2.424839950906746488e-15
3.448962260405759935e+03 2.039826619534724388e-15
3.827494478516314757e+03 1.714922268517355308e-15
4.247571552536898707e+03 1.440770231763036575e-15
4.713753134116724141e+03 1.209781805047482897e-15
5.231099308056262998e+03 1.015206694390263361e-15
5.805225516094896193e+03 8.515036761506118686e-16
6.442363508721369726e+03 7.138594092859788567e-16
7.149428986597576113e+03 5.981045061324044784e-16
7.934096665797491369e+03 5.008477514534879070e-16
8.804883581643463913e+03 4.192231744339322056e-16
9.771241535346502133e+03 3.506606806974333446e-16
1.084365968689610963e+04 2.931318794793201487e-16
1.203377840777589154e+04 2.452537656772435499e-16
1.335451562929898682e+04 2.044918325015805185e-16
1.482020705798858762e+04 1.705904168785493327e-16
1.644676177994664249e+04 1.422349707093275921e-16
1.825183494319044257e+04 1.185118813003317992e-16
2.025501939230666540e+04 9.865048265561092160e-17
2.247805833548725059e+04 8.206945101286537538e-17
2.494508135230316839e+04 6.822664337404077641e-17
2.768286630392066581e+04 5.667867288508015421e-17
3.072112998861759115e+04 4.704457219668166805e-17
3.409285069746814406e+04 3.903057217685208931e-17
3.783462617131928710e+04 3.235620538359442764e-17
4.198707084443910571e+04 2.680394475397775606e-17
4.659525668664683326e+04 2.219425192872327503e-17
5.170920242896761192e+04 1.836623939811574690e-17
5.738441648302398244e+04 1.518750802312156496e-17
6.368249944718585903e+04 1.255408548616149563e-17
7.067181273927491566e+04 1.037105517988790177e-17
7.842822061337680498e+04 8.563068715706373479e-18
8.703591361485165544e+04 7.066321169782768265e-18
9.658832241158708348e+04 5.828527314502355551e-18
1.071891319205127511e+05 4.804934958806612985e-18
1.189534067370319535e+05 3.958384790530868073e-18
1.320088400831418112e+05 3.259173307140108835e-18
1.464971398307286145e+05 2.681670453663393094e-18
1.625755666443794908e+05 2.205191508531343039e-18
1.804186409392071655e+05 1.811883927227083521e-18
2.002200371815584658e+05 1.487860837819873918e-18
2.221946860939523904e+05 1.220542212015695830e-18
2.465811075822604180e+05 1.000602864545184666e-18
2.736439997074671555e+05 8.195675657584080726e-19
3.036771118035460822e+05 6.707148091518051816e-19
3.370064329271928291e+05 5.482683994496606481e-19
3.739937302478798083e+05 4.478508414431548275e-19
4.150404757850476308e+05 3.654761946029548420e-19
4.605922041145108524e+05 2.980116297231486021e-19
5.111433483440171112e+05 2.427784787913226266e-19
5.672426068491977639e+05 1.976365967060586278e-19
6.294988990221888525e+05 1.607812353956544289e-19
6.985879746785250027e+05 1.306811472485775845e-19
7.752597488629464060e+05 1.061273355670804885e-19
8.603464416684507160e+05 8.613475015438447141e-20
9.547716114208066138e+05 6.983740303576389379e-20
1.059560179277617019e+06 5.657483177584235918e-20
1.175849554052158026e+06 4.578462332910942521e-20
1.304901978014401859e+06 3.701808666689577825e-20
1.448118227674532915e+06 2.989775954527980730e-20
1.607052818261638284e+06 2.411771660371474603e-20
1.783430876931909472e+06 1.943627704896875696e-20
1.979166867853557458e+06 1.564108261259647483e-20
2.196385372416546568e+06 1.257158339033473385e-20
2.437444150122222025e+06 1.008998129583310614e-20
2.704959730463137385e+06 8.087212168303738443e-21
3.001835813575591892e+06 6.470829238180800894e-21
3.331294787934676744e+06 5.169542081921369979e-21
3.696912707195031922e+06 4.123226443133886235e-21
4.102658105827190448e+06 3.281124719592543736e-21
4.552935074866947718e+06 2.606807469198777250e-21
5.052631065335679799e+06 2.066565548139648081e-21
5.607169938205458224e+06 1.633930478997474231e-21
6.222570836730230600e+06 1.289160352070490042e-21
6.905513520162330940e+06 1.014395497513658763e-21
7.663410868007462472e+06 7.956229076595925336e-22
8.504489341802684590e+06 6.224853370464246454e-22
9.437878277775391936e+06 4.853519281665599946e-22
1.047370897959450819e+07 3.771025016867454411e-22
1.162322468679854274e+07 2.920789519148977670e-22
1.289890261253307760e+07 2.253818154513097078e-22
1.431458937523478456e+07 1.734376008458682998e-22
1.588565129428052530e+07 1.328893703220799737e-22
1.762914118095947802e+07 1.014587464222774152e-22
1.956398343517064676e+07 7.712298884526000138e-23
2.171117945694505423e+07 5.841455680319756509e-23
2.409403560239527002e+07 4.398590835937656300e-23
2.673841615839949250e+07 3.292764487477493713e-23
2.967302408188872784e+07 2.450300001610663485e-23
3.292971255097155273e+07 1.812845615487323973e-23
3.654383070957254618e+07 1.334779846278920017e-23
4.055460735840827972e+07 9.788298267877591498e-24
4.500557675700496882e+07 7.157103623101259930e-24
4.994505115855139494e+07 5.209187505648085398e-24
5.542664520663107187e+07 3.789274624233961921e-24
6.150985788580504060e+07 2.755396356130930507e-24
6.826071834272393584e+07 2.005387573688837432e-24
7.575250258771920204e+07 1.464104058090898313e-24
8.406652885618332028e+07 1.073106576343854139e-24
9.329304026284696162e+07 7.892544503955452739e-25
1.035321843295663744e+08 5.825658943942829022e-25
1.148951000187308788e+08 4.306618198766678717e-25
1.275051240713012964e+08 3.175821843454728065e-25
1.414991297434575856e+08 2.335926104407380392e-25
1.570290124729377627e+08 1.698024077256168484e-25
1.742633386009651124e+08 1.215130342569244192e-25
1.933891750455232263e+08 8.495009362383253765e-26
2.146141197858406007e+08 5.752883319959594894e-26
2.381685551976160705e+08 3.704670269266935383e-26
2.643081486974108517e+08 2.202406303154802560e-26
2.933166278390048146e+08 1.142179125721229171e-26
3.255088599835056663e+08 4.662175385438832628e-27
3.612342699709430337e+08 1.329699741089417856e-27
4.008806328898465633e+08 2.088987240106744931e-28
4.448782831127585173e+08 1.094877054502239212e-29
4.937047852839003801e+08 9.717073522413360947e-32
5.478901179593944550e+08 1.382919954492738177e-36
6.080224261649426222e+08 1.790719334113821589e-69
6.747544053110699654e+08 4.027440807026444113e-91
