1.000000000000000000e+02 3.642993437670732699e-13
1.109752496412072134e+02 3.138738630647493971e-13
1.231550603292826196e+02 2.703120428324609670e-13
1.366716356462005990e+02 2.327094283839814934e-13
1.516716888470922413e+02 2.002238260702493731e-13
1.683180353330956791e+02 1.721664752310376411e-13
1.867913599020782840e+02 1.479598406529201896e-13
2.072921779595371845e+02 1.270941818878064941e-13
2.300430119772916839e+02 1.090996365431588036e-13
2.552908068239516410e+02 9.360690079618459618e-14
2.833096101839323637e+02 8.024503184183115159e-14
3.144035471591500368e+02 6.876031261631697804e-14
3.489101213406774491e+02 5.887455529985624073e-14
3.872038781812557318e+02 5.038017795193009978e-14
4.297004704320843871e+02 4.307115491296922361e-14
4.768611697714468960e+02 3.680051700886666407e-14
5.291978735958442712e+02 3.141565494624089625e-14
5.872786613189482523e+02 2.679755790494271955e-14
6.517339604882420190e+02 2.284397412668555946e-14
7.232633896483533817e+02 1.945671800501824154e-14
8.026433522257173081e+02 1.655545675907649475e-14
8.907354638610439679e+02 1.407632731132235668e-14
9.884959046625587007e+02 1.195583659445371506e-14
1.096985797892383971e+03 1.014860305730683549e-14
1.217382727739662187e+03 8.605738356020698042e-15
1.350993521198027793e+03 7.290926747543935334e-15
1.499268432786045423e+03 6.170708577434711012e-15
1.663816886076128640e+03 5.219347165177077596e-15
1.846424942895544291e+03 4.409858894735123025e-15
2.049074689815845886e+03 3.723389568107712036e-15
2.273965752357927613e+03 3.140765113322589882e-15
2.523539170434765765e+03 2.647145101539479931e-15
2.800503894183631019e+03 2.229583129494588317e-15
3.107866187782013640e+03 1.876430704103945790e-15
3.448962260405759935e+03 1.577932190422698085e-15
3.827494478516314757e+03 1.326065848383116401e-15
4.247571552536898707e+03 1.113664471165475348e-15
4.713753134116724141e+03 9.346786881381475246e-16
5.231099308056262998e+03 7.841582345664416799e-16
5.805225516094896193e+03 6.573593126633775525e-16
6.442363508721369726e+03 5.508433563449505333e-16
7.149428986597576113e+03 4.613475272858864304e-16
7.934096665797491369e+03 3.862062727822906691e-16
8.804883581643463913e+03 3.231404672367327358e-16
9.771241535346502133e+03 2.702883860135795648e-16
1.084365968689610963e+04 2.259682496321392911e-16
1.203377840777589154e+04 1.888207604920643804e-16
1.335451562929898682e+04 1.577323359941475836e-16
1.482020705798858762e+04 1.317090747003688047e-16
1.644676177994664249e+04 1.099185395561845112e-16
1.825183494319044257e+04 9.170903690791449761e-17
2.025501939230666540e+04 7.647769554185103633e-17
2.247805833548725059e+04 6.374767792535940798e-17
2.494508135230316839e+04 5.311599282928813842e-17
2.768286630392066581e+04 4.423496328230826272e-17
3.072112998861759115e+04 3.682296084489239178e-17
3.409285069746814406e+04 3.064221154482093032e-17
3.783462617131928710e+04 2.548255321819700365e-17
4.198707084443910571e+04 2.118260140735636489e-17
4.659525668664683326e+04 1.759736282632923608e-17
5.170920242896761192e+04 1.461428659297669528e-17
5.738441648302398244e+04 1.212921277861621561e-17
6.368249944718585903e+04 1.006330517896726204e-17
7.067181273927491566e+04 8.343217035808936989e-18
7.842822061337680498e+04 6.914180824853685796e-18
8.703591361485165544e+04 5.726771115196033459e-18
9.658832241158708348e+04 4.740472558596730431e-18
1.071891319205127511e+05 3.921308665906479992e-18
1.189534067370319535e+05 3.241975315698010507e-18
1.320088400831418112e+05 2.678574555757063827e-18
1.464971398307286145e+05 2.211771067199116550e-18
1.625755666443794908e+05 1.825046388721516887e-18
1.804186409392071655e+05 1.504990762022534452e-18
2.002200371815584658e+05 1.240117870464470023e-18
2.221946860939523904e+05 1.020892048271655412e-18
2.465811075822604180e+05 8.400044405630878736e-19
2.736439997074671555e+05 6.904116373843550918e-19
3.036771118035460822e+05 5.670756670125524371e-19
3.370064329271928291e+05 4.653255645662499083e-19
3.739937302478798083e+05 3.815345189176865238e-19
4.150404757850476308e+05 3.124523991474771673e-19
4.605922041145108524e+05 2.557243330215766453e-19
5.111433483440171112e+05 2.090076986556880302e-19
5.672426068491977639e+05 1.706784923112009165e-19
6.294988990221888525e+05 1.392291060774074538e-19
6.985879746785250027e+05 1.134492964383026724e-19
7.752597488629464060e+05 9.234459260680397533e-20
8.603464416684507160e+05 7.506634894400999070e-20
9.547716114208066138e+05 6.095397490048533742e-20
1.059560179277617019e+06 4.942759570927629129e-20
1.175849554052158026e+06 4.003159446066139623e-20
1.304901978014401859e+06 3.236771412457857797e-20
1.448118227674532915e+06 2.614002037836358622e-20
1.607052818261638284e+06 2.107091141074988507e-20
1.783430876931909472e+06 1.696144552909744289e-20
1.979166867853557458e+06 1.362626407158223676e-20
2.196385372416546568e+06 1.092873214564177206e-20
2.437444150122222025e+06 8.747525242176442867e-21
2.704959730463137385e+06 6.987348086533345679e-21
3.001835813575591892e+06 5.569717923414768280e-21
3.331294787934676744e+06 4.428643658531442754e-21
3.696912707195031922e+06 3.513627052414185239e-21
4.102658105827190448e+06 2.779602145816642731e-21
4.552935074866947718e+06 2.193457703889332192e-21
5.052631065335679799e+06 1.725681864643602329e-21
5.607169938205458224e+06 1.353230123591372446e-21
6.222570836730230600e+06 1.057943447411174857e-21
6.905513520162330940e+06 8.235859362298599316e-22
7.663410868007462472e+06 6.389325589767212530e-22
8.504489341802684590e+06 4.935379207154575669e-22
9.437878277775391936e+06 3.792525003851172030e-22
1.047370897959450819e+07 2.900915642214412973e-22
1.162322468679854274e+07 2.206338109818557836e-22
1.289890261253307760e+07 1.666358379401890471e-22
1.431458937523478456e+07 1.250432524275781580e-22
1.588565129428052530e+07 9.305294597005296160e-23
1.762914118095947802e+07 6.859949194264768130e-23
1.956398343517064676e+07 5.007377801355882725e-23
2.171117945694505423e+07 3.611929156271653268e-23
2.409403560239527002e+07 2.569863060137934277e-23
2.673841615839949250e+07 1.800836230613331132e-23
2.967302408188872784e+07 1.238859011599293351e-23
3.292971255097155273e+07 8.351650212600001687e-24
3.654383070957254618e+07 5.498257687726455720e-24
4.055460735840827972e+07 3.522163502214200562e-24
4.500557675700496882e+07 2.186888801577135244e-24
4.994505115855139494e+07 1.310536470834464814e-24
5.542664520663107187e+07 7.556506941451713136e-25
6.150985788580504060e+07 4.131688056703056718e-25
6.826071834272393584e+07 2.148606546419303711e-25
7.575250258771920204e+07 1.051119712533392247e-25
8.406652885618332028e+07 4.771636164298048325e-26
9.329304026284696162e+07 1.970632429749173050e-26
1.035321843295663744e+08 7.312740783619223096e-27
1.148951000187308788e+08 2.403281558869109285e-27
1.275051240713012964e+08 6.909115090087435904e-28
1.414991297434575856e+08 1.725750939216641446e-28
1.570290124729377627e+08 3.743872091137165072e-29
1.742633386009651124e+08 7.179557754782348081e-30
1.933891750455232263e+08 1.273496207266100465e-30
2.146141197858406007e+08 1.910969470173750880e-31
2.381685551976160705e+08 2.313039165038496218e-32
2.643081486974108517e+08 2.216299886506179740e-33
2.933166278390048146e+08 1.678084860764481527e-34
3.255088599835056663e+08 1.010368886753577053e-35
3.612342699709430337e+08 4.954735151358622053e-37
4.008806328898465633e+08 2.233398464437028739e-38
4.448782831127585173e+08 1.140543712199252571e-39
4.937047852839003801e+08 5.907930865738882338e-41
5.478901179593944550e+08 2.779317245591146610e-42
6.080224261649426222e+08 1.186352260515808997e-43
6.747544053110699654e+08 4.484691704631219410e-45
7.488103857590031624e+08 1.080415179012542860e-46
