1.000000000000000000e+02 3.211458457962114232e-16
1.109752496412072134e+02 2.744014268240766829e-16
1.231550603292826196e+02 2.343164385511323364e-16
1.366716356462005990e+02 1.999446489108310898e-16
1.516716888470922413e+02 1.704522129178964365e-16
1.683180353330956791e+02 1.451878363001220463e-16
1.867913599020782840e+02 1.235376507787840314e-16
2.072921779595371845e+02 1.049977829194938801e-16
2.300430119772916839e+02 8.911183731330511831e-17
2.552908068239516410e+02 7.552778664224647476e-17
2.833096101839323637e+02 6.390957339095738166e-17
3.144035471591500368e+02 5.398793317424382166e-17
3.489101213406774491e+02 4.551534267782418561e-17
3.872038781812557318e+02 3.829287889086323854e-17
4.297004704320843871e+02 3.213816962019739491e-17
4.768611697714468960e+02 2.690674595151044980e-17
5.291978735958442712e+02 2.246775329891335593e-17
5.872786613189482523e+02 1.870428552281874160e-17
6.517339604882420190e+02 1.552190511061188179e-17
7.232633896483533817e+02 1.283448364644106478e-17
8.026433522257173081e+02 1.058049906136659199e-17
8.907354638610439679e+02 8.690984595006004050e-18
9.884959046625587007e+02 7.116707151662670284e-18
1.096985797892383971e+03 5.809586454268455206e-18
1.217382727739662187e+03 4.730556063788333560e-18
1.350993521198027793e+03 3.846131425680411020e-18
1.499268432786045423e+03 3.123919434904978535e-18
1.663816886076128640e+03 2.538829457224294910e-18
1.846424942895544291e+03 2.066683698822066937e-18
2.049074689815845886e+03 1.686067078976849737e-18
2.273965752357927613e+03 1.380024629282598830e-18
2.523539170434765765e+03 1.133047097332159144e-18
2.800503894183631019e+03 9.333419975069270034e-19
3.107866187782013640e+03 7.709371113997313427e-19
3.448962260405759935e+03 6.382825763844963395e-19
3.827494478516314757e+03 5.294433931925957585e-19
4.247571552536898707e+03 4.398053193601611798e-19
4.713753134116724141e+03 3.658825492257003295e-19
5.231099308056262998e+03 3.047674685235817535e-19
5.805225516094896193e+03 2.542238827049244078e-19
6.442363508721369726e+03 2.122913964498177766e-19
7.149428986597576113e+03 1.774297480119677787e-19
7.934096665797491369e+03 1.483687440784951883e-19
8.804883581643463913e+03 1.240471980053030476e-19
9.771241535346502133e+03 1.036791788729729897e-19
1.084365968689610963e+04 8.660740052408245932e-20
1.203377840777589154e+04 7.228383719299175070e-20
1.335451562929898682e+04 6.029164938908471258e-20
1.482020705798858762e+04 5.023796063142829856e-20
1.644676177994664249e+04 4.182599071160038575e-20
1.825183494319044257e+04 3.478599858888468682e-20
2.025501939230666540e+04 2.889923977721270908e-20
2.247805833548725059e+04 2.398318086314335311e-20
2.494508135230316839e+04 1.988070517192224118e-20
2.768286630392066581e+04 1.645452508944090519e-20
3.072112998861759115e+04 1.360323938860377785e-20
3.409285069746814406e+04 1.122811693879075184e-20
3.783462617131928710e+04 9.253845016927941065e-21
4.198707084443910571e+04 7.613590918140812734e-21
4.659525668664683326e+04 6.254152697327450793e-21
5.170920242896761192e+04 5.127689103571716778e-21
5.738441648302398244e+04 4.196003464820260032e-21
6.368249944718585903e+04 3.427322222078872471e-21
7.067181273927491566e+04 2.793335443097327462e-21
7.842822061337680498e+04 2.271895999006984704e-21
8.703591361485165544e+04 1.844096597356937107e-21
9.658832241158708348e+04 1.493383549927195746e-21
1.071891319205127511e+05 1.206874376756219609e-21
1.189534067370319535e+05 9.730157031717139918e-22
1.320088400831418112e+05 7.827432659193210012e-22
1.464971398307286145e+05 6.282032677640502589e-22
1.625755666443794908e+05 5.029665750361966133e-22
1.804186409392071655e+05 4.016225054628377038e-22
2.002200371815584658e+05 3.199510236977668947e-22
2.221946860939523904e+05 2.540753583144406076e-22
2.465811075822604180e+05 2.012677331721851113e-22
2.736439997074671555e+05 1.588618630797310017e-22
3.036771118035460822e+05 1.251232356869512292e-22
3.370064329271928291e+05 9.811132675918418143e-23
3.739937302478798083e+05 7.672343681148594104e-23
4.150404757850476308e+05 5.982630257482112615e-23
4.605922041145108524e+05 4.643281795284676603e-23
5.111433483440171112e+05 3.597316977489739889e-23
5.672426068491977639e+05 2.770368281679371806e-23
6.294988990221888525e+05 2.129553355758895554e-23
6.985879746785250027e+05 1.627907784658872996e-23
7.752597488629464060e+05 1.241056363731810332e-23
8.603464416684507160e+05 9.413166872942561072e-24
9.547716114208066138e+05 7.111207724484028317e-24
1.059560179277617019e+06 5.334094680911238552e-24
1.175849554052158026e+06 3.981497514926196018e-24
1.304901978014401859e+06 2.949225432166821016e-24
1.448118227674532915e+06 2.166009626169929631e-24
1.607052818261638284e+06 1.576561379302218560e-24
1.783430876931909472e+06 1.134167531755771862e-24
1.979166867853557458e+06 8.046876632737169550e-25
2.196385372416546568e+06 5.616616333347591788e-25
2.437444150122222025e+06 3.845803205521795883e-25
2.704959730463137385e+06 2.575494030445730208e-25
3.001835813575591892e+06 1.678584422106602586e-25
3.331294787934676744e+06 1.060443713099468397e-25
3.696912707195031922e+06 6.453918972957164032e-26
4.102658105827190448e+06 3.767335312882136769e-26
4.552935074866947718e+06 2.095568825215417660e-26
5.052631065335679799e+06 1.107470280760624699e-26
5.607169938205458224e+06 5.557092412617089719e-27
6.222570836730230600e+06 2.647824819367696668e-27
6.905513520162330940e+06 1.186632008420280844e-27
7.663410868007462472e+06 4.828799785400704307e-28
8.504489341802684590e+06 1.678145860616307956e-28
9.437878277775391936e+06 4.780622780946144638e-29
1.047370897959450819e+07 1.110242622698205947e-29
1.162322468679854274e+07 2.065494932446854462e-30
1.289890261253307760e+07 3.013659970692211822e-31
1.431458937523478456e+07 3.387927729309201744e-32
1.588565129428052530e+07 2.876927701262715882e-33
1.762914118095947802e+07 1.808092377682021470e-34
1.956398343517064676e+07 8.219493208392609462e-36
2.171117945694505423e+07 2.632231701702279236e-37
2.409403560239527002e+07 5.753227713347522841e-39
2.673841615839949250e+07 8.241537610662292307e-41
2.967302408188872784e+07 7.356535939526506505e-43
3.292971255097155273e+07 3.880837086430672578e-45
3.654383070957254618e+07 1.123052471417927262e-47
4.055460735840827972e+07 1.605283004220672930e-50
4.500557675700496882e+07 9.625948541393450055e-54
4.994505115855139494e+07 1.744130947325619407e-57
