1.000000000000000000e+02 7.620890220069523247e-14
1.109752496412072134e+02 6.582399554927289025e-14
1.231550603292826196e+02 5.680965763884449377e-14
1.366716356462005990e+02 4.901558481901310851e-14
1.516716888470922413e+02 4.226749347314517996e-14
1.683180353330956791e+02 3.639210991206311466e-14
1.867913599020782840e+02 3.128375972948071830e-14
2.072921779595371845e+02 2.683593972923046267e-14
2.300430119772916839e+02 2.295432290305531558e-14
2.552908068239516410e+02 1.958468914016408158e-14
2.833096101839323637e+02 1.664762420506048803e-14
3.144035471591500368e+02 1.409938006020418633e-14
3.489101213406774491e+02 1.189209859668111817e-14
3.872038781812557318e+02 9.976024846077756615e-15
4.297004704320843871e+02 8.316670998079052032e-15
4.768611697714468960e+02 6.892740775292590007e-15
5.291978735958442712e+02 5.671071807573168565e-15
5.872786613189482523e+02 4.629924865755014843e-15
6.517339604882420190e+02 3.743410693436120030e-15
7.232633896483533817e+02 2.988035116597235495e-15
8.026433522257173081e+02 2.358384630315707883e-15
8.907354638610439679e+02 1.834778400040555831e-15
9.884959046625587007e+02 1.403477999258042047e-15
1.096985797892383971e+03 1.052602252968508016e-15
1.217382727739662187e+03 7.714558105801800607e-16
1.350993521198027793e+03 5.503717316306570313e-16
1.499268432786045423e+03 3.806092262238081685e-16
1.663816886076128640e+03 2.541914980917554009e-16
1.846424942895544291e+03 1.634671308888023301e-16
2.049074689815845886e+03 1.011351965526401061e-16
2.273965752357927613e+03 6.033175625182539012e-17
2.523539170434765765e+03 3.500559683685079619e-17
2.800503894183631019e+03 2.015353560203483503e-17
3.107866187782013640e+03 1.191408566649004833e-17
3.448962260405759935e+03 7.522341406006805011e-18
3.827494478516314757e+03 5.162880016590748850e-18
4.247571552536898707e+03 3.822709947823552793e-18
4.713753134116724141e+03 2.992258256338435573e-18
5.231099308056262998e+03 2.425051562478920465e-18
5.805225516094896193e+03 2.004407205374416912e-18
6.442363508721369726e+03 1.673453192441535283e-18
7.149428986597576113e+03 1.404473235907805237e-18
7.934096665797491369e+03 1.181403585697366097e-18
8.804883581643463913e+03 9.947415928893909388e-19
9.771241535346502133e+03 8.378349303511178850e-19
1.084365968689610963e+04 7.055242070784458336e-19
1.203377840777589154e+04 5.939509527674120747e-19
1.335451562929898682e+04 4.997486258976450124e-19
1.482020705798858762e+04 4.202401343553665736e-19
1.644676177994664249e+04 3.531939215340666164e-19
1.825183494319044257e+04 2.966511677540142312e-19
2.025501939230666540e+04 2.489944583334561212e-19
2.247805833548725059e+04 2.088657572716775408e-19
2.494508135230316839e+04 1.750716580292004975e-19
2.768286630392066581e+04 1.466426475551510802e-19
3.072112998861759115e+04 1.227264916535370658e-19
3.409285069746814406e+04 1.026315354383399176e-19
3.783462617131928710e+04 8.575493206512862877e-20
4.198707084443910571e+04 7.158568671947687817e-20
4.659525668664683326e+04 5.970109785400448225e-20
5.170920242896761192e+04 4.974151053103233117e-20
5.738441648302398244e+04 4.139913023914676545e-20
6.368249944718585903e+04 3.442080846781866423e-20
7.067181273927491566e+04 2.858438857893655760e-20
7.842822061337680498e+04 2.371227951941187894e-20
8.703591361485165544e+04 1.964541544290004935e-20
9.658832241158708348e+04 1.625593686691814306e-20
1.071891319205127511e+05 1.343437707539638164e-20
1.189534067370319535e+05 1.108750281295522146e-20
1.320088400831418112e+05 9.138861869997604330e-21
1.464971398307286145e+05 7.521292183911984475e-21
1.625755666443794908e+05 6.181813897458267984e-21
1.804186409392071655e+05 5.073359380148327145e-21
2.002200371815584658e+05 4.156678282392476422e-21
2.221946860939523904e+05 3.400517772040074754e-21
2.465811075822604180e+05 2.777456353857373747e-21
2.736439997074671555e+05 2.264253840842661247e-21
3.036771118035460822e+05 1.842067729540366625e-21
3.370064329271928291e+05 1.496341181296141792e-21
3.739937302478798083e+05 1.212603025318843543e-21
4.150404757850476308e+05 9.803925957586335969e-22
4.605922041145108524e+05 7.909379999457637885e-22
5.111433483440171112e+05 6.364781940785628072e-22
5.672426068491977639e+05 5.107763942580592622e-22
6.294988990221888525e+05 4.087451385327259661e-22
6.985879746785250027e+05 3.260913971428487416e-22
7.752597488629464060e+05 2.593378498976990627e-22
8.603464416684507160e+05 2.055528359898039473e-22
9.547716114208066138e+05 1.623370273706582005e-22
1.059560179277617019e+06 1.277298125986145948e-22
1.175849554052158026e+06 1.000987697164760422e-22
1.304901978014401859e+06 7.805783186266091809e-23
1.448118227674532915e+06 6.058448053924427451e-23
1.607052818261638284e+06 4.677242018857184982e-23
1.783430876931909472e+06 3.593286840690345788e-23
1.979166867853557458e+06 2.746002740037944417e-23
2.196385372416546568e+06 2.085337686370358126e-23
2.437444150122222025e+06 1.573120615949434821e-23
2.704959730463137385e+06 1.178644465413427938e-23
3.001835813575591892e+06 8.773040966311939692e-24
3.331294787934676744e+06 6.482031694817149123e-24
3.696912707195031922e+06 4.752283085552638415e-24
4.102658105827190448e+06 3.457530052091006933e-24
4.552935074866947718e+06 2.495170713227037137e-24
5.052631065335679799e+06 1.786622077893335894e-24
5.607169938205458224e+06 1.267571724773798427e-24
6.222570836730230600e+06 8.908303119452714714e-25
6.905513520162330940e+06 6.189918988272532591e-25
7.663410868007462472e+06 4.241676230338473953e-25
8.504489341802684590e+06 2.855017542848367599e-25
9.437878277775391936e+06 1.876154419951857019e-25
1.047370897959450819e+07 1.192915985979823703e-25
1.162322468679854274e+07 7.257156205863845078e-26
1.289890261253307760e+07 4.145848315446757608e-26
1.431458937523478456e+07 2.163697544625046194e-26
1.588565129428052530e+07 9.858298147233034489e-27
1.762914118095947802e+07 3.607132701867012288e-27
1.956398343517064676e+07 9.203599820673590611e-28
2.171117945694505423e+07 1.690864478975024886e-28
2.409403560239527002e+07 2.763115133040485007e-29
