1.000000000000000000e+02 7.124870147169606854e-13
1.109752496412072134e+02 6.092640773405442985e-13
1.231550603292826196e+02 5.204450783730269108e-13
1.366716356462005990e+02 4.438586142520123054e-13
1.516716888470922413e+02 3.781856360947970289e-13
1.683180353330956791e+02 3.219093821955380058e-13
1.867913599020782840e+02 2.736143184869267792e-13
2.072921779595371845e+02 2.324108528175427158e-13
2.300430119772916839e+02 1.972329874303285537e-13
2.552908068239516410e+02 1.672386087710144739e-13
2.833096101839323637e+02 1.417193570274540098e-13
3.144035471591500368e+02 1.199977756906907341e-13
3.489101213406774491e+02 1.015608932328696520e-13
3.872038781812557318e+02 8.593083563253972413e-14
4.297004704320843871e+02 7.266200616016068294e-14
4.768611697714468960e+02 6.142876493239767310e-14
5.291978735958442712e+02 5.191404615362010346e-14
5.872786613189482523e+02 4.385717825081689107e-14
6.517339604882420190e+02 3.704859011388719135e-14
7.232633896483533817e+02 3.128629921472421080e-14
8.026433522257173081e+02 2.641618239415946831e-14
8.907354638610439679e+02 2.229658883817495679e-14
9.884959046625587007e+02 1.881436981976378636e-14
1.096985797892383971e+03 1.587138578976961563e-14
1.217382727739662187e+03 1.338529682599369236e-14
1.350993521198027793e+03 1.128576905341095069e-14
1.499268432786045423e+03 9.513128893716980283e-15
1.663816886076128640e+03 8.015464748545401452e-15
1.846424942895544291e+03 6.751690650445509736e-15
2.049074689815845886e+03 5.686160444316459918e-15
2.273965752357927613e+03 4.786970441913026035e-15
2.523539170434765765e+03 4.029305878180161735e-15
2.800503894183631019e+03 3.390108502542798517e-15
3.107866187782013640e+03 2.851928615317781602e-15
3.448962260405759935e+03 2.398911393545935598e-15
3.827494478516314757e+03 2.017234779060843511e-15
4.247571552536898707e+03 1.695811253802406998e-15
4.713753134116724141e+03 1.425471628595120543e-15
5.231099308056262998e+03 1.198076908110865190e-15
5.805225516094896193e+03 1.006694817427378959e-15
6.442363508721369726e+03 8.457391091085318339e-16
7.149428986597576113e+03 7.105142620166197651e-16
7.934096665797491369e+03 5.967634775078228604e-16
8.804883581643463913e+03 5.010921662863786439e-16
9.771241535346502133e+03 4.207237562349664560e-16
1.084365968689610963e+04 3.532212752214696579e-16
1.203377840777589154e+04 2.964266767445205560e-16
1.335451562929898682e+04 2.487488394042073394e-16
1.482020705798858762e+04 2.086863728086239391e-16
1.644676177994664249e+04 1.750285984103254548e-16
1.825183494319044257e+04 1.467782312977741202e-16
2.025501939230666540e+04 1.230353622039560530e-16
2.247805833548725059e+04 1.031077159198044128e-16
2.494508135230316839e+04 8.639158675489035079e-17
2.768286630392066581e+04 7.235657423551625927e-17
3.072112998861759115e+04 6.058040027791652743e-17
3.409285069746814406e+04 5.069571885558394491e-17
3.783462617131928710e+04 4.241865241683314647e-17
4.198707084443910571e+04 3.547451349585638697e-17
4.659525668664683326e+04 2.965796894894704089e-17
5.170920242896761192e+04 2.478350551492745497e-17
5.738441648302398244e+04 2.070018479725512359e-17
6.368249944718585903e+04 1.728297388729893072e-17
7.067181273927491566e+04 1.442550976311194702e-17
7.842822061337680498e+04 1.203181975704585463e-17
8.703591361485165544e+04 1.003203632912691638e-17
9.658832241158708348e+04 8.361221146873866186e-18
1.071891319205127511e+05 6.965285414580513748e-18
1.189534067370319535e+05 5.800189180965040766e-18
1.320088400831418112e+05 4.827655943951482795e-18
1.464971398307286145e+05 4.017298655737684266e-18
1.625755666443794908e+05 3.340986041805060129e-18
1.804186409392071655e+05 2.777408240631809680e-18
2.002200371815584658e+05 2.307916987397585007e-18
2.221946860939523904e+05 1.916894396785239800e-18
2.465811075822604180e+05 1.591231073257555194e-18
2.736439997074671555e+05 1.320556858695685097e-18
3.036771118035460822e+05 1.095143817166846555e-18
3.370064329271928291e+05 9.078023133576665084e-19
3.739937302478798083e+05 7.521553463867151141e-19
4.150404757850476308e+05 6.227222307565061693e-19
4.605922041145108524e+05 5.153172381716465610e-19
5.111433483440171112e+05 4.261571177908305564e-19
5.672426068491977639e+05 3.521897419694409440e-19
6.294988990221888525e+05 2.909233833870379194e-19
6.985879746785250027e+05 2.400987692646642286e-19
7.752597488629464060e+05 1.980437726737644126e-19
8.603464416684507160e+05 1.632057757030850107e-19
9.547716114208066138e+05 1.344132133220447553e-19
1.059560179277617019e+06 1.105987832058851661e-19
1.175849554052158026e+06 9.094817382721371193e-20
1.304901978014401859e+06 7.471102708260749275e-20
1.448118227674532915e+06 6.132243358500986169e-20
1.607052818261638284e+06 5.029108734258697830e-20
1.783430876931909472e+06 4.120036351834738833e-20
1.979166867853557458e+06 3.372334347763902792e-20
2.196385372416546568e+06 2.757508256789946408e-20
2.437444150122222025e+06 2.252167676728407937e-20
2.704959730463137385e+06 1.837705282534161458e-20
3.001835813575591892e+06 1.497746240589612320e-20
3.331294787934676744e+06 1.219315378825139479e-20
3.696912707195031922e+06 9.913256465120035068e-21
4.102658105827190448e+06 8.050872369594646166e-21
4.552935074866947718e+06 6.529723426612086542e-21
5.052631065335679799e+06 5.288763842471149814e-21
5.607169938205458224e+06 4.277900786473156375e-21
6.222570836730230600e+06 3.455014394470467319e-21
6.905513520162330940e+06 2.786705477149738814e-21
7.663410868007462472e+06 2.243842469554725583e-21
8.504489341802684590e+06 1.803831950615073127e-21
9.437878277775391936e+06 1.448024520362456570e-21
1.047370897959450819e+07 1.160090090607737406e-21
1.162322468679854274e+07 9.278336231616355716e-22
1.289890261253307760e+07 7.407451200450979800e-22
1.431458937523478456e+07 5.902148020000755465e-22
1.588565129428052530e+07 4.693755701621804276e-22
1.762914118095947802e+07 3.724474826760737040e-22
1.956398343517064676e+07 2.949222898814569060e-22
2.171117945694505423e+07 2.330079038637168846e-22
2.409403560239527002e+07 1.836550008345688231e-22
2.673841615839949250e+07 1.443931892209964656e-22
2.967302408188872784e+07 1.132470587737389709e-22
3.292971255097155273e+07 8.855962212861644929e-23
3.654383070957254618e+07 6.906441301771850733e-23
4.055460735840827972e+07 5.369997688531861742e-23
4.500557675700496882e+07 4.161741485005407513e-23
4.994505115855139494e+07 3.214097474635870524e-23
5.542664520663107187e+07 2.472898065889035975e-23
6.150985788580504060e+07 1.895034131018335752e-23
6.826071834272393584e+07 1.446258948165023945e-23
7.575250258771920204e+07 1.098216754985955397e-23
8.406652885618332028e+07 8.297094156492634286e-24
9.329304026284696162e+07 6.236709335657231023e-24
1.035321843295663744e+08 4.653800311526801368e-24
1.148951000187308788e+08 3.449890793883961131e-24
1.275051240713012964e+08 2.538131654968818407e-24
1.414991297434575856e+08 1.851707295549189665e-24
1.570290124729377627e+08 1.338265006733862661e-24
1.742633386009651124e+08 9.567952619243952877e-25
1.933891750455232263e+08 6.750565326365963498e-25
2.146141197858406007e+08 4.700323263490591674e-25
2.381685551976160705e+08 3.214502000108845997e-25
2.643081486974108517e+08 2.149058487247988201e-25
2.933166278390048146e+08 1.397817095894967030e-25
3.255088599835056663e+08 8.759774189329311483e-26
3.612342699709430337e+08 5.228523763244490817e-26
4.008806328898465633e+08 2.893209747241583920e-26
4.448782831127585173e+08 1.434180044975587227e-26
4.937047852839003801e+08 5.862956594560082626e-27
5.478901179593944550e+08 1.614013289212262816e-27
6.080224261649426222e+08 1.604357714491788422e-28
6.747544053110699654e+08 2.644411319735531831e-32
7.488103857590031624e+08 3.457004085487692150e-47
8.309941949353404045e+08 9.371589855663326121e-91
