1.000000000000000000e+02 3.226512866425781126e-14
1.109752496412072134e+02 2.809501633353904872e-14
1.231550603292826196e+02 2.444442596216617678e-14
1.366716356462005990e+02 2.125171013107614899e-14
1.516716888470922413e+02 1.846412741257540465e-14
1.683180353330956791e+02 1.602619642103452701e-14
1.867913599020782840e+02 1.390241426733961102e-14
2.072921779595371845e+02 1.205080887781648122e-14
2.300430119772916839e+02 1.043705925092224799e-14
2.552908068239516410e+02 9.034084241111631518e-15
2.833096101839323637e+02 7.812316614995724890e-15
3.144035471591500368e+02 6.751945966136593485e-15
3.489101213406774491e+02 5.829763763265989465e-15
3.872038781812557318e+02 5.028702737795757904e-15
4.297004704320843871e+02 4.334374877557597666e-15
4.768611697714468960e+02 3.732509395540408070e-15
5.291978735958442712e+02 3.211354459354998920e-15
5.872786613189482523e+02 2.760681041031495917e-15
6.517339604882420190e+02 2.370602407489016951e-15
7.232633896483533817e+02 2.033773025513055963e-15
8.026433522257173081e+02 1.742896877806898201e-15
8.907354638610439679e+02 1.492660043774199761e-15
9.884959046625587007e+02 1.276850573441842459e-15
1.096985797892383971e+03 1.090978277075386097e-15
1.217382727739662187e+03 9.314830359694171124e-16
1.350993521198027793e+03 7.948434148660761594e-16
1.499268432786045423e+03 6.776206147330778115e-16
1.663816886076128640e+03 5.772848785166366960e-16
1.846424942895544291e+03 4.914219348422766817e-16
2.049074689815845886e+03 4.181413927934372474e-16
2.273965752357927613e+03 3.555832923926840531e-16
2.523539170434765765e+03 3.022507764201673444e-16
2.800503894183631019e+03 2.567842350399989754e-16
3.107866187782013640e+03 2.181237424619252823e-16
3.448962260405759935e+03 1.851797021027538690e-16
3.827494478516314757e+03 1.571959058247244381e-16
4.247571552536898707e+03 1.333657349202412710e-16
4.713753134116724141e+03 1.131199402846029576e-16
5.231099308056262998e+03 9.591199963441478806e-17
5.805225516094896193e+03 8.128647569877388142e-17
6.442363508721369726e+03 6.885355959563036794e-17
7.149428986597576113e+03 5.828779842265567995e-17
7.934096665797491369e+03 4.931148036135066642e-17
8.804883581643463913e+03 4.168625365061697553e-17
9.771241535346502133e+03 3.521098294853220226e-17
1.084365968689610963e+04 2.971574102849116272e-17
1.203377840777589154e+04 2.505058890811457779e-17
1.335451562929898682e+04 2.109002887641356924e-17
1.482020705798858762e+04 1.773420773218580711e-17
1.644676177994664249e+04 1.489239523334435043e-17
1.825183494319044257e+04 1.248625925396562054e-17
2.025501939230666540e+04 1.045238616876645289e-17
2.247805833548725059e+04 8.733861722266239780e-18
2.494508135230316839e+04 7.281711953633667080e-18
2.768286630392066581e+04 6.060522197113507428e-18
3.072112998861759115e+04 5.032797621192029461e-18
3.409285069746814406e+04 4.170628965817337788e-18
3.783462617131928710e+04 3.446341523930286294e-18
4.198707084443910571e+04 2.842064249391640527e-18
4.659525668664683326e+04 2.337492332997844269e-18
5.170920242896761192e+04 1.917329160885219824e-18
5.738441648302398244e+04 1.569167355061696271e-18
6.368249944718585903e+04 1.281030411073782743e-18
7.067181273927491566e+04 1.043393313815007884e-18
7.842822061337680498e+04 8.480842481819821467e-19
8.703591361485165544e+04 6.882057429033353729e-19
9.658832241158708348e+04 5.574550960588032143e-19
1.071891319205127511e+05 4.508372419065528489e-19
1.189534067370319535e+05 3.641452949230080472e-19
1.320088400831418112e+05 2.936551577862052217e-19
1.464971398307286145e+05 2.364562950254924813e-19
1.625755666443794908e+05 1.901084891057906897e-19
1.804186409392071655e+05 1.526080758567016932e-19
2.002200371815584658e+05 1.223196486437113102e-19
2.221946860939523904e+05 9.787721704162071816e-20
2.465811075822604180e+05 7.818249778032663577e-20
2.736439997074671555e+05 6.234799817694163038e-20
3.036771118035460822e+05 4.963536114143621929e-20
3.370064329271928291e+05 3.944446162396731042e-20
3.739937302478798083e+05 3.128712396087224433e-20
4.150404757850476308e+05 2.477468292967514736e-20
4.605922041145108524e+05 1.958067682687103799e-20
5.111433483440171112e+05 1.544639970757732626e-20
5.672426068491977639e+05 1.216267658254321983e-20
6.294988990221888525e+05 9.559219594980772886e-21
6.985879746785250027e+05 7.498592413747761753e-21
7.752597488629464060e+05 5.871352612203943342e-21
8.603464416684507160e+05 4.588767678980298945e-21
9.547716114208066138e+05 3.579328478576262805e-21
1.059560179277617019e+06 2.787220096952664396e-21
1.175849554052158026e+06 2.166315411098956465e-21
1.304901978014401859e+06 1.680673422832106582e-21
1.448118227674532915e+06 1.301678919250262484e-21
1.607052818261638284e+06 1.006361333766153312e-21
1.783430876931909472e+06 7.767326040251483532e-22
1.979166867853557458e+06 5.984646099020723328e-22
2.196385372416546568e+06 4.603983162666652260e-22
2.437444150122222025e+06 3.535821519541402632e-22
2.704959730463137385e+06 2.711235890306531679e-22
3.001835813575591892e+06 2.075727501900593885e-22
3.331294787934676744e+06 1.586579807479794089e-22
3.696912707195031922e+06 1.210860671516217193e-22
4.102658105827190448e+06 9.226534057883135506e-23
4.552935074866947718e+06 7.019378503547556580e-23
5.052631065335679799e+06 5.331595016411472459e-23
5.607169938205458224e+06 4.042950145491310311e-23
6.222570836730230600e+06 3.061928952217535291e-23
6.905513520162330940e+06 2.312913142410982074e-23
7.663410868007462472e+06 1.744855624863159797e-23
8.504489341802684590e+06 1.313763533584610523e-23
9.437878277775391936e+06 9.872788884263579426e-24
1.047370897959450819e+07 7.404974361947703129e-24
1.162322468679854274e+07 5.541890256728752592e-24
1.289890261253307760e+07 4.138655010866634692e-24
1.431458937523478456e+07 3.083347981904976593e-24
1.588565129428052530e+07 2.291861604341903352e-24
1.762914118095947802e+07 1.698944712101125576e-24
1.956398343517064676e+07 1.255820480158004989e-24
2.171117945694505423e+07 9.256611497843131857e-25
2.409403560239527002e+07 6.801414999930104027e-25
2.673841615839949250e+07 4.979977150150311661e-25
2.967302408188872784e+07 3.633710459862878418e-25
3.292971255097155273e+07 2.640968626022476412e-25
3.654383070957254618e+07 1.911401906592667476e-25
4.055460735840827972e+07 1.376884316079595548e-25
4.500557675700496882e+07 9.868529575705029991e-26
4.994505115855139494e+07 7.032943263322711031e-26
5.542664520663107187e+07 4.979846135830266491e-26
6.150985788580504060e+07 3.501111505895948886e-26
6.826071834272393584e+07 2.441239452277089286e-26
7.575250258771920204e+07 1.686276349573915810e-26
8.406652885618332028e+07 1.151856236728315056e-26
9.329304026284696162e+07 7.764257351989900502e-27
1.035321843295663744e+08 5.152920998808428647e-27
1.148951000187308788e+08 3.353440543048354632e-27
1.275051240713012964e+08 2.129876849364944798e-27
1.414991297434575856e+08 1.311207664571150125e-27
1.570290124729377627e+08 7.748156275963578182e-28
1.742633386009651124e+08 4.328998478949263551e-28
1.933891750455232263e+08 2.234159762050301469e-28
2.146141197858406007e+08 1.021801608926554913e-28
2.381685551976160705e+08 3.737643784490969938e-29
2.643081486974108517e+08 6.053830301007230272e-30
