1.000000000000000000e+02 5.072645803862513128e-14
1.109752496412072134e+02 4.331568936243598208e-14
1.231550603292826196e+02 3.698178005972155929e-14
1.366716356462005990e+02 3.156757132895944678e-14
1.516716888470922413e+02 2.692651186470655109e-14
1.683180353330956791e+02 2.295330466762051705e-14
1.867913599020782840e+02 1.954097099375511193e-14
2.072921779595371845e+02 1.661639918515373965e-14
2.300430119772916839e+02 1.410592341632074291e-14
2.552908068239516410e+02 1.195077975896179017e-14
2.833096101839323637e+02 1.010056399088521106e-14
3.144035471591500368e+02 8.512405526182620654e-15
3.489101213406774491e+02 7.149805549384336787e-15
3.872038781812557318e+02 5.982165188435134271e-15
4.297004704320843871e+02 4.983706534346818154e-15
4.768611697714468960e+02 4.131157230150358039e-15
5.291978735958442712e+02 3.404899035381258788e-15
5.872786613189482523e+02 2.788236682651359855e-15
6.517339604882420190e+02 2.266075855195947419e-15
7.232633896483533817e+02 1.826188168056176653e-15
8.026433522257173081e+02 1.457624702251747198e-15
8.907354638610439679e+02 1.150654807420987291e-15
9.884959046625587007e+02 8.967903859866914960e-16
1.096985797892383971e+03 6.887533037826614019e-16
1.217382727739662187e+03 5.200910797019287485e-16
1.350993521198027793e+03 3.851377856745780215e-16
1.499268432786045423e+03 2.789178670332365674e-16
1.663816886076128640e+03 1.970032422300379974e-16
1.846424942895544291e+03 1.353634778045500665e-16
2.049074689815845886e+03 9.029314065615842601e-17
2.273965752357927613e+03 5.837289489525170501e-17
2.523539170434765765e+03 3.655227834052217352e-17
2.800503894183631019e+03 2.219577602411869760e-17
3.107866187782013640e+03 1.312721323414305517e-17
3.448962260405759935e+03 7.637395188559829073e-18
3.827494478516314757e+03 4.448739144074309665e-18
4.247571552536898707e+03 2.659624314789902453e-18
4.713753134116724141e+03 1.673508861889843091e-18
5.231099308056262998e+03 1.121235587695709564e-18
5.805225516094896193e+03 7.949680643748451324e-19
6.442363508721369726e+03 5.869730555181029660e-19
7.149428986597576113e+03 4.456823734652021610e-19
7.934096665797491369e+03 3.449413112249185284e-19
8.804883581643463913e+03 2.713812477491260595e-19
9.771241535346502133e+03 2.162490539371122146e-19
1.084365968689610963e+04 1.737612897761052690e-19
1.203377840777589154e+04 1.401833267888656962e-19
1.335451562929898682e+04 1.131631199850228906e-19
1.482020705798858762e+04 9.126223115226300825e-20
1.644676177994664249e+04 7.338220764521620268e-20
1.825183494319044257e+04 5.887762931582267058e-20
2.025501939230666540e+04 4.709569318142242925e-20
2.247805833548725059e+04 3.756338409707194256e-20
2.494508135230316839e+04 2.980455974886116657e-20
2.768286630392066581e+04 2.360291083447835195e-20
3.072112998861759115e+04 1.858018976321345544e-20
3.409285069746814406e+04 1.455209366212357775e-20
3.783462617131928710e+04 1.137527978977037445e-20
4.198707084443910571e+04 8.809161968328821531e-21
4.659525668664683326e+04 6.791663921761942115e-21
5.170920242896761192e+04 5.212396213736910105e-21
5.738441648302398244e+04 3.960835833163179869e-21
6.368249944718585903e+04 2.989968484876765462e-21
7.067181273927491566e+04 2.249464223697533789e-21
7.842822061337680498e+04 1.678612030845353225e-21
8.703591361485165544e+04 1.242430433364501085e-21
9.658832241158708348e+04 9.151659987157251614e-22
1.071891319205127511e+05 6.715098700937906963e-22
1.189534067370319535e+05 4.904037176165457890e-22
1.320088400831418112e+05 3.571402995645672961e-22
1.464971398307286145e+05 2.599171810892704050e-22
1.625755666443794908e+05 1.892476787376344431e-22
1.804186409392071655e+05 1.380055253465436276e-22
2.002200371815584658e+05 1.008671787921417102e-22
2.221946860939523904e+05 7.386876389181411206e-23
2.465811075822604180e+05 5.415279524604826556e-23
2.736439997074671555e+05 3.967568155616693576e-23
3.036771118035460822e+05 2.899837149788176890e-23
3.370064329271928291e+05 2.109908511976673211e-23
3.739937302478798083e+05 1.524518526416033415e-23
4.150404757850476308e+05 1.090750254746393136e-23
4.605922041145108524e+05 7.696599710751751939e-24
5.111433483440171112e+05 5.327825283435313306e-24
5.672426068491977639e+05 3.590254544014682344e-24
6.294988990221888525e+05 2.327760807111922644e-24
6.985879746785250027e+05 1.429536500883662199e-24
7.752597488629464060e+05 8.139435401503836832e-25
8.603464416684507160e+05 4.188398582185183915e-25
9.547716114208066138e+05 1.888854208240749247e-25
1.059560179277617019e+06 7.305451041610345035e-26
1.175849554052158026e+06 2.420045470252294906e-26
1.304901978014401859e+06 6.955097903188400893e-27
1.448118227674532915e+06 1.726920864575807339e-27
1.607052818261638284e+06 3.676872071688115191e-28
1.783430876931909472e+06 6.667152554973257561e-29
1.979166867853557458e+06 1.023417548489573364e-29
2.196385372416546568e+06 1.322067682906668001e-30
2.437444150122222025e+06 1.429965804841872279e-31
2.704959730463137385e+06 1.288740059309892209e-32
3.001835813575591892e+06 9.644069415199210815e-34
3.331294787934676744e+06 5.969209627711465909e-35
3.696912707195031922e+06 3.043634578146593399e-36
4.102658105827190448e+06 1.274313903999492298e-37
4.552935074866947718e+06 4.369803237979197031e-39
5.052631065335679799e+06 1.226337407499805213e-40
5.607169938205458224e+06 2.814046400821985146e-42
6.222570836730230600e+06 5.270536979624322950e-44
6.905513520162330940e+06 8.051577850019997183e-46
7.663410868007462472e+06 1.004473109129914958e-47
8.504489341802684590e+06 1.023988164544505954e-49
9.437878277775391936e+06 8.563489905609077652e-52
1.047370897959450819e+07 5.869054595071880083e-54
1.162322468679854274e+07 3.294070427368105018e-56
1.289890261253307760e+07 1.511954342805809335e-58
1.431458937523478456e+07 5.638206073132513100e-61
1.588565129428052530e+07 1.679662735604101417e-63
1.762914118095947802e+07 3.966590924593254355e-66
1.956398343517064676e+07 8.595875672353797577e-69
2.171117945694505423e+07 1.960857411611965031e-71
2.409403560239527002e+07 4.111651973182343847e-74
2.673841615839949250e+07 7.137192657074544034e-77
2.967302408188872784e+07 9.803372885619484796e-80
3.292971255097155273e+07 9.730853303332444950e-83
3.654383070957254618e+07 5.369226601824491348e-86
4.055460735840827972e+07 5.451190996584133420e-88
4.500557675700496882e+07 3.383814681990840009e-88
4.994505115855139494e+07 2.000762706826952098e-88
5.542664520663107187e+07 1.095815770480317933e-88
6.150985788580504060e+07 5.306002166907839887e-89
6.826071834272393584e+07 2.044347044142243021e-89
7.575250258771920204e+07 4.569153006529624513e-90
8.406652885618332028e+07 1.041284683181839124e-91
