1.000000000000000000e+02 1.380956497034008460e-13
1.109752496412072134e+02 1.199543667082222488e-13
1.231550603292826196e+02 1.042409741013820250e-13
1.366716356462005990e+02 9.073543271546742178e-14
1.516716888470922413e+02 7.902066591079759731e-14
1.683180353330956791e+02 6.880051204221294757e-14
1.867913599020782840e+02 5.988657114450430088e-14
2.072921779595371845e+02 5.210582943046559181e-14
2.300430119772916839e+02 4.527733056567168110e-14
2.552908068239516410e+02 3.931006625031188808e-14
2.833096101839323637e+02 3.409275320202798416e-14
3.144035471591500368e+02 2.952875525366212887e-14
3.489101213406774491e+02 2.554635432905870974e-14
3.872038781812557318e+02 2.205618440061531327e-14
4.297004704320843871e+02 1.902209073625161351e-14
4.768611697714468960e+02 1.638141900722799685e-14
5.291978735958442712e+02 1.408035945847064166e-14
5.872786613189482523e+02 1.208762919309308860e-14
6.517339604882420190e+02 1.036229230719893497e-14
7.232633896483533817e+02 8.866418288045884774e-15
8.026433522257173081e+02 7.574779559190326258e-15
8.907354638610439679e+02 6.463755400178892333e-15
9.884959046625587007e+02 5.507610238767134581e-15
1.096985797892383971e+03 4.684119390320515949e-15
1.217382727739662187e+03 3.980511245490184993e-15
1.350993521198027793e+03 3.378412525219935155e-15
1.499268432786045423e+03 2.863793538446458050e-15
1.663816886076128640e+03 2.425245039091937302e-15
1.846424942895544291e+03 2.051799391818738580e-15
2.049074689815845886e+03 1.733975344893105478e-15
2.273965752357927613e+03 1.464372736333125103e-15
2.523539170434765765e+03 1.235258441120164307e-15
2.800503894183631019e+03 1.040882514501947742e-15
3.107866187782013640e+03 8.762692058417500679e-16
3.448962260405759935e+03 7.365648671477094053e-16
3.827494478516314757e+03 6.183940617311654476e-16
4.247571552536898707e+03 5.184279828606367297e-16
4.713753134116724141e+03 4.337717857757192912e-16
5.231099308056262998e+03 3.623564994917487263e-16
5.805225516094896193e+03 3.020776566231917018e-16
6.442363508721369726e+03 2.513134308385797601e-16
7.149428986597576113e+03 2.086332700987379506e-16
7.934096665797491369e+03 1.728858471497975204e-16
8.804883581643463913e+03 1.429710102032543998e-16
9.771241535346502133e+03 1.181098915899617569e-16
1.084365968689610963e+04 9.746544767146443031e-17
1.203377840777589154e+04 8.045585802320422879e-17
1.335451562929898682e+04 6.648110803970908141e-17
1.482020705798858762e+04 5.505702562330388190e-17
1.644676177994664249e+04 4.572012935499794023e-17
1.825183494319044257e+04 3.807732279232490288e-17
2.025501939230666540e+04 3.179010701824797639e-17
2.247805833548725059e+04 2.658881841934201007e-17
2.494508135230316839e+04 2.225987925693263695e-17
2.768286630392066581e+04 1.864203346308976031e-17
3.072112998861759115e+04 1.561309100011943723e-17
3.409285069746814406e+04 1.306949457428278520e-17
3.783462617131928710e+04 1.093681562714441718e-17
4.198707084443910571e+04 9.144015648743433189e-18
4.659525668664683326e+04 7.641093514467865596e-18
5.170920242896761192e+04 6.381428118219397065e-18
5.738441648302398244e+04 5.324707181205537976e-18
6.368249944718585903e+04 4.439773684639609327e-18
7.067181273927491566e+04 3.699017582441240150e-18
7.842822061337680498e+04 3.078778831197824017e-18
8.703591361485165544e+04 2.560566175228934583e-18
9.658832241158708348e+04 2.127205442184093966e-18
1.071891319205127511e+05 1.765584292033741947e-18
1.189534067370319535e+05 1.464157866159580801e-18
1.320088400831418112e+05 1.212733387563131830e-18
1.464971398307286145e+05 1.003328183514948476e-18
1.625755666443794908e+05 8.292015193483255802e-19
1.804186409392071655e+05 6.845340432948944232e-19
2.002200371815584658e+05 5.644529544447020261e-19
2.221946860939523904e+05 4.649205698859110059e-19
2.465811075822604180e+05 3.825262916675476744e-19
2.736439997074671555e+05 3.143648480719645217e-19
3.036771118035460822e+05 2.581236387068742009e-19
3.370064329271928291e+05 2.117500405866922176e-19
3.739937302478798083e+05 1.735439302667965660e-19
4.150404757850476308e+05 1.420741196293306359e-19
4.605922041145108524e+05 1.162139833832467242e-19
5.111433483440171112e+05 9.497363021026728988e-20
5.672426068491977639e+05 7.753041960274523937e-20
6.294988990221888525e+05 6.322824378589407894e-20
6.985879746785250027e+05 5.151064481716613654e-20
7.752597488629464060e+05 4.191718340919380455e-20
8.603464416684507160e+05 3.407796901855258112e-20
9.547716114208066138e+05 2.767185824334596807e-20
1.059560179277617019e+06 2.244590644756392130e-20
1.175849554052158026e+06 1.818722049990975547e-20
1.304901978014401859e+06 1.471841776691190759e-20
1.448118227674532915e+06 1.189673270834915094e-20
1.607052818261638284e+06 9.605012397688945236e-21
1.783430876931909472e+06 7.745640154090671328e-21
1.979166867853557458e+06 6.238270983029291439e-21
2.196385372416546568e+06 5.017830677492942100e-21
2.437444150122222025e+06 4.030579688747042245e-21
2.704959730463137385e+06 3.233375453020230201e-21
3.001835813575591892e+06 2.590342547348850051e-21
3.331294787934676744e+06 2.072253740367875450e-21
3.696912707195031922e+06 1.655465197690918396e-21
4.102658105827190448e+06 1.320587084282998596e-21
4.552935074866947718e+06 1.051527901138787187e-21
5.052631065335679799e+06 8.360799982857278095e-22
5.607169938205458224e+06 6.635698959235733527e-22
6.222570836730230600e+06 5.257854908093608294e-22
6.905513520162330940e+06 4.157676856335173197e-22
7.663410868007462472e+06 3.281091639966393870e-22
8.504489341802684590e+06 2.583580312632508958e-22
9.437878277775391936e+06 2.030010451044591639e-22
1.047370897959450819e+07 1.590997720148456838e-22
1.162322468679854274e+07 1.243716785254590638e-22
1.289890261253307760e+07 9.693225919458414180e-23
1.431458937523478456e+07 7.530810529501529686e-23
1.588565129428052530e+07 5.831242705369157751e-23
1.762914118095947802e+07 4.499566161232632470e-23
1.956398343517064676e+07 3.457385935251822333e-23
2.171117945694505423e+07 2.643916216607399697e-23
2.409403560239527002e+07 2.011139715131074353e-23
2.673841615839949250e+07 1.522268650383417012e-23
2.967302408188872784e+07 1.145334350719555044e-23
3.292971255097155273e+07 8.542105876435338525e-24
3.654383070957254618e+07 6.323428591808625748e-24
4.055460735840827972e+07 4.637184319564648989e-24
4.500557675700496882e+07 3.356278195028729658e-24
4.994505115855139494e+07 2.408965407129876000e-24
5.542664520663107187e+07 1.699375659181486476e-24
6.150985788580504060e+07 1.178049401113595487e-24
6.826071834272393584e+07 7.988347351032788796e-25
7.575250258771920204e+07 5.273944019628768313e-25
8.406652885618332028e+07 3.369674827968837589e-25
9.329304026284696162e+07 2.066213070838774801e-25
1.035321843295663744e+08 1.202485079544046006e-25
1.148951000187308788e+08 6.522563067356379500e-26
1.275051240713012964e+08 3.161952440723276447e-26
1.414991297434575856e+08 1.218577856518694761e-26
1.570290124729377627e+08 2.633311392907933087e-27
1.742633386009651124e+08 1.119922792783855655e-28
1.933891750455232263e+08 2.234992477609601519e-32
2.146141197858406007e+08 9.721306066304404037e-37
2.381685551976160705e+08 8.655721291834719496e-42
2.643081486974108517e+08 6.090726147589782676e-48
2.933166278390048146e+08 7.200362453066974165e-56
3.255088599835056663e+08 9.204956704369189804e-67
3.612342699709430337e+08 4.865937677700810662e-83
4.008806328898465633e+08 8.394771781713791174e-111
