1.000000000000000000e+02 1.750033704282197677e-14
1.109752496412072134e+02 1.540220510557211581e-14
1.231550603292826196e+02 1.355025556430172579e-14
1.366716356462005990e+02 1.191519866420645984e-14
1.516716888470922413e+02 1.047190729685272966e-14
1.683180353330956791e+02 9.198225139568900596e-15
1.867913599020782840e+02 8.076026193181612800e-15
2.072921779595371845e+02 7.086590945486279571e-15
2.300430119772916839e+02 6.214640877810552239e-15
2.552908068239516410e+02 5.447044652347732300e-15
2.833096101839323637e+02 4.771257358247968950e-15
3.144035471591500368e+02 4.176743757079166982e-15
3.489101213406774491e+02 3.653880182465429443e-15
3.872038781812557318e+02 3.194401377528110416e-15
4.297004704320843871e+02 2.790945081677029754e-15
4.768611697714468960e+02 2.436468173582178186e-15
5.291978735958442712e+02 2.125703013935852335e-15
5.872786613189482523e+02 1.852918058655658444e-15
6.517339604882420190e+02 1.613997646397948720e-15
7.232633896483533817e+02 1.404839265199352744e-15
8.026433522257173081e+02 1.221727179759490065e-15
8.907354638610439679e+02 1.061609934285322115e-15
9.884959046625587007e+02 9.218247534235811810e-16
1.096985797892383971e+03 7.996915130440866431e-16
1.217382727739662187e+03 6.932014686482396401e-16
1.350993521198027793e+03 6.003831252517396502e-16
1.499268432786045423e+03 5.195733831163333396e-16
1.663816886076128640e+03 4.492874776672460163e-16
1.846424942895544291e+03 3.881019085441532420e-16
2.049074689815845886e+03 3.351345148205428809e-16
2.273965752357927613e+03 2.890176693391397502e-16
2.523539170434765765e+03 2.491811139444294970e-16
2.800503894183631019e+03 2.145903687822705837e-16
3.107866187782013640e+03 1.847131662682821667e-16
3.448962260405759935e+03 1.588547130505540349e-16
3.827494478516314757e+03 1.365502819149020329e-16
4.247571552536898707e+03 1.172596554853020217e-16
4.713753134116724141e+03 1.006461730292864757e-16
5.231099308056262998e+03 8.631164717608935187e-17
5.805225516094896193e+03 7.395301285015913347e-17
6.442363508721369726e+03 6.331983227544888657e-17
7.149428986597576113e+03 5.417026782127643059e-17
7.934096665797491369e+03 4.629330711744357286e-17
8.804883581643463913e+03 3.952907797037680178e-17
9.771241535346502133e+03 3.371400301613067203e-17
1.084365968689610963e+04 2.871926951459810490e-17
1.203377840777589154e+04 2.443970606255447384e-17
1.335451562929898682e+04 2.077040916847211345e-17
1.482020705798858762e+04 1.762455497245823711e-17
1.644676177994664249e+04 1.493551689262149674e-17
1.825183494319044257e+04 1.264068507584565158e-17
2.025501939230666540e+04 1.067796513345490256e-17
2.247805833548725059e+04 9.004997068605505139e-18
2.494508135230316839e+04 7.586376039233565042e-18
2.768286630392066581e+04 6.376868208203842011e-18
3.072112998861759115e+04 5.351471007252727739e-18
3.409285069746814406e+04 4.484592518093140972e-18
3.783462617131928710e+04 3.750138383501401564e-18
4.198707084443910571e+04 3.132475917565965435e-18
4.659525668664683326e+04 2.611588453037752015e-18
5.170920242896761192e+04 2.173959342738730691e-18
5.738441648302398244e+04 1.806921774331388645e-18
6.368249944718585903e+04 1.499730685079499473e-18
7.067181273927491566e+04 1.243150504439860700e-18
7.842822061337680498e+04 1.029084413388681912e-18
8.703591361485165544e+04 8.508266295643146587e-19
9.658832241158708348e+04 7.026141132500670015e-19
1.071891319205127511e+05 5.795013277227482780e-19
1.189534067370319535e+05 4.774345852471744005e-19
1.320088400831418112e+05 3.928355270191885294e-19
1.464971398307286145e+05 3.228216889753860144e-19
1.625755666443794908e+05 2.648791851408558839e-19
1.804186409392071655e+05 2.170226333959816805e-19
2.002200371815584658e+05 1.775172388094553407e-19
2.221946860939523904e+05 1.449544689147329074e-19
2.465811075822604180e+05 1.181354262384139546e-19
2.736439997074671555e+05 9.607789330319084689e-20
3.036771118035460822e+05 7.796400690100062892e-20
3.370064329271928291e+05 6.312047756242635505e-20
3.739937302478798083e+05 5.098288221029049761e-20
4.150404757850476308e+05 4.108211090935026467e-20
4.605922041145108524e+05 3.303004241608938083e-20
5.111433483440171112e+05 2.650010563805124376e-20
5.672426068491977639e+05 2.122520565115513022e-20
6.294988990221888525e+05 1.698096999627560742e-20
6.985879746785250027e+05 1.357118552091683043e-20
7.752597488629464060e+05 1.083244965037874058e-20
8.603464416684507160e+05 8.637446484227817631e-21
9.547716114208066138e+05 6.878451109596058833e-21
1.059560179277617019e+06 5.471263068529151594e-21
1.175849554052158026e+06 4.345979438547945084e-21
1.304901978014401859e+06 3.447860740927070511e-21
1.448118227674532915e+06 2.731563283544307702e-21
1.607052818261638284e+06 2.161010245615905988e-21
1.783430876931909472e+06 1.707104429622541268e-21
1.979166867853557458e+06 1.346372488873725055e-21
2.196385372416546568e+06 1.060078165525230359e-21
2.437444150122222025e+06 8.333351799326682589e-22
2.704959730463137385e+06 6.540313048890481707e-22
3.001835813575591892e+06 5.123060823587116815e-22
3.331294787934676744e+06 4.006634908075733681e-22
3.696912707195031922e+06 3.126432803427377891e-22
4.102658105827190448e+06 2.434937904455756922e-22
4.552935074866947718e+06 1.892484434235698634e-22
5.052631065335679799e+06 1.467684439076357862e-22
5.607169938205458224e+06 1.135469205021456842e-22
6.222570836730230600e+06 8.764477518949526584e-23
6.905513520162330940e+06 6.749385984802065358e-23
7.663410868007462472e+06 5.183337828330647098e-23
8.504489341802684590e+06 3.971737544237145479e-23
9.437878277775391936e+06 3.034904841025997800e-23
1.047370897959450819e+07 2.312740335761830129e-23
1.162322468679854274e+07 1.757260543508400536e-23
1.289890261253307760e+07 1.331277461102788325e-23
1.431458937523478456e+07 1.005318611628217086e-23
1.588565129428052530e+07 7.566833337767423812e-24
1.762914118095947802e+07 5.675551446597319038e-24
1.956398343517064676e+07 4.240011413934732526e-24
2.171117945694505423e+07 3.154792125576990926e-24
2.409403560239527002e+07 2.337179677291570155e-24
2.673841615839949250e+07 1.724383621430668838e-24
2.967302408188872784e+07 1.266848873846101004e-24
3.292971255097155273e+07 9.269484381416469864e-25
3.654383070957254618e+07 6.751216297571643740e-25
4.055460735840827972e+07 4.893295742981049706e-25
4.500557675700496882e+07 3.528652333299948585e-25
4.994505115855139494e+07 2.530338667435873817e-25
5.542664520663107187e+07 1.803725409171608205e-25
6.150985788580504060e+07 1.277430996674028232e-25
6.826071834272393584e+07 8.980815814169756216e-26
7.575250258771920204e+07 6.263361808662483785e-26
8.406652885618332028e+07 4.327375791545375777e-26
9.329304026284696162e+07 2.958406798606571411e-26
1.035321843295663744e+08 1.997095068819764125e-26
1.148951000187308788e+08 1.328322764623796210e-26
1.275051240713012964e+08 8.676623625845722051e-27
1.414991297434575856e+08 5.541458363553887100e-27
1.570290124729377627e+08 3.440822920092717690e-27
1.742633386009651124e+08 2.058989592495871558e-27
1.933891750455232263e+08 1.172885925363306668e-27
2.146141197858406007e+08 6.245538516695126841e-28
2.381685551976160705e+08 3.020615605171822360e-28
2.643081486974108517e+08 1.270074777995162399e-28
2.933166278390048146e+08 4.247632148013204504e-29
3.255088599835056663e+08 5.715499464741160484e-30
