1.000000000000000000e+02 3.339841158511551094e-14
1.109752496412072134e+02 2.831999026815122524e-14
1.231550603292826196e+02 2.399563489731083203e-14
1.366716356462005990e+02 2.032208062404933323e-14
1.516716888470922413e+02 1.719894368817298030e-14
1.683180353330956791e+02 1.454662369345151478e-14
1.867913599020782840e+02 1.229484842664015944e-14
2.072921779595371845e+02 1.038517999215240744e-14
2.300430119772916839e+02 8.766304433101340058e-15
2.552908068239516410e+02 7.394707291636520647e-15
2.833096101839323637e+02 6.234967292148471469e-15
3.144035471591500368e+02 5.252435326553442904e-15
3.489101213406774491e+02 4.422763348626786725e-15
3.872038781812557318e+02 3.721134234860507904e-15
4.297004704320843871e+02 3.129042418180529810e-15
4.768611697714468960e+02 2.629844523568768995e-15
5.291978735958442712e+02 2.208857665080320821e-15
5.872786613189482523e+02 1.854347965852963958e-15
6.517339604882420190e+02 1.555836475954442511e-15
7.232633896483533817e+02 1.304861167433064416e-15
8.026433522257173081e+02 1.093793280783259570e-15
8.907354638610439679e+02 9.165147153150480859e-16
9.884959046625587007e+02 7.676137538169114560e-16
1.096985797892383971e+03 6.426590906345698100e-16
1.217382727739662187e+03 5.378486563498487857e-16
1.350993521198027793e+03 4.499880637111551034e-16
1.499268432786045423e+03 3.763526390469264164e-16
1.663816886076128640e+03 3.146895134660523576e-16
1.846424942895544291e+03 2.630448109628794817e-16
2.049074689815845886e+03 2.198086189902895890e-16
2.273965752357927613e+03 1.836154901441294601e-16
2.523539170434765765e+03 1.533429099920454831e-16
2.800503894183631019e+03 1.280270514976747587e-16
3.107866187782013640e+03 1.068580856275337837e-16
3.448962260405759935e+03 8.915771789555035899e-17
3.827494478516314757e+03 7.437081406159190020e-17
4.247571552536898707e+03 6.201499785829922627e-17
4.713753134116724141e+03 5.169491090668676506e-17
5.231099308056262998e+03 4.308018099048251778e-17
5.805225516094896193e+03 3.588998279956695758e-17
6.442363508721369726e+03 2.989139769343336391e-17
7.149428986597576113e+03 2.488660403030077842e-17
7.934096665797491369e+03 2.071133908280166897e-17
8.804883581643463913e+03 1.723251835825040593e-17
9.771241535346502133e+03 1.433370705650041888e-17
1.084365968689610963e+04 1.191769761927453610e-17
1.203377840777589154e+04 9.906826201846126348e-18
1.335451562929898682e+04 8.232260162768775155e-18
1.482020705798858762e+04 6.839054050271850797e-18
1.644676177994664249e+04 5.679514393772657208e-18
1.825183494319044257e+04 4.715031948324595320e-18
2.025501939230666540e+04 3.913180703463611334e-18
2.247805833548725059e+04 3.246900518623391447e-18
2.494508135230316839e+04 2.693013353360329779e-18
2.768286630392066581e+04 2.232708781288089376e-18
3.072112998861759115e+04 1.850529818673474144e-18
3.409285069746814406e+04 1.533211208110140432e-18
3.783462617131928710e+04 1.269779688368951639e-18
4.198707084443910571e+04 1.051262712429813784e-18
4.659525668664683326e+04 8.700032174776393038e-19
5.170920242896761192e+04 7.196778838480281252e-19
5.738441648302398244e+04 5.950409979550308551e-19
6.368249944718585903e+04 4.917799740525918102e-19
7.067181273927491566e+04 4.062883782277227609e-19
7.842822061337680498e+04 3.354958216050316908e-19
8.703591361485165544e+04 2.769094526916051232e-19
9.658832241158708348e+04 2.284313930494187145e-19
1.071891319205127511e+05 1.883564528874231289e-19
1.189534067370319535e+05 1.552387628016008789e-19
1.320088400831418112e+05 1.278807568876683944e-19
1.464971398307286145e+05 1.052834467158752668e-19
1.625755666443794908e+05 8.663462937179423479e-20
1.804186409392071655e+05 7.125530550332063062e-20
2.002200371815584658e+05 5.857582172796016966e-20
2.221946860939523904e+05 4.812440213388698068e-20
2.465811075822604180e+05 3.952109805630255840e-20
2.736439997074671555e+05 3.243821510779837741e-20
3.036771118035460822e+05 2.661030929400282895e-20
3.370064329271928291e+05 2.181567666935005014e-20
3.739937302478798083e+05 1.787539434543396541e-20
4.150404757850476308e+05 1.463892182498613257e-20
4.605922041145108524e+05 1.197938221055520333e-20
5.111433483440171112e+05 9.797448308878223189e-21
5.672426068491977639e+05 8.006163645654597482e-21
6.294988990221888525e+05 6.537486063502717922e-21
6.985879746785250027e+05 5.333956401039371696e-21
7.752597488629464060e+05 4.348107781984772435e-21
8.603464416684507160e+05 3.541675038270813763e-21
9.547716114208066138e+05 2.881600887292445435e-21
1.059560179277617019e+06 2.342142765991247774e-21
1.175849554052158026e+06 1.901425402845608906e-21
1.304901978014401859e+06 1.541859279398274844e-21
1.448118227674532915e+06 1.248687070688586572e-21
1.607052818261638284e+06 1.009756919607109626e-21
1.783430876931909472e+06 8.152142975976182009e-22
1.979166867853557458e+06 6.572434044334294919e-22
2.196385372416546568e+06 5.290041484707963866e-22
2.437444150122222025e+06 4.247079853319191761e-22
2.704959730463137385e+06 3.403698695093189970e-22
3.001835813575591892e+06 2.722134416424196466e-22
3.331294787934676744e+06 2.169691175177899471e-22
3.696912707195031922e+06 1.725696289001347755e-22
4.102658105827190448e+06 1.368574437052511034e-22
4.552935074866947718e+06 1.080421795357504984e-22
5.052631065335679799e+06 8.501181198031704205e-23
5.607169938205458224e+06 6.662483708365290051e-23
6.222570836730230600e+06 5.195971089229050937e-23
6.905513520162330940e+06 4.025343241314990094e-23
7.663410868007462472e+06 3.102491361933878091e-23
8.504489341802684590e+06 2.374409892650143974e-23
9.437878277775391936e+06 1.802109544507029216e-23
1.047370897959450819e+07 1.355632779795701288e-23
1.162322468679854274e+07 1.009677948525370814e-23
1.289890261253307760e+07 7.428322948657226856e-24
1.431458937523478456e+07 5.389171181412067274e-24
1.588565129428052530e+07 3.854311423974495962e-24
1.762914118095947802e+07 2.705839145736566848e-24
1.956398343517064676e+07 1.861190119069351970e-24
2.171117945694505423e+07 1.251077076224498656e-24
2.409403560239527002e+07 8.185982909621991262e-25
2.673841615839949250e+07 5.209201465621990257e-25
2.967302408188872784e+07 3.210422117713016663e-25
3.292971255097155273e+07 1.920072243352309872e-25
3.654383070957254618e+07 1.113087486131226260e-25
4.055460735840827972e+07 6.252950341411498362e-26
4.500557675700496882e+07 3.373569372091019307e-26
4.994505115855139494e+07 1.690976295430845487e-26
5.542664520663107187e+07 7.310328551044486334e-27
6.150985788580504060e+07 2.356892188074768140e-27
6.826071834272393584e+07 4.407719117055529627e-28
7.575250258771920204e+07 4.377390602866629159e-29
8.406652885618332028e+07 2.481637240335299606e-30
9.329304026284696162e+07 8.641028905202408281e-32
1.035321843295663744e+08 1.645450325529481898e-33
1.148951000187308788e+08 1.392434636505877349e-35
1.275051240713012964e+08 3.729371182237660179e-38
1.414991297434575856e+08 1.835592833962728750e-41
1.570290124729377627e+08 7.465744768603550595e-46
1.742633386009651124e+08 7.314712044139882915e-52
1.933891750455232263e+08 2.363560609391212041e-60
