1.000000000000000000e+02 1.249519894099115815e-14
1.109752496412072134e+02 1.069831743996051863e-14
1.231550603292826196e+02 9.152725821140777170e-15
1.366716356462005990e+02 7.840041233844153966e-15
1.516716888470922413e+02 6.711097133175245070e-15
1.683180353330956791e+02 5.744458950435843735e-15
1.867913599020782840e+02 4.916524184270475341e-15
2.072921779595371845e+02 4.197314955324855540e-15
2.300430119772916839e+02 3.586686362559290958e-15
2.552908068239516410e+02 3.056850685873378909e-15
2.833096101839323637e+02 2.603169828435302762e-15
3.144035471591500368e+02 2.215168347450844463e-15
3.489101213406774491e+02 1.881029335307649285e-15
3.872038781812557318e+02 1.595862238177684818e-15
4.297004704320843871e+02 1.351081912969020907e-15
4.768611697714468960e+02 1.143704889869525299e-15
5.291978735958442712e+02 9.647193956091386063e-16
5.872786613189482523e+02 8.143389895848391898e-16
6.517339604882420190e+02 6.842643759855592314e-16
7.232633896483533817e+02 5.752539216353319414e-16
8.026433522257173081e+02 4.824221043577296393e-16
8.907354638610439679e+02 4.038134130986117400e-16
9.884959046625587007e+02 3.375563659756388315e-16
1.096985797892383971e+03 2.810675401582108359e-16
1.217382727739662187e+03 2.340053694619979725e-16
1.350993521198027793e+03 1.935680438392339882e-16
1.499268432786045423e+03 1.600587013925050293e-16
1.663816886076128640e+03 1.316367149755425559e-16
1.846424942895544291e+03 1.081064119793998620e-16
2.049074689815845886e+03 8.815434869985803472e-17
2.273965752357927613e+03 7.176917513782237569e-17
2.523539170434765765e+03 5.804397451042992865e-17
2.800503894183631019e+03 4.673556526444264263e-17
3.107866187782013640e+03 3.740901069305920250e-17
3.448962260405759935e+03 2.976132343666050189e-17
3.827494478516314757e+03 2.352998193767533843e-17
4.247571552536898707e+03 1.846602640926728671e-17
4.713753134116724141e+03 1.439090715366764595e-17
5.231099308056262998e+03 1.113444133291263085e-17
5.805225516094896193e+03 8.553171641208588135e-18
6.442363508721369726e+03 6.522933681874561042e-18
7.149428986597576113e+03 4.942416480206908677e-18
7.934096665797491369e+03 3.724500507118211119e-18
8.804883581643463913e+03 2.798301959084237090e-18
9.771241535346502133e+03 2.102142600549783523e-18
1.084365968689610963e+04 1.585146187493716297e-18
1.203377840777589154e+04 1.202867458758178585e-18
1.335451562929898682e+04 9.274385707595457803e-19
1.482020705798858762e+04 7.242134753506688127e-19
1.644676177994664249e+04 5.737549826385026739e-19
1.825183494319044257e+04 4.617892681882748471e-19
2.025501939230666540e+04 3.759034374051357362e-19
2.247805833548725059e+04 3.086514598348036944e-19
2.494508135230316839e+04 2.550442647201395877e-19
2.768286630392066581e+04 2.119749221858888331e-19
3.072112998861759115e+04 1.753628979956611144e-19
3.409285069746814406e+04 1.453347491611169087e-19
3.783462617131928710e+04 1.201589034474942859e-19
4.198707084443910571e+04 9.901335432054002035e-20
4.659525668664683326e+04 8.118524150332536993e-20
5.170920242896761192e+04 6.606598189520764205e-20
5.738441648302398244e+04 5.326627127262520993e-20
6.368249944718585903e+04 4.244359126967288972e-20
7.067181273927491566e+04 3.336664174776437000e-20
7.842822061337680498e+04 2.579324646278506603e-20
8.703591361485165544e+04 1.953127925173492370e-20
9.658832241158708348e+04 1.439261346445663841e-20
1.071891319205127511e+05 1.027418305205406890e-20
1.189534067370319535e+05 7.029558818166385146e-21
1.320088400831418112e+05 4.555116942456732119e-21
1.464971398307286145e+05 2.775228173521886932e-21
1.625755666443794908e+05 1.571180528589219725e-21
1.804186409392071655e+05 8.237439721133874449e-22
2.002200371815584658e+05 4.082155148563379831e-22
2.221946860939523904e+05 2.064215627292775882e-22
2.465811075822604180e+05 1.198220422482725788e-22
2.736439997074671555e+05 8.038104525192931007e-23
3.036771118035460822e+05 5.777049575947149845e-23
3.370064329271928291e+05 4.245167553249368545e-23
3.739937302478798083e+05 3.141593894946204605e-23
4.150404757850476308e+05 2.333419353482089242e-23
4.605922041145108524e+05 1.738718181518836770e-23
5.111433483440171112e+05 1.298807731935577006e-23
5.672426068491977639e+05 9.721675249736887139e-24
6.294988990221888525e+05 7.288576825852673650e-24
6.985879746785250027e+05 5.470654387760957187e-24
7.752597488629464060e+05 4.110571274267245035e-24
8.603464416684507160e+05 3.090562683144194875e-24
9.547716114208066138e+05 2.324989309282578774e-24
1.059560179277617019e+06 1.749770337373512529e-24
1.175849554052158026e+06 1.317099346985452300e-24
1.304901978014401859e+06 9.914914999077546353e-25
1.448118227674532915e+06 7.462403146274201438e-25
1.607052818261638284e+06 5.614725091810131299e-25
1.783430876931909472e+06 4.223404155343452448e-25
1.979166867853557458e+06 3.175259725202020533e-25
2.196385372416546568e+06 2.385265265022974066e-25
2.437444150122222025e+06 1.790625265942848825e-25
2.704959730463137385e+06 1.342862892621159231e-25
3.001835813575591892e+06 1.006033440483093898e-25
3.331294787934676744e+06 7.527246784553055628e-26
3.696912707195031922e+06 5.624576117309224177e-26
4.102658105827190448e+06 4.196247548913391479e-26
4.552935074866947718e+06 3.125629130230119445e-26
5.052631065335679799e+06 2.323785386583785858e-26
5.607169938205458224e+06 1.724164855978717910e-26
6.222570836730230600e+06 1.276486360084556292e-26
6.905513520162330940e+06 9.427088480404456872e-27
7.663410868007462472e+06 6.943232678454278085e-27
8.504489341802684590e+06 5.099202591479968763e-27
9.437878277775391936e+06 3.732709218562536849e-27
1.047370897959450819e+07 2.723259562329294296e-27
1.162322468679854274e+07 1.978624228470712120e-27
1.289890261253307760e+07 1.431344752926513364e-27
1.431458937523478456e+07 1.031080793271791216e-27
1.588565129428052530e+07 7.383286348481077220e-28
1.762914118095947802e+07 5.257511923183199562e-28
1.956398343517064676e+07 3.718461716035704116e-28
2.171117945694505423e+07 2.610062190437012167e-28
2.409403560239527002e+07 1.816565802032565923e-28
2.673841615839949250e+07 1.251690576898041738e-28
2.967302408188872784e+07 8.526012453269067233e-29
3.292971255097155273e+07 5.730847725047407834e-29
3.654383070957254618e+07 3.790150638268881016e-29
4.055460735840827972e+07 2.459812636697788938e-29
4.500557675700496882e+07 1.559419185959638894e-29
4.994505115855139494e+07 9.602219892345448604e-30
5.542664520663107187e+07 5.692590525881730043e-30
6.150985788580504060e+07 3.207655152625610377e-30
6.826071834272393584e+07 1.679384462937145842e-30
7.575250258771920204e+07 7.814314901492663217e-31
8.406652885618332028e+07 2.911220312401819953e-31
9.329304026284696162e+07 6.137297444512344919e-32
1.035321843295663744e+08 7.196293622063803368e-34
