1.000000000000000000e+02 3.863285629248665076e-14
1.109752496412072134e+02 3.320594820457846848e-14
1.231550603292826196e+02 2.851433325648814491e-14
1.366716356462005990e+02 2.446401729788922908e-14
1.516716888470922413e+02 2.096965535069476724e-14
1.683180353330956791e+02 1.795735466667890008e-14
1.867913599020782840e+02 1.536531257911181197e-14
2.072921779595371845e+02 1.313378758414135371e-14
2.300430119772916839e+02 1.121709849037029314e-14
2.552908068239516410e+02 9.573654368959363561e-15
2.833096101839323637e+02 8.163328764259661426e-15
3.144035471591500368e+02 6.954365778674167204e-15
3.489101213406774491e+02 5.922042730662021327e-15
3.872038781812557318e+02 5.037674084283971197e-15
4.297004704320843871e+02 4.283755454875155706e-15
4.768611697714468960e+02 3.639529901707026580e-15
5.291978735958442712e+02 3.091165087469017285e-15
5.872786613189482523e+02 2.623562221756790842e-15
6.517339604882420190e+02 2.225634838450932136e-15
7.232633896483533817e+02 1.887104056513414162e-15
8.026433522257173081e+02 1.599205594679485037e-15
8.907354638610439679e+02 1.354858019293623428e-15
9.884959046625587007e+02 1.147152425487052062e-15
1.096985797892383971e+03 9.708958635119971293e-16
1.217382727739662187e+03 8.212150738632217152e-16
1.350993521198027793e+03 6.943963897851747970e-16
1.499268432786045423e+03 5.868648783210025933e-16
1.663816886076128640e+03 4.957295451479429289e-16
1.846424942895544291e+03 4.185502636324446076e-16
2.049074689815845886e+03 3.532483227174974096e-16
2.273965752357927613e+03 2.979499528018479604e-16
2.523539170434765765e+03 2.511905213817545625e-16
2.800503894183631019e+03 2.116764371151621410e-16
3.107866187782013640e+03 1.782876590405080237e-16
3.448962260405759935e+03 1.501042518156070935e-16
3.827494478516314757e+03 1.263236171447213936e-16
4.247571552536898707e+03 1.062685642518473361e-16
4.713753134116724141e+03 8.935232155099473586e-17
5.231099308056262998e+03 7.511342286211918012e-17
5.805225516094896193e+03 6.311056854603154516e-17
6.442363508721369726e+03 5.301865389535119509e-17
7.149428986597576113e+03 4.452366071312218569e-17
7.934096665797491369e+03 3.737537566884056005e-17
8.804883581643463913e+03 3.136737280560556855e-17
9.771241535346502133e+03 2.631700680558523059e-17
1.084365968689610963e+04 2.207462698022151483e-17
1.203377840777589154e+04 1.851004411943546179e-17
1.335451562929898682e+04 1.551659619956322914e-17
1.482020705798858762e+04 1.300235321470273421e-17
1.644676177994664249e+04 1.089251823694666348e-17
1.825183494319044257e+04 9.121847869491922593e-18
2.025501939230666540e+04 7.636507168878383298e-18
2.247805833548725059e+04 6.390553828455576191e-18
2.494508135230316839e+04 5.345586231463957794e-18
2.768286630392066581e+04 4.469839542172734978e-18
3.072112998861759115e+04 3.735752659909540993e-18
3.409285069746814406e+04 3.120693693748243851e-18
3.783462617131928710e+04 2.605961214007720732e-18
4.198707084443910571e+04 2.174786596388246036e-18
4.659525668664683326e+04 1.814042243069009844e-18
5.170920242896761192e+04 1.512403256343097352e-18
5.738441648302398244e+04 1.260127757156340128e-18
6.368249944718585903e+04 1.049258916850882863e-18
7.067181273927491566e+04 8.732396929931390078e-19
7.842822061337680498e+04 7.262530811141918124e-19
8.703591361485165544e+04 6.035869266775331079e-19
9.658832241158708348e+04 5.012987916618816243e-19
1.071891319205127511e+05 4.161131598378482361e-19
1.189534067370319535e+05 3.451507921393324677e-19
1.320088400831418112e+05 2.861074780434524832e-19
1.464971398307286145e+05 2.370201204191298072e-19
1.625755666443794908e+05 1.962005558311712909e-19
1.804186409392071655e+05 1.623208962870645348e-19
2.002200371815584658e+05 1.342150200954949857e-19
2.221946860939523904e+05 1.109114844935189372e-19
2.465811075822604180e+05 9.159211039227819056e-20
2.736439997074671555e+05 7.559824220410661734e-20
3.036771118035460822e+05 6.235993993242344652e-20
3.370064329271928291e+05 5.140758269532128260e-20
3.739937302478798083e+05 4.234368779902916153e-20
4.150404757850476308e+05 3.485281203727464574e-20
4.605922041145108524e+05 2.866850560574172898e-20
5.111433483440171112e+05 2.356261783274598520e-20
5.672426068491977639e+05 1.934914388080260816e-20
6.294988990221888525e+05 1.587686837071706273e-20
6.985879746785250027e+05 1.301486584308470513e-20
7.752597488629464060e+05 1.065900280206322732e-20
8.603464416684507160e+05 8.721079827653953387e-21
9.547716114208066138e+05 7.128794617868440207e-21
1.059560179277617019e+06 5.821110670545534844e-21
1.175849554052158026e+06 4.747316234770202183e-21
1.304901978014401859e+06 3.867319206312093787e-21
1.448118227674532915e+06 3.146616042619817921e-21
1.607052818261638284e+06 2.557215763548693734e-21
1.783430876931909472e+06 2.075250238090220292e-21
1.979166867853557458e+06 1.681836683386452218e-21
2.196385372416546568e+06 1.361062954256307687e-21
2.437444150122222025e+06 1.099740270850655801e-21
2.704959730463137385e+06 8.871985490324647251e-22
3.001835813575591892e+06 7.144800283901515028e-22
3.331294787934676744e+06 5.744087041936007303e-22
3.696912707195031922e+06 4.609646253305084232e-22
4.102658105827190448e+06 3.691761783729332173e-22
4.552935074866947718e+06 2.950018891035800237e-22
5.052631065335679799e+06 2.352776270281272691e-22
5.607169938205458224e+06 1.871795177491930056e-22
6.222570836730230600e+06 1.485516744014909583e-22
6.905513520162330940e+06 1.175734671311690828e-22
7.663410868007462472e+06 9.281923673205854794e-23
8.504489341802684590e+06 7.304955479427438579e-23
9.437878277775391936e+06 5.730915620701838467e-23
1.047370897959450819e+07 4.481047206755191865e-23
1.162322468679854274e+07 3.490549796919132840e-23
1.289890261253307760e+07 2.708139480825139166e-23
1.431458937523478456e+07 2.091044032983932882e-23
1.588565129428052530e+07 1.607582031509745274e-23
1.762914118095947802e+07 1.229471113174137158e-23
1.956398343517064676e+07 9.351622340306362778e-24
2.171117945694505423e+07 7.072407561879122902e-24
2.409403560239527002e+07 5.310547494356691262e-24
2.673841615839949250e+07 3.948750354734729821e-24
2.967302408188872784e+07 2.914999447875585808e-24
3.292971255097155273e+07 2.129946842431325189e-24
3.654383070957254618e+07 1.538898113180312174e-24
4.055460735840827972e+07 1.097797910657000491e-24
4.500557675700496882e+07 7.717185773152163333e-25
4.994505115855139494e+07 5.332926129869637490e-25
5.542664520663107187e+07 3.610166376244673720e-25
6.150985788580504060e+07 2.385042532284210681e-25
6.826071834272393584e+07 1.528305337856993206e-25
7.575250258771920204e+07 9.435757709999105968e-26
8.406652885618332028e+07 5.560764332992459715e-26
9.329304026284696162e+07 3.092221910399587728e-26
1.035321843295663744e+08 1.598767453203732039e-26
1.148951000187308788e+08 7.540214236460051223e-27
1.275051240713012964e+08 3.164216774312602742e-27
1.414991297434575856e+08 1.099073002606573902e-27
1.570290124729377627e+08 2.097597589918126205e-28
1.742633386009651124e+08 3.918099312429067901e-31
1.933891750455232263e+08 6.849854321388499089e-39
2.146141197858406007e+08 1.364059449876904994e-53
2.381685551976160705e+08 3.129622311316973728e-80
2.643081486974108517e+08 3.509413332349008996e-133
