1.000000000000000000e+02 3.416787328698633596e-11
1.109752496412072134e+02 2.993385081177382407e-11
1.231550603292826196e+02 2.620863127867586291e-11
1.366716356462005990e+02 2.290770631472610482e-11
1.516716888470922413e+02 1.999324743684517142e-11
1.683180353330956791e+02 1.743245347441736121e-11
1.867913599020782840e+02 1.516758822069141065e-11
2.072921779595371845e+02 1.318276653366870095e-11
2.300430119772916839e+02 1.143121122318279569e-11
2.552908068239516410e+02 9.897581860904545287e-12
2.833096101839323637e+02 8.552083745282703462e-12
3.144035471591500368e+02 7.370927955907963450e-12
3.489101213406774491e+02 6.345587741794948459e-12
3.872038781812557318e+02 5.442232309396966073e-12
4.297004704320843871e+02 4.662517127680191771e-12
4.768611697714468960e+02 3.980735670142827136e-12
5.291978735958442712e+02 3.391974516815042106e-12
5.872786613189482523e+02 2.883188363863170042e-12
6.517339604882420190e+02 2.443510270571692744e-12
7.232633896483533817e+02 2.066875601391794044e-12
8.026433522257173081e+02 1.743081560841330179e-12
8.907354638610439679e+02 1.467441252651242474e-12
9.884959046625587007e+02 1.232144707200663501e-12
1.096985797892383971e+03 1.033099563321731904e-12
1.217382727739662187e+03 8.645185773326357172e-13
1.350993521198027793e+03 7.229530078874461115e-13
1.499268432786045423e+03 6.035850072686038590e-13
1.663816886076128640e+03 5.039135641077029245e-13
1.846424942895544291e+03 4.205010134009340376e-13
2.049074689815845886e+03 3.508495225132833286e-13
2.273965752357927613e+03 2.929949147742906902e-13
2.523539170434765765e+03 2.449797603137643132e-13
2.800503894183631019e+03 2.047026590349221612e-13
3.107866187782013640e+03 1.714122720607349373e-13
3.448962260405759935e+03 1.434397080772532315e-13
3.827494478516314757e+03 1.202656582044578157e-13
4.247571552536898707e+03 1.007097965620593998e-13
4.713753134116724141e+03 8.447795608951892473e-14
5.231099308056262998e+03 7.070532116053538954e-14
5.805225516094896193e+03 5.921684884721004197e-14
6.442363508721369726e+03 4.949228460025623899e-14
7.149428986597576113e+03 4.135239448291713802e-14
7.934096665797491369e+03 3.447948221065260760e-14
8.804883581643463913e+03 2.868771173631692260e-14
9.771241535346502133e+03 2.384843930450285037e-14
1.084365968689610963e+04 1.976226540968575252e-14
1.203377840777589154e+04 1.636948404380582351e-14
1.335451562929898682e+04 1.351838370274680214e-14
1.482020705798858762e+04 1.114995312323142897e-14
1.644676177994664249e+04 9.195070524275558705e-15
1.825183494319044257e+04 7.558282491768502859e-15
2.025501939230666540e+04 6.218620697535902969e-15
2.247805833548725059e+04 5.107012971947227798e-15
2.494508135230316839e+04 4.196456162548397265e-15
2.768286630392066581e+04 3.445794500814293689e-15
3.072112998861759115e+04 2.828266595072032789e-15
3.409285069746814406e+04 2.323421951532106953e-15
3.783462617131928710e+04 1.905429912231376194e-15
4.198707084443910571e+04 1.564145104331446180e-15
4.659525668664683326e+04 1.282774095457791355e-15
5.170920242896761192e+04 1.051129096109942034e-15
5.738441648302398244e+04 8.606392170905339189e-16
6.368249944718585903e+04 7.029362437601172648e-16
7.067181273927491566e+04 5.734982387025233651e-16
7.842822061337680498e+04 4.668674609148872480e-16
8.703591361485165544e+04 3.791490863129061103e-16
9.658832241158708348e+04 3.070595226859279492e-16
1.071891319205127511e+05 2.480497953413467155e-16
1.189534067370319535e+05 1.996397014501342635e-16
1.320088400831418112e+05 1.601923501243246430e-16
1.464971398307286145e+05 1.280940491446944376e-16
1.625755666443794908e+05 1.021550213278315945e-16
1.804186409392071655e+05 8.112952151001328638e-17
2.002200371815584658e+05 6.423963892691027995e-17
2.221946860939523904e+05 5.067609501560526998e-17
2.465811075822604180e+05 3.985257707339144374e-17
2.736439997074671555e+05 3.123761828202509347e-17
3.036771118035460822e+05 2.444426150740868707e-17
3.370064329271928291e+05 1.908367083950584506e-17
3.739937302478798083e+05 1.490263372799800649e-17
4.150404757850476308e+05 1.161946143513907675e-17
4.605922041145108524e+05 9.058326223070885303e-18
5.111433483440171112e+05 7.054084240861311873e-18
5.672426068491977639e+05 5.481958370324902792e-18
6.294988990221888525e+05 4.247697583182803832e-18
6.985879746785250027e+05 3.275395218250492823e-18
7.752597488629464060e+05 2.511559752641609933e-18
8.603464416684507160e+05 1.913651456134523719e-18
9.547716114208066138e+05 1.448043197241114000e-18
1.059560179277617019e+06 1.085723618255300073e-18
1.175849554052158026e+06 8.094674898669433746e-19
1.304901978014401859e+06 5.977137404314930981e-19
1.448118227674532915e+06 4.387726725031141800e-19
1.607052818261638284e+06 3.202688932008348005e-19
1.783430876931909472e+06 2.324114329185695019e-19
1.979166867853557458e+06 1.688688954795845234e-19
2.196385372416546568e+06 1.224966801807285825e-19
2.437444150122222025e+06 8.905730474703713106e-20
2.704959730463137385e+06 6.498538902298844274e-20
3.001835813575591892e+06 4.761382379814857415e-20
3.331294787934676744e+06 3.497090237417105230e-20
3.696912707195031922e+06 2.575342486215008137e-20
4.102658105827190448e+06 1.900317393703975001e-20
4.552935074866947718e+06 1.406161436143362275e-20
5.052631065335679799e+06 1.045308261948749547e-20
5.607169938205458224e+06 7.808796295456667567e-21
6.222570836730230600e+06 5.858342173388813737e-21
6.905513520162330940e+06 4.406067941405602382e-21
7.663410868007462472e+06 3.317621147801090362e-21
8.504489341802684590e+06 2.498740409280863055e-21
9.437878277775391936e+06 1.881670983086235765e-21
1.047370897959450819e+07 1.416371530787444974e-21
1.162322468679854274e+07 1.065149159779532794e-21
1.289890261253307760e+07 8.001072553984250762e-22
1.431458937523478456e+07 6.001489787073151175e-22
1.588565129428052530e+07 4.494216978902415651e-22
1.762914118095947802e+07 3.358757400962949458e-22
1.956398343517064676e+07 2.504393529816106635e-22
2.171117945694505423e+07 1.862368585790156450e-22
2.409403560239527002e+07 1.381054044378233254e-22
2.673841615839949250e+07 1.020561100194076082e-22
2.967302408188872784e+07 7.511896393732066849e-23
3.292971255097155273e+07 5.509828705872946756e-23
3.654383070957254618e+07 4.019168659247851211e-23
4.055460735840827972e+07 2.915808685442746185e-23
4.500557675700496882e+07 2.103053346070433115e-23
4.994505115855139494e+07 1.506184184963444009e-23
5.542664520663107187e+07 1.070122084763932673e-23
6.150985788580504060e+07 7.531865297710106864e-24
6.826071834272393584e+07 5.240004790224131214e-24
7.575250258771920204e+07 3.598286194694513911e-24
8.406652885618332028e+07 2.433461468257968691e-24
9.329304026284696162e+07 1.613770109600570214e-24
1.035321843295663744e+08 1.047584849518995331e-24
1.148951000187308788e+08 6.567797269907288000e-25
1.275051240713012964e+08 3.968221174572354515e-25
1.414991297434575856e+08 2.278451719603272762e-25
1.570290124729377627e+08 1.216913739660892305e-25
1.742633386009651124e+08 5.884911769874830603e-26
1.933891750455232263e+08 2.465065635161504612e-26
2.146141197858406007e+08 8.424194312902524359e-27
2.381685551976160705e+08 2.197938996046562278e-27
2.643081486974108517e+08 1.327008352013798640e-28
2.933166278390048146e+08 2.183617372922727940e-85
