1.000000000000000000e+02 8.256516330693998661e-13
1.109752496412072134e+02 6.950452966262102475e-13
1.231550603292826196e+02 5.842153324320367934e-13
1.366716356462005990e+02 4.904995902747977054e-13
1.516716888470922413e+02 4.110882068889916642e-13
1.683180353330956791e+02 3.440785745047953504e-13
1.867913599020782840e+02 2.876943820756975174e-13
2.072921779595371845e+02 2.402020747486505511e-13
2.300430119772916839e+02 2.003157849042356122e-13
2.552908068239516410e+02 1.668841473109247003e-13
2.833096101839323637e+02 1.388230609723030620e-13
3.144035471591500368e+02 1.154432346265607350e-13
3.489101213406774491e+02 9.591309722033957561e-14
3.872038781812557318e+02 7.960363822819317349e-14
4.297004704320843871e+02 6.604531352256898993e-14
4.768611697714468960e+02 5.476494578848204797e-14
5.291978735958442712e+02 4.538691669136967171e-14
5.872786613189482523e+02 3.761620076373919834e-14
6.517339604882420190e+02 3.115632221630612349e-14
7.232633896483533817e+02 2.580202505632667177e-14
8.026433522257173081e+02 2.136418527211467322e-14
8.907354638610439679e+02 1.768284661108793425e-14
9.884959046625587007e+02 1.463260473770225753e-14
1.096985797892383971e+03 1.210755980650592590e-14
1.217382727739662187e+03 1.001417498819849321e-14
1.350993521198027793e+03 8.281116226391208902e-15
1.499268432786045423e+03 6.846494393114432070e-15
1.663816886076128640e+03 5.658172088010369554e-15
1.846424942895544291e+03 4.675576528052149360e-15
2.049074689815845886e+03 3.862001874306948321e-15
2.273965752357927613e+03 3.188974492221258177e-15
2.523539170434765765e+03 2.632692545302447422e-15
2.800503894183631019e+03 2.172236163208264439e-15
3.107866187782013640e+03 1.792087247691973640e-15
3.448962260405759935e+03 1.477901422634699927e-15
3.827494478516314757e+03 1.218641630978899193e-15
4.247571552536898707e+03 1.004513317427927322e-15
4.713753134116724141e+03 8.276774555261115876e-16
5.231099308056262998e+03 6.818923892389588528e-16
5.805225516094896193e+03 5.615972909997085249e-16
6.442363508721369726e+03 4.623964031822771556e-16
7.149428986597576113e+03 3.806127166491004501e-16
7.934096665797491369e+03 3.132345412083027201e-16
8.804883581643463913e+03 2.576687968273188051e-16
9.771241535346502133e+03 2.119138074375678281e-16
1.084365968689610963e+04 1.742386773455477290e-16
1.203377840777589154e+04 1.431877147691752886e-16
1.335451562929898682e+04 1.176432222165940148e-16
1.482020705798858762e+04 9.660202339074738182e-17
1.644676177994664249e+04 7.928633795566977035e-17
1.825183494319044257e+04 6.505573851890135548e-17
2.025501939230666540e+04 5.334535144990172829e-17
2.247805833548725059e+04 4.371859413938916202e-17
2.494508135230316839e+04 3.580875481825706518e-17
2.768286630392066581e+04 2.930969537434516791e-17
3.072112998861759115e+04 2.397700660999271749e-17
3.409285069746814406e+04 1.959780403381623003e-17
3.783462617131928710e+04 1.600765957154406856e-17
4.198707084443910571e+04 1.306388279410089047e-17
4.659525668664683326e+04 1.065372226640401826e-17
5.170920242896761192e+04 8.679920687290665422e-18
5.738441648302398244e+04 7.065577186723703714e-18
6.368249944718585903e+04 5.746779010597244209e-18
7.067181273927491566e+04 4.669241914467473697e-18
7.842822061337680498e+04 3.790641348113551230e-18
8.703591361485165544e+04 3.073953012325997675e-18
9.658832241158708348e+04 2.490940057702370382e-18
1.071891319205127511e+05 2.016358822954372304e-18
1.189534067370319535e+05 1.631233661301764532e-18
1.320088400831418112e+05 1.318245926382368190e-18
1.464971398307286145e+05 1.064838759186445540e-18
1.625755666443794908e+05 8.593514977303378936e-19
1.804186409392071655e+05 6.931527316168400340e-19
2.002200371815584658e+05 5.588372529389870831e-19
2.221946860939523904e+05 4.502284516060157023e-19
2.465811075822604180e+05 3.626057708817847632e-19
2.736439997074671555e+05 2.918319904756765813e-19
3.036771118035460822e+05 2.347384494382804397e-19
3.370064329271928291e+05 1.886791238822752547e-19
3.739937302478798083e+05 1.515652560807607552e-19
4.150404757850476308e+05 1.216679060655769602e-19
4.605922041145108524e+05 9.759853942010590684e-20
5.111433483440171112e+05 7.822221603490211551e-20
5.672426068491977639e+05 6.264931094541428569e-20
6.294988990221888525e+05 5.013456934307607382e-20
6.985879746785250027e+05 4.008227562292885476e-20
7.752597488629464060e+05 3.201435208342799528e-20
8.603464416684507160e+05 2.555444142932038781e-20
9.547716114208066138e+05 2.036988765828998948e-20
1.059560179277617019e+06 1.622538907379864398e-20
1.175849554052158026e+06 1.290905866194543770e-20
1.304901978014401859e+06 1.026168195382308733e-20
1.448118227674532915e+06 8.145281587517022761e-21
1.607052818261638284e+06 6.459519885065382114e-21
1.783430876931909472e+06 5.116275890511626520e-21
1.979166867853557458e+06 4.047141407553907612e-21
2.196385372416546568e+06 3.197651710997679082e-21
2.437444150122222025e+06 2.522922103590801889e-21
2.704959730463137385e+06 1.987868760492779312e-21
3.001835813575591892e+06 1.564132474125818870e-21
3.331294787934676744e+06 1.228956529086100660e-21
3.696912707195031922e+06 9.641160939835866717e-22
4.102658105827190448e+06 7.553082901677956001e-22
4.552935074866947718e+06 5.906411762152851104e-22
5.052631065335679799e+06 4.612434123903336458e-22
5.607169938205458224e+06 3.595078716967881346e-22
6.222570836730230600e+06 2.797880825973274005e-22
6.905513520162330940e+06 2.173422694238630525e-22
7.663410868007462472e+06 1.685179660810276230e-22
8.504489341802684590e+06 1.304415887537675452e-22
9.437878277775391936e+06 1.007459096361170734e-22
1.047370897959450819e+07 7.767217388778344020e-23
1.162322468679854274e+07 5.977422874022141256e-23
1.289890261253307760e+07 4.588719075488981716e-23
1.431458937523478456e+07 3.515942875405380162e-23
1.588565129428052530e+07 2.688343058314472501e-23
1.762914118095947802e+07 2.050506725025798390e-23
1.956398343517064676e+07 1.560585250276032281e-23
2.171117945694505423e+07 1.185075841078952283e-23
2.409403560239527002e+07 8.977132491215026397e-24
2.673841615839949250e+07 6.783596075515784892e-24
2.967302408188872784e+07 5.113376030922859620e-24
3.292971255097155273e+07 3.843610091476758682e-24
3.654383070957254618e+07 2.881961236532310264e-24
4.055460735840827972e+07 2.154918615818309657e-24
4.500557675700496882e+07 1.606629104753840369e-24
4.994505115855139494e+07 1.194499668880884825e-24
5.542664520663107187e+07 8.851806900240864757e-25
6.150985788580504060e+07 6.540035259991002338e-25
6.826071834272393584e+07 4.816593832568719126e-25
7.575250258771920204e+07 3.535349695468611526e-25
8.406652885618332028e+07 2.585781206733068993e-25
9.329304026284696162e+07 1.884011420876125036e-25
1.035321843295663744e+08 1.367604887001307946e-25
1.148951000187308788e+08 9.884783067748807080e-26
1.275051240713012964e+08 7.111657704003470505e-26
1.414991297434575856e+08 5.092787094209373465e-26
1.570290124729377627e+08 3.626966684006488613e-26
1.742633386009651124e+08 2.568128411707933763e-26
1.933891750455232263e+08 1.806538879045350360e-26
2.146141197858406007e+08 1.261409900374660705e-26
2.381685551976160705e+08 8.734955380997053914e-27
2.643081486974108517e+08 5.986898443268865205e-27
2.933166278390048146e+08 4.059126366509743466e-27
3.255088599835056663e+08 2.714916785169322678e-27
3.612342699709430337e+08 1.786786713268625976e-27
4.008806328898465633e+08 1.151264368930750046e-27
4.448782831127585173e+08 7.224142326234575675e-28
4.937047852839003801e+08 4.372873524300312582e-28
5.478901179593944550e+08 2.527975826458840899e-28
6.080224261649426222e+08 1.355740896105371371e-28
6.747544053110699654e+08 6.483506503180840541e-29
7.488103857590031624e+08 2.485581924070644131e-29
8.309941949353404045e+08 5.515004771070390274e-30
9.221978823334341049e+08 1.264272041298052225e-31
1.023411402105452657e+09 1.073718769781561639e-64
