1.000000000000000000e+02 5.022080602363970443e-16
1.109752496412072134e+02 4.345158663405145049e-16
1.231550603292826196e+02 3.756641905563780837e-16
1.366716356462005990e+02 3.243836725230080028e-16
1.516716888470922413e+02 2.798341684531338842e-16
1.683180353330956791e+02 2.410863769766192873e-16
1.867913599020782840e+02 2.074820847175348095e-16
2.072921779595371845e+02 1.782926987502683767e-16
2.300430119772916839e+02 1.529495204674334040e-16
2.552908068239516410e+02 1.310028097785006479e-16
2.833096101839323637e+02 1.119946010641735402e-16
3.144035471591500368e+02 9.554774436328068869e-17
3.489101213406774491e+02 8.136706656828584063e-17
3.872038781812557318e+02 6.914493048640829403e-17
4.297004704320843871e+02 5.860971460363359088e-17
4.768611697714468960e+02 4.956972204839086092e-17
5.291978735958442712e+02 4.182738124612403987e-17
5.872786613189482523e+02 3.518412458338720626e-17
6.517339604882420190e+02 2.953586369250383643e-17
7.232633896483533817e+02 2.471495516957965718e-17
8.026433522257173081e+02 2.062925031338478894e-17
8.907354638610439679e+02 1.716761072239218713e-17
9.884959046625587007e+02 1.424885515508624230e-17
1.096985797892383971e+03 1.179068863783558924e-17
1.217382727739662187e+03 9.732217284705468069e-18
1.350993521198027793e+03 8.009289561848878914e-18
1.499268432786045423e+03 6.576703980692862189e-18
1.663816886076128640e+03 5.387823974215578042e-18
1.846424942895544291e+03 4.407031318555174545e-18
2.049074689815845886e+03 3.600791517771716205e-18
2.273965752357927613e+03 2.942373447953426200e-18
2.523539170434765765e+03 2.407225926304559350e-18
2.800503894183631019e+03 1.973676108102332905e-18
3.107866187782013640e+03 1.622848612301865951e-18
3.448962260405759935e+03 1.338478897666863235e-18
3.827494478516314757e+03 1.107005574805657584e-18
4.247571552536898707e+03 9.177162016091576905e-19
4.713753134116724141e+03 7.617732085953009356e-19
5.231099308056262998e+03 6.329361124285371667e-19
5.805225516094896193e+03 5.259475531447618971e-19
6.442363508721369726e+03 4.371380193112419709e-19
7.149428986597576113e+03 3.631867869378179671e-19
7.934096665797491369e+03 3.017300357265865692e-19
8.804883581643463913e+03 2.505530900041136544e-19
9.771241535346502133e+03 2.079857912688613176e-19
1.084365968689610963e+04 1.727151516191072939e-19
1.203377840777589154e+04 1.431831596278085561e-19
1.335451562929898682e+04 1.187522629551572692e-19
1.482020705798858762e+04 9.845074729335032231e-20
1.644676177994664249e+04 8.160300127608925136e-20
1.825183494319044257e+04 6.762707248709598639e-20
2.025501939230666540e+04 5.601632708879469524e-20
2.247805833548725059e+04 4.638342572517245313e-20
2.494508135230316839e+04 3.839171531800245394e-20
2.768286630392066581e+04 3.177247250454065407e-20
3.072112998861759115e+04 2.628221082473971484e-20
3.409285069746814406e+04 2.173864538800629171e-20
3.783462617131928710e+04 1.796900340407042962e-20
4.198707084443910571e+04 1.484687391893614233e-20
4.659525668664683326e+04 1.226007440496090439e-20
5.170920242896761192e+04 1.011957480380313921e-20
5.738441648302398244e+04 8.344744716856466310e-21
6.368249944718585903e+04 6.877527261751570080e-21
7.067181273927491566e+04 5.667621317261064056e-21
7.842822061337680498e+04 4.664786086208370414e-21
8.703591361485165544e+04 3.836248418492110320e-21
9.658832241158708348e+04 3.151767098276847891e-21
1.071891319205127511e+05 2.585502851740962447e-21
1.189534067370319535e+05 2.120837157838671048e-21
1.320088400831418112e+05 1.736657959588318482e-21
1.464971398307286145e+05 1.420013411283770535e-21
1.625755666443794908e+05 1.159436308905625733e-21
1.804186409392071655e+05 9.448577822323431648e-22
2.002200371815584658e+05 7.694759066025302319e-22
2.221946860939523904e+05 6.252034572925648715e-22
2.465811075822604180e+05 5.072448231715856706e-22
2.736439997074671555e+05 4.106803341127596960e-22
3.036771118035460822e+05 3.319959701826985808e-22
3.370064329271928291e+05 2.678587434225540221e-22
3.739937302478798083e+05 2.156887745693440705e-22
4.150404757850476308e+05 1.733157807635355373e-22
4.605922041145108524e+05 1.389396589161825565e-22
5.111433483440171112e+05 1.111002503101531691e-22
5.672426068491977639e+05 8.860741031551844709e-23
6.294988990221888525e+05 7.046242561116070889e-23
6.985879746785250027e+05 5.582832414788651417e-23
7.752597488629464060e+05 4.412036829156159628e-23
8.603464416684507160e+05 3.473804665495853726e-23
9.547716114208066138e+05 2.722908530161264372e-23
1.059560179277617019e+06 2.124449457623528399e-23
1.175849554052158026e+06 1.652383217074775597e-23
1.304901978014401859e+06 1.277602453855276501e-23
1.448118227674532915e+06 9.816699456856012591e-24
1.607052818261638284e+06 7.505424878368556262e-24
1.783430876931909472e+06 5.696549664460029072e-24
1.979166867853557458e+06 4.288980631398035823e-24
2.196385372416546568e+06 3.208237247855399208e-24
2.437444150122222025e+06 2.377849649960381864e-24
2.704959730463137385e+06 1.746081531359020254e-24
3.001835813575591892e+06 1.269681335157258038e-24
3.331294787934676744e+06 9.136977891125224721e-25
3.696912707195031922e+06 6.504099532824094961e-25
4.102658105827190448e+06 4.576833180460255714e-25
4.552935074866947718e+06 3.182420824749591948e-25
5.052631065335679799e+06 2.186534422610333630e-25
5.607169938205458224e+06 1.483929354207940923e-25
6.222570836730230600e+06 9.943357802760916915e-26
6.905513520162330940e+06 6.573955761483052112e-26
7.663410868007462472e+06 4.282679308644231650e-26
8.504489341802684590e+06 2.752177951021580292e-26
9.437878277775391936e+06 1.742364335775556533e-26
1.047370897959450819e+07 1.085914912990022622e-26
1.162322468679854274e+07 6.650049402487484441e-27
1.289890261253307760e+07 3.984595139197088709e-27
1.431458937523478456e+07 2.326689310445843910e-27
1.588565129428052530e+07 1.308006714346068525e-27
1.762914118095947802e+07 6.976750952994904242e-28
1.956398343517064676e+07 3.442919128626276385e-28
2.171117945694505423e+07 1.507664249014525172e-28
2.409403560239527002e+07 5.415767401190372701e-29
2.673841615839949250e+07 1.345636446784719309e-29
2.967302408188872784e+07 1.820251531651733752e-30
3.292971255097155273e+07 1.911470660083005121e-31
