1.000000000000000000e+02 9.684638779901390784e-13
1.109752496412072134e+02 8.072555832568776013e-13
1.231550603292826196e+02 6.714627257249125398e-13
1.366716356462005990e+02 5.556969833413344482e-13
1.516716888470922413e+02 4.593009401739761456e-13
1.683180353330956791e+02 3.773920124454532052e-13
1.867913599020782840e+02 3.100258663545352119e-13
2.072921779595371845e+02 2.531444678290266526e-13
2.300430119772916839e+02 2.067499220958374910e-13
2.552908068239516410e+02 1.680009870893191699e-13
2.833096101839323637e+02 1.364605426012295155e-13
3.144035471591500368e+02 1.105225735585804820e-13
3.489101213406774491e+02 8.949347168304179600e-14
3.872038781812557318e+02 7.247875964327853122e-14
4.297004704320843871e+02 5.866231282776014105e-14
4.768611697714468960e+02 4.754645527737941430e-14
5.291978735958442712e+02 3.858128079672336950e-14
5.872786613189482523e+02 3.137395901353788505e-14
6.517339604882420190e+02 2.557842984698998783e-14
7.232633896483533817e+02 2.090457878511619881e-14
8.026433522257173081e+02 1.712227706021002392e-14
8.907354638610439679e+02 1.406879557137988276e-14
9.884959046625587007e+02 1.157954467757619288e-14
1.096985797892383971e+03 9.545587644990428944e-15
1.217382727739662187e+03 7.871449389313973280e-15
1.350993521198027793e+03 6.503533400223524104e-15
1.499268432786045423e+03 5.369909562458753031e-15
1.663816886076128640e+03 4.430733395171980646e-15
1.846424942895544291e+03 3.652253584461833845e-15
2.049074689815845886e+03 3.005414865176817227e-15
2.273965752357927613e+03 2.470569520295947793e-15
2.523539170434765765e+03 2.026212120465750831e-15
2.800503894183631019e+03 1.659008758387761915e-15
3.107866187782013640e+03 1.356138385908907863e-15
3.448962260405759935e+03 1.106852349249170277e-15
3.827494478516314757e+03 9.025243508425156014e-16
4.247571552536898707e+03 7.349926532243218807e-16
4.713753134116724141e+03 5.994028602707260336e-16
5.231099308056262998e+03 4.878554440312933382e-16
5.805225516094896193e+03 3.982587366832306922e-16
6.442363508721369726e+03 3.252993964057885812e-16
7.149428986597576113e+03 2.661350418361239258e-16
7.934096665797491369e+03 2.186263823972900146e-16
8.804883581643463913e+03 1.797113618916365260e-16
9.771241535346502133e+03 1.483370558484660994e-16
1.084365968689610963e+04 1.226560565682460385e-16
1.203377840777589154e+04 1.017962372460564025e-16
1.335451562929898682e+04 8.460794888705506201e-17
1.482020705798858762e+04 7.043901550517505723e-17
1.644676177994664249e+04 5.874406910419091774e-17
1.825183494319044257e+04 4.901027534215569126e-17
2.025501939230666540e+04 4.090497026904792194e-17
2.247805833548725059e+04 3.413094945255248525e-17
2.494508135230316839e+04 2.846325357268164916e-17
2.768286630392066581e+04 2.368736345444523726e-17
3.072112998861759115e+04 1.969225668532567347e-17
3.409285069746814406e+04 1.634670522698864118e-17
3.783462617131928710e+04 1.352762689084004206e-17
4.198707084443910571e+04 1.116464727266567049e-17
4.659525668664683326e+04 9.188005058812393705e-18
5.170920242896761192e+04 7.539975952477958367e-18
5.738441648302398244e+04 6.164865509384750127e-18
6.368249944718585903e+04 5.022988428521668129e-18
7.067181273927491566e+04 4.079296752925660128e-18
7.842822061337680498e+04 3.294186255268657480e-18
8.703591361485165544e+04 2.654547044430304200e-18
9.658832241158708348e+04 2.131933021158374862e-18
1.071891319205127511e+05 1.707627930709405214e-18
1.189534067370319535e+05 1.365513517004544243e-18
1.320088400831418112e+05 1.091874903010483484e-18
1.464971398307286145e+05 8.738441633561483858e-19
1.625755666443794908e+05 7.011296662728076021e-19
1.804186409392071655e+05 5.651415225109104692e-19
2.002200371815584658e+05 4.581166986830718169e-19
2.221946860939523904e+05 3.732946919320662299e-19
2.465811075822604180e+05 3.056611191344229549e-19
2.736439997074671555e+05 2.511826353741540709e-19
3.036771118035460822e+05 2.068023900439004172e-19
3.370064329271928291e+05 1.703872627271631402e-19
3.739937302478798083e+05 1.403307850347835349e-19
4.150404757850476308e+05 1.155488801765032897e-19
4.605922041145108524e+05 9.504026459586168718e-20
5.111433483440171112e+05 7.808308389831546096e-20
5.672426068491977639e+05 6.407848469511532087e-20
6.294988990221888525e+05 5.251019031259168006e-20
6.985879746785250027e+05 4.298590952339902629e-20
7.752597488629464060e+05 3.512157153278870644e-20
8.603464416684507160e+05 2.867612155429702714e-20
9.547716114208066138e+05 2.335586939113836779e-20
1.059560179277617019e+06 1.900497543929081415e-20
1.175849554052158026e+06 1.542764598515061804e-20
1.304901978014401859e+06 1.250516226965614100e-20
1.448118227674532915e+06 1.011172825674636652e-20
1.607052818261638284e+06 8.163160676701711817e-21
1.783430876931909472e+06 6.571291398791592616e-21
1.979166867853557458e+06 5.280029359385633573e-21
2.196385372416546568e+06 4.231256553297053881e-21
2.437444150122222025e+06 3.381929003836644852e-21
2.704959730463137385e+06 2.696927744078205414e-21
3.001835813575591892e+06 2.143422119397284027e-21
3.331294787934676744e+06 1.699809770956324411e-21
3.696912707195031922e+06 1.343657880903140963e-21
4.102658105827190448e+06 1.059139954348186323e-21
4.552935074866947718e+06 8.327857029713880334e-22
5.052631065335679799e+06 6.523113164682648131e-22
5.607169938205458224e+06 5.095302084369399523e-22
6.222570836730230600e+06 3.967083045635287006e-22
6.905513520162330940e+06 3.076672207523484260e-22
7.663410868007462472e+06 2.378875538767405704e-22
8.504489341802684590e+06 1.832397357397778976e-22
9.437878277775391936e+06 1.406466628660698051e-22
1.047370897959450819e+07 1.075557675213704043e-22
1.162322468679854274e+07 8.194514085592979535e-23
1.289890261253307760e+07 6.219483308356330749e-23
1.431458937523478456e+07 4.702900043888674677e-23
1.588565129428052530e+07 3.542727822243685360e-23
1.762914118095947802e+07 2.658888956640746673e-23
1.956398343517064676e+07 1.988381666480678412e-23
2.171117945694505423e+07 1.481906071769381665e-23
2.409403560239527002e+07 1.100688602045851327e-23
2.673841615839949250e+07 8.147689136533609520e-24
2.967302408188872784e+07 6.011799586726525453e-24
3.292971255097155273e+07 4.421786058956930025e-24
3.654383070957254618e+07 3.242094359330828070e-24
4.055460735840827972e+07 2.368787268973267387e-24
4.500557675700496882e+07 1.724121698956458375e-24
4.994505115855139494e+07 1.250466957254585797e-24
5.542664520663107187e+07 9.029810295311277991e-25
6.150985788580504060e+07 6.487391761136837273e-25
6.826071834272393584e+07 4.635790419330371778e-25
7.575250258771920204e+07 3.290941801458858476e-25
8.406652885618332028e+07 2.318474949624237375e-25
9.329304026284696162e+07 1.618444414130290733e-25
1.035321843295663744e+08 1.116433222692501122e-25
1.148951000187308788e+08 7.601403605390658755e-26
1.275051240713012964e+08 5.093465817518899700e-26
1.414991297434575856e+08 3.345133595781824524e-26
1.570290124729377627e+08 2.139271672290110103e-26
1.742633386009651124e+08 1.324387534225025431e-26
1.933891750455232263e+08 7.845763127032953086e-27
2.146141197858406007e+08 4.363303585750254539e-27
2.381685551976160705e+08 2.218299582712895445e-27
2.643081486974108517e+08 9.790605941085861552e-28
2.933166278390048146e+08 3.403603664203016250e-28
3.255088599835056663e+08 7.924858620311997640e-29
3.612342699709430337e+08 1.154367168184794718e-29
4.008806328898465633e+08 2.668209837305809826e-42
4.448782831127585173e+08 7.280786583885261997e-86
