1.000000000000000000e+02 9.885532355935310417e-12
1.109752496412072134e+02 8.568876988753547804e-12
1.231550603292826196e+02 7.409085792863517729e-12
1.366716356462005990e+02 6.408877295261045221e-12
1.516716888470922413e+02 5.531733027527502492e-12
1.683180353330956791e+02 4.773899321020666413e-12
1.867913599020782840e+02 4.118332977315195314e-12
2.072921779595371845e+02 3.548237395409238021e-12
2.300430119772916839e+02 3.057185687013374004e-12
2.552908068239516410e+02 2.634323646016851624e-12
2.833096101839323637e+02 2.270751530075800629e-12
3.144035471591500368e+02 1.954328017371598911e-12
3.489101213406774491e+02 1.684008371546642800e-12
3.872038781812557318e+02 1.449568245073675225e-12
4.297004704320843871e+02 1.248296772412587120e-12
4.768611697714468960e+02 1.073613551563000920e-12
5.291978735958442712e+02 9.233659091656741244e-13
5.872786613189482523e+02 7.924545318035212672e-13
6.517339604882420190e+02 6.797382280487628429e-13
7.232633896483533817e+02 5.812647403327283718e-13
8.026433522257173081e+02 4.964712201388056540e-13
8.907354638610439679e+02 4.225300023416559914e-13
9.884959046625587007e+02 3.586118996927687525e-13
1.096985797892383971e+03 3.034362528201691772e-13
1.217382727739662187e+03 2.555959044883299639e-13
1.350993521198027793e+03 2.145541972359725558e-13
1.499268432786045423e+03 1.791221862152958888e-13
1.663816886076128640e+03 1.491038737805748304e-13
1.846424942895544291e+03 1.234421586928640605e-13
2.049074689815845886e+03 1.017706373564547111e-13
2.273965752357927613e+03 8.338733829855432853e-14
2.523539170434765765e+03 6.810319581658691155e-14
2.800503894183631019e+03 5.536792779241868933e-14
3.107866187782013640e+03 4.486899249400365108e-14
3.448962260405759935e+03 3.621746473913979585e-14
3.827494478516314757e+03 2.917437939943348179e-14
4.247571552536898707e+03 2.345989703582156608e-14
4.713753134116724141e+03 1.887236403952888884e-14
5.231099308056262998e+03 1.517774969814573138e-14
5.805225516094896193e+03 1.226070062552593407e-14
6.442363508721369726e+03 9.920725527598922566e-15
7.149428986597576113e+03 8.120956272626241813e-15
7.934096665797491369e+03 6.639163984855555290e-15
8.804883581643463913e+03 5.484135837760083859e-15
9.771241535346502133e+03 4.568399870246454214e-15
1.084365968689610963e+04 3.817958961394727783e-15
1.203377840777589154e+04 3.213822295501724025e-15
1.335451562929898682e+04 2.715355358031430405e-15
1.482020705798858762e+04 2.300655176351072090e-15
1.644676177994664249e+04 1.950489773942241171e-15
1.825183494319044257e+04 1.653280677805312237e-15
2.025501939230666540e+04 1.397504994608097666e-15
2.247805833548725059e+04 1.179814509922477764e-15
2.494508135230316839e+04 9.896312747057288865e-16
2.768286630392066581e+04 8.254678021143232233e-16
3.072112998861759115e+04 6.838652760923190999e-16
3.409285069746814406e+04 5.625157509153188519e-16
3.783462617131928710e+04 4.585028829684167597e-16
4.198707084443910571e+04 3.694966973585240995e-16
4.659525668664683326e+04 2.936044501935300780e-16
5.170920242896761192e+04 2.305655871002398780e-16
5.738441648302398244e+04 1.777079404051522641e-16
6.368249944718585903e+04 1.346532419213178566e-16
7.067181273927491566e+04 9.988793400590273977e-17
7.842822061337680498e+04 7.226199448950081907e-17
8.703591361485165544e+04 5.079108965807531222e-17
9.658832241158708348e+04 3.455783745595621523e-17
1.071891319205127511e+05 2.266867762782753068e-17
1.189534067370319535e+05 1.439094481471591953e-17
1.320088400831418112e+05 8.828440513962983835e-18
1.464971398307286145e+05 5.358330664746958641e-18
1.625755666443794908e+05 3.293979754888236134e-18
1.804186409392071655e+05 2.118036774825211547e-18
2.002200371815584658e+05 1.450726903285103960e-18
2.221946860939523904e+05 1.057189853307878542e-18
2.465811075822604180e+05 8.066052146068382105e-19
2.736439997074671555e+05 6.323230597314197627e-19
3.036771118035460822e+05 5.022672094993702919e-19
3.370064329271928291e+05 4.007528089320243900e-19
3.739937302478798083e+05 3.198380816180119024e-19
4.150404757850476308e+05 2.545306468591586887e-19
4.605922041145108524e+05 2.019401270276871688e-19
5.111433483440171112e+05 1.597109775882025285e-19
5.672426068491977639e+05 1.259050447544306226e-19
6.294988990221888525e+05 9.890434709534697700e-20
6.985879746785250027e+05 7.743981546604350268e-20
7.752597488629464060e+05 6.039666928714754883e-20
8.603464416684507160e+05 4.689689765509431408e-20
9.547716114208066138e+05 3.625427199917557443e-20
1.059560179277617019e+06 2.789239879760491311e-20
1.175849554052158026e+06 2.131746339507557589e-20
1.304901978014401859e+06 1.621211894055149998e-20
1.448118227674532915e+06 1.225590357339723254e-20
1.607052818261638284e+06 9.169256764478338288e-21
1.783430876931909472e+06 6.807508556619574115e-21
1.979166867853557458e+06 5.003394984938766549e-21
2.196385372416546568e+06 3.635758305656829471e-21
2.437444150122222025e+06 2.606932139356703125e-21
2.704959730463137385e+06 1.840052262148368138e-21
3.001835813575591892e+06 1.275746796007155146e-21
3.331294787934676744e+06 8.651169590663970081e-22
3.696912707195031922e+06 5.732826294951944940e-22
4.102658105827190448e+06 3.688031150850822104e-22
4.552935074866947718e+06 2.294161905120084125e-22
5.052631065335679799e+06 1.369598801050310860e-22
5.607169938205458224e+06 7.816303302301133191e-23
6.222570836730230600e+06 4.234520666607633861e-23
6.905513520162330940e+06 2.161686843403041755e-23
7.663410868007462472e+06 1.027695139870771814e-23
8.504489341802684590e+06 4.453176170029131132e-24
9.437878277775391936e+06 1.712480614934030577e-24
1.047370897959450819e+07 5.805577812078467071e-25
1.162322468679854274e+07 1.725986259101895416e-25
1.289890261253307760e+07 4.453333071471006402e-26
1.431458937523478456e+07 9.852951464052893213e-27
1.588565129428052530e+07 1.847705071462351270e-27
1.762914118095947802e+07 2.901868443469821284e-28
1.956398343517064676e+07 3.769141194451583342e-29
2.171117945694505423e+07 3.996322670556447131e-30
2.409403560239527002e+07 3.410023767788797834e-31
2.673841615839949250e+07 2.304432923808308824e-32
2.967302408188872784e+07 1.211141931439116890e-33
3.292971255097155273e+07 4.845984606716788133e-35
3.654383070957254618e+07 1.439625980342855251e-36
4.055460735840827972e+07 3.090463104857521497e-38
4.500557675700496882e+07 4.650567398467430779e-40
4.994505115855139494e+07 4.730993659744278744e-42
5.542664520663107187e+07 3.123501587486090449e-44
6.150985788580504060e+07 1.274001776504761276e-46
6.826071834272393584e+07 3.029801531593473850e-49
7.575250258771920204e+07 3.908064641083527925e-52
8.406652885618332028e+07 2.498700264836058719e-55
9.329304026284696162e+07 7.058903250215951848e-59
1.035321843295663744e+08 7.520837912083060012e-63
1.148951000187308788e+08 2.301334197003314783e-67
1.275051240713012964e+08 4.753657435250371091e-76
