1.000000000000000000e+02 7.055367745752834923e-15
1.109752496412072134e+02 6.090625365349202074e-15
1.231550603292826196e+02 5.249255770714010231e-15
1.366716356462005990e+02 4.515233179102206108e-15
1.516716888470922413e+02 3.874438775016049499e-15
1.683180353330956791e+02 3.318270925692341023e-15
1.867913599020782840e+02 2.833666884471439845e-15
2.072921779595371845e+02 2.412515333689251651e-15
2.300430119772916839e+02 2.047221849925327438e-15
2.552908068239516410e+02 1.730906213114119388e-15
2.833096101839323637e+02 1.457699193078860560e-15
3.144035471591500368e+02 1.222134340118610965e-15
3.489101213406774491e+02 1.019871480262682669e-15
3.872038781812557318e+02 8.467814403303967029e-16
4.297004704320843871e+02 6.994638292079463094e-16
4.768611697714468960e+02 5.747254199420788831e-16
5.291978735958442712e+02 4.697993377652430238e-16
5.872786613189482523e+02 3.822425093759717945e-16
6.517339604882420190e+02 3.097948990575712035e-16
7.232633896483533817e+02 2.505110525736612280e-16
8.026433522257173081e+02 2.024491269027309759e-16
8.907354638610439679e+02 1.639825217126623789e-16
9.884959046625587007e+02 1.334431693756170137e-16
1.096985797892383971e+03 1.092870082539158767e-16
1.217382727739662187e+03 9.009638710541397842e-17
1.350993521198027793e+03 7.472677932500555457e-17
1.499268432786045423e+03 6.228794980670958770e-17
1.663816886076128640e+03 5.208136354092114505e-17
1.846424942895544291e+03 4.361988386150053075e-17
2.049074689815845886e+03 3.654278738077070779e-17
2.273965752357927613e+03 3.059569198004322014e-17
2.523539170434765765e+03 2.557727663051867321e-17
2.800503894183631019e+03 2.135173253429520757e-17
3.107866187782013640e+03 1.778982530006503683e-17
3.448962260405759935e+03 1.479324844928482362e-17
3.827494478516314757e+03 1.227945271201068940e-17
4.247571552536898707e+03 1.017164525079428482e-17
4.713753134116724141e+03 8.411782907885281411e-18
5.231099308056262998e+03 6.942171352357443920e-18
5.805225516094896193e+03 5.720427217623573224e-18
6.442363508721369726e+03 4.704688593691423056e-18
7.149428986597576113e+03 3.863015300140197933e-18
7.934096665797491369e+03 3.166802862223494298e-18
8.804883581643463913e+03 2.591166427351630557e-18
9.771241535346502133e+03 2.117507845623570527e-18
1.084365968689610963e+04 1.727377336468045964e-18
1.203377840777589154e+04 1.406884308409554614e-18
1.335451562929898682e+04 1.143923984781810572e-18
1.482020705798858762e+04 9.285288308124781966e-19
1.644676177994664249e+04 7.524337652220572697e-19
1.825183494319044257e+04 6.083754696389485577e-19
2.025501939230666540e+04 4.911010067291641963e-19
2.247805833548725059e+04 3.957195083648239809e-19
2.494508135230316839e+04 3.180440460175492256e-19
2.768286630392066581e+04 2.550441420877210554e-19
3.072112998861759115e+04 2.040175194795378490e-19
3.409285069746814406e+04 1.627797032735894696e-19
3.783462617131928710e+04 1.294395130816157868e-19
4.198707084443910571e+04 1.026556141816336233e-19
4.659525668664683326e+04 8.121131883785035899e-20
5.170920242896761192e+04 6.390237991617528616e-20
5.738441648302398244e+04 5.016071025219038840e-20
6.368249944718585903e+04 3.920614888612730988e-20
7.067181273927491566e+04 3.045844211545175989e-20
7.842822061337680498e+04 2.356445290332481365e-20
8.703591361485165544e+04 1.814372742955414834e-20
9.658832241158708348e+04 1.387428305924852493e-20
1.071891319205127511e+05 1.054544782744569461e-20
1.189534067370319535e+05 7.965990467274488632e-21
1.320088400831418112e+05 5.972097086348099524e-21
1.464971398307286145e+05 4.445629449202297970e-21
1.625755666443794908e+05 3.282835874286293913e-21
1.804186409392071655e+05 2.406699768552342407e-21
2.002200371815584658e+05 1.751096729918857059e-21
2.221946860939523904e+05 1.264483376754089261e-21
2.465811075822604180e+05 9.063358793891405229e-22
2.736439997074671555e+05 6.445162634484051244e-22
3.036771118035460822e+05 4.546855905861673210e-22
3.370064329271928291e+05 3.178935873016834971e-22
3.739937302478798083e+05 2.201786952285140122e-22
4.150404757850476308e+05 1.508797614553568971e-22
4.605922041145108524e+05 1.021963388490304688e-22
5.111433483440171112e+05 6.831110276232750182e-23
5.672426068491977639e+05 4.495797013331950932e-23
6.294988990221888525e+05 2.906683318809134325e-23
6.985879746785250027e+05 1.840086427533685753e-23
7.752597488629464060e+05 1.136460432446530378e-23
8.603464416684507160e+05 6.800033246011686750e-24
9.547716114208066138e+05 3.922703481072854752e-24
1.059560179277617019e+06 2.158626833071199746e-24
1.175849554052158026e+06 1.118773965365420114e-24
1.304901978014401859e+06 5.359253180721704803e-25
1.448118227674532915e+06 2.322195230713453092e-25
1.607052818261638284e+06 8.982861809242423902e-26
1.783430876931909472e+06 3.098651707710629684e-26
1.979166867853557458e+06 9.456139661444727362e-27
2.196385372416546568e+06 2.537741437687201706e-27
2.437444150122222025e+06 5.946769425004356598e-28
2.704959730463137385e+06 1.208700437077333696e-28
3.001835813575591892e+06 2.120436347899078059e-29
3.331294787934676744e+06 3.193460456105486584e-30
3.696912707195031922e+06 4.106873024176948473e-31
4.102658105827190448e+06 4.539794837963909198e-32
4.552935074866947718e+06 4.139997505595196089e-33
5.052631065335679799e+06 3.210364389531305862e-34
5.607169938205458224e+06 2.077680342483608530e-35
6.222570836730230600e+06 1.113582832269241585e-36
6.905513520162330940e+06 4.901265759667239088e-38
7.663410868007462472e+06 1.755547216952087328e-39
8.504489341802684590e+06 5.066213848360352528e-41
9.437878277775391936e+06 1.163880983645127684e-42
1.047370897959450819e+07 2.096712570732093660e-44
1.162322468679854274e+07 2.911762310445140987e-46
1.289890261253307760e+07 3.060562502891468949e-48
1.431458937523478456e+07 2.385384171032881332e-50
1.588565129428052530e+07 1.345629123430643347e-52
1.762914118095947802e+07 5.332375510567359385e-55
1.956398343517064676e+07 1.435680147277920015e-57
2.171117945694505423e+07 2.531034763233332352e-60
2.409403560239527002e+07 2.804255043799097963e-63
2.673841615839949250e+07 1.861026267435725856e-66
2.967302408188872784e+07 6.988455149868216715e-70
3.292971255097155273e+07 1.392976396006540896e-73
3.654383070957254618e+07 1.373970011593977424e-77
4.055460735840827972e+07 6.212604199353199798e-82
4.500557675700496882e+07 1.243470460918324467e-86
4.994505115855139494e+07 1.833681366344273008e-88
5.542664520663107187e+07 1.262343971315587054e-88
6.150985788580504060e+07 8.533963983448377438e-89
6.826071834272393584e+07 5.651813693957970615e-89
7.575250258771920204e+07 3.648279882890454861e-89
8.406652885618332028e+07 2.276992291945637299e-89
9.329304026284696162e+07 1.363881219995487313e-89
1.035321843295663744e+08 7.718331183571899466e-90
1.148951000187308788e+08 4.012227408613677294e-90
1.275051240713012964e+08 1.810048123667952779e-90
1.414991297434575856e+08 5.958716081279001541e-91
1.570290124729377627e+08 5.470765326840476767e-92
1.742633386009651124e+08 3.522037151166108301e-105
