1.000000000000000000e+02 6.680901496576328722e-13
1.109752496412072134e+02 3.917893540629011608e-13
1.231550603292826196e+02 2.254187668165517105e-13
1.366716356462005990e+02 1.279475467100428967e-13
1.516716888470922413e+02 7.244586596354033467e-14
1.683180353330956791e+02 4.169317011987769559e-14
1.867913599020782840e+02 2.501048824166709599e-14
2.072921779595371845e+02 1.603974288033920315e-14
2.300430119772916839e+02 1.114116601103698633e-14
2.552908068239516410e+02 8.326571168098109720e-15
2.833096101839323637e+02 6.562842363288540561e-15
3.144035471591500368e+02 5.340710888014919687e-15
3.489101213406774491e+02 4.411331380075813067e-15
3.872038781812557318e+02 3.667231947641347582e-15
4.297004704320843871e+02 3.053575677004975386e-15
4.768611697714468960e+02 2.538839964728054855e-15
5.291978735958442712e+02 2.106448266167337887e-15
5.872786613189482523e+02 1.741427774112212767e-15
6.517339604882420190e+02 1.437059230554391393e-15
7.232633896483533817e+02 1.182088396883322915e-15
8.026433522257173081e+02 9.690704166704509419e-16
8.907354638610439679e+02 7.915258219019770987e-16
9.884959046625587007e+02 6.444235959763412634e-16
1.096985797892383971e+03 5.226999484106983057e-16
1.217382727739662187e+03 4.231399397322173888e-16
1.350993521198027793e+03 3.406896400282565400e-16
1.499268432786045423e+03 2.736599593447379655e-16
1.663816886076128640e+03 2.187312744314040219e-16
1.846424942895544291e+03 1.747253961386017438e-16
2.049074689815845886e+03 1.390731667667076712e-16
2.273965752357927613e+03 1.103162218435806200e-16
2.523539170434765765e+03 8.734582299897993094e-17
2.800503894183631019e+03 6.884099041769988421e-17
3.107866187782013640e+03 5.445881619354520513e-17
3.448962260405759935e+03 4.315865883596876980e-17
3.827494478516314757e+03 3.385758297158205456e-17
4.247571552536898707e+03 2.667356027726241284e-17
4.713753134116724141e+03 2.102554946756351488e-17
5.231099308056262998e+03 1.657322690448131468e-17
5.805225516094896193e+03 1.308364616591157942e-17
6.442363508721369726e+03 1.033902357171830189e-17
7.149428986597576113e+03 8.179834641048588219e-18
7.934096665797491369e+03 6.478437631234251854e-18
8.804883581643463913e+03 5.139378722346308164e-18
9.771241535346502133e+03 4.078901082776444560e-18
1.084365968689610963e+04 3.241336729759715053e-18
1.203377840777589154e+04 2.577480833636066738e-18
1.335451562929898682e+04 2.049001742109250037e-18
1.482020705798858762e+04 1.624897365945887333e-18
1.644676177994664249e+04 1.286869392912081972e-18
1.825183494319044257e+04 1.010448289503812561e-18
2.025501939230666540e+04 7.849815543274576534e-19
2.247805833548725059e+04 6.005776418001619745e-19
2.494508135230316839e+04 4.517036259296947580e-19
2.768286630392066581e+04 3.289121447318843663e-19
3.072112998861759115e+04 2.323152342233838230e-19
3.409285069746814406e+04 1.582929373519985312e-19
3.783462617131928710e+04 1.047383874910048078e-19
4.198707084443910571e+04 6.908273203119830100e-20
4.659525668664683326e+04 4.749764101685462594e-20
5.170920242896761192e+04 3.498744139742056057e-20
5.738441648302398244e+04 2.710099068929166981e-20
6.368249944718585903e+04 2.148911241609770231e-20
7.067181273927491566e+04 1.716611106189962765e-20
7.842822061337680498e+04 1.371926507491520526e-20
8.703591361485165544e+04 1.094507598345263269e-20
9.658832241158708348e+04 8.711206012289237204e-21
1.071891319205127511e+05 6.916485257587523905e-21
1.189534067370319535e+05 5.478525825017361389e-21
1.320088400831418112e+05 4.328550774805646333e-21
1.464971398307286145e+05 3.410073964993510250e-21
1.625755666443794908e+05 2.682007336233350149e-21
1.804186409392071655e+05 2.103536602354388595e-21
2.002200371815584658e+05 1.646335041674327656e-21
2.221946860939523904e+05 1.284981510718252940e-21
2.465811075822604180e+05 1.001685312876209057e-21
2.736439997074671555e+05 7.789106476843512042e-22
3.036771118035460822e+05 6.047353706390969697e-22
3.370064329271928291e+05 4.688614914013587249e-22
3.739937302478798083e+05 3.627750819006833680e-22
4.150404757850476308e+05 2.804169698328233050e-22
4.605922041145108524e+05 2.165088284744172379e-22
5.111433483440171112e+05 1.669399908041713257e-22
5.672426068491977639e+05 1.286072962838100702e-22
6.294988990221888525e+05 9.898490542996591627e-23
6.985879746785250027e+05 7.608362081374145363e-23
7.752597488629464060e+05 5.842830537323078983e-23
8.603464416684507160e+05 4.482706970105105390e-23
9.547716114208066138e+05 3.434783871399412508e-23
1.059560179277617019e+06 2.629684264552471444e-23
1.175849554052158026e+06 2.010929440743287975e-23
1.304901978014401859e+06 1.536146078251284379e-23
1.448118227674532915e+06 1.172434498285093547e-23
1.607052818261638284e+06 8.936829165585876348e-24
1.783430876931909472e+06 6.805190739238775591e-24
1.979166867853557458e+06 5.177291403850244504e-24
2.196385372416546568e+06 3.934259129725504031e-24
2.437444150122222025e+06 2.986467881971127421e-24
2.704959730463137385e+06 2.264660000067617739e-24
3.001835813575591892e+06 1.715282056393638257e-24
3.331294787934676744e+06 1.297909134763794205e-24
3.696912707195031922e+06 9.809989441195090895e-25
4.102658105827190448e+06 7.406015595508623865e-25
4.552935074866947718e+06 5.585401923016208869e-25
5.052631065335679799e+06 4.207525382476590895e-25
5.607169938205458224e+06 3.165750274377636444e-25
6.222570836730230600e+06 2.379287407904815928e-25
6.905513520162330940e+06 1.785913228631337011e-25
7.663410868007462472e+06 1.338905825580290745e-25
8.504489341802684590e+06 1.002664868128876371e-25
9.437878277775391936e+06 7.498897801080349750e-26
1.047370897959450819e+07 5.600648695138699329e-26
1.162322468679854274e+07 4.177420771871210143e-26
1.289890261253307760e+07 3.111765095027192061e-26
1.431458937523478456e+07 2.314612132884477524e-26
1.588565129428052530e+07 1.719102048543802992e-26
1.762914118095947802e+07 1.274764238835137701e-26
1.956398343517064676e+07 9.437659550843242249e-27
2.171117945694505423e+07 6.975207713860113015e-27
2.409403560239527002e+07 5.145916023615414337e-27
2.673841615839949250e+07 3.789316385442564216e-27
2.967302408188872784e+07 2.784703519992707818e-27
3.292971255097155273e+07 2.041940243855884230e-27
3.654383070957254618e+07 1.493930774562964439e-27
4.055460735840827972e+07 1.090259350772331584e-27
4.500557675700496882e+07 7.936430933272145899e-28
4.994505115855139494e+07 5.760234890963499096e-28
5.542664520663107187e+07 4.167185121508869819e-28
6.150985788580504060e+07 3.005490015042908857e-28
6.826071834272393584e+07 2.158540703688648474e-28
7.575250258771920204e+07 1.544174112002138104e-28
8.406652885618332028e+07 1.099455069581669802e-28
9.329304026284696162e+07 7.787643209106890415e-29
1.035321843295663744e+08 5.483387982402315121e-29
1.148951000187308788e+08 3.835069873466788362e-29
1.275051240713012964e+08 2.661054622555414856e-29
1.414991297434575856e+08 1.829802668050583841e-29
1.570290124729377627e+08 1.244778849448337851e-29
1.742633386009651124e+08 8.359560048056980135e-30
1.933891750455232263e+08 5.526615919147321265e-30
2.146141197858406007e+08 3.582983918524773553e-30
2.381685551976160705e+08 2.266833853445430019e-30
2.643081486974108517e+08 1.388013949103053332e-30
2.933166278390048146e+08 8.136631244024870194e-31
3.255088599835056663e+08 4.482795691853053343e-31
3.612342699709430337e+08 2.247473832142056472e-31
4.008806328898465633e+08 9.634211058419608357e-32
4.448782831127585173e+08 3.048485041797354760e-32
4.937047852839003801e+08 3.144944287606445396e-33
