1.000000000000000000e+02 3.230768881866372680e-12
1.109752496412072134e+02 2.640613491258851267e-12
1.231550603292826196e+02 2.156263558045977712e-12
1.366716356462005990e+02 1.757050330158565938e-12
1.516716888470922413e+02 1.431744837036317891e-12
1.683180353330956791e+02 1.164636533515556811e-12
1.867913599020782840e+02 9.460245365742760807e-13
2.072921779595371845e+02 7.681263243322208665e-13
2.300430119772916839e+02 6.230495578396915967e-13
2.552908068239516410e+02 5.051098928581098668e-13
2.833096101839323637e+02 4.095559960821842234e-13
3.144035471591500368e+02 3.322314279033394313e-13
3.489101213406774491e+02 2.698349269168108185e-13
3.872038781812557318e+02 2.195549379571745368e-13
4.297004704320843871e+02 1.789917667470764706e-13
4.768611697714468960e+02 1.463999288994556701e-13
5.291978735958442712e+02 1.201410874767420104e-13
5.872786613189482523e+02 9.894059071660170097e-14
6.517339604882420190e+02 8.182534281127477475e-14
7.232633896483533817e+02 6.793415870285617474e-14
8.026433522257173081e+02 5.662877819859670468e-14
8.907354638610439679e+02 4.739806949682011665e-14
9.884959046625587007e+02 3.980789692289107070e-14
1.096985797892383971e+03 3.352912735366141690e-14
1.217382727739662187e+03 2.832876527073080142e-14
1.350993521198027793e+03 2.397718651856013721e-14
1.499268432786045423e+03 2.032660334236511503e-14
1.663816886076128640e+03 1.725915265862390939e-14
1.846424942895544291e+03 1.465430740374388668e-14
2.049074689815845886e+03 1.244492691305145896e-14
2.273965752357927613e+03 1.057311135383813105e-14
2.523539170434765765e+03 8.969303322879736160e-15
2.800503894183631019e+03 7.603475903238125115e-15
3.107866187782013640e+03 6.435757957000776723e-15
3.448962260405759935e+03 5.439662048892959295e-15
3.827494478516314757e+03 4.588443301604151279e-15
4.247571552536898707e+03 3.862671714508378528e-15
4.713753134116724141e+03 3.244659157138138366e-15
5.231099308056262998e+03 2.718426965283442489e-15
5.805225516094896193e+03 2.270890119561575648e-15
6.442363508721369726e+03 1.891092474011881584e-15
7.149428986597576113e+03 1.571540429209132050e-15
7.934096665797491369e+03 1.301463004996359507e-15
8.804883581643463913e+03 1.073373283945862652e-15
9.771241535346502133e+03 8.824110858110524272e-16
1.084365968689610963e+04 7.224530604406341112e-16
1.203377840777589154e+04 5.896565264485257561e-16
1.335451562929898682e+04 4.782138778465758095e-16
1.482020705798858762e+04 3.860941701863353720e-16
1.644676177994664249e+04 3.102513325560770839e-16
1.825183494319044257e+04 2.480125527825051860e-16
2.025501939230666540e+04 1.967303465695879947e-16
2.247805833548725059e+04 1.549742216542375083e-16
2.494508135230316839e+04 1.211996893911682061e-16
2.768286630392066581e+04 9.403589731039225956e-17
3.072112998861759115e+04 7.236495670280087322e-17
3.409285069746814406e+04 5.519094939837564800e-17
3.783462617131928710e+04 4.172808844143845703e-17
4.198707084443910571e+04 3.129309558965330250e-17
4.659525668664683326e+04 2.330863153019224462e-17
5.170920242896761192e+04 1.730235134113266381e-17
5.738441648302398244e+04 1.282207191368987048e-17
6.368249944718585903e+04 9.535669810651360937e-18
7.067181273927491566e+04 7.126602017293962730e-18
7.842822061337680498e+04 5.370796572740827987e-18
8.703591361485165544e+04 4.076597666948828167e-18
9.658832241158708348e+04 3.111174573305260714e-18
1.071891319205127511e+05 2.384480781629439300e-18
1.189534067370319535e+05 1.826423395150073738e-18
1.320088400831418112e+05 1.394544327570012208e-18
1.464971398307286145e+05 1.059819228611004312e-18
1.625755666443794908e+05 7.997157735178929959e-19
1.804186409392071655e+05 5.980305940047389555e-19
2.002200371815584658e+05 4.432986848578284072e-19
2.221946860939523904e+05 3.255836663735927442e-19
2.465811075822604180e+05 2.367963802286204441e-19
2.736439997074671555e+05 1.707546709073473076e-19
3.036771118035460822e+05 1.221148717970459438e-19
3.370064329271928291e+05 8.689001527590554833e-20
3.739937302478798083e+05 6.156056688026719292e-20
4.150404757850476308e+05 4.361981737751397943e-20
4.605922041145108524e+05 3.095255349979692946e-20
5.111433483440171112e+05 2.207107167307682947e-20
5.672426068491977639e+05 1.581774744300333440e-20
6.294988990221888525e+05 1.140749132395116083e-20
6.985879746785250027e+05 8.256126674952476549e-21
7.752597488629464060e+05 5.979472255826155930e-21
8.603464416684507160e+05 4.306801305447898194e-21
9.547716114208066138e+05 3.063187966307949031e-21
1.059560179277617019e+06 2.133608244267549092e-21
1.175849554052158026e+06 1.441517433831780179e-21
1.304901978014401859e+06 9.304860575006201054e-22
1.448118227674532915e+06 5.644781675015162665e-22
1.607052818261638284e+06 3.145654907380752733e-22
1.783430876931909472e+06 1.575417573835409385e-22
1.979166867853557458e+06 6.969256932537523349e-23
2.196385372416546568e+06 2.772162291668148677e-23
2.437444150122222025e+06 1.022055406768988476e-23
2.704959730463137385e+06 3.595202729933137417e-24
3.001835813575591892e+06 1.233828315077347366e-24
3.331294787934676744e+06 4.155019667938287342e-25
3.696912707195031922e+06 1.347437457216092340e-25
4.102658105827190448e+06 4.060939292427006745e-26
4.552935074866947718e+06 1.098097994079299260e-26
5.052631065335679799e+06 2.590787132981848995e-27
5.607169938205458224e+06 5.223017743652964628e-28
6.222570836730230600e+06 8.870532479351401008e-29
6.905513520162330940e+06 1.252979112719974617e-29
7.663410868007462472e+06 1.454942399018813783e-30
8.504489341802684590e+06 1.369317084832148663e-31
9.437878277775391936e+06 1.027525675342606787e-32
1.047370897959450819e+07 6.046156074592406058e-34
1.162322468679854274e+07 2.745717979917386890e-35
1.289890261253307760e+07 9.457140230290621298e-37
1.431458937523478456e+07 2.425339840661443787e-38
1.588565129428052530e+07 4.531010776549653614e-40
1.762914118095947802e+07 6.020182428904642767e-42
1.956398343517064676e+07 5.533115724276613638e-44
2.171117945694505423e+07 3.412006976144761137e-46
2.409403560239527002e+07 1.364392574701414279e-48
2.673841615839949250e+07 3.377024411230048141e-51
2.967302408188872784e+07 4.843443411763689444e-54
3.292971255097155273e+07 3.835375097012070042e-57
3.654383070957254618e+07 1.593339116605348115e-60
4.055460735840827972e+07 3.274954545192453305e-64
4.500557675700496882e+07 3.107072579421957920e-68
4.994505115855139494e+07 1.255528016442306880e-72
5.542664520663107187e+07 1.974854191038106097e-77
6.150985788580504060e+07 1.095627895730970243e-82
6.826071834272393584e+07 4.410837026033851430e-88
7.575250258771920204e+07 1.478316809136218572e-89
8.406652885618332028e+07 7.462102079795278758e-90
9.329304026284696162e+07 3.394649193380984249e-90
1.035321843295663744e+08 1.286292225857003934e-90
1.148951000187308788e+08 2.980729167438401731e-91
1.275051240713012964e+08 6.294746537987691452e-93
1.414991297434575856e+08 1.183729000024258586e-97
1.570290124729377627e+08 3.301656806984536040e-111
1.742633386009651124e+08 2.553009883186330882e-132
