107.64652136298349 1.5483372000503445e-11
124.73835142429434 1.446971417752464e-11
144.5439770745928 1.326441415164408e-11
167.49428760264382 1.1917958066017818e-11
194.08858775927794 1.04867538075939e-11
224.90546058357825 9.030230844276572e-12
260.61535499988975 7.607453968392054e-12
301.9951720402019 6.272715905493975e-12
349.9451670283576 5.0701936077421935e-12
405.50853544838435 4.027843197221248e-12
469.89410860521605 3.154522832915076e-12
544.502652842422 2.441855382263589e-12
630.9573444801943 1.8706809956737784e-12
731.1390834834186 1.4180778535331658e-12
847.227414140598 1.0630362217017717e-12
981.7479430199863 7.881533279454654e-13
1137.6272858234333 5.781137590670834e-13
1318.25673855641 4.196518503559712e-13
1527.5660582380733 3.0164658252559937e-13
1770.1089583174185 2.150685113463365e-13
2051.1621788255625 1.5258276219565562e-13
2376.8402866248734 1.081747469503921e-13
2754.228703338163 7.695061586446971e-14
3191.5378551007584 5.504077541260561e-14
3698.2817978026587 3.948576960122865e-14
4285.485203974392 2.8337246080396434e-14
4965.923214503357 2.03518468398245e-14
5754.399373371565 1.4638020985213264e-14
6668.067692136218 1.0547133917542845e-14
7726.805850957021 7.612500765133644e-15
8953.647655495937 5.501069090123447e-15
10375.284158180126 3.976603805165492e-15
12022.644346174131 2.8722822792631303e-15
13931.568029453034 2.0705335014814184e-15
16143.585568264869 1.488265998226644e-15
18706.821403658014 1.066109465448572e-15
21677.04104819696 7.60878539201818e-16
25118.86431509582 5.408695062929461e-16
29107.17118066608 3.828680492479859e-16
33728.73086588692 2.6988374135912527e-16
39084.089579240244 1.8947142950527457e-16
45289.75799036214 1.3250819303410029e-16
52480.746024977336 9.231445327979617e-17
60813.50012787176 6.404050705763734e-17
70469.30689671452 4.4213255814808513e-17
81658.23713585905 3.0358238098780715e-17
94623.7161365791 2.071551551508934e-17
109647.81961431827 1.403552947027453e-17
127057.41052085393 9.432760615302597e-18
147231.25024327164 6.2809762620577986e-18
170608.23890031208 4.138353733447535e-18
197696.96401118577 2.6940236247235045e-18
229086.765276777 1.7299541612450992e-18
265460.55619755364 1.0938073036341438e-18
307609.6814740705 6.796325551630714e-19
356451.1334262439 4.1415286872577276e-19
413047.50199016096 2.4703681502137255e-19
478630.092322638 1.4400877049524725e-19
554625.7129579104 8.197729453278302e-20
642687.7173170194 4.5597288296124913e-20
744731.9739059889 2.484891835946715e-20
862978.5477669701 1.3336648265598667e-20
1000000.0 7.097242420323409e-21
1158777.3561551261 3.7665451947434856e-21
1342764.9611378643 1.9983691725276903e-21
1555965.631605075 1.0602532456690984e-21
1803017.74085957 5.62533237011653e-22
2089296.1308540406 2.9846539409961614e-22
2421029.04673618 1.5836130902039595e-22
2805433.637951716 8.402614084327199e-23
3250872.973854347 4.458522340121759e-23
3767037.989839093 2.3658007398678758e-23
4365158.322401665 1.25537981259226e-23
5058246.620031147 6.661630773118305e-24
5861381.645140296 3.5350197249779184e-24
6792036.326171856 1.875884668000458e-24
7870457.896951 9.954506321212435e-25
9120108.393559115 5.2823616598440805e-25
10568175.092136607 2.8030238565301526e-25
12246161.992650514 1.4873396659790465e-25
14190575.216890955 7.891737260118546e-26
16443717.232149357 4.187051868781175e-26
19054607.179632522 2.2213203119195385e-26
22080047.330189057 1.1783528017082706e-26
25585858.86905653 6.250219209673874e-27
29648313.895243514 3.3148648855779374e-27
34355794.78998757 1.7578549283833708e-27
39810717.055349775 9.320592071314678e-28
46131757.4560379 4.941348591915735e-28
53456435.93969714 2.619322578388086e-28
61944107.507678114 1.388275913665073e-28
71779429.12713616 7.357164006706693e-29
83176377.11026709 3.898518414033233e-29
96382902.36239704 2.065632433394887e-29
111686324.77805611 1.0944191813835831e-29
129419584.14499864 5.798387743037736e-30
149968483.5502374 3.072152600573145e-30
173780082.87493762 1.6278374796424912e-30
201372424.98623893 8.626495178342606e-31
233345806.22810042 4.572301526975766e-31
