107.64652136298349 7.437754072194147e-12
124.73835142429434 6.91652570665123e-12
144.5439770745928 6.295684669014345e-12
167.49428760264382 5.602454421593668e-12
194.08858775927794 4.867554473838119e-12
224.90546058357825 4.123630483358194e-12
260.61535499988975 3.4033379055766315e-12
301.9951720402019 2.736669986791017e-12
349.9451670283576 2.147597112898523e-12
405.50853544838435 1.6501537654585051e-12
469.89410860521605 1.2467672348103578e-12
544.502652842422 9.297412580652628e-13
630.9573444801943 6.856407954110264e-13
731.1390834834186 4.997647644552477e-13
847.227414140598 3.5951184420447946e-13
981.7479430199863 2.551471904197923e-13
1137.6272858234333 1.7859551698748024e-13
1318.25673855641 1.232260802858209e-13
1527.5660582380733 8.376423295241556e-14
1770.1089583174185 5.615573122275411e-14
2051.1621788255625 3.727120328966108e-14
2376.8402866248734 2.465378412923426e-14
2754.228703338163 1.63812003605072e-14
3191.5378551007584 1.0992351364970245e-14
3698.2817978026587 7.417002802931174e-15
4285.485203974392 5.003342290802099e-15
4965.923214503357 3.3758866131317324e-15
5754.399373371565 2.2818080997332134e-15
6668.067692136218 1.546710218244807e-15
7726.805850957021 1.0519702476042239e-15
8953.647655495937 7.177533340624639e-16
10375.284158180126 4.907801730860595e-16
12022.644346174131 3.3573385042448594e-16
13931.568029453034 2.2930557916182324e-16
16143.585568264869 1.56092484960186e-16
18706.821403658014 1.0578881881663569e-16
21677.04104819696 7.133226063952959e-17
25118.86431509582 4.781591983323468e-17
29107.17118066608 3.18417084591444e-17
33728.73086588692 2.1056758117090805e-17
39084.089579240244 1.3828751525299331e-17
45289.75799036214 9.022670809874329e-18
52480.746024977336 5.849358894156256e-18
60813.50012787176 3.765818733016904e-18
70469.30689671452 2.4056466225947434e-18
81658.23713585905 1.5235568430734604e-18
94623.7161365791 9.55846831009646e-19
109647.81961431827 5.936362140805841e-19
127057.41052085393 3.648016775625988e-19
147231.25024327164 2.2180340856041525e-19
170608.23890031208 1.3349643289808121e-19
197696.96401118577 7.963154555080283e-20
229086.765276777 4.7169210677872304e-20
265460.55619755364 2.7813356352349554e-20
307609.6814740705 1.636464925757762e-20
356451.1334262439 9.623218949891055e-21
413047.50199016096 5.6590550113527416e-21
478630.092322638 3.32814108092935e-21
554625.7129579104 1.9574407645011232e-21
642687.7173170194 1.1513164184441424e-21
744731.9739059889 6.771873088696164e-22
862978.5477669701 3.983115661688811e-22
1000000.0 2.3428000748129384e-22
1158777.3561551261 1.3779969313912812e-22
1342764.9611378643 8.10522148063149e-23
1555965.631605075 4.767466784927713e-23
1803017.74085957 2.804260354981881e-23
2089296.1308540406 1.6495218324337062e-23
2421029.04673618 9.703033831835197e-24
2805433.637951716 5.707771526899115e-24
3250872.973854347 3.3576437832698534e-24
3767037.989839093 1.9751957132236112e-24
4365158.322401665 1.161959699144173e-24
5058246.620031147 6.835571803219093e-25
5861381.645140296 4.021222441423095e-25
6792036.326171856 2.3655766462581093e-25
7870457.896951 1.3915770796939084e-25
9120108.393559115 8.1858536910857e-26
10568175.092136607 4.815065384231158e-26
12246161.992650514 2.832151722935047e-26
14190575.216890955 1.6657185939546917e-26
16443717.232149357 9.796080009690353e-27
19054607.179632522 5.760544642246717e-27
22080047.330189057 3.3871219487167135e-27
25585858.86905653 1.9913628299881426e-27
29648313.895243514 1.1706291500736041e-27
34355794.78998757 6.880753322076047e-28
39810717.055349775 4.043895484159451e-28
46131757.4560379 2.3763607486321847e-28
53456435.93969714 1.3962922633648935e-28
61944107.507678114 8.203450882374818e-29
71779429.12713616 4.819255078045482e-29
83176377.11026709 2.8309658059488313e-29
96382902.36239704 1.662916653812548e-29
111686324.77805611 9.767828355624502e-30
129419584.14499864 5.7375618101403176e-30
149968483.5502374 3.3702885311140384e-30
173780082.87493762 1.979800281965423e-30
201372424.98623893 1.1630210448465705e-30
233345806.22810042 6.832062438545558e-31
