107.64652136298349 1.380437353857486e-09
124.73835142429434 1.289102189862221e-09
144.5439770745928 1.180457122351539e-09
167.49428760264382 1.0590890851622327e-09
194.08858775927794 9.3013016602042e-10
224.90546058357825 7.98993956939003e-10
260.61535499988975 6.710657429433263e-10
301.9951720402019 5.512950692167631e-10
349.9451670283576 4.4369872068597345e-10
405.50853544838435 3.5079085419013023e-10
469.89410860521605 2.733179032758366e-10
544.502652842422 2.1043859693097605e-10
630.9573444801943 1.6033201760260557e-10
731.1390834834186 1.2085301496162326e-10
847.227414140598 9.005657289966673e-11
981.7479430199863 6.634903733504068e-11
1137.6272858234333 4.834056448153475e-11
1318.25673855641 3.4836987161894004e-11
1527.5660582380733 2.4844986436403228e-11
1770.1089583174185 1.756451189084126e-11
2051.1621788255625 1.2350440382482669e-11
2376.8402866248734 8.677064450539596e-12
2754.228703338163 6.119034149600044e-12
3191.5378551007584 4.341938832744009e-12
3698.2817978026587 3.0916211039763416e-12
4285.485203974392 2.202640534354484e-12
4965.923214503357 1.57092178058785e-12
5754.399373371565 1.1224944538469706e-12
6668.067692136218 8.039503879171045e-13
7726.805850957021 5.771683236037657e-13
8953.647655495937 4.151668032982194e-13
10375.284158180126 2.989700610222894e-13
12022.644346174131 2.1529449249516073e-13
13931.568029453034 1.5486132458430248e-13
16143.585568264869 1.1117118735036861e-13
18706.821403658014 7.961948711257644e-14
21677.04104819696 5.688197951142274e-14
25118.86431509582 4.0534705422244146e-14
29107.17118066608 2.881453661301844e-14
33728.73086588692 2.043924002583597e-14
39084.089579240244 1.447518318098719e-14
45289.75799036214 1.024170074514879e-14
52480.746024977336 7.24290291515256e-15
60813.50012787176 5.120445567841736e-15
70469.30689671452 3.618892593111338e-15
81658.23713585905 2.556998848544549e-15
94623.7161365791 1.8062701734567467e-15
109647.81961431827 1.2756718773849876e-15
127057.41052085393 9.007457993261839e-16
147231.25024327164 6.358742074614886e-16
170608.23890031208 4.487867507184421e-16
197696.96401118577 3.166633523486722e-16
229086.765276777 2.2337163925148693e-16
265460.55619755364 1.5750993414766471e-16
307609.6814740705 1.11021720780427e-16
356451.1334262439 7.821516544469557e-17
413047.50199016096 5.5069598249028655e-17
478630.092322638 3.8745141942355114e-17
554625.7129579104 2.723608197116451e-17
642687.7173170194 1.912592528704144e-17
744731.9739059889 1.341434297173439e-17
862978.5477669701 9.39492824996228e-18
1000000.0 6.5688648893768596e-18
1158777.3561551261 4.583962449621813e-18
1342764.9611378643 3.191609523471495e-18
1555965.631605075 2.2163678199142645e-18
1803017.74085957 1.5344837642695347e-18
2089296.1308540406 1.0587031869821412e-18
2421029.04673618 7.275409525604589e-19
2805433.637951716 4.976999675387165e-19
3250872.973854347 3.3871622921632098e-19
3767037.989839093 2.291766415769844e-19
4365158.322401665 1.5404850731659772e-19
5058246.620031147 1.0279421173533258e-19
5861381.645140296 6.804066260405489e-20
6792036.326171856 4.464060357743913e-20
7870457.896951 2.9010610044780725e-20
9120108.393559115 1.866447480746216e-20
10568175.092136607 1.1884506079002623e-20
12246161.992650514 7.49013912555239e-21
14190575.216890955 4.675206772119142e-21
16443717.232149357 2.893608307347379e-21
19054607.179632522 1.7790863421983712e-21
22080047.330189057 1.0890182547032473e-21
25585858.86905653 6.650972951233182e-22
29648313.895243514 4.058781613576937e-22
34355794.78998757 2.4764079858060547e-22
39810717.055349775 1.5107682201000036e-22
46131757.4560379 9.215623961908475e-23
53456435.93969714 5.620903556252192e-23
61944107.507678114 3.42804463710874e-23
71779429.12713616 2.0905057050749582e-23
83176377.11026709 1.2747553172099306e-23
96382902.36239704 7.772823693628822e-24
111686324.77805611 4.739275492750865e-24
129419584.14499864 2.8895348547664253e-24
149968483.5502374 1.7616658453418937e-24
173780082.87493762 1.0739581833984039e-24
201372424.98623893 6.546307688239107e-25
233345806.22810042 3.989432297778665e-25
