107.64652136298349 1.96793502192718e-11
124.73835142429434 1.8307040047050395e-11
144.5439770745928 1.6672580498886882e-11
167.49428760264382 1.484742944508051e-11
194.08858775927794 1.2912156900789347e-11
224.90546058357825 1.0952325806299848e-11
260.61535499988975 9.053481203637785e-12
301.9951720402019 7.29419941124617e-12
349.9451670283576 5.737366865675443e-12
405.50853544838435 4.4200359849212155e-12
469.89410860521605 3.3490553385505674e-12
544.502652842422 2.504856717718944e-12
630.9573444801943 1.852775753705962e-12
731.1390834834186 1.3546583134888292e-12
847.227414140598 9.776450582011397e-13
981.7479430199863 6.962217509599733e-13
1137.6272858234333 4.891304457313583e-13
1318.25673855641 3.388453356436974e-13
1527.5660582380733 2.3136881642974286e-13
1770.1089583174185 1.5589596716157e-13
2051.1621788255625 1.0405303169064261e-13
2376.8402866248734 6.924299576217301e-14
2754.228703338163 4.62881785914587e-14
3191.5378551007584 3.124078686647251e-14
3698.2817978026587 2.119929957382756e-14
4285.485203974392 1.438578595723983e-14
4965.923214503357 9.76746780206319e-15
5754.399373371565 6.645369269901267e-15
6668.067692136218 4.535290306874773e-15
7726.805850957021 3.1063926694869492e-15
8953.647655495937 2.134957214264508e-15
10375.284158180126 1.470934079814138e-15
12022.644346174131 1.0143366052950472e-15
13931.568029453034 6.988068607452205e-16
16143.585568264869 4.80237562255814e-16
18706.821403658014 3.289430042969028e-16
21677.04104819696 2.244674556238385e-16
25118.86431509582 1.5252319208496219e-16
29107.17118066608 1.0316072576091663e-16
33728.73086588692 6.94510420745942e-17
39084.089579240244 4.655834823111225e-17
45289.75799036214 3.10993322091218e-17
52480.746024977336 2.0706362060605194e-17
60813.50012787176 1.3738428188772479e-17
70469.30689671452 9.07840810148955e-18
81658.23713585905 5.9707452027702736e-18
94623.7161365791 3.9051941389496044e-18
109647.81961431827 2.5376714436991952e-18
127057.41052085393 1.636498389738515e-18
147231.25024327164 1.0459404641769462e-18
170608.23890031208 6.61511181212999e-19
197696.96401118577 4.1326251485902307e-19
229086.765276777 2.5449200511003466e-19
265460.55619755364 1.541186409652925e-19
307609.6814740705 9.154104554449289e-20
356451.1334262439 5.317340666002383e-20
413047.50199016096 3.011449046636193e-20
478630.092322638 1.6581078895799212e-20
554625.7129579104 8.856631767563351e-21
642687.7173170194 4.58693644686745e-21
744731.9739059889 2.3090875223627295e-21
862978.5477669701 1.1372054437900068e-21
1000000.0 5.5325823250573255e-22
1158777.3561551261 2.6819343507533303e-22
1342764.9611378643 1.2997070281212408e-22
1555965.631605075 6.298535514432773e-23
1803017.74085957 3.052349004676924e-23
2089296.1308540406 1.47921998093366e-23
2421029.04673618 7.168668688528952e-24
2805433.637951716 3.474185469415122e-24
3250872.973854347 1.683753497022677e-24
3767037.989839093 8.160468955500646e-25
4365158.322401665 3.955147937871055e-25
5058246.620031147 1.9169957365530777e-25
5861381.645140296 9.291553805071161e-26
6792036.326171856 4.503626594960178e-26
7870457.896951 2.1829318884349357e-26
9120108.393559115 1.0580780482638092e-26
10568175.092136607 5.128509101961908e-27
12246161.992650514 2.4857361223346715e-27
14190575.216890955 1.2047696201469354e-27
16443717.232149357 5.838917406437017e-28
19054607.179632522 2.8296550170436147e-28
22080047.330189057 1.3712014568710783e-28
25585858.86905653 6.643996735513837e-29
29648313.895243514 3.218931739748593e-29
34355794.78998757 1.5593483332413524e-29
39810717.055349775 7.552980570862645e-30
46131757.4560379 3.657916321041985e-30
53456435.93969714 1.7712794270803118e-30
61944107.507678114 8.575853980220762e-31
71779429.12713616 4.151514771629973e-31
83176377.11026709 2.0094540715466987e-31
96382902.36239704 9.725201024782139e-32
111686324.77805611 4.7062839356859647e-32
129419584.14499864 2.277349947742211e-32
149968483.5502374 1.1019740874406285e-32
173780082.87493762 5.332409724531652e-33
201372424.98623893 2.5805431625330614e-33
233345806.22810042 1.2490011379702487e-33
