107.64652136298349 2.1666613196893605e-11
124.73835142429434 2.0197569435975837e-11
144.5439770745928 1.844644255030209e-11
167.49428760264382 1.6488874114161522e-11
194.08858775927794 1.440959231083719e-11
224.90546058357825 1.2298041175628163e-11
260.61535499988975 1.0243223827654606e-11
301.9951720402019 8.326868614461812e-12
349.9451670283576 6.615046899397076e-12
405.50853544838435 5.1485217420249394e-12
469.89410860521605 3.938283130672484e-12
544.502652842422 2.96866163455006e-12
630.9573444801943 2.2077220382337877e-12
731.1390834834186 1.6184276150338495e-12
847.227414140598 1.1675358534146134e-12
981.7479430199863 8.281083382903069e-13
1137.6272858234333 5.769184203969079e-13
1318.25673855641 3.942430661670626e-13
1527.5660582380733 2.6388927416927094e-13
1770.1089583174185 1.73012938436868e-13
2051.1621788255625 1.1142445808635908e-13
2376.8402866248734 7.09529722832527e-14
2754.228703338163 4.509960264414055e-14
3191.5378551007584 2.88618191270269e-14
3698.2817978026587 1.854213460666807e-14
4285.485203974392 1.1884986979896524e-14
4965.923214503357 7.60983462343341e-15
5754.399373371565 4.8800352380288555e-15
6668.067692136218 3.14085535413699e-15
7726.805850957021 2.031853833792183e-15
8953.647655495937 1.3219296642853552e-15
10375.284158180126 8.644298558972044e-16
12022.644346174131 5.671031844863698e-16
13931.568029453034 3.7230016848814593e-16
16143.585568264869 2.440200190611857e-16
18706.821403658014 1.5949276703361993e-16
21677.04104819696 1.0389590074490748e-16
25118.86431509582 6.74033743074777e-17
29107.17118066608 4.35261082814333e-17
33728.73086588692 2.797707206234757e-17
39084.089579240244 1.7914064147854004e-17
45289.75799036214 1.144426060828159e-17
52480.746024977336 7.304267096245124e-18
60813.50012787176 4.659533079487871e-18
70469.30689671452 2.9711354370325247e-18
81658.23713585905 1.893861658579939e-18
94623.7161365791 1.206836187436826e-18
109647.81961431827 7.688625282151514e-19
127057.41052085393 4.897487331055777e-19
147231.25024327164 3.1192063007955943e-19
170608.23890031208 1.9864656547825425e-19
197696.96401118577 1.2650340493550477e-19
229086.765276777 8.056069811148606e-20
265460.55619755364 5.1304668237804937e-20
307609.6814740705 3.267478142380692e-20
356451.1334262439 2.0811157366723376e-20
413047.50199016096 1.3255890511305843e-20
478630.092322638 8.443999022304633e-21
554625.7129579104 5.379082294648328e-21
642687.7173170194 3.426743368054954e-21
744731.9739059889 2.183040035497765e-21
862978.5477669701 1.3907358963958503e-21
1000000.0 8.859928676749745e-22
1158777.3561551261 5.644430505283803e-22
1342764.9611378643 3.5959697674396643e-22
1555965.631605075 2.2909684319683284e-22
1803017.74085957 1.4595865199693546e-22
2089296.1308540406 9.299255956606318e-23
2421029.04673618 5.92479831529174e-23
2805433.637951716 3.7748931546833347e-23
3250872.973854347 2.4051364912388096e-23
3767037.989839093 1.5324146942149628e-23
4365158.322401665 9.763633432512142e-24
5058246.620031147 6.220736839524822e-24
5861381.645140296 3.963359750318836e-24
6792036.326171856 2.5250632570996042e-24
7870457.896951 1.608657619374245e-24
9120108.393559115 1.0247852076062667e-24
10568175.092136607 6.52792638356255e-25
12246161.992650514 4.158015405069425e-25
14190575.216890955 2.648261744651171e-25
16443717.232149357 1.6865357379269877e-25
19054607.179632522 1.073955572712272e-25
22080047.330189057 6.838016747420123e-26
25585858.86905653 4.3533617663767914e-26
29648313.895243514 2.771204588801087e-26
34355794.78998757 1.7638474606341686e-26
39810717.055349775 1.1225409466787531e-26
46131757.4560379 7.143202399206607e-27
53456435.93969714 4.545007777933449e-27
61944107.507678114 2.8915353826726685e-27
71779429.12713616 1.839396368853565e-27
83176377.11026709 1.1699684471903032e-27
96382902.36239704 7.440828190087513e-28
111686324.77805611 4.731605069659511e-28
129419584.14499864 3.0082976696121286e-28
149968483.5502374 1.9122022903524608e-28
173780082.87493762 1.2150945322256562e-28
201372424.98623893 7.717822768158866e-29
233345806.22810042 4.8990397101319353e-29
