107.64652136298349 1.166472036643283e-11
124.73835142429434 1.0852222366980417e-11
144.5439770745928 9.884532037682112e-12
167.49428760264382 8.80392656545316e-12
194.08858775927794 7.658064614572866e-12
224.90546058357825 6.497549413180224e-12
260.61535499988975 5.372966973279406e-12
301.9951720402019 4.330782968331803e-12
349.9451670283576 3.4081977551496992e-12
405.50853544838435 2.627163545060755e-12
469.89410860521605 1.991801705435862e-12
544.502652842422 1.4906276242996364e-12
630.9573444801943 1.1032205807552955e-12
731.1390834834186 8.070706979319537e-13
847.227414140598 5.827687087972e-13
981.7479430199863 4.1522454523919437e-13
1137.6272858234333 2.918516206488414e-13
1318.25673855641 2.022626828079633e-13
1527.5660582380733 1.3815333723839661e-13
1770.1089583174185 9.310660062698294e-14
2051.1621788255625 6.214446550275518e-14
2376.8402866248734 4.13419019310083e-14
2754.228703338163 2.7616074331237705e-14
3191.5378551007584 1.8614732688375525e-14
3698.2817978026587 1.2607705464721524e-14
4285.485203974392 8.53338125906601e-15
4965.923214503357 5.773986080689912e-15
5754.399373371565 3.911011204960361e-15
6668.067692136218 2.654344510021873e-15
7726.805850957021 1.8056391142483466e-15
8953.647655495937 1.2307020057836214e-15
10375.284158180126 8.394999962612056e-16
12022.644346174131 5.720344239840046e-16
13931.568029453034 3.8849649285346874e-16
16143.585568264869 2.6244411936152747e-16
18706.821403658014 1.76102144348368e-16
21677.04104819696 1.17242985204633e-16
25118.86431509582 7.734563658811127e-17
29107.17118066608 5.049492744376498e-17
33728.73086588692 3.2588417358043505e-17
39084.089579240244 2.077816406105864e-17
45289.75799036214 1.30849671937868e-17
52480.746024977336 8.135487617390322e-18
60813.50012787176 4.988459573333319e-18
70469.30689671452 3.012931297327218e-18
81658.23713585905 1.790789799421485e-18
94623.7161365791 1.0470552224286162e-18
109647.81961431827 6.025556620391869e-19
127057.41052085393 3.419073187222255e-19
147231.25024327164 1.9190698179896655e-19
170608.23890031208 1.0699174633945404e-19
197696.96401118577 5.948124808169959e-20
229086.765276777 3.3048162162177185e-20
265460.55619755364 1.8360496229803215e-20
307609.6814740705 1.0200487422093899e-20
356451.1334262439 5.667297224547236e-21
413047.50199016096 3.1489298385386346e-21
478630.092322638 1.7497983952177655e-21
554625.7129579104 9.724070726562743e-22
642687.7173170194 5.404215569672137e-22
744731.9739059889 3.003497846313332e-22
862978.5477669701 1.6692449914531675e-22
1000000.0 9.276990945486612e-23
1158777.3561551261 5.1557420626441854e-23
1342764.9611378643 2.865337946365365e-23
1555965.631605075 1.5924453339744794e-23
1803017.74085957 8.850333498054774e-24
2089296.1308540406 4.918845009492152e-24
2421029.04673618 2.733861518189651e-24
2805433.637951716 1.5194983639332919e-24
3250872.973854347 8.445679573385795e-25
3767037.989839093 4.694384709897181e-25
4365158.322401665 2.6093422771372607e-25
5058246.620031147 1.450406818115103e-25
5861381.645140296 8.062172584567142e-26
6792036.326171856 4.4814083949378364e-26
7870457.896951 2.4909963743165287e-26
9120108.393559115 1.3845961377606242e-26
10568175.092136607 7.695906109202057e-27
12246161.992650514 4.277376515275948e-27
14190575.216890955 2.377227178434411e-27
16443717.232149357 1.3210939470725083e-27
19054607.179632522 7.341093542807803e-28
22080047.330189057 4.078932280299364e-28
25585858.86905653 2.2661362333028915e-28
29648313.895243514 1.2588531703693565e-28
34355794.78998757 6.992147524260933e-29
39810717.055349775 3.883205945594444e-29
46131757.4560379 2.1563248210289876e-29
53456435.93969714 1.197245688751161e-29
61944107.507678114 6.6466239230541e-30
71779429.12713616 3.689551942008162e-30
83176377.11026709 2.047901023029225e-30
96382902.36239704 1.1366269686588748e-30
111686324.77805611 6.3083234913198675e-31
129419584.14499864 3.501162470280425e-31
149968483.5502374 1.943255781795053e-31
173780082.87493762 1.0786585595001128e-31
201372424.98623893 5.988111877138368e-32
233345806.22810042 3.3247503981923244e-32
