107.64652136298349 2.1961653494084818e-11
124.73835142429434 2.0603287787613907e-11
144.5439770745928 1.899261533390827e-11
167.49428760264382 1.719397100008273e-11
194.08858775927794 1.5278779082323897e-11
224.90546058357825 1.3321876818749181e-11
260.61535499988975 1.1397346640648409e-11
301.9951720402019 9.573360467145834e-12
349.9451670283576 7.906133020547201e-12
405.50853544838435 6.433161633988496e-12
469.89410860521605 5.1698487523893644e-12
544.502652842422 4.111200337462761e-12
630.9573444801943 3.2385952414628608e-12
731.1390834834186 2.5274993942284878e-12
847.227414140598 1.954009051883948e-12
981.7479430199863 1.4971380544937513e-12
1137.6272858234333 1.1375178023476344e-12
1318.25673855641 8.576619274386119e-13
1527.5660582380733 6.423209870362727e-13
1770.1089583174185 4.786100466179831e-13
2051.1621788255625 3.556761540144393e-13
2376.8402866248734 2.643434793359609e-13
2754.228703338163 1.9693646237574766e-13
3191.5378551007584 1.4721125096535703e-13
3698.2817978026587 1.1024062451417289e-13
4285.485203974392 8.25932095432309e-14
4965.923214503357 6.192320067017145e-14
5754.399373371565 4.6473858046818474e-14
6668.067692136218 3.491711488887855e-14
7726.805850957021 2.6258101201423668e-14
8953.647655495937 1.9756360429036337e-14
10375.284158180126 1.4863335625262568e-14
12022.644346174131 1.1173864142923872e-14
13931.568029453034 8.388937733732522e-15
16143.585568264869 6.2872013007550486e-15
18706.821403658014 4.7032769292174925e-15
21677.04104819696 3.5119247498157493e-15
25118.86431509582 2.6176926023406695e-15
29107.17118066608 1.947991191497318e-15
33728.73086588692 1.447652653023762e-15
39084.089579240244 1.0747401409867642e-15
45289.75799036214 7.973709469105382e-16
52480.746024977336 5.913405865784539e-16
60813.50012787176 4.3839431987577104e-16
70469.30689671452 3.2489980954137653e-16
81658.23713585905 2.4071025777982826e-16
94623.7161365791 1.7827885431037863e-16
109647.81961431827 1.319959942036778e-16
127057.41052085393 9.769421941870866e-17
147231.25024327164 7.227887497814572e-17
170608.23890031208 5.3452857327531755e-17
197696.96401118577 3.9511654060645355e-17
229086.765276777 2.9190847207694366e-17
265460.55619755364 2.1552726415008528e-17
307609.6814740705 1.590203053269696e-17
356451.1334262439 1.1723363966136991e-17
413047.50199016096 8.634733381791305e-18
478630.092322638 6.353064817411318e-18
554625.7129579104 4.668619655751284e-18
642687.7173170194 3.4260194501029714e-18
744731.9739059889 2.5101749230979037e-18
862978.5477669701 1.835854166474339e-18
1000000.0 1.3399504955626924e-18
1158777.3561551261 9.757520729489954e-19
1342764.9611378643 7.086957057992356e-19
1555965.631605075 5.132195578315277e-19
1803017.74085957 3.7042943258439435e-19
2089296.1308540406 2.6636855838719916e-19
2421029.04673618 1.9073499258084302e-19
2805433.637951716 1.359310853242414e-19
3250872.973854347 9.635922713515082e-20
3767037.989839093 6.790016943221212e-20
4365158.322401665 4.7526742898182316e-20
5058246.620031147 3.3017905483806776e-20
5861381.645140296 2.274715099239071e-20
6792036.326171856 1.5526018230869748e-20
7870457.896951 1.0488404720925625e-20
9120108.393559115 7.005102008855765e-21
10568175.092136607 4.620701264559282e-21
12246161.992650514 3.0070508109317895e-21
14190575.216890955 1.9289587541713325e-21
16443717.232149357 1.2189456049204676e-21
19054607.179632522 7.58683614969506e-22
22080047.330189057 4.653721985506988e-22
25585858.86905653 2.8175341293753166e-22
29648313.895243514 1.6880913908734323e-22
34355794.78998757 1.0043087760601342e-22
39810717.055349775 5.953786885267105e-23
46131757.4560379 3.525630798460869e-23
53456435.93969714 2.0873355286127128e-23
61944107.507678114 1.2356761442961448e-23
71779429.12713616 7.314437005733571e-24
83176377.11026709 4.3294132184255556e-24
96382902.36239704 2.5624672507634064e-24
111686324.77805611 1.5166257449946599e-24
129419584.14499864 8.976316721340542e-25
149968483.5502374 5.312808517598476e-25
173780082.87493762 3.144546495848571e-25
201372424.98623893 1.8612019348275866e-25
233345806.22810042 1.1015701213277123e-25
