107.64652136298349 6.411196517826933e-12
124.73835142429434 5.962847429558722e-12
144.5439770745928 5.42882893255617e-12
167.49428760264382 4.832528222066453e-12
194.08858775927794 4.2003269978158704e-12
224.90546058357825 3.560253014623444e-12
260.61535499988975 2.9403364533508605e-12
301.9951720402019 2.3663231185206415e-12
349.9451670283576 1.85880116049354e-12
405.50853544838435 1.4298569455277499e-12
469.89410860521605 1.0816415772119255e-12
544.502652842422 8.076306199037501e-13
630.9573444801943 5.963649461788368e-13
731.1390834834186 4.3527477634585244e-13
847.227414140598 3.1356433933249436e-13
981.7479430199863 2.2287579249738509e-13
1137.6272858234333 1.5626328132506193e-13
1318.25673855641 1.080137654090012e-13
1527.5660582380733 7.357492025638332e-14
1770.1089583174185 4.9441403937594755e-14
2051.1621788255625 3.290291542755264e-14
2376.8402866248734 2.1828482635468507e-14
2754.228703338163 1.4548608464307935e-14
3191.5378551007584 9.792643671994e-15
3698.2817978026587 6.6285129696274024e-15
4285.485203974392 4.487071827523875e-15
4965.923214503357 3.0392833157546442e-15
5754.399373371565 2.063102030035526e-15
6668.067692136218 1.4050780421938077e-15
7726.805850957021 9.606268671204176e-16
8953.647655495937 6.59210780741887e-16
10375.284158180126 4.5364714273270155e-16
12022.644346174131 3.1258295635444617e-16
13931.568029453034 2.1526992817364733e-16
16143.585568264869 1.4795720811619294e-16
18706.821403658014 1.0141627300183799e-16
21677.04104819696 6.930406335074325e-17
25118.86431509582 4.72001822181636e-17
29107.17118066608 3.203326646801784e-17
33728.73086588692 2.1668896385231277e-17
39084.089579240244 1.4620362907413473e-17
45289.75799036214 9.84932161370511e-18
52480.746024977336 6.630241291627845e-18
60813.50012787176 4.460925289491417e-18
70469.30689671452 2.999909889264576e-18
81658.23713585905 2.0164454831940935e-18
94623.7161365791 1.3547539957510698e-18
109647.81961431827 9.09752961815974e-19
127057.41052085393 6.106058953581935e-19
147231.25024327164 4.0958991836222064e-19
170608.23890031208 2.7457072912711903e-19
197696.96401118577 1.8392047223763301e-19
229086.765276777 1.2308847152024616e-19
265460.55619755364 8.228892000997322e-20
307609.6814740705 5.494269798494082e-20
356451.1334262439 3.6627907539428775e-20
413047.50199016096 2.4373395199085333e-20
478630.092322638 1.6183353788665236e-20
554625.7129579104 1.0717527913886174e-20
642687.7173170194 7.07617518146008e-21
744731.9739059889 4.65549768517675e-21
862978.5477669701 3.050478620535853e-21
1000000.0 1.989596446519532e-21
1158777.3561551261 1.2909660229565627e-21
1342764.9611378643 8.328808667244816e-22
1555965.631605075 5.340230252123429e-22
1803017.74085957 3.4016242463649844e-22
2089296.1308540406 2.152200628029867e-22
2421029.04673618 1.3526531292456612e-22
2805433.637951716 8.448618564681885e-23
3250872.973854347 5.2485765973414365e-23
3767037.989839093 3.246953832382828e-23
4365158.322401665 2.0031222976228857e-23
5058246.620031147 1.2340247984676495e-23
5861381.645140296 7.59865975116325e-24
6792036.326171856 4.6785947655456054e-24
7870457.896951 2.880581291541941e-24
9120108.393559115 1.773481393864872e-24
10568175.092136607 1.0918175102108272e-24
12246161.992650514 6.72117703303295e-25
14190575.216890955 4.13721028281588e-25
16443717.232149357 2.5464328138514876e-25
19054607.179632522 1.5671658910885364e-25
22080047.330189057 9.643890458051662e-26
25585858.86905653 5.933915141958517e-26
29648313.895243514 3.650735069838955e-26
34355794.78998757 2.2457869982984223e-26
39810717.055349775 1.381358926427478e-26
46131757.4560379 8.495639174242016e-27
53456435.93969714 5.2244455784833855e-27
61944107.507678114 3.212499963301296e-27
71779429.12713616 1.9751943917961802e-27
83176377.11026709 1.2143544310604543e-27
96382902.36239704 7.465425159310539e-28
111686324.77805611 4.589229979652213e-28
129419584.14499864 2.820982482705219e-28
149968483.5502374 1.7339221640912132e-28
173780082.87493762 1.0656429478205164e-28
201372424.98623893 6.548144524601563e-29
233345806.22810042 4.022564462314079e-29
