107.64652136298349 6.445829683704973e-12
124.73835142429434 6.023499150713332e-12
144.5439770745928 5.521305960380218e-12
167.49428760264382 4.960298586772128e-12
194.08858775927794 4.363996977316055e-12
224.90546058357825 3.757183378887946e-12
260.61535499988975 3.1644897786881555e-12
301.9951720402019 2.6085578612332314e-12
349.9451670283576 2.1078069536437204e-12
405.50853544838435 1.6738832031750023e-12
469.89410860521605 1.3104586687697926e-12
544.502652842422 1.0140117646866476e-12
630.9573444801943 7.765253415083109e-13
731.1390834834186 5.884201479178103e-13
847.227414140598 4.409237066727125e-13
981.7479430199863 3.2677596505063256e-13
1137.6272858234333 2.3959229453593377e-13
1318.25673855641 1.7384609624524424e-13
1527.5660582380733 1.249071094185097e-13
1770.1089583174185 8.901827834713746e-14
2051.1621788255625 6.312939867374356e-14
2376.8402866248734 4.4740516234562277e-14
2754.228703338163 3.1818389903560035e-14
3191.5378551007584 2.2756027074684294e-14
3698.2817978026587 1.63249888069136e-14
4285.485203974392 1.1717225961953892e-14
4965.923214503357 8.417622652952887e-15
5754.399373371565 6.057047838800445e-15
6668.067692136218 4.367086289308455e-15
7726.805850957021 3.1547187403468313e-15
8953.647655495937 2.2822680644339945e-15
10375.284158180126 1.65212909731831e-15
12022.644346174131 1.1954089932393633e-15
13931.568029453034 8.635758659820667e-16
16143.585568264869 6.223437616862641e-16
18706.821403658014 4.472220830471197e-16
21677.04104819696 3.2039989494562383e-16
25118.86431509582 2.28802624670611e-16
29107.17118066608 1.6285650419667362e-16
33728.73086588692 1.1555355863043935e-16
39084.089579240244 8.175914268096e-17
45289.75799036214 5.770763788182632e-17
52480.746024977336 4.064019689662284e-17
60813.50012787176 2.8551965572099154e-17
70469.30689671452 2.0005369005710513e-17
81658.23713585905 1.3974470322107088e-17
94623.7161365791 9.728002873235918e-18
109647.81961431827 6.7453352865982495e-18
127057.41052085393 4.656230488928727e-18
147231.25024327164 3.1977180172552307e-18
170608.23890031208 2.183256678609818e-18
197696.96401118577 1.4807071942930635e-18
229086.765276777 9.966140319102595e-19
265460.55619755364 6.64999643044341e-19
307609.6814740705 4.39382768250656e-19
356451.1334262439 2.8709795672434424e-19
413047.50199016096 1.8525649919478416e-19
478630.092322638 1.178770399993269e-19
554625.7129579104 7.38490551197968e-20
642687.7173170194 4.5489068837157643e-20
744731.9739059889 2.7518213488358627e-20
862978.5477669701 1.6339150286675256e-20
1000000.0 9.525481558465302e-21
1158777.3561551261 5.461810041812197e-21
1342764.9611378643 3.0904864852392498e-21
1555965.631605075 1.733718787221127e-21
1803017.74085957 9.688206212364665e-22
2089296.1308540406 5.409216231718364e-22
2421029.04673618 3.0200666734431692e-22
2805433.637951716 1.6861998532404092e-22
3250872.973854347 9.414822029374393e-23
3767037.989839093 5.2568400654238215e-23
4365158.322401665 2.935252911862929e-23
5058246.620031147 1.6389755029673642e-23
5861381.645140296 9.15171738216762e-24
6792036.326171856 5.110137628142257e-24
7870457.896951 2.85337195091145e-24
9120108.393559115 1.5932182196350602e-24
10568175.092136607 8.895664237331667e-25
12246161.992650514 4.966634467285405e-25
14190575.216890955 2.772816521346796e-25
16443717.232149357 1.5479236473238538e-25
19054607.179632522 8.640555810881873e-26
22080047.330189057 4.822722433095364e-26
25585858.86905653 2.691512954573261e-26
29648313.895243514 1.5019316114951606e-26
34355794.78998757 8.380121644209118e-27
39810717.055349775 4.675144033415377e-27
46131757.4560379 2.607857722548149e-27
53456435.93969714 1.4545162814900763e-27
61944107.507678114 8.111526751723284e-28
71779429.12713616 4.523160962206938e-28
83176377.11026709 2.522000215224634e-28
96382902.36239704 1.4061210908463871e-28
111686324.77805611 7.839496117807629e-29
129419584.14499864 4.370755632176492e-29
149968483.5502374 2.436938426190397e-29
173780082.87493762 1.358840664804308e-29
201372424.98623893 7.577798143811902e-30
233345806.22810042 4.226471322809993e-30
