107.64652136298349 4.851910696154718e-11
124.73835142429434 4.517463237189199e-11
144.5439770745928 4.1192049452540434e-11
167.49428760264382 3.674423445807153e-11
194.08858775927794 3.202575134015602e-11
224.90546058357825 2.7242893783131837e-11
260.61535499988975 2.260166898971427e-11
301.9951720402019 1.8291328978144386e-11
349.9451670283576 1.4463828168969617e-11
405.50853544838435 1.120999284836555e-11
469.89410860521605 8.549057485871144e-12
544.502652842422 6.437242229127432e-12
630.9573444801943 4.794090733935621e-12
731.1390834834186 3.5297897817953614e-12
847.227414140598 2.5661210120073483e-12
981.7479430199863 1.841620526826384e-12
1137.6272858234333 1.3045494233247618e-12
1318.25673855641 9.118502704833587e-13
1527.5660582380733 6.288121953227064e-13
1770.1089583174185 4.2837666091886e-13
2051.1621788255625 2.893783535867201e-13
2376.8402866248734 1.9501018400643098e-13
2754.228703338163 1.3198668718168585e-13
3191.5378551007584 9.010559420315683e-14
3698.2817978026587 6.181003202467172e-14
4285.485203974392 4.24043260017407e-14
4965.923214503357 2.910881495788518e-14
5754.399373371565 2.002045482858472e-14
6668.067692136218 1.3808258507110986e-14
7726.805850957021 9.553578597484343e-15
8953.647655495937 6.6286338003136755e-15
10375.284158180126 4.607739359376833e-15
12022.644346174131 3.2040008995195713e-15
13931.568029453034 2.2247606777246342e-15
16143.585568264869 1.5404054698717057e-15
18706.821403658014 1.0626618256691637e-15
21677.04104819696 7.300469990248592e-16
25118.86431509582 4.991939489307742e-16
29107.17118066608 3.3960412200632743e-16
33728.73086588692 2.2983066049254415e-16
39084.089579240244 1.547649932723695e-16
45289.75799036214 1.0374203469649017e-16
52480.746024977336 6.923495339501172e-17
60813.50012787176 4.598237031957591e-17
70469.30689671452 3.0369842744403454e-17
81658.23713585905 1.993047847137288e-17
94623.7161365791 1.2983830383006652e-17
109647.81961431827 8.387439654395378e-18
127057.41052085393 5.366307526478246e-18
147231.25024327164 3.3960273631341513e-18
170608.23890031208 2.1228090709605574e-18
197696.96401118577 1.30881854486305e-18
229086.765276777 7.948695128463531e-19
265460.55619755364 4.749925559190003e-19
307609.6814740705 2.7912401555483627e-19
356451.1334262439 1.6133915681675747e-19
413047.50199016096 9.186711294687136e-20
478630.092322638 5.1681822161022636e-20
554625.7129579104 2.8845188344352583e-20
642687.7173170194 1.6040465164957983e-20
744731.9739059889 8.912184200862582e-21
862978.5477669701 4.951398886531214e-21
1000000.0 2.7508438522244685e-21
1158777.3561551261 1.5282729891986896e-21
1342764.9611378643 8.490563924881912e-22
1555965.631605075 4.717111387271581e-22
1803017.74085957 2.620729140629592e-22
2089296.1308540406 1.4560508286049086e-22
2421029.04673618 8.089856216582912e-23
2805433.637951716 4.4948522694195287e-23
3250872.973854347 2.4974723411755417e-23
3767037.989839093 1.38770027798224e-23
4365158.322401665 7.710791728681313e-24
5058246.620031147 4.284584344230178e-24
5861381.645140296 2.3807945352767923e-24
6792036.326171856 1.322925341136634e-24
7870457.896951 7.350974555146526e-25
9120108.393559115 4.0845665737046935e-25
10568175.092136607 2.26951831358757e-25
12246161.992650514 1.2609634774609317e-25
14190575.216890955 7.005624218040024e-26
16443717.232149357 3.8918940053609136e-26
19054607.179632522 2.1619180705692496e-26
22080047.330189057 1.2008151524208588e-26
25585858.86905653 6.669094670110503e-27
29648313.895243514 3.7034557026214215e-27
34355794.78998757 2.056334989554285e-27
39810717.055349775 1.1416287580665874e-27
46131757.4560379 6.3372352496858655e-28
53456435.93969714 3.517386287307829e-28
61944107.507678114 1.9520412135784346e-28
71779429.12713616 1.0832097055515216e-28
83176377.11026709 6.010337385967286e-29
96382902.36239704 3.3347152299762775e-29
111686324.77805611 1.8501442788231605e-29
129419584.14499864 1.0264899429961507e-29
149968483.5502374 5.695386107551602e-30
173780082.87493762 3.1602976430341866e-30
201372424.98623893 1.7538190496860307e-30
233345806.22810042 9.734306340056809e-31
