107.64652136298349 1.0088010082079008e-11
124.73835142429434 9.424242985647957e-12
144.5439770745928 8.634857073566595e-12
167.49428760264382 7.753032644588746e-12
194.08858775927794 6.815857570149594e-12
224.90546058357825 5.862420243076472e-12
260.61535499988975 4.9315784949306004e-12
301.9951720402019 4.0590461564304e-12
349.9451670283576 3.2738537026304807e-12
405.50853544838435 2.5942998603884574e-12
469.89410860521605 2.026051905303876e-12
544.502652842422 1.5633957050673348e-12
630.9573444801943 1.193529171535962e-12
731.1390834834186 9.01219657966274e-13
847.227414140598 6.725558794128169e-13
981.7479430199863 4.960563314132273e-13
1137.6272858234333 3.6164815360241703e-13
1318.25673855641 2.6063129545105256e-13
1527.5660582380733 1.8573259315755788e-13
1770.1089583174185 1.3106405244659966e-13
2051.1621788255625 9.185603365701365e-14
2376.8402866248734 6.420715476843126e-14
2754.228703338163 4.4950487993086714e-14
3191.5378551007584 3.1588237992884824e-14
3698.2817978026587 2.221565845158637e-14
4285.485203974392 1.5585590762837354e-14
4965.923214503357 1.0908025758193564e-14
5754.399373371565 7.619608363958838e-15
6668.067692136218 5.312758862437176e-15
7726.805850957021 3.696149379570258e-15
8953.647655495937 2.563478240076013e-15
10375.284158180126 1.7697549786275326e-15
12022.644346174131 1.2137085355638439e-15
13931.568029453034 8.248946892434523e-16
16143.585568264869 5.542885864482967e-16
18706.821403658014 3.6746399882928647e-16
21677.04104819696 2.3983953041912747e-16
25118.86431509582 1.5373303787120856e-16
29107.17118066608 9.650465481197512e-17
33728.73086588692 5.916014726465307e-17
39084.089579240244 3.5324219623076625e-17
45289.75799036214 2.0499497436023148e-17
52480.746024977336 1.1540020860385837e-17
60813.50012787176 6.289131934235298e-18
70469.30689671452 3.3155236580524045e-18
81658.23713585905 1.6942758828231967e-18
94623.7161365791 8.44451830919442e-19
109647.81961431827 4.1461136686092e-19
127057.41052085393 2.0248342042529e-19
147231.25024327164 9.87933448312712e-20
170608.23890031208 4.818233777960201e-20
197696.96401118577 2.3491171642396724e-20
229086.765276777 1.1450159529864896e-20
265460.55619755364 5.5800908989702764e-21
307609.6814740705 2.719111545604681e-21
356451.1334262439 1.3249531228821802e-21
413047.50199016096 6.456389072124976e-22
478630.092322638 3.1464148443273192e-22
554625.7129579104 1.5335136654125445e-22
642687.7173170194 7.474775101515918e-23
744731.9739059889 3.643577405387778e-23
862978.5477669701 1.776045838153485e-23
1000000.0 8.656958130687513e-24
1158777.3561551261 4.219524858513661e-24
1342764.9611378643 2.0566185852446398e-24
1555965.631605075 1.0024002706516714e-24
1803017.74085957 4.885728995049929e-25
2089296.1308540406 2.3813420026478464e-25
2421029.04673618 1.1607040580078518e-25
2805433.637951716 5.65757226446786e-26
3250872.973854347 2.7577175534669623e-26
3767037.989839093 1.344251625685325e-26
4365158.322401665 6.552730945910999e-27
5058246.620031147 3.1942933694397343e-27
5861381.645140296 1.5571696073550935e-27
6792036.326171856 7.591081945055034e-28
7870457.896951 3.7006242758709252e-28
9120108.393559115 1.8040383429531241e-28
10568175.092136607 8.794519863126225e-29
12246161.992650514 4.2871497758281784e-29
14190575.216890955 2.0898250612461096e-29
16443717.232149357 1.0186622174156209e-29
19054607.179632522 4.9650423954982645e-30
22080047.330189057 2.4198141628874137e-30
25585858.86905653 1.179237112739005e-30
29648313.895243514 5.746113867905966e-31
34355794.78998757 2.7996009626126188e-31
39810717.055349775 1.363834867779841e-31
46131757.4560379 6.643051331377993e-32
53456435.93969714 3.235276832484216e-32
61944107.507678114 1.5754061344115672e-32
71779429.12713616 7.670310144850921e-33
83176377.11026709 3.734016205440792e-33
96382902.36239704 1.8175621213173734e-33
111686324.77805611 8.84631385137349e-34
129419584.14499864 4.305352586233908e-34
149968483.5502374 2.0953009767799845e-34
173780082.87493762 1.0197556722699489e-34
201372424.98623893 4.963441279175078e-35
233345806.22810042 2.416212934527095e-35
