107.64652136298349 1.4090377101280842e-09
124.73835142429434 1.3137578084849928e-09
144.5439770745928 1.2003471680449043e-09
167.49428760264382 1.073667557374487e-09
194.08858775927794 9.39174970983009e-10
224.90546058357825 8.026398731912189e-10
260.61535499988975 6.698139246959011e-10
301.9951720402019 5.459821045571455e-10
349.9451670283576 4.3540970096018397e-10
405.50853544838435 3.407040275062833e-10
469.89410860521605 2.625259741592714e-10
544.502652842422 1.9980620231145578e-10
630.9573444801943 1.5043919983414564e-10
731.1390834834186 1.120166602773093e-10
847.227414140598 8.240162538506781e-11
981.7479430199863 5.988155015096228e-11
1137.6272858234333 4.299051454137599e-11
1318.25673855641 3.048990286010733e-11
1527.5660582380733 2.1366140294960784e-11
1770.1089583174185 1.481660184478137e-11
2051.1621788255625 1.0204187186176547e-11
2376.8402866248734 7.0166131661671935e-12
2754.228703338163 4.844348805712524e-12
3191.5378551007584 3.3693188931926273e-12
3698.2817978026587 2.352988894530585e-12
4285.485203974392 1.6437915076528146e-12
4965.923214503357 1.1493087830822309e-12
5754.399373371565 8.051096732751176e-13
6668.067692136218 5.654358475793991e-13
7726.805850957021 3.981906561877486e-13
8953.647655495937 2.8106676905079545e-13
10375.284158180126 1.9867016538906432e-13
12022.644346174131 1.404347027505088e-13
13931.568029453034 9.91289646448338e-14
16143.585568264869 6.979223193791212e-14
18706.821403658014 4.8980818856650684e-14
21677.04104819696 3.425414155744321e-14
25118.86431509582 2.3862851611259228e-14
29107.17118066608 1.655647850688123e-14
33728.73086588692 1.1441284600168455e-14
39084.089579240244 7.877551455721738e-15
45289.75799036214 5.406642334559004e-15
52480.746024977336 3.699913215910796e-15
60813.50012787176 2.5239669448532995e-15
70469.30689671452 1.7156172347469864e-15
81658.23713585905 1.1614086780556958e-15
94623.7161365791 7.825760222995874e-16
109647.81961431827 5.245141117869883e-16
127057.41052085393 3.494228939630219e-16
147231.25024327164 2.3117715186082487e-16
170608.23890031208 1.5175275293834375e-16
197696.96401118577 9.873985297425926e-17
229086.765276777 6.361440678254198e-17
265460.55619755364 4.05379996996622e-17
307609.6814740705 2.552537818366886e-17
356451.1334262439 1.586761560958342e-17
413047.50199016096 9.732867232613283e-18
478630.092322638 5.8903649299566404e-18
554625.7129579104 3.51985557446653e-18
642687.7173170194 2.0802347058971656e-18
744731.9739059889 1.219130366791064e-18
862978.5477669701 7.107895639542808e-19
1000000.0 4.1349548449441663e-19
1158777.3561551261 2.4043433936120623e-19
1342764.9611378643 1.3980282487938365e-19
1555965.631605075 8.129076010114799e-20
1803017.74085957 4.7268745260416514e-20
2089296.1308540406 2.74862816611566e-20
2421029.04673618 1.5983348624319228e-20
2805433.637951716 9.294571516913111e-21
3250872.973854347 5.405058700625296e-21
3767037.989839093 3.1432541535595757e-21
4365158.322401665 1.827951611986802e-21
5058246.620031147 1.0630497191036525e-21
5861381.645140296 6.182197073467528e-22
6792036.326171856 3.5952475908031446e-22
7870457.896951 2.0907742701459725e-22
9120108.393559115 1.2158305304071613e-22
10568175.092136607 7.070034569116253e-23
12246161.992650514 4.1109972645609843e-23
14190575.216890955 2.3902569662584635e-23
16443717.232149357 1.3896595333779176e-23
19054607.179632522 8.078550220378366e-24
22080047.330189057 4.695858135616216e-24
25585858.86905653 2.7292856438367467e-24
29648313.895243514 1.586106355400414e-24
34355794.78998757 9.216434718426443e-25
39810717.055349775 5.354761899565543e-25
46131757.4560379 3.1107483340172046e-25
53456435.93969714 1.8069237957415974e-25
61944107.507678114 1.04946909502224e-25
71779429.12713616 6.094823411658524e-26
83176377.11026709 3.5393439921732614e-26
96382902.36239704 2.0552513261875813e-26
111686324.77805611 1.1934361497127054e-26
129419584.14499864 6.930065420332166e-27
149968483.5502374 4.024300554993857e-27
173780082.87493762 2.3370401881928782e-27
201372424.98623893 1.3572716592304072e-27
233345806.22810042 7.882877472909262e-28
