107.64652136298349 4.647486184519895e-11
124.73835142429434 4.350207633313567e-11
144.5439770745928 3.996327391811367e-11
167.49428760264382 3.600516719888706e-11
194.08858775927794 3.179100113616457e-11
224.90546058357825 2.7492088270369312e-11
260.61535499988975 2.3278136415385588e-11
301.9951720402019 1.930509948851987e-11
349.9451670283576 1.5700773999676113e-11
405.50853544838435 1.2548570937411846e-11
469.89410860521605 9.879559626893417e-12
544.502652842422 7.676860251792552e-12
630.9573444801943 5.89226900585975e-12
731.1390834834186 4.464934694124723e-12
847.227414140598 3.336972326248576e-12
981.7479430199863 2.4586733563036853e-12
1137.6272858234333 1.7850513801480183e-12
1318.25673855641 1.2762114539673043e-12
1527.5660582380733 8.97972881589006e-13
1770.1089583174185 6.219884564433112e-13
2051.1621788255625 4.248115487160628e-13
2376.8402866248734 2.86949565851425e-13
2754.228703338163 1.9236682372833704e-13
3191.5378551007584 1.2826135691540963e-13
3698.2817978026587 8.475620938756085e-14
4285.485203974392 5.526775219900216e-14
4965.923214503357 3.55550345391729e-14
5754.399373371565 2.2590468406032065e-14
6668.067692136218 1.4199303922910133e-14
7726.805850957021 8.850090207236599e-15
8953.647655495937 5.48536983889979e-15
10375.284158180126 3.390302545129273e-15
12022.644346174131 2.0931938930427297e-15
13931.568029453034 1.2911639264123061e-15
16143.585568264869 7.949177103348277e-16
18706.821403658014 4.880882566243198e-16
21677.04104819696 2.987175250523213e-16
25118.86431509582 1.8198110563160627e-16
29107.17118066608 1.1020219522632077e-16
33728.73086588692 6.62890604958398e-17
39084.089579240244 3.963396201211669e-17
45289.75799036214 2.3606365334451775e-17
52480.746024977336 1.4039749508280834e-17
60813.50012787176 8.3442132166881e-18
70469.30689671452 4.9562782155508046e-18
81658.23713585905 2.9424483218520926e-18
94623.7161365791 1.746142493463729e-18
109647.81961431827 1.0358571056842902e-18
127057.41052085393 6.143256888560547e-19
147231.25024327164 3.642531021387382e-19
170608.23890031208 2.1594298638673015e-19
197696.96401118577 1.2800595138728748e-19
229086.765276777 7.58749800495855e-20
265460.55619755364 4.497427015475523e-20
307609.6814740705 2.665897224619541e-20
356451.1334262439 1.5803333778003182e-20
413047.50199016096 9.368862714416526e-21
478630.092322638 5.554675587565285e-21
554625.7129579104 3.2935081763281965e-21
642687.7173170194 1.9528877665947785e-21
744731.9739059889 1.157986944764356e-21
862978.5477669701 6.866419549667923e-22
1000000.0 4.0715121768154166e-22
1158777.3561551261 2.414250462569984e-22
1342764.9611378643 1.431570974700067e-22
1555965.631605075 8.488868988445567e-23
1803017.74085957 5.033786208134859e-23
2089296.1308540406 2.985030588086446e-23
2421029.04673618 1.770159616897353e-23
2805433.637951716 1.0497488493191796e-23
3250872.973854347 6.22539690516309e-24
3767037.989839093 3.691949260493095e-24
4365158.322401665 2.1895218774550625e-24
5058246.620031147 1.2985093637682327e-24
5861381.645140296 7.700867696567287e-25
6792036.326171856 4.566980671632682e-25
7870457.896951 2.7083776622006653e-25
9120108.393559115 1.6061087735041577e-25
10568175.092136607 9.524044155050598e-26
12246161.992650514 5.64733071140482e-26
14190575.216890955 3.3483832184592366e-26
16443717.232149357 1.9851442985018308e-26
19054607.179632522 1.1768174134310458e-26
22080047.330189057 6.975604620671858e-27
25585858.86905653 4.13434569121131e-27
29648313.895243514 2.450085155433137e-27
34355794.78998757 1.4517892694435726e-27
39810717.055349775 8.601491747251197e-28
46131757.4560379 5.095574849944609e-28
53456435.93969714 3.018317662498009e-28
61944107.507678114 1.787696910789658e-28
71779429.12713616 1.0587336654742445e-28
83176377.11026709 6.269768043384242e-29
96382902.36239704 3.712764147498793e-29
111686324.77805611 2.198538064880959e-29
129419584.14499864 1.3018774125024852e-29
149968483.5502374 7.709250260565022e-30
173780082.87493762 4.5652185447833626e-30
201372424.98623893 2.703409843671506e-30
233345806.22810042 1.6008267924601384e-30
