107.64652136298349 5.625843675518537e-12
124.73835142429434 5.245890207845156e-12
144.5439770745928 4.7936496097665195e-12
167.49428760264382 4.288492864925071e-12
194.08858775927794 3.7521547930557395e-12
224.90546058357825 3.207619475833378e-12
260.61535499988975 2.677793504774396e-12
301.9951720402019 2.1837251629562253e-12
349.9451670283576 1.7424070350258775e-12
405.50853544838435 1.364240650413575e-12
469.89410860521605 1.0518887672259748e-12
544.502652842422 8.011308338219956e-13
630.9573444801943 6.036170176621262e-13
731.1390834834186 4.4978156941044735e-13
847.227414140598 3.311264620979895e-13
981.7479430199863 2.40833038197666e-13
1137.6272858234333 1.7305849935102661e-13
1318.25673855641 1.2286136564040707e-13
1527.5660582380733 8.619421189211908e-14
1770.1089583174185 5.984887794137801e-14
2051.1621788255625 4.127652082998226e-14
2376.8402866248734 2.8426074847546286e-14
2754.228703338163 1.9656730550718947e-14
3191.5378551007584 1.3693204057065124e-14
3698.2817978026587 9.578380782831887e-15
4285.485203974392 6.703248371988555e-15
4965.923214503357 4.695777843801783e-15
5754.399373371565 3.296302855640906e-15
6668.067692136218 2.3202270014195824e-15
7726.805850957021 1.637929169855396e-15
8953.647655495937 1.1592198244165902e-15
10375.284158180126 8.21785117265472e-16
12022.644346174131 5.82798952470263e-16
13931.568029453034 4.129108769846047e-16
16143.585568264869 2.9195709335177547e-16
18706.821403658014 2.059191403416035e-16
21677.04104819696 1.4484772777159558e-16
25118.86431509582 1.0160140789285738e-16
29107.17118066608 7.106757417233765e-17
33728.73086588692 4.958620652863657e-17
39084.089579240244 3.4533011060942696e-17
45289.75799036214 2.40230597595723e-17
52480.746024977336 1.6702953859204533e-17
60813.50012787176 1.160928812798448e-17
70469.30689671452 8.066537215838218e-18
81658.23713585905 5.603449093268351e-18
94623.7161365791 3.89156671036233e-18
109647.81961431827 2.702121095818939e-18
127057.41052085393 1.8758724508009295e-18
147231.25024327164 1.3020357020532373e-18
170608.23890031208 9.035707665957368e-19
197696.96401118577 6.269240077604756e-19
229086.765276777 4.348799423370004e-19
265460.55619755364 3.0158361159898116e-19
307609.6814740705 2.0907652957555169e-19
356451.1334262439 1.44887118753757e-19
413047.50199016096 1.0035542503925411e-19
478630.092322638 6.946876813611061e-20
554625.7129579104 4.8052737813400034e-20
642687.7173170194 3.320927896474016e-20
744731.9739059889 2.2926459003771026e-20
862978.5477669701 1.580752491701265e-20
1000000.0 1.0882818969586991e-20
1158777.3561551261 7.479224946306167e-21
1342764.9611378643 5.1295570127754135e-21
1555965.631605075 3.509647072459499e-21
1803017.74085957 2.3946393145334925e-21
2089296.1308540406 1.6286292786323284e-21
2421029.04673618 1.1035739631349252e-21
2805433.637951716 7.4464439472868915e-22
3250872.973854347 5.00054320698941e-22
3767037.989839093 3.339976611776957e-22
4365158.322401665 2.217459642215477e-22
5058246.620031147 1.4624560690612597e-22
5861381.645140296 9.575663631197838e-23
6792036.326171856 6.221494588449015e-23
7870457.896951 4.009652797002738e-23
9120108.393559115 2.5630297787395398e-23
10568175.092136607 1.62528008299086e-23
12246161.992650514 1.0230725193653012e-23
14190575.216890955 6.399815862796983e-24
16443717.232149357 3.984464291611392e-24
19054607.179632522 2.4731981449498847e-24
22080047.330189057 1.5328677196408647e-24
25585858.86905653 9.495896851944688e-25
29648313.895243514 5.88168348086517e-25
34355794.78998757 3.64264284165842e-25
39810717.055349775 2.2557002883115706e-25
46131757.4560379 1.3966829087002843e-25
53456435.93969714 8.647065784080965e-26
61944107.507678114 5.35300948115901e-26
71779429.12713616 3.313523002713609e-26
83176377.11026709 2.0509209216071142e-26
96382902.36239704 1.2693402809430907e-26
111686324.77805611 7.855582322052507e-27
129419584.14499864 4.8612351452839584e-27
149968483.5502374 3.0079671801698077e-27
173780082.87493762 1.860964995171568e-27
201372424.98623893 1.1510885601829632e-27
233345806.22810042 7.117586886720191e-28
