107.64652136298349 9.63959514466263e-12
124.73835142429434 8.992838273279757e-12
144.5439770745928 8.223172548711604e-12
167.49428760264382 7.363416901917447e-12
194.08858775927794 6.450360721998986e-12
224.90546058357825 5.522876128006752e-12
260.61535499988975 4.6196803791350345e-12
301.9951720402019 3.776352322572063e-12
349.9451670283576 3.021664225761705e-12
405.50853544838435 2.3733575947456834e-12
469.89410860521605 1.836213495990475e-12
544.502652842422 1.4034481981225216e-12
630.9573444801943 1.0612757186071018e-12
731.1390834834186 7.937639765503514e-13
847.227414140598 5.866669598860154e-13
981.7479430199863 4.2847685683296686e-13
1137.6272858234333 3.0927665213145663e-13
1318.25673855641 2.2063614540009507e-13
1527.5660582380733 1.556157229263034e-13
1770.1089583174185 1.0868599351375172e-13
2051.1621788255625 7.543259290462029e-14
2376.8402866248734 5.228860760422441e-14
2754.228703338163 3.638998309502425e-14
3191.5378551007584 2.5502340459162583e-14
3698.2817978026587 1.7941861454748417e-14
4285.485203974392 1.2629163061279643e-14
4965.923214503357 8.898487313487879e-15
5754.399373371565 6.282385990497897e-15
6668.067692136218 4.446865599737883e-15
7726.805850957021 3.15614670395931e-15
8953.647655495937 2.2452602361641328e-15
10375.284158180126 1.5995650675543746e-15
12022.644346174131 1.1397987498047801e-15
13931.568029453034 8.113015095477534e-16
16143.585568264869 5.76283729161816e-16
18706.821403658014 4.0831067190952287e-16
21677.04104819696 2.8851613963875634e-16
25118.86431509582 2.0328868223551521e-16
29107.17118066608 1.4283331114951316e-16
33728.73086588692 1.0010206172331399e-16
39084.089579240244 7.001624617708776e-17
45289.75799036214 4.89105047972329e-17
52480.746024977336 3.4140798914587375e-17
60813.50012787176 2.3815984162095655e-17
70469.30689671452 1.6603109161408877e-17
81658.23713585905 1.1567339870677412e-17
94623.7161365791 8.05366517313416e-18
109647.81961431827 5.603491139911073e-18
127057.41052085393 3.895963134928053e-18
147231.25024327164 2.706735121763607e-18
170608.23890031208 1.879031662223444e-18
197696.96401118577 1.3033552273631344e-18
229086.765276777 9.032683063295572e-19
265460.55619755364 6.254389092264221e-19
307609.6814740705 4.3267548658412395e-19
356451.1334262439 2.990561164184522e-19
413047.50199016096 2.0652408282279868e-19
478630.092322638 1.4250943175680767e-19
554625.7129579104 9.826796877333579e-20
642687.7173170194 6.772182565100827e-20
744731.9739059889 4.665038660601576e-20
862978.5477669701 3.212593195707626e-20
1000000.0 2.2120136287671162e-20
1158777.3561551261 1.5229786719747938e-20
1342764.9611378643 1.0485671431668049e-20
1555965.631605075 7.219404516718328e-21
1803017.74085957 4.970600541609869e-21
2089296.1308540406 3.422293313354732e-21
2421029.04673618 2.356267001993478e-21
2805433.637951716 1.6222888537294952e-21
3250872.973854347 1.1169284735971947e-21
3767037.989839093 7.689757417123499e-22
4365158.322401665 5.294028200207942e-22
5058246.620031147 3.644534872190804e-22
5861381.645140296 2.508856429773909e-22
6792036.326171856 1.7269617944428908e-22
7870457.896951 1.1886611283153554e-22
9120108.393559115 8.180820295301949e-23
10568175.092136607 5.629814782842811e-23
12246161.992650514 3.8738672671164336e-23
14190575.216890955 2.6652848080707476e-23
16443717.232149357 1.8335197131393822e-23
19054607.179632522 1.2611457389133211e-23
22080047.330189057 8.673155336672507e-24
25585858.86905653 5.9636906053785694e-24
29648313.895243514 4.099892473537709e-24
34355794.78998757 2.818002506920149e-24
39810717.055349775 1.936477046360714e-24
46131757.4560379 1.3303737343020216e-24
53456435.93969714 9.137143439211817e-25
61944107.507678114 6.273409706550219e-25
71779429.12713616 4.305551666208176e-25
83176377.11026709 2.9536182656480495e-25
96382902.36239704 2.0250695148555083e-25
111686324.77805611 1.38750345462902e-25
129419584.14499864 9.498865280754925e-26
149968483.5502374 6.496379295238734e-26
173780082.87493762 4.4374307117775933e-26
201372424.98623893 3.026406809849008e-26
233345806.22810042 2.0601817204018397e-26
