107.64652136298349 6.399873140773045e-11
124.73835142429434 5.966557417010813e-11
144.5439770745928 5.450769411099782e-11
167.49428760264382 4.874639376766231e-11
194.08858775927794 4.263007072265267e-11
224.90546058357825 3.642148260444823e-11
260.61535499988975 3.03825630741397e-11
301.9951720402019 2.475398968085891e-11
349.9451670283576 1.972993793580497e-11
405.50853544838435 1.542893179422605e-11
469.89410860521605 1.1880694743229568e-11
544.502652842422 9.036063736273233e-12
630.9573444801943 6.798720708741079e-12
731.1390834834186 5.058681185470429e-12
847.227414140598 3.718476424077636e-12
981.7479430199863 2.700098556202986e-12
1137.6272858234333 1.936848235738215e-12
1318.25673855641 1.3724252442425783e-12
1527.5660582380733 9.60803965297469e-13
1770.1089583174185 6.655754446758332e-13
2051.1621788255625 4.57867050019403e-13
2376.8402866248734 3.1448164287355416e-13
2754.228703338163 2.1688848724021398e-13
3191.5378551007584 1.5070572430374225e-13
3698.2817978026587 1.0515664218891449e-13
4285.485203974392 7.340355641666219e-14
4965.923214503357 5.128511061883436e-14
5754.399373371565 3.590348361726987e-14
6668.067692136218 2.5202669296667982e-14
7726.805850957021 1.7741970477190072e-14
8953.647655495937 1.2521145114338548e-14
10375.284158180126 8.850679454141187e-15
12022.644346174131 6.257823551352561e-15
13931.568029453034 4.419388748163325e-15
16143.585568264869 3.113913784502381e-15
18706.821403658014 2.1878223477921496e-15
21677.04104819696 1.5323709267317352e-15
25118.86431509582 1.069675769140436e-15
29107.17118066608 7.441049025646164e-16
33728.73086588692 5.159233701440347e-16
39084.089579240244 3.56705862070309e-16
45289.75799036214 2.460824662294204e-16
52480.746024977336 1.69461447905873e-16
60813.50012787176 1.164819548094369e-16
70469.30689671452 7.990014047417162e-17
81658.23713585905 5.467868674670177e-17
94623.7161365791 3.731868599453017e-17
109647.81961431827 2.5392282659764366e-17
127057.41052085393 1.7216487627132133e-17
147231.25024327164 1.1625814155240914e-17
170608.23890031208 7.813988977289168e-18
197696.96401118577 5.223857565988816e-18
229086.765276777 3.470883921092584e-18
265460.55619755364 2.2900384608765996e-18
307609.6814740705 1.4989528314376916e-18
356451.1334262439 9.723779171460673e-19
413047.50199016096 6.244911644713717e-19
478630.092322638 3.9665000514934365e-19
554625.7129579104 2.4892137764478416e-19
642687.7173170194 1.542283504439403e-19
744731.9739059889 9.430869679535412e-20
862978.5477669701 5.692754254620727e-20
1000000.0 3.3957293156883075e-20
1158777.3561551261 2.005675259807185e-20
1342764.9611378643 1.1763879458956326e-20
1555965.631605075 6.873456269205882e-21
1803017.74085957 4.010736992724062e-21
2089296.1308540406 2.3399170526940305e-21
2421029.04673618 1.3651656064071932e-21
2805433.637951716 7.964893364975378e-22
3250872.973854347 4.647120292378154e-22
3767037.989839093 2.711413469615583e-22
4365158.322401665 1.5820255899171406e-22
5058246.620031147 9.230701591245229e-23
5861381.645140296 5.385872230650192e-23
6792036.326171856 3.142489152197607e-23
7870457.896951 1.8335113836709665e-23
9120108.393559115 1.0697460247932581e-23
10568175.092136607 6.241084108262739e-24
12246161.992650514 3.6409628700273356e-24
14190575.216890955 2.123948309206544e-24
16443717.232149357 1.2389044329636993e-24
19054607.179632522 7.225912134781972e-25
22080047.330189057 4.214091212551821e-25
25585858.86905653 2.4573533300069805e-25
29648313.895243514 1.4327835621269052e-25
34355794.78998757 8.352971726817436e-26
39810717.055349775 4.8690944700919427e-26
46131757.4560379 2.8379398102828206e-26
53456435.93969714 1.6538982054440855e-26
61944107.507678114 9.63761678263388e-27
71779429.12713616 5.615554201042058e-27
83176377.11026709 3.2717955497587894e-27
96382902.36239704 1.906164851098584e-27
111686324.77805611 1.1105211303073979e-27
129419584.14499864 6.469886067265238e-28
149968483.5502374 3.7694695441335876e-28
173780082.87493762 2.1962635773623842e-28
201372424.98623893 1.27970569886583e-28
233345806.22810042 7.456722427033367e-29
