107.64652136298349 2.516902487066549e-12
124.73835142429434 2.358276007692863e-12
144.5439770745928 2.1699175739878455e-12
167.49428760264382 1.9594816937212494e-12
194.08858775927794 1.7354720738381116e-12
224.90546058357825 1.5068020093766015e-12
260.61535499988975 1.282294737381978e-12
301.9951720402019 1.0700619406962694e-12
349.9451670283576 8.767719458271555e-13
405.50853544838435 7.068291782228761e-13
469.89410860521605 5.619675268967592e-13
544.502652842422 4.414635575963411e-13
630.9573444801943 3.4296697183331343e-13
731.1390834834186 2.6344163615532534e-13
847.227414140598 1.9995934097485692e-13
981.7479430199863 1.4997255315775898e-13
1137.6272858234333 1.1114995850212733e-13
1318.25673855641 8.140325990303111e-14
1527.5660582380733 5.892549964965052e-14
1770.1089583174185 4.220250076815421e-14
2051.1621788255625 2.9969361663248916e-14
2376.8402866248734 2.1165016677638047e-14
2754.228703338163 1.4908900569854033e-14
3191.5378551007584 1.0491104372342093e-14
3698.2817978026587 7.357446602494954e-15
4285.485203974392 5.129817080096884e-15
4965.923214503357 3.556776072486867e-15
5754.399373371565 2.4542737816654787e-15
6668.067692136218 1.6865410943086058e-15
7726.805850957021 1.1548156616875321e-15
8953.647655495937 7.881294105593914e-16
10375.284158180126 5.360737572571086e-16
12022.644346174131 3.632499093702968e-16
13931.568029453034 2.450622292635287e-16
16143.585568264869 1.6454396973427268e-16
18706.821403658014 1.0998073842609003e-16
21677.04104819696 7.320742706422357e-17
25118.86431509582 4.85309571612716e-17
29107.17118066608 3.203834248289441e-17
33728.73086588692 2.1066380021332942e-17
39084.089579240244 1.3807771547779369e-17
45289.75799036214 9.033067535474449e-18
52480.746024977336 5.904780672296893e-18
60813.50012787176 3.858116062196276e-18
70469.30689671452 2.5199038207613567e-18
81658.23713585905 1.6453521638278992e-18
94623.7161365791 1.074054532359487e-18
109647.81961431827 7.009876021511413e-19
127057.41052085393 4.57438596041547e-19
147231.25024327164 2.984788721822872e-19
170608.23890031208 1.947469211388986e-19
197696.96401118577 1.2706313928056015e-19
229086.765276777 8.290369017255631e-20
265460.55619755364 5.409335595984195e-20
307609.6814740705 3.529694137695315e-20
356451.1334262439 2.303334747555187e-20
413047.50199016096 1.503155871366951e-20
478630.092322638 9.810132464209824e-21
554625.7129579104 6.402713640066207e-21
642687.7173170194 4.178931101789812e-21
744731.9739059889 2.7275504693035357e-21
862978.5477669701 1.780261617365984e-21
1000000.0 1.1619788898895912e-21
1158777.3561551261 7.584333548562601e-22
1342764.9611378643 4.950426255066446e-22
1555965.631605075 3.2312790460091816e-22
1803017.74085957 2.109177356420782e-22
2089296.1308540406 1.3767593522754497e-22
2421029.04673618 8.986865775620476e-23
2805433.637951716 5.866270903856746e-23
3250872.973854347 3.82928341658543e-23
3767037.989839093 2.4996069045022332e-23
4365158.322401665 1.6316295232011553e-23
5058246.620031147 1.0650339809882755e-23
5861381.645140296 6.951738629657718e-24
6792036.326171856 4.537401507763674e-24
7870457.896951 2.961421998096686e-24
9120108.393559115 1.9327161059293292e-24
10568175.092136607 1.261263831214033e-24
12246161.992650514 8.230181059834811e-25
14190575.216890955 5.369998064543752e-25
16443717.232149357 3.5034523102882765e-25
19054607.179632522 2.2854518560654013e-25
22080047.330189057 1.4907290332089203e-25
25585858.86905653 9.722403373336507e-26
29648313.895243514 6.340082569664833e-26
34355794.78998757 4.13391081702142e-26
39810717.055349775 2.695075976768595e-26
46131757.4560379 1.7568047333777307e-26
53456435.93969714 1.1450302630021672e-26
61944107.507678114 7.461888357657963e-27
71779429.12713616 4.861991964101375e-27
83176377.11026709 3.167419656229183e-27
96382902.36239704 2.0630529166192686e-27
111686324.77805611 1.3434124712926924e-27
129419584.14499864 8.74529285151606e-28
149968483.5502374 5.690691009924327e-28
173780082.87493762 3.7010522428068296e-28
201372424.98623893 2.405353515656318e-28
233345806.22810042 1.5617984457528305e-28
