1.000000000000000000e+02 1.773755701202534261e-12
1.109752496412072134e+02 1.464211627359808566e-12
1.231550603292826196e+02 1.206251919560139330e-12
1.366716356462005990e+02 9.939347574928369577e-13
1.516716888470922413e+02 8.154991090635331774e-13
1.683180353330956791e+02 6.696963129619525596e-13
1.867913599020782840e+02 5.482491335192157369e-13
2.072921779595371845e+02 4.490920273498101096e-13
2.300430119772916839e+02 3.670863734402810117e-13
2.552908068239516410e+02 2.995602988244766975e-13
2.833096101839323637e+02 2.441747023832420904e-13
3.144035471591500368e+02 1.986190791348711691e-13
3.489101213406774491e+02 1.615583606831435855e-13
3.872038781812557318e+02 1.311678784172314119e-13
4.297004704320843871e+02 1.064888753074640818e-13
4.768611697714468960e+02 8.611358191219209200e-14
5.291978735958442712e+02 6.962421444346146107e-14
5.872786613189482523e+02 5.622868813394244767e-14
6.517339604882420190e+02 4.534536626136575346e-14
7.232633896483533817e+02 3.652445240159293585e-14
8.026433522257173081e+02 2.937155897782678182e-14
8.907354638610439679e+02 2.356894242291668885e-14
9.884959046625587007e+02 1.890950958726873000e-14
1.096985797892383971e+03 1.513349627600995353e-14
1.217382727739662187e+03 1.209304953662370100e-14
1.350993521198027793e+03 9.649760001575053134e-15
1.499268432786045423e+03 7.681687577304930114e-15
1.663816886076128640e+03 6.102185153269260421e-15
1.846424942895544291e+03 4.838528158918695431e-15
2.049074689815845886e+03 3.828860620718674714e-15
2.273965752357927613e+03 3.022899772021329374e-15
2.523539170434765765e+03 2.379858346965702027e-15
2.800503894183631019e+03 1.868570214583191014e-15
3.107866187782013640e+03 1.463653450410626752e-15
3.448962260405759935e+03 1.143179416941728538e-15
3.827494478516314757e+03 8.903829121824631258e-16
4.247571552536898707e+03 6.909999209569517828e-16
4.713753134116724141e+03 5.345511009534669665e-16
5.231099308056262998e+03 4.123321219624626842e-16
5.805225516094896193e+03 3.170934509582296486e-16
6.442363508721369726e+03 2.428495633713581759e-16
7.149428986597576113e+03 1.853466028956562337e-16
7.934096665797491369e+03 1.410449928496804774e-16
8.804883581643463913e+03 1.069873902947935516e-16
9.771241535346502133e+03 8.086419735148079261e-17
1.084365968689610963e+04 6.089905786275710612e-17
1.203377840777589154e+04 4.570750447977180964e-17
1.335451562929898682e+04 3.417666585172134602e-17
1.482020705798858762e+04 2.546535238125187371e-17
1.644676177994664249e+04 1.890348292356175893e-17
1.825183494319044257e+04 1.398116036727486685e-17
2.025501939230666540e+04 1.030081166158992085e-17
2.247805833548725059e+04 7.560750263741557025e-18
2.494508135230316839e+04 5.523352193612660859e-18
2.768286630392066581e+04 4.013824862229201065e-18
3.072112998861759115e+04 2.898340571799219610e-18
3.409285069746814406e+04 2.077660866614975342e-18
3.783462617131928710e+04 1.473930563896835502e-18
4.198707084443910571e+04 1.034742766587813801e-18
4.659525668664683326e+04 7.169420201492378924e-19
5.170920242896761192e+04 4.904050733428627508e-19
5.738441648302398244e+04 3.321016216736479837e-19
6.368249944718585903e+04 2.242628512316644553e-19
7.067181273927491566e+04 1.525679519822660858e-19
7.842822061337680498e+04 1.056349134209513122e-19
8.703591361485165544e+04 7.475195003147196873e-20
9.658832241158708348e+04 5.398089378211958862e-20
1.071891319205127511e+05 3.994633383958945019e-20
1.189534067370319535e+05 2.995685529769672717e-20
1.320088400831418112e+05 2.252129327352224434e-20
1.464971398307286145e+05 1.694700323704590661e-20
1.625755666443794908e+05 1.275275209202750688e-20
1.804186409392071655e+05 9.597877737440002847e-21
2.002200371815584658e+05 7.222105829213201682e-21
2.221946860939523904e+05 5.433043848808755826e-21
2.465811075822604180e+05 4.085567003314628210e-21
2.736439997074671555e+05 3.072077416506928274e-21
3.036771118035460822e+05 2.309469802191981741e-21
3.370064329271928291e+05 1.735546614696257141e-21
3.739937302478798083e+05 1.303752908333107405e-21
4.150404757850476308e+05 9.788069964398617725e-22
4.605922041145108524e+05 7.344401589410487187e-22
5.111433483440171112e+05 5.507122395335948155e-22
5.672426068491977639e+05 4.126164766293981629e-22
6.294988990221888525e+05 3.089178571553559707e-22
6.985879746785250027e+05 2.310771387961850919e-22
7.752597488629464060e+05 1.727067951219020191e-22
8.603464416684507160e+05 1.289555610728890481e-22
9.547716114208066138e+05 9.619344709515079202e-23
1.059560179277617019e+06 7.168345892210939160e-23
1.175849554052158026e+06 5.336224329059636801e-23
1.304901978014401859e+06 3.968006380689040174e-23
1.448118227674532915e+06 2.947330747763011469e-23
1.607052818261638284e+06 2.186537149988944878e-23
1.783430876931909472e+06 1.620254990695279104e-23
1.979166867853557458e+06 1.199090074173979176e-23
2.196385372416546568e+06 8.862571391553390458e-24
2.437444150122222025e+06 6.541215136819704118e-24
2.704959730463137385e+06 4.820877203414008987e-24
3.001835813575591892e+06 3.548087754418279980e-24
3.331294787934676744e+06 2.607624514173350630e-24
3.696912707195031922e+06 1.913305764578689273e-24
4.102658105827190448e+06 1.401248064061845034e-24
4.552935074866947718e+06 1.024460153946115342e-24
5.052631065335679799e+06 7.476837606308082354e-25
5.607169938205458224e+06 5.446376561411364101e-25
6.222570836730230600e+06 3.958442280402055858e-25
6.905513520162330940e+06 2.870438714423232905e-25
7.663410868007462472e+06 2.076608462918320033e-25
8.504489341802684590e+06 1.498501107665315843e-25
9.437878277775391936e+06 1.078276253595071602e-25
1.047370897959450819e+07 7.735497941385024284e-26
1.162322468679854274e+07 5.530098252563525204e-26
1.289890261253307760e+07 3.938798229404772131e-26
1.431458937523478456e+07 2.795291739737996531e-26
1.588565129428052530e+07 1.973603529898266223e-26
1.762914118095947802e+07 1.386787307974755695e-26
1.956398343517064676e+07 9.687858267262107938e-27
2.171117945694505423e+07 6.723907421804896545e-27
2.409403560239527002e+07 4.632597438708404393e-27
2.673841615839949250e+07 3.164600183861947998e-27
2.967302408188872784e+07 2.139859879984081455e-27
3.292971255097155273e+07 1.430114940616666110e-27
3.654383070957254618e+07 9.425159562077577181e-28
4.055460735840827972e+07 6.106922983223114504e-28
4.500557675700496882e+07 3.875229549233956658e-28
4.994505115855139494e+07 2.395702712171712097e-28
5.542664520663107187e+07 1.431888152562485370e-28
6.150985788580504060e+07 8.181842846076877312e-29
6.826071834272393584e+07 4.388385104133390306e-29
7.575250258771920204e+07 2.142795214125555262e-29
8.406652885618332028e+07 8.962077628512809494e-30
9.329304026284696162e+07 2.766563480311327891e-30
1.035321843295663744e+08 3.488474879737312400e-31
