1.000000000000000000e+02 1.036258596174824609e-14
1.109752496412072134e+02 8.852332730911034475e-15
1.231550603292826196e+02 7.575559191886495111e-15
1.366716356462005990e+02 6.493367582435969819e-15
1.516716888470922413e+02 5.577719069576813607e-15
1.683180353330956791e+02 4.799654803682021416e-15
1.867913599020782840e+02 4.137564011048080790e-15
2.072921779595371845e+02 3.572690252033801776e-15
2.300430119772916839e+02 3.089631643529150871e-15
2.552908068239516410e+02 2.675256051042026417e-15
2.833096101839323637e+02 2.319043611475089086e-15
3.144035471591500368e+02 2.011756164561714478e-15
3.489101213406774491e+02 1.746354235840474195e-15
3.872038781812557318e+02 1.516650943274282293e-15
4.297004704320843871e+02 1.317464309283952857e-15
4.768611697714468960e+02 1.144359321068728092e-15
5.291978735958442712e+02 9.939642979209264155e-16
5.872786613189482523e+02 8.632294096839836375e-16
6.517339604882420190e+02 7.493130202867665095e-16
7.232633896483533817e+02 6.501804014313765490e-16
8.026433522257173081e+02 5.637401567137478943e-16
8.907354638610439679e+02 4.885868042976212263e-16
9.884959046625587007e+02 4.230877814306881891e-16
1.096985797892383971e+03 3.661470016393602377e-16
1.217382727739662187e+03 3.166074937769158246e-16
1.350993521198027793e+03 2.735539781921445876e-16
1.499268432786045423e+03 2.361770424695897217e-16
1.663816886076128640e+03 2.037015891388066599e-16
1.846424942895544291e+03 1.755992707874082592e-16
2.049074689815845886e+03 1.512645470708209752e-16
2.273965752357927613e+03 1.301857811610997607e-16
2.523539170434765765e+03 1.119782795181921200e-16
2.800503894183631019e+03 9.625504116019928239e-17
3.107866187782013640e+03 8.269600080700034081e-17
3.448962260405759935e+03 7.100096921942412408e-17
3.827494478516314757e+03 6.093120495956416445e-17
4.247571552536898707e+03 5.222704386817566778e-17
4.713753134116724141e+03 4.475132686866440062e-17
5.231099308056262998e+03 3.831439998249908698e-17
5.805225516094896193e+03 3.276141627852277498e-17
6.442363508721369726e+03 2.800156439967587187e-17
7.149428986597576113e+03 2.391577917842254091e-17
7.934096665797491369e+03 2.040459352938880284e-17
8.804883581643463913e+03 1.739917469713316316e-17
9.771241535346502133e+03 1.482788828494879629e-17
1.084365968689610963e+04 1.262710518050565499e-17
1.203377840777589154e+04 1.074612596479685541e-17
1.335451562929898682e+04 9.142007540853281811e-18
1.482020705798858762e+04 7.772166129435649232e-18
1.644676177994664249e+04 6.602366611864683936e-18
1.825183494319044257e+04 5.607135355227291031e-18
2.025501939230666540e+04 4.759395717397940747e-18
2.247805833548725059e+04 4.036353181341124853e-18
2.494508135230316839e+04 3.421630409253831905e-18
2.768286630392066581e+04 2.898764592100937733e-18
3.072112998861759115e+04 2.453460354781239978e-18
3.409285069746814406e+04 2.075507350912098664e-18
3.783462617131928710e+04 1.753877365931264311e-18
4.198707084443910571e+04 1.480815160276051023e-18
4.659525668664683326e+04 1.249267280858167440e-18
5.170920242896761192e+04 1.052453303489939615e-18
5.738441648302398244e+04 8.858832111116756536e-19
6.368249944718585903e+04 7.446822492324717268e-19
7.067181273927491566e+04 6.250746906475745431e-19
7.842822061337680498e+04 5.240275274162379373e-19
8.703591361485165544e+04 4.386743557115703986e-19
9.658832241158708348e+04 3.666334064359132458e-19
1.071891319205127511e+05 3.058829690434907597e-19
1.189534067370319535e+05 2.548011476303753945e-19
1.320088400831418112e+05 2.118591920202332643e-19
1.464971398307286145e+05 1.758347900707080867e-19
1.625755666443794908e+05 1.456731331376231732e-19
1.804186409392071655e+05 1.203321429589084023e-19
2.002200371815584658e+05 9.944348673166241342e-20
2.221946860939523904e+05 8.186265930354763203e-20
2.465811075822604180e+05 6.738323995070737086e-20
2.736439997074671555e+05 5.525101135828703953e-20
3.036771118035460822e+05 4.529529547837649598e-20
3.370064329271928291e+05 3.702160353999622446e-20
3.739937302478798083e+05 3.019496749826542340e-20
4.150404757850476308e+05 2.458373138055663884e-20
4.605922041145108524e+05 1.995530778741244174e-20
5.111433483440171112e+05 1.615567534723310276e-20
5.672426068491977639e+05 1.303722682143711526e-20
6.294988990221888525e+05 1.048364943286302600e-20
6.985879746785250027e+05 8.394148591244486640e-21
7.752597488629464060e+05 6.688489376484147494e-21
8.603464416684507160e+05 5.295520965159826128e-21
9.547716114208066138e+05 4.170479950326372030e-21
1.059560179277617019e+06 3.257038953665258853e-21
1.175849554052158026e+06 2.520589755150164131e-21
1.304901978014401859e+06 1.928369755436749186e-21
1.448118227674532915e+06 1.457668927633431330e-21
1.607052818261638284e+06 1.085184243515013888e-21
1.783430876931909472e+06 7.947710210044063850e-22
1.979166867853557458e+06 5.697396508628131772e-22
2.196385372416546568e+06 3.994205308746633025e-22
2.437444150122222025e+06 2.728043044329706555e-22
2.704959730463137385e+06 1.809612533399314774e-22
3.001835813575591892e+06 1.167240474990999888e-22
3.331294787934676744e+06 7.310818309797477484e-23
3.696912707195031922e+06 4.490188071076438023e-23
4.102658105827190448e+06 2.731305704151077642e-23
4.552935074866947718e+06 1.671587101793306689e-23
5.052631065335679799e+06 1.038588099752177788e-23
5.607169938205458224e+06 6.533287199744775417e-24
6.222570836730230600e+06 4.137111180317252868e-24
6.905513520162330940e+06 2.666987378434076324e-24
7.663410868007462472e+06 1.778376633788083748e-24
8.504489341802684590e+06 1.215393065630210956e-24
9.437878277775391936e+06 8.384013783501902736e-25
1.047370897959450819e+07 5.786934845434971211e-25
1.162322468679854274e+07 3.977340117736818761e-25
1.289890261253307760e+07 2.715178003579003739e-25
1.431458937523478456e+07 1.836949008886456352e-25
1.588565129428052530e+07 1.228568698031207044e-25
1.762914118095947802e+07 8.099500815319003773e-26
1.956398343517064676e+07 5.243279888065807690e-26
2.171117945694505423e+07 3.313932542007884391e-26
2.409403560239527002e+07 2.028871816634769088e-26
2.673841615839949250e+07 1.186956874534454094e-26
2.967302408188872784e+07 6.492152125018143075e-27
3.292971255097155273e+07 3.188959287439990256e-27
3.654383070957254618e+07 1.293103694887981261e-27
4.055460735840827972e+07 3.448496613294915863e-28
4.500557675700496882e+07 2.491828441621382906e-29
