1.000000000000000000e+02 2.976117780113341500e-15
1.109752496412072134e+02 2.609854874840988427e-15
1.231550603292826196e+02 2.286118863450133625e-15
1.366716356462005990e+02 1.999661966498842699e-15
1.516716888470922413e+02 1.746041467009100142e-15
1.683180353330956791e+02 1.522199179452778346e-15
1.867913599020782840e+02 1.323730400535806990e-15
2.072921779595371845e+02 1.148849890819744752e-15
2.300430119772916839e+02 9.947324617925874493e-16
2.552908068239516410e+02 8.590433458753643759e-16
2.833096101839323637e+02 7.398540643298624043e-16
3.144035471591500368e+02 6.357910269888909408e-16
3.489101213406774491e+02 5.453133980140292203e-16
3.872038781812557318e+02 4.659563059699586749e-16
4.297004704320843871e+02 3.970220900179723309e-16
4.768611697714468960e+02 3.375489757810444469e-16
5.291978735958442712e+02 2.865799855221250114e-16
5.872786613189482523e+02 2.427122260587123210e-16
6.517339604882420190e+02 2.050879551192255470e-16
7.232633896483533817e+02 1.730800968766955347e-16
8.026433522257173081e+02 1.458780950678897035e-16
8.907354638610439679e+02 1.228660140822228198e-16
9.884959046625587007e+02 1.033749403152990529e-16
1.096985797892383971e+03 8.699146722030006395e-17
1.217382727739662187e+03 7.310955766251446724e-17
1.350993521198027793e+03 6.154366158905551494e-17
1.499268432786045423e+03 5.186166349029133216e-17
1.663816886076128640e+03 4.374660345290179782e-17
1.846424942895544291e+03 3.689810730487649494e-17
2.049074689815845886e+03 3.114008391690379094e-17
2.273965752357927613e+03 2.622622077925212275e-17
2.523539170434765765e+03 2.208338800818651536e-17
2.800503894183631019e+03 1.855014642336254904e-17
3.107866187782013640e+03 1.552316647703951862e-17
3.448962260405759935e+03 1.292194957851177629e-17
3.827494478516314757e+03 1.068198656549203845e-17
4.247571552536898707e+03 8.749006619571987026e-18
4.713753134116724141e+03 7.083376238193702808e-18
5.231099308056262998e+03 5.649517003700835438e-18
5.805225516094896193e+03 4.427084120607741473e-18
6.442363508721369726e+03 3.399730302085699104e-18
7.149428986597576113e+03 2.543794970679770053e-18
7.934096665797491369e+03 1.847788616177714236e-18
8.804883581643463913e+03 1.297379783519323472e-18
9.771241535346502133e+03 8.796041594824822309e-19
1.084365968689610963e+04 5.787752275065854907e-19
1.203377840777589154e+04 3.776031750316970011e-19
1.335451562929898682e+04 2.534809942001289675e-19
1.482020705798858762e+04 1.815700140140196295e-19
1.644676177994664249e+04 1.387148219829086389e-19
1.825183494319044257e+04 1.102480254393677639e-19
2.025501939230666540e+04 8.930943539918836464e-20
2.247805833548725059e+04 7.287884293075437324e-20
2.494508135230316839e+04 5.960684417007047604e-20
2.768286630392066581e+04 4.874900043079219060e-20
3.072112998861759115e+04 3.981808265655356656e-20
3.409285069746814406e+04 3.247944964412924544e-20
3.783462617131928710e+04 2.645204524833008939e-20
4.198707084443910571e+04 2.150794756433709520e-20
4.659525668664683326e+04 1.745971693888060719e-20
5.170920242896761192e+04 1.414292868763682846e-20
5.738441648302398244e+04 1.143467529034853788e-20
6.368249944718585903e+04 9.223652984663622260e-21
7.067181273927491566e+04 7.423042459186895284e-21
7.842822061337680498e+04 5.958334299039362192e-21
8.703591361485165544e+04 4.771492156466217873e-21
9.658832241158708348e+04 3.810752761351699992e-21
1.071891319205127511e+05 3.035548656041957029e-21
1.189534067370319535e+05 2.412378369081305669e-21
1.320088400831418112e+05 1.912550135532637530e-21
1.464971398307286145e+05 1.513273216001336236e-21
1.625755666443794908e+05 1.195260020416290350e-21
1.804186409392071655e+05 9.426749042185761403e-22
2.002200371815584658e+05 7.427831868736506234e-22
2.221946860939523904e+05 5.844553569198578031e-22
2.465811075822604180e+05 4.593858554566326488e-22
2.736439997074671555e+05 3.605468244907736931e-22
3.036771118035460822e+05 2.826306674843697171e-22
3.370064329271928291e+05 2.212398478812147040e-22
3.739937302478798083e+05 1.729438555724813768e-22
4.150404757850476308e+05 1.349880390474051974e-22
4.605922041145108524e+05 1.052129121751983067e-22
5.111433483440171112e+05 8.187364646352440675e-23
5.672426068491977639e+05 6.362248225383725277e-23
6.294988990221888525e+05 4.935758837890783444e-23
6.985879746785250027e+05 3.822789397811759678e-23
7.752597488629464060e+05 2.956005444981476024e-23
8.603464416684507160e+05 2.281991616748098392e-23
9.547716114208066138e+05 1.758552385854603079e-23
1.059560179277617019e+06 1.352543208345004090e-23
1.175849554052158026e+06 1.038647096915092681e-23
1.304901978014401859e+06 7.960126178226764558e-24
1.448118227674532915e+06 6.087281830797176172e-24
1.607052818261638284e+06 4.646015944513881935e-24
1.783430876931909472e+06 3.538060439365758393e-24
1.979166867853557458e+06 2.687373343040636428e-24
2.196385372416546568e+06 2.036788636154965720e-24
2.437444150122222025e+06 1.539285622557429743e-24
2.704959730463137385e+06 1.160284633673597054e-24
3.001835813575591892e+06 8.719842164241819559e-25
3.331294787934676744e+06 6.532050838356738085e-25
3.696912707195031922e+06 4.876298238590005881e-25
4.102658105827190448e+06 3.626898175374120212e-25
4.552935074866947718e+06 2.686709057561484765e-25
5.052631065335679799e+06 1.981105586642347746e-25
5.607169938205458224e+06 1.454304035615688569e-25
6.222570836730230600e+06 1.062327331719778483e-25
6.905513520162330940e+06 7.711836972746922896e-26
7.663410868007462472e+06 5.562642524180694258e-26
8.504489341802684590e+06 3.985862202283245139e-26
9.437878277775391936e+06 2.833403342008010732e-26
1.047370897959450819e+07 1.996439335570306958e-26
1.162322468679854274e+07 1.392979250817847732e-26
1.289890261253307760e+07 9.612178711394005657e-27
1.431458937523478456e+07 6.549077987228320946e-27
1.588565129428052530e+07 4.392927892241782960e-27
1.762914118095947802e+07 2.894641841473299992e-27
1.956398343517064676e+07 1.864820258996035152e-27
2.171117945694505423e+07 1.169159594673367240e-27
2.409403560239527002e+07 7.054651961786068133e-28
2.673841615839949250e+07 4.043843860832502162e-28
2.967302408188872784e+07 2.146944520586886065e-28
3.292971255097155273e+07 1.010872917315748187e-28
3.654383070957254618e+07 3.865886782105331600e-29
4.055460735840827972e+07 9.806546361726919995e-30
4.500557675700496882e+07 9.861795459238786459e-31
4.994505115855139494e+07 2.362606679094827285e-32
