1.000000000000000000e+02 1.401592052745477409e-14
1.109752496412072134e+02 1.216305413861064984e-14
1.231550603292826196e+02 1.054179955160851689e-14
1.366716356462005990e+02 9.126296518322650427e-15
1.516716888470922413e+02 7.892083206530181560e-15
1.683180353330956791e+02 6.816088810614645021e-15
1.867913599020782840e+02 5.880073699022027283e-15
2.072921779595371845e+02 5.064172986893163487e-15
2.300430119772916839e+02 4.356800419355285319e-15
2.552908068239516410e+02 3.743295635718790239e-15
2.833096101839323637e+02 3.211189626505402288e-15
3.144035471591500368e+02 2.751090649047492052e-15
3.489101213406774491e+02 2.353542218511895918e-15
3.872038781812557318e+02 2.009963913729300202e-15
4.297004704320843871e+02 1.714365552836249694e-15
4.768611697714468960e+02 1.460260693685869613e-15
5.291978735958442712e+02 1.241592321382270775e-15
5.872786613189482523e+02 1.054509005768996828e-15
6.517339604882420190e+02 8.943094127121468234e-16
7.232633896483533817e+02 7.573525358763065383e-16
8.026433522257173081e+02 6.406590858012872477e-16
8.907354638610439679e+02 5.412923916953027407e-16
9.884959046625587007e+02 4.567993466358936631e-16
1.096985797892383971e+03 3.851198213963104432e-16
1.217382727739662187e+03 3.243932994198703384e-16
1.350993521198027793e+03 2.729806310294592760e-16
1.499268432786045423e+03 2.296131950762570778e-16
1.663816886076128640e+03 1.929994486288824934e-16
1.846424942895544291e+03 1.621440549711637985e-16
2.049074689815845886e+03 1.361578399631219825e-16
2.273965752357927613e+03 1.142815684300338445e-16
2.523539170434765765e+03 9.588027802549972043e-17
2.800503894183631019e+03 8.041571428817692423e-17
3.107866187782013640e+03 6.741915947472601822e-17
3.448962260405759935e+03 5.649850230951288648e-17
3.827494478516314757e+03 4.732696611531058014e-17
4.247571552536898707e+03 3.962872185797213998e-17
4.713753134116724141e+03 3.316560490425684636e-17
5.231099308056262998e+03 2.774140652838209069e-17
5.805225516094896193e+03 2.319007084241191154e-17
6.442363508721369726e+03 1.937605871713728516e-17
7.149428986597576113e+03 1.618154016302010158e-17
7.934096665797491369e+03 1.350263384244698791e-17
8.804883581643463913e+03 1.126106539217935738e-17
9.771241535346502133e+03 9.387349108170370011e-18
1.084365968689610963e+04 7.819679125080396464e-18
1.203377840777589154e+04 6.509980278042312712e-18
1.335451562929898682e+04 5.417435997721571249e-18
1.482020705798858762e+04 4.505611067082186216e-18
1.644676177994664249e+04 3.745123183274422221e-18
1.825183494319044257e+04 3.111807112382354773e-18
2.025501939230666540e+04 2.584789114116692010e-18
2.247805833548725059e+04 2.145983155082424010e-18
2.494508135230316839e+04 1.781043278032590264e-18
2.768286630392066581e+04 1.477681879137972990e-18
3.072112998861759115e+04 1.225506774449537669e-18
3.409285069746814406e+04 1.015915610931595788e-18
3.783462617131928710e+04 8.420172719270711042e-19
4.198707084443910571e+04 6.975449233919079214e-19
4.659525668664683326e+04 5.775995656022068094e-19
5.170920242896761192e+04 4.780987029631336430e-19
5.738441648302398244e+04 3.955518750306189983e-19
6.368249944718585903e+04 3.270625060396825900e-19
7.067181273927491566e+04 2.703056729943911381e-19
7.842822061337680498e+04 2.232570111837980994e-19
8.703591361485165544e+04 1.842717695657768652e-19
9.658832241158708348e+04 1.519985167367981108e-19
1.071891319205127511e+05 1.252736055988603569e-19
1.189534067370319535e+05 1.031675758457982012e-19
1.320088400831418112e+05 8.488207123635275750e-20
1.464971398307286145e+05 6.978547325874733352e-20
1.625755666443794908e+05 5.731532101303604486e-20
1.804186409392071655e+05 4.702659623072959291e-20
2.002200371815584658e+05 3.854851863771730435e-20
2.221946860939523904e+05 3.156236266639961684e-20
2.465811075822604180e+05 2.581596380261457873e-20
2.736439997074671555e+05 2.109583405575132880e-20
3.036771118035460822e+05 1.722072544300532525e-20
3.370064329271928291e+05 1.404724156190988825e-20
3.739937302478798083e+05 1.144667099135665003e-20
4.150404757850476308e+05 9.321793661762683678e-21
4.605922041145108524e+05 7.583282874895910466e-21
5.111433483440171112e+05 6.162403518014270880e-21
5.672426068491977639e+05 5.003412189954065294e-21
6.294988990221888525e+05 4.057018728290323590e-21
6.985879746785250027e+05 3.285766920551807509e-21
7.752597488629464060e+05 2.657230503685946744e-21
8.603464416684507160e+05 2.145776279753242888e-21
9.547716114208066138e+05 1.729558324808361577e-21
1.059560179277617019e+06 1.391901630169436859e-21
1.175849554052158026e+06 1.118127904873871476e-21
1.304901978014401859e+06 8.959990280677547652e-22
1.448118227674532915e+06 7.163139600741156544e-22
1.607052818261638284e+06 5.711117893825621814e-22
1.783430876931909472e+06 4.540659279038248783e-22
1.979166867853557458e+06 3.598796660102449545e-22
2.196385372416546568e+06 2.842130641345749471e-22
2.437444150122222025e+06 2.235974043907694411e-22
2.704959730463137385e+06 1.751588775520821330e-22
3.001835813575591892e+06 1.365995597860672783e-22
3.331294787934676744e+06 1.059865793017861951e-22
3.696912707195031922e+06 8.169747521915087631e-23
4.102658105827190448e+06 6.256010465880756613e-23
4.552935074866947718e+06 4.755282841074862301e-23
5.052631065335679799e+06 3.588152197706526551e-23
5.607169938205458224e+06 2.683911185080357520e-23
6.222570836730230600e+06 1.986043805764487276e-23
6.905513520162330940e+06 1.453218939865346071e-23
7.663410868007462472e+06 1.050857349124480337e-23
8.504489341802684590e+06 7.496477489801400814e-24
9.437878277775391936e+06 5.269541034113761501e-24
1.047370897959450819e+07 3.646358558924792040e-24
1.162322468679854274e+07 2.485049452156633723e-24
1.289890261253307760e+07 1.666364479990210487e-24
1.431458937523478456e+07 1.100668293971614577e-24
1.588565129428052530e+07 7.174842250754715650e-25
1.762914118095947802e+07 4.619031925541017708e-25
1.956398343517064676e+07 2.939542794256729702e-25
2.171117945694505423e+07 1.836040043293993452e-25
2.409403560239527002e+07 1.110690211882854574e-25
2.673841615839949250e+07 6.322724907871615127e-26
2.967302408188872784e+07 3.225351266145255617e-26
3.292971255097155273e+07 1.354807017978082584e-26
3.654383070957254618e+07 3.863623604102395606e-27
4.055460735840827972e+07 4.088563924369537266e-28
4.500557675700496882e+07 1.698614943489647343e-29
