1.000000000000000000e+02 5.407412873327278760e-13
1.109752496412072134e+02 4.563260676590799252e-13
1.231550603292826196e+02 3.843471774559030333e-13
1.366716356462005990e+02 3.227142265397327033e-13
1.516716888470922413e+02 2.700470401920634958e-13
1.683180353330956791e+02 2.254052788274641736e-13
1.867913599020782840e+02 1.881580151107056983e-13
2.072921779595371845e+02 1.561449856701361616e-13
2.300430119772916839e+02 1.296379791533567133e-13
2.552908068239516410e+02 1.075159059148591742e-13
2.833096101839323637e+02 8.889399934675415429e-14
3.144035471591500368e+02 7.354473569705143751e-14
3.489101213406774491e+02 6.073555404582833223e-14
3.872038781812557318e+02 5.026134462608358123e-14
4.297004704320843871e+02 4.147081546180635942e-14
4.768611697714468960e+02 3.431460598562201131e-14
5.291978735958442712e+02 2.835761176662931508e-14
5.872786613189482523e+02 2.348163705702457130e-14
6.517339604882420190e+02 1.943017215267952182e-14
7.232633896483533817e+02 1.609723413646109889e-14
8.026433522257173081e+02 1.332735234984234958e-14
8.907354638610439679e+02 1.103304988365043146e-14
9.884959046625587007e+02 9.126513826688646865e-15
1.096985797892383971e+03 7.535111627582518387e-15
1.217382727739662187e+03 6.215367209256893391e-15
1.350993521198027793e+03 5.106317934879938615e-15
1.499268432786045423e+03 4.190994942827952539e-15
1.663816886076128640e+03 3.422084771814731631e-15
1.846424942895544291e+03 2.782670552531180725e-15
2.049074689815845886e+03 2.258990736222867245e-15
2.273965752357927613e+03 1.824341325475203239e-15
2.523539170434765765e+03 1.466749971479217563e-15
2.800503894183631019e+03 1.177003871064488204e-15
3.107866187782013640e+03 9.388065295612381264e-16
3.448962260405759935e+03 7.480060151534576324e-16
3.827494478516314757e+03 5.930560392045362698e-16
4.247571552536898707e+03 4.708213965163879459e-16
4.713753134116724141e+03 3.722396466005068496e-16
5.231099308056262998e+03 2.957338892676288474e-16
5.805225516094896193e+03 2.342895904143307821e-16
6.442363508721369726e+03 1.871666435032195634e-16
7.149428986597576113e+03 1.494915408010107271e-16
7.934096665797491369e+03 1.205044892975211545e-16
8.804883581643463913e+03 9.760497352649460619e-17
9.771241535346502133e+03 7.955972908008908815e-17
1.084365968689610963e+04 6.540857738215265767e-17
1.203377840777589154e+04 5.400958280727453255e-17
1.335451562929898682e+04 4.489183104534593628e-17
1.482020705798858762e+04 3.745056015090177067e-17
1.644676177994664249e+04 3.137243291520245280e-17
1.825183494319044257e+04 2.633999630510179013e-17
2.025501939230666540e+04 2.214219323281970934e-17
2.247805833548725059e+04 1.860962212927777480e-17
2.494508135230316839e+04 1.562571302181718998e-17
2.768286630392066581e+04 1.310746392812338507e-17
3.072112998861759115e+04 1.097385194974320491e-17
3.409285069746814406e+04 9.166715480095968600e-18
3.783462617131928710e+04 7.626854410107425245e-18
4.198707084443910571e+04 6.322503821609348029e-18
4.659525668664683326e+04 5.219122939546453963e-18
5.170920242896761192e+04 4.288292508103570893e-18
5.738441648302398244e+04 3.505749720753327581e-18
6.368249944718585903e+04 2.850139299666800899e-18
7.067181273927491566e+04 2.303244596235588954e-18
7.842822061337680498e+04 1.850284743614595658e-18
8.703591361485165544e+04 1.477324583580011672e-18
9.658832241158708348e+04 1.172859294281491454e-18
1.071891319205127511e+05 9.258892253227378667e-19
1.189534067370319535e+05 7.286903653248297692e-19
1.320088400831418112e+05 5.729710568394105383e-19
1.464971398307286145e+05 4.513051418952302209e-19
1.625755666443794908e+05 3.572052963113266276e-19
1.804186409392071655e+05 2.848693208656891313e-19
2.002200371815584658e+05 2.295451844109578246e-19
2.221946860939523904e+05 1.869554089413618436e-19
2.465811075822604180e+05 1.536244300891107747e-19
2.736439997074671555e+05 1.270363558152369699e-19
3.036771118035460822e+05 1.054380783809555641e-19
3.370064329271928291e+05 8.767094168454746567e-20
3.739937302478798083e+05 7.295230814742244078e-20
4.150404757850476308e+05 6.070714411063641117e-20
4.605922041145108524e+05 5.049792759351400742e-20
5.111433483440171112e+05 4.198321756844354315e-20
5.672426068491977639e+05 3.488225752882523241e-20
6.294988990221888525e+05 2.896077286713108513e-20
6.985879746785250027e+05 2.402807107966076626e-20
7.752597488629464060e+05 1.991704278894097545e-20
8.603464416684507160e+05 1.649749072412334023e-20
9.547716114208066138e+05 1.365259536826245161e-20
1.059560179277617019e+06 1.128705709146880986e-20
1.175849554052158026e+06 9.322009126964712377e-21
1.304901978014401859e+06 7.691380288438045970e-21
1.448118227674532915e+06 6.337284079299608894e-21
1.607052818261638284e+06 5.214795270105136041e-21
1.783430876931909472e+06 4.285103420290616365e-21
1.979166867853557458e+06 3.515689224808935598e-21
2.196385372416546568e+06 2.879780857070621128e-21
2.437444150122222025e+06 2.354633130030615689e-21
2.704959730463137385e+06 1.921589532124468515e-21
3.001835813575591892e+06 1.564928275299848922e-21
3.331294787934676744e+06 1.271563905290419389e-21
3.696912707195031922e+06 1.030672490315030231e-21
4.102658105827190448e+06 8.332565403091374594e-22
4.552935074866947718e+06 6.716497672594202409e-22
5.052631065335679799e+06 5.392178426871269036e-22
5.607169938205458224e+06 4.314826518754200198e-22
6.222570836730230600e+06 3.437505664612318157e-22
6.905513520162330940e+06 2.726856831595979732e-22
7.663410868007462472e+06 2.153696102614343820e-22
8.504489341802684590e+06 1.690197246716606716e-22
9.437878277775391936e+06 1.317779410102758528e-22
1.047370897959450819e+07 1.020867969014230086e-22
1.162322468679854274e+07 7.840853012068479842e-23
1.289890261253307760e+07 5.968131623169869558e-23
1.431458937523478456e+07 4.491307709079657038e-23
1.588565129428052530e+07 3.347422839518814071e-23
1.762914118095947802e+07 2.459548882444252875e-23
1.956398343517064676e+07 1.780551005951812068e-23
2.171117945694505423e+07 1.268168373272566134e-23
2.409403560239527002e+07 8.868054965375455531e-24
2.673841615839949250e+07 6.083402331726569851e-24
2.967302408188872784e+07 4.080115415171460953e-24
3.292971255097155273e+07 2.685806585889136728e-24
3.654383070957254618e+07 1.728219445859614392e-24
4.055460735840827972e+07 1.083215274631478999e-24
4.500557675700496882e+07 6.530567797243412666e-25
4.994505115855139494e+07 3.650158464847986119e-25
5.542664520663107187e+07 1.748696612816318533e-25
6.150985788580504060e+07 5.923985512400611439e-26
6.826071834272393584e+07 8.608238555131790776e-27
7.575250258771920204e+07 1.160641802919984271e-28
8.406652885618332028e+07 2.663750931633499553e-36
