1.000000000000000000e+02 1.159228500482222257e-13
1.109752496412072134e+02 1.019820164441568626e-13
1.231550603292826196e+02 8.970153096340979863e-14
1.366716356462005990e+02 7.887008348065561287e-14
1.516716888470922413e+02 6.933474261412914662e-14
1.683180353330956791e+02 6.092941347549865588e-14
1.867913599020782840e+02 5.353419460763361356e-14
2.072921779595371845e+02 4.701522175186522854e-14
2.300430119772916839e+02 4.128236808242267218e-14
2.552908068239516410e+02 3.623269081816625706e-14
2.833096101839323637e+02 3.179130776836495550e-14
3.144035471591500368e+02 2.788160089166356953e-14
3.489101213406774491e+02 2.444447320585364178e-14
3.872038781812557318e+02 2.142033408862026963e-14
4.297004704320843871e+02 1.876417525726355157e-14
4.768611697714468960e+02 1.642850901605216392e-14
5.291978735958442712e+02 1.437765965100809272e-14
5.872786613189482523e+02 1.257597425924965517e-14
6.517339604882420190e+02 1.099379424117147179e-14
7.232633896483533817e+02 9.606358837222058249e-15
8.026433522257173081e+02 8.387820118938222279e-15
8.907354638610439679e+02 7.320204130433539173e-15
9.884959046625587007e+02 6.383508755695580957e-15
1.096985797892383971e+03 5.563698780014849800e-15
1.217382727739662187e+03 4.845196484522372100e-15
1.350993521198027793e+03 4.216540743945059017e-15
1.499268432786045423e+03 3.666362212395074279e-15
1.663816886076128640e+03 3.185208867379773801e-15
1.846424942895544291e+03 2.765320527208783360e-15
2.049074689815845886e+03 2.397882045407488716e-15
2.273965752357927613e+03 2.077986807870760140e-15
2.523539170434765765e+03 1.798447139695198729e-15
2.800503894183631019e+03 1.555304680986557135e-15
3.107866187782013640e+03 1.343078731497744288e-15
3.448962260405759935e+03 1.158876734909369156e-15
3.827494478516314757e+03 9.985329869278322150e-16
4.247571552536898707e+03 8.594798267423397729e-16
4.713753134116724141e+03 7.387144279308717033e-16
5.231099308056262998e+03 6.341434213642252459e-16
5.805225516094896193e+03 5.435816302063439759e-16
6.442363508721369726e+03 4.653247293894894741e-16
7.149428986597576113e+03 3.977243285548307748e-16
7.934096665797491369e+03 3.394157552360057616e-16
8.804883581643463913e+03 2.892445637945787852e-16
9.771241535346502133e+03 2.460638712121698222e-16
1.084365968689610963e+04 2.090245133226856767e-16
1.203377840777589154e+04 1.772198276087790672e-16
1.335451562929898682e+04 1.500570507938009055e-16
1.482020705798858762e+04 1.267927493704680270e-16
1.644676177994664249e+04 1.069837647125084956e-16
1.825183494319044257e+04 9.007950033619119904e-17
2.025501939230666540e+04 7.574133095947631498e-17
2.247805833548725059e+04 6.355057391294973398e-17
2.494508135230316839e+04 5.323675902237021565e-17
2.768286630392066581e+04 4.451185749980780101e-17
3.072112998861759115e+04 3.715615227961208207e-17
3.409285069746814406e+04 3.095525986175065797e-17
3.783462617131928710e+04 2.574083190283065359e-17
4.198707084443910571e+04 2.136922853377125345e-17
4.659525668664683326e+04 1.770236706690680762e-17
5.170920242896761192e+04 1.464018341768760738e-17
5.738441648302398244e+04 1.208459809701764919e-17
6.368249944718585903e+04 9.954783732583318067e-18
7.067181273927491566e+04 8.185085998898735128e-18
7.842822061337680498e+04 6.716596595631858338e-18
8.703591361485165544e+04 5.499505934536543458e-18
9.658832241158708348e+04 4.493721066814566522e-18
1.071891319205127511e+05 3.664999844986168321e-18
1.189534067370319535e+05 2.981003090821080166e-18
1.320088400831418112e+05 2.419997884479330413e-18
1.464971398307286145e+05 1.958748219180103230e-18
1.625755666443794908e+05 1.582410855530863785e-18
1.804186409392071655e+05 1.274256593751458108e-18
2.002200371815584658e+05 1.023633404735842354e-18
2.221946860939523904e+05 8.195964014772941937e-19
2.465811075822604180e+05 6.544678975489363259e-19
2.736439997074671555e+05 5.208662645696150278e-19
3.036771118035460822e+05 4.130315003984424232e-19
3.370064329271928291e+05 3.265709079361630860e-19
3.739937302478798083e+05 2.570163346537065068e-19
4.150404757850476308e+05 2.016843312227909788e-19
4.605922041145108524e+05 1.575579492038280828e-19
5.111433483440171112e+05 1.225169097701770544e-19
5.672426068491977639e+05 9.485196530104356917e-20
6.294988990221888525e+05 7.310435820263288757e-20
6.985879746785250027e+05 5.611280980821812808e-20
7.752597488629464060e+05 4.278894023795452910e-20
8.603464416684507160e+05 3.251953418000983153e-20
9.547716114208066138e+05 2.454039153748358509e-20
1.059560179277617019e+06 1.843760824002307041e-20
1.175849554052158026e+06 1.377771991962207879e-20
1.304901978014401859e+06 1.022125102520339698e-20
1.448118227674532915e+06 7.556025016539622331e-21
1.607052818261638284e+06 5.536966584400094613e-21
1.783430876931909472e+06 4.038737917109393639e-21
1.979166867853557458e+06 2.927393670814670317e-21
2.196385372416546568e+06 2.104004616295097200e-21
2.437444150122222025e+06 1.504302008952707151e-21
2.704959730463137385e+06 1.064649878402532939e-21
3.001835813575591892e+06 7.471899244797320442e-22
3.331294787934676744e+06 5.185979666124623145e-22
3.696912707195031922e+06 3.555312624136003142e-22
4.102658105827190448e+06 2.401471611294022636e-22
4.552935074866947718e+06 1.593810737016590242e-22
5.052631065335679799e+06 1.036201736821901152e-22
5.607169938205458224e+06 6.576069270381190633e-23
6.222570836730230600e+06 4.060726802582338627e-23
6.905513520162330940e+06 2.431059211615684384e-23
7.663410868007462472e+06 1.408158700288212379e-23
8.504489341802684590e+06 7.903462254083544299e-24
9.437878277775391936e+06 4.324851792921741161e-24
1.047370897959450819e+07 2.344073317328367585e-24
1.162322468679854274e+07 1.286829414985277391e-24
1.289890261253307760e+07 7.338239336618633592e-25
1.431458937523478456e+07 4.442248617634328526e-25
1.588565129428052530e+07 2.868098535857462134e-25
1.762914118095947802e+07 1.947703101336208526e-25
1.956398343517064676e+07 1.360573678635481248e-25
2.171117945694505423e+07 9.584988975294897939e-26
2.409403560239527002e+07 6.716328656058753996e-26
2.673841615839949250e+07 4.636347924468117377e-26
2.967302408188872784e+07 3.132086466355014584e-26
3.292971255097155273e+07 2.058261484757190060e-26
3.654383070957254618e+07 1.310454739848512967e-26
4.055460735840827972e+07 8.038018364730075396e-27
4.500557675700496882e+07 4.728412234979327396e-27
4.994505115855139494e+07 2.657231648705053798e-27
5.542664520663107187e+07 1.424487263174227049e-27
6.150985788580504060e+07 7.267377793732661308e-28
6.826071834272393584e+07 3.449324510863279924e-28
7.575250258771920204e+07 1.380399744257704332e-28
8.406652885618332028e+07 3.364187013128883404e-29
9.329304026284696162e+07 8.199962235873728171e-31
1.035321843295663744e+08 2.354377209160935919e-36
1.148951000187308788e+08 6.061859677276976417e-47
1.275051240713012964e+08 3.299168089831273608e-53
1.414991297434575856e+08 1.075924349464357344e-56
1.570290124729377627e+08 9.033430479874810851e-61
1.742633386009651124e+08 1.636771281717936142e-65
1.933891750455232263e+08 4.256282076483755647e-71
2.146141197858406007e+08 8.787818117459924720e-78
2.381685551976160705e+08 5.732272799410209291e-86
2.643081486974108517e+08 2.389566055039641550e-96
2.933166278390048146e+08 2.282383389052352012e-110
