1.000000000000000000e+02 7.057365893470712952e-16
1.109752496412072134e+02 5.935505193544713308e-16
1.231550603292826196e+02 4.997752271747818161e-16
1.366716356462005990e+02 4.211841944130647640e-16
1.516716888470922413e+02 3.553830928707211923e-16
1.683180353330956791e+02 3.001338495075590574e-16
1.867913599020782840e+02 2.536124015619337997e-16
2.072921779595371845e+02 2.143764831498517926e-16
2.300430119772916839e+02 1.812194061572138083e-16
2.552908068239516410e+02 1.531682893273080772e-16
2.833096101839323637e+02 1.293803223432179234e-16
3.144035471591500368e+02 1.091865765955284158e-16
3.489101213406774491e+02 9.204953328002033554e-17
3.872038781812557318e+02 7.750783457314408209e-17
4.297004704320843871e+02 6.515290018731378107e-17
4.768611697714468960e+02 5.466116942379010033e-17
5.291978735958442712e+02 4.576356611340588271e-17
5.872786613189482523e+02 3.822108075472734191e-17
6.517339604882420190e+02 3.184833504628789899e-17
7.232633896483533817e+02 2.642936997019919363e-17
8.026433522257173081e+02 2.186304525098874602e-17
8.907354638610439679e+02 1.801238153216211212e-17
9.884959046625587007e+02 1.477159120071313321e-17
1.096985797892383971e+03 1.205394657028387192e-17
1.217382727739662187e+03 9.786091844038655254e-18
1.350993521198027793e+03 7.902492866733845841e-18
1.499268432786045423e+03 6.348533653141644160e-18
1.663816886076128640e+03 5.076046840372849480e-18
1.846424942895544291e+03 4.044304483143843049e-18
2.049074689815845886e+03 3.217411323569910866e-18
2.273965752357927613e+03 2.563297271694194377e-18
2.523539170434765765e+03 2.052686021121320256e-18
2.800503894183631019e+03 1.657692077028769621e-18
3.107866187782013640e+03 1.352656213547091857e-18
3.448962260405759935e+03 1.115104671266745822e-18
3.827494478516314757e+03 9.267791562250481984e-19
4.247571552536898707e+03 7.741285513843400058e-19
4.713753134116724141e+03 6.481486100273616551e-19
5.231099308056262998e+03 5.432308511593967943e-19
5.805225516094896193e+03 4.553728491566031564e-19
6.442363508721369726e+03 3.816686430112160133e-19
7.149428986597576113e+03 3.197533517846011653e-19
7.934096665797491369e+03 2.677777412255624187e-19
8.804883581643463913e+03 2.241457165970549132e-19
9.771241535346502133e+03 1.875174238354313005e-19
1.084365968689610963e+04 1.567902316826871905e-19
1.203377840777589154e+04 1.310207132666360209e-19
1.335451562929898682e+04 1.094078395223523668e-19
1.482020705798858762e+04 9.128927785950581998e-20
1.644676177994664249e+04 7.612500698355256781e-20
1.825183494319044257e+04 6.341698542012936880e-20
2.025501939230666540e+04 5.278294605565761638e-20
2.247805833548725059e+04 4.389720078916403376e-20
2.494508135230316839e+04 3.646121220136800971e-20
2.768286630392066581e+04 3.025691544430427588e-20
3.072112998861759115e+04 2.508163308899801803e-20
3.409285069746814406e+04 2.076484467171833213e-20
3.783462617131928710e+04 1.716682232313573013e-20
4.198707084443910571e+04 1.417452491705363639e-20
4.659525668664683326e+04 1.168793447112040904e-20
5.170920242896761192e+04 9.621719873622844775e-21
5.738441648302398244e+04 7.908982173643655732e-21
6.368249944718585903e+04 6.491526333672107877e-21
7.067181273927491566e+04 5.318544680653119903e-21
7.842822061337680498e+04 4.350225893133871022e-21
8.703591361485165544e+04 3.552298343054249053e-21
9.658832241158708348e+04 2.895270751494186316e-21
1.071891319205127511e+05 2.355305169463221836e-21
1.189534067370319535e+05 1.912596672775093420e-21
1.320088400831418112e+05 1.549522035946897927e-21
1.464971398307286145e+05 1.252882477671706844e-21
1.625755666443794908e+05 1.010984327201035857e-21
1.804186409392071655e+05 8.135141662449572416e-22
2.002200371815584658e+05 6.532674773137479043e-22
2.221946860939523904e+05 5.230973018526452076e-22
2.465811075822604180e+05 4.178312902466328025e-22
2.736439997074671555e+05 3.327693024158698072e-22
3.036771118035460822e+05 2.643248576842647195e-22
3.370064329271928291e+05 2.091822274190375675e-22
3.739937302478798083e+05 1.652359090016912597e-22
4.150404757850476308e+05 1.299194853903461714e-22
4.605922041145108524e+05 1.019043263864151757e-22
5.111433483440171112e+05 7.970097373025091672e-23
5.672426068491977639e+05 6.200262130125192914e-23
6.294988990221888525e+05 4.813225736267796745e-23
6.985879746785250027e+05 3.712824321086143132e-23
7.752597488629464060e+05 2.854314016686451026e-23
8.603464416684507160e+05 2.180426025258501366e-23
9.547716114208066138e+05 1.653453512252954251e-23
1.059560179277617019e+06 1.247737462049224816e-23
1.175849554052158026e+06 9.311214252209536046e-24
1.304901978014401859e+06 6.876334075655141243e-24
1.448118227674532915e+06 5.018533949376633451e-24
1.607052818261638284e+06 3.609347392349042290e-24
1.783430876931909472e+06 2.551079394609179843e-24
1.979166867853557458e+06 1.767130250308426304e-24
2.196385372416546568e+06 1.195872952582196584e-24
2.437444150122222025e+06 7.876549860684045185e-25
2.704959730463137385e+06 5.028717819479910144e-25
3.001835813575591892e+06 3.095597850868351151e-25
3.331294787934676744e+06 1.835633572056402494e-25
3.696912707195031922e+06 1.044369836631625074e-25
4.102658105827190448e+06 5.707866660690982362e-26
4.552935074866947718e+06 3.011224781240736081e-26
5.052631065335679799e+06 1.543395787347000317e-26
5.607169938205458224e+06 7.675343441653530575e-27
6.222570836730230600e+06 3.619963562589223731e-27
6.905513520162330940e+06 1.536753277049869961e-27
7.663410868007462472e+06 5.462521807951014262e-28
8.504489341802684590e+06 1.562418872791692501e-28
9.437878277775391936e+06 3.624510818349716956e-29
1.047370897959450819e+07 6.718140357146301437e-30
1.162322468679854274e+07 9.746576769700132977e-31
1.289890261253307760e+07 1.088058353584877275e-31
1.431458937523478456e+07 9.151377209355450469e-33
1.588565129428052530e+07 5.649750985333861902e-34
1.762914118095947802e+07 2.478787809084672513e-35
1.956398343517064676e+07 7.401247709860572534e-37
2.171117945694505423e+07 1.410526701038518027e-38
2.409403560239527002e+07 1.575122883126219543e-40
2.673841615839949250e+07 9.108774629721812541e-43
2.967302408188872784e+07 2.001562273130839720e-45
