1.000000000000000000e+02 6.401178732788500876e-16
1.109752496412072134e+02 4.964118065293624525e-16
1.231550603292826196e+02 3.845479254438034184e-16
1.366716356462005990e+02 2.986490948712077550e-16
1.516716888470922413e+02 2.329673207482587338e-16
1.683180353330956791e+02 1.829572718862180873e-16
1.867913599020782840e+02 1.448543156803422548e-16
2.072921779595371845e+02 1.159301784239283481e-16
2.300430119772916839e+02 9.377264175831590875e-17
2.552908068239516410e+02 7.675669371881238912e-17
2.833096101839323637e+02 6.353324589348099572e-17
3.144035471591500368e+02 5.316768779829297881e-17
3.489101213406774491e+02 4.485883802953263541e-17
3.872038781812557318e+02 3.817104700447369634e-17
4.297004704320843871e+02 3.264950716264757247e-17
4.768611697714468960e+02 2.803931995302326010e-17
5.291978735958442712e+02 2.413790947241144106e-17
5.872786613189482523e+02 2.082362402061837554e-17
6.517339604882420190e+02 1.793448034954260321e-17
7.232633896483533817e+02 1.543937134384503515e-17
8.026433522257173081e+02 1.327486854619196072e-17
8.907354638610439679e+02 1.137936889396182808e-17
9.884959046625587007e+02 9.728858114348376860e-18
1.096985797892383971e+03 8.284144551328345221e-18
1.217382727739662187e+03 7.020748743225415483e-18
1.350993521198027793e+03 5.924884728698738040e-18
1.499268432786045423e+03 4.976130171251055250e-18
1.663816886076128640e+03 4.157404557602712703e-18
1.846424942895544291e+03 3.452809835098238119e-18
2.049074689815845886e+03 2.852348017771790404e-18
2.273965752357927613e+03 2.340814894075349403e-18
2.523539170434765765e+03 1.906559709939433357e-18
2.800503894183631019e+03 1.545356820405289022e-18
3.107866187782013640e+03 1.240842654757535642e-18
3.448962260405759935e+03 9.908800948863214917e-19
3.827494478516314757e+03 7.841530375613584169e-19
4.247571552536898707e+03 6.180355746552918873e-19
4.713753134116724141e+03 4.820851448038199871e-19
5.231099308056262998e+03 3.737658189808470622e-19
5.805225516094896193e+03 2.884041977653881894e-19
6.442363508721369726e+03 2.214921409132211896e-19
7.149428986597576113e+03 1.693819726598164471e-19
7.934096665797491369e+03 1.287420343269358104e-19
8.804883581643463913e+03 9.758815331727868811e-20
9.771241535346502133e+03 7.385301169258734944e-20
1.084365968689610963e+04 5.578038400337478538e-20
1.203377840777589154e+04 4.202855383366719490e-20
1.335451562929898682e+04 3.158434548603451727e-20
1.482020705798858762e+04 2.364033821235742127e-20
1.644676177994664249e+04 1.761573653449081682e-20
1.825183494319044257e+04 1.306376479495568528e-20
2.025501939230666540e+04 9.656217741421491369e-21
2.247805833548725059e+04 7.146781322434940064e-21
2.494508135230316839e+04 5.331067599679976964e-21
2.768286630392066581e+04 4.036079113593556566e-21
3.072112998861759115e+04 3.116871213802602623e-21
3.409285069746814406e+04 2.457253457012098408e-21
3.783462617131928710e+04 1.972486354776978385e-21
4.198707084443910571e+04 1.605056451388744799e-21
4.659525668664683326e+04 1.317763734421175299e-21
5.170920242896761192e+04 1.087787074040337534e-21
5.738441648302398244e+04 9.005624181270508928e-22
6.368249944718585903e+04 7.464980866902927760e-22
7.067181273927491566e+04 6.189700900849336998e-22
7.842822061337680498e+04 5.131364561188784627e-22
8.703591361485165544e+04 4.251705981283927321e-22
9.658832241158708348e+04 3.520249384602751883e-22
1.071891319205127511e+05 2.912090213257582303e-22
1.189534067370319535e+05 2.406772884769608889e-22
1.320088400831418112e+05 1.987278413818210466e-22
1.464971398307286145e+05 1.639329935577021843e-22
1.625755666443794908e+05 1.351033800750873724e-22
1.804186409392071655e+05 1.112482252036599934e-22
2.002200371815584658e+05 9.152510396035140825e-23
2.221946860939523904e+05 7.524144528026799659e-23
2.465811075822604180e+05 6.180945387589593908e-23
2.736439997074671555e+05 5.073592541495800228e-23
3.036771118035460822e+05 4.161375730240982952e-23
3.370064329271928291e+05 3.410480509291147106e-23
3.739937302478798083e+05 2.792643428055302908e-23
4.150404757850476308e+05 2.284875962838773848e-23
4.605922041145108524e+05 1.867532323556149399e-23
5.111433483440171112e+05 1.524849956643646424e-23
5.672426068491977639e+05 1.243452956493845305e-23
6.294988990221888525e+05 1.012561368379059464e-23
6.985879746785250027e+05 8.234944918132745616e-24
7.752597488629464060e+05 6.687317061657439811e-24
8.603464416684507160e+05 5.421982891893345736e-24
9.547716114208066138e+05 4.387901305057862341e-24
1.059560179277617019e+06 3.543752296315068837e-24
1.175849554052158026e+06 2.855865605792144963e-24
1.304901978014401859e+06 2.296299281523529765e-24
1.448118227674532915e+06 1.841463807430261537e-24
1.607052818261638284e+06 1.472319524125958733e-24
1.783430876931909472e+06 1.173372800709176275e-24
1.979166867853557458e+06 9.320375383390099960e-25
2.196385372416546568e+06 7.372170847507448035e-25
2.437444150122222025e+06 5.807763371776880474e-25
2.704959730463137385e+06 4.559626871909477994e-25
3.001835813575591892e+06 3.560531592067320075e-25
3.331294787934676744e+06 2.766076724047745842e-25
3.696912707195031922e+06 2.136846045662451874e-25
4.102658105827190448e+06 1.643201554977275063e-25
4.552935074866947718e+06 1.255889491895474183e-25
5.052631065335679799e+06 9.545651777926173616e-26
5.607169938205458224e+06 7.213102843953845488e-26
6.222570836730230600e+06 5.420305889521695447e-26
6.905513520162330940e+06 4.048731549711125046e-26
7.663410868007462472e+06 3.004169205614547478e-26
8.504489341802684590e+06 2.212161038446650323e-26
9.437878277775391936e+06 1.611892601706214019e-26
1.047370897959450819e+07 1.158173656481781137e-26
1.162322468679854274e+07 8.152679547347880315e-27
1.289890261253307760e+07 5.572474611065116211e-27
1.431458937523478456e+07 3.647559302889562239e-27
1.588565129428052530e+07 2.249139548779989361e-27
1.762914118095947802e+07 1.267872395516665979e-27
1.956398343517064676e+07 6.223964990153363580e-28
2.171117945694505423e+07 2.441453577882762653e-28
2.409403560239527002e+07 6.542112783868442393e-29
2.673841615839949250e+07 9.070760760448874359e-30
2.967302408188872784e+07 6.426524309433185556e-31
3.292971255097155273e+07 6.949804010666776675e-33
