1.000000000000000000e+02 3.720759838743850427e-17
1.109752496412072134e+02 3.091714728269282623e-17
1.231550603292826196e+02 2.560184835949239791e-17
1.366716356462005990e+02 2.099877166621888489e-17
1.516716888470922413e+02 1.716160607958953238e-17
1.683180353330956791e+02 1.392133774468385528e-17
1.867913599020782840e+02 1.116624900297719255e-17
2.072921779595371845e+02 8.918243681624096555e-18
2.300430119772916839e+02 7.073090188908699709e-18
2.552908068239516410e+02 5.553716257111044228e-18
2.833096101839323637e+02 4.298256966660342944e-18
3.144035471591500368e+02 3.317275027007661060e-18
3.489101213406774491e+02 2.545168142763896601e-18
3.872038781812557318e+02 1.916802776660614599e-18
4.297004704320843871e+02 1.441257444876241261e-18
4.768611697714468960e+02 1.075327525461212782e-18
5.291978735958442712e+02 7.954167478327603061e-19
5.872786613189482523e+02 5.856611267978720697e-19
6.517339604882420190e+02 4.308531970777289977e-19
7.232633896483533817e+02 3.166902347883428380e-19
8.026433522257173081e+02 2.334541636183538321e-19
8.907354638610439679e+02 1.732995267727722532e-19
9.884959046625587007e+02 1.299996830312430738e-19
1.096985797892383971e+03 9.859591508271616055e-20
1.217382727739662187e+03 7.582982831884869240e-20
1.350993521198027793e+03 5.909144375333979619e-20
1.499268432786045423e+03 4.656370091790353245e-20
1.663816886076128640e+03 3.700681051733703142e-20
1.846424942895544291e+03 2.955991814466484137e-20
2.049074689815845886e+03 2.365516517433462073e-20
2.273965752357927613e+03 1.887754380577688948e-20
2.523539170434765765e+03 1.499947522648035246e-20
2.800503894183631019e+03 1.181912666939645961e-20
3.107866187782013640e+03 9.217303449615717894e-21
3.448962260405759935e+03 7.097612926243113736e-21
3.827494478516314757e+03 5.394063607530124924e-21
4.247571552536898707e+03 4.029944004170834503e-21
4.713753134116724141e+03 2.972995256802144641e-21
5.231099308056262998e+03 2.173103228811353602e-21
5.805225516094896193e+03 1.586909030939009574e-21
6.442363508721369726e+03 1.170659746032682740e-21
7.149428986597576113e+03 8.825668455999962023e-22
7.934096665797491369e+03 6.844817033045838170e-22
8.804883581643463913e+03 5.450070772849302795e-22
9.771241535346502133e+03 4.419437931059704523e-22
1.084365968689610963e+04 3.619003727532772438e-22
1.203377840777589154e+04 2.977246498521130373e-22
1.335451562929898682e+04 2.453239153635540266e-22
1.482020705798858762e+04 2.021626663233536842e-22
1.644676177994664249e+04 1.664792534089806939e-22
1.825183494319044257e+04 1.369337982812015073e-22
2.025501939230666540e+04 1.125036515427076701e-22
2.247805833548725059e+04 9.227187431762904177e-23
2.494508135230316839e+04 7.555166935342722318e-23
2.768286630392066581e+04 6.171704982628452443e-23
3.072112998861759115e+04 5.028585467574963982e-23
3.409285069746814406e+04 4.086005490066422608e-23
3.783462617131928710e+04 3.308700145079589497e-23
4.198707084443910571e+04 2.669951183786715704e-23
4.659525668664683326e+04 2.145692480944219024e-23
5.170920242896761192e+04 1.716428663087482542e-23
5.738441648302398244e+04 1.366153583063006322e-23
6.368249944718585903e+04 1.081226967900663849e-23
7.067181273927491566e+04 8.504846483152936135e-24
7.842822061337680498e+04 6.643322763945903507e-24
8.703591361485165544e+04 5.151685878330245514e-24
9.658832241158708348e+04 3.963699166339347512e-24
1.071891319205127511e+05 3.023260122224798429e-24
1.189534067370319535e+05 2.285616301678645567e-24
1.320088400831418112e+05 1.713440396444556971e-24
1.464971398307286145e+05 1.272833203557267592e-24
1.625755666443794908e+05 9.373784365804973286e-25
1.804186409392071655e+05 6.855514173472945439e-25
2.002200371815584658e+05 4.981727210279889981e-25
2.221946860939523904e+05 3.602045555634509928e-25
2.465811075822604180e+05 2.599438849459264402e-25
2.736439997074671555e+05 1.876748981378249534e-25
3.036771118035460822e+05 1.359684999678215183e-25
3.370064329271928291e+05 9.898273216655540677e-26
3.739937302478798083e+05 7.240320204861214008e-26
4.150404757850476308e+05 5.312191370568326366e-26
4.605922041145108524e+05 3.894199348569560017e-26
5.111433483440171112e+05 2.836576269031474676e-26
5.672426068491977639e+05 2.039510564808175828e-26
6.294988990221888525e+05 1.437838290228216549e-26
6.985879746785250027e+05 9.855468688123222968e-27
7.752597488629464060e+05 6.493130290593419963e-27
8.603464416684507160e+05 4.034126062200475860e-27
9.547716114208066138e+05 2.285351825581856300e-27
1.059560179277617019e+06 1.095568765576741866e-27
1.175849554052158026e+06 3.590256876418332441e-28
1.304901978014401859e+06 2.266749793197155848e-29
