1.000000000000000000e+02 1.405277499661036306e-12
1.109752496412072134e+02 1.260150506632921946e-12
1.231550603292826196e+02 1.130341969639368129e-12
1.366716356462005990e+02 1.013701856945215693e-12
1.516716888470922413e+02 9.089145599673880594e-13
1.683180353330956791e+02 8.150756758579241491e-13
1.867913599020782840e+02 7.307065311265220288e-13
2.072921779595371845e+02 6.551414310161397149e-13
2.300430119772916839e+02 5.872066226031143723e-13
2.552908068239516410e+02 5.263266189413525705e-13
2.833096101839323637e+02 4.716236764084005692e-13
3.144035471591500368e+02 4.225924091069926708e-13
3.489101213406774491e+02 3.785805490595726392e-13
3.872038781812557318e+02 3.391698351376963333e-13
4.297004704320843871e+02 3.037171314254522097e-13
4.768611697714468960e+02 2.719361278549632306e-13
5.291978735958442712e+02 2.434637876727238037e-13
5.872786613189482523e+02 2.178784544116781980e-13
6.517339604882420190e+02 1.949348313805438534e-13
7.232633896483533817e+02 1.743707695304084388e-13
8.026433522257173081e+02 1.559594998313808811e-13
8.907354638610439679e+02 1.394137671092073978e-13
9.884959046625587007e+02 1.246269235307702295e-13
1.096985797892383971e+03 1.113950826500898078e-13
1.217382727739662187e+03 9.945177308298609518e-14
1.350993521198027793e+03 8.887357463757701472e-14
1.499268432786045423e+03 7.926053326375939863e-14
1.663816886076128640e+03 7.080930498701842503e-14
1.846424942895544291e+03 6.309120406185191744e-14
2.049074689815845886e+03 5.631238491318867998e-14
2.273965752357927613e+03 5.014198920234674430e-14
2.523539170434765765e+03 4.471670113194987804e-14
2.800503894183631019e+03 3.979756958047819211e-14
3.107866187782013640e+03 3.545579375234592356e-14
3.448962260405759935e+03 3.155024664442729731e-14
3.827494478516314757e+03 2.806658990719529418e-14
4.247571552536898707e+03 2.495919962326360971e-14
4.713753134116724141e+03 2.217712091965084461e-14
5.231099308056262998e+03 1.971834712443541891e-14
5.805225516094896193e+03 1.749884069333978153e-14
6.442363508721369726e+03 1.554433638247027802e-14
7.149428986597576113e+03 1.378330845872923009e-14
7.934096665797491369e+03 1.223379426539142762e-14
8.804883581643463913e+03 1.084635150688592084e-14
9.771241535346502133e+03 9.600924028074575798e-15
1.084365968689610963e+04 8.505823801577635765e-15
1.203377840777589154e+04 7.526254723391276263e-15
1.335451562929898682e+04 6.665110581468018712e-15
1.482020705798858762e+04 5.890027992208990740e-15
1.644676177994664249e+04 5.207007402818781308e-15
1.825183494319044257e+04 4.600776170755483102e-15
2.025501939230666540e+04 4.056366567625715545e-15
2.247805833548725059e+04 3.579546332360899196e-15
2.494508135230316839e+04 3.153595909833212474e-15
2.768286630392066581e+04 2.777257498792332985e-15
3.072112998861759115e+04 2.445129514792836886e-15
3.409285069746814406e+04 2.150815404083892429e-15
3.783462617131928710e+04 1.888797305258383045e-15
4.198707084443910571e+04 1.657872915678595235e-15
4.659525668664683326e+04 1.455994169111003120e-15
5.170920242896761192e+04 1.276955801962754872e-15
5.738441648302398244e+04 1.115588746841622288e-15
6.368249944718585903e+04 9.757920225554171399e-16
7.067181273927491566e+04 8.530668672162173942e-16
7.842822061337680498e+04 7.430608668671167458e-16
8.703591361485165544e+04 6.461981617444061126e-16
9.658832241158708348e+04 5.623732030439779900e-16
1.071891319205127511e+05 4.878785661398960343e-16
1.189534067370319535e+05 4.224352175252635570e-16
1.320088400831418112e+05 3.649289728504261970e-16
1.464971398307286145e+05 3.143575875483245686e-16
1.625755666443794908e+05 2.703513639795018201e-16
1.804186409392071655e+05 2.316365826440695460e-16
2.002200371815584658e+05 1.977593919496887035e-16
2.221946860939523904e+05 1.681148648164957886e-16
2.465811075822604180e+05 1.421661401941319443e-16
2.736439997074671555e+05 1.195287574920566574e-16
3.036771118035460822e+05 9.967223582240755282e-17
3.370064329271928291e+05 8.246100508135648669e-17
3.739937302478798083e+05 6.738458325888320292e-17
4.150404757850476308e+05 5.418805813065730098e-17
4.605922041145108524e+05 4.281327183608219639e-17
5.111433483440171112e+05 3.292839549723143359e-17
5.672426068491977639e+05 2.442210319219970617e-17
6.294988990221888525e+05 1.725151277059529140e-17
6.985879746785250027e+05 1.137791697013241296e-17
7.752597488629464060e+05 6.828244792566640655e-18
8.603464416684507160e+05 3.600450008970052586e-18
9.547716114208066138e+05 1.617404328592551069e-18
1.059560179277617019e+06 5.895597920697364978e-19
1.175849554052158026e+06 1.622184305287279862e-19
1.304901978014401859e+06 2.770245026186180729e-20
1.448118227674532915e+06 1.970737878533764674e-21
1.607052818261638284e+06 3.118284355755826139e-22
1.783430876931909472e+06 1.803560267326619149e-22
1.979166867853557458e+06 1.162536986053574620e-22
2.196385372416546568e+06 7.687983847904669759e-23
2.437444150122222025e+06 5.177046864407248230e-23
2.704959730463137385e+06 3.532686978337613540e-23
3.001835813575591892e+06 2.434998254225868846e-23
3.331294787934676744e+06 1.691504415087152718e-23
3.696912707195031922e+06 1.182274578105994528e-23
4.102658105827190448e+06 8.304191635430464872e-24
4.552935074866947718e+06 5.855783867703226510e-24
5.052631065335679799e+06 4.142378786314874881e-24
5.607169938205458224e+06 2.937762401210629023e-24
6.222570836730230600e+06 2.087654273262906551e-24
6.905513520162330940e+06 1.485864635776121089e-24
7.663410868007462472e+06 1.058782568699012001e-24
8.504489341802684590e+06 7.550766238168936420e-25
9.437878277775391936e+06 5.387540455573703483e-25
1.047370897959450819e+07 3.844798269689923711e-25
1.162322468679854274e+07 2.743554781405330835e-25
1.289890261253307760e+07 1.956994811151889909e-25
1.431458937523478456e+07 1.394993893413773107e-25
1.588565129428052530e+07 9.934242288592615323e-26
1.762914118095947802e+07 7.065541472346590783e-26
1.956398343517064676e+07 5.017168022220954670e-26
2.171117945694505423e+07 3.555623377427408601e-26
2.409403560239527002e+07 2.513920255997565581e-26
2.673841615839949250e+07 1.772397576526449133e-26
2.967302408188872784e+07 1.245469550978074694e-26
3.292971255097155273e+07 8.717879602843485004e-27
3.654383070957254618e+07 6.074313422436127003e-27
4.055460735840827972e+07 4.209676850331870782e-27
4.500557675700496882e+07 2.898898863995278458e-27
4.994505115855139494e+07 1.981400936682274845e-27
5.542664520663107187e+07 1.342164617859005072e-27
6.150985788580504060e+07 8.996916747754699303e-28
6.826071834272393584e+07 5.948650254486895309e-28
7.575250258771920204e+07 3.872597114015244414e-28
8.406652885618332028e+07 2.468740201589419071e-28
9.329304026284696162e+07 1.533711313201765559e-28
1.035321843295663744e+08 9.207277427689915733e-29
1.148951000187308788e+08 5.264670712394599052e-29
1.275051240713012964e+08 2.807151810218224856e-29
1.414991297434575856e+08 1.335308936112659737e-29
1.570290124729377627e+08 5.111441766890571492e-30
1.742633386009651124e+08 1.045614506447009099e-30
