1.000000000000000000e+02 1.143803975659031403e-17
1.109752496412072134e+02 9.861854380208796569e-18
1.231550603292826196e+02 8.495221334652307917e-18
1.366716356462005990e+02 7.309168217569270362e-18
1.516716888470922413e+02 6.281932188617091797e-18
1.683180353330956791e+02 5.393938115984350152e-18
1.867913599020782840e+02 4.625740503977594837e-18
2.072921779595371845e+02 3.961884295624308239e-18
2.300430119772916839e+02 3.390189285449191685e-18
2.552908068239516410e+02 2.896848065045749666e-18
2.833096101839323637e+02 2.471666365606411662e-18
3.144035471591500368e+02 2.106880826933188018e-18
3.489101213406774491e+02 1.793902183142714594e-18
3.872038781812557318e+02 1.525491375639359884e-18
4.297004704320843871e+02 1.295564902415093982e-18
4.768611697714468960e+02 1.098866829380702689e-18
5.291978735958442712e+02 9.307870503854293242e-19
5.872786613189482523e+02 7.876159965835772143e-19
6.517339604882420190e+02 6.655789626899455451e-19
7.232633896483533817e+02 5.615559244459672950e-19
8.026433522257173081e+02 4.730272506938668100e-19
8.907354638610439679e+02 3.977323314288669491e-19
9.884959046625587007e+02 3.341499478251823262e-19
1.096985797892383971e+03 2.801110103194322971e-19
1.217382727739662187e+03 2.344014515123962463e-19
1.350993521198027793e+03 1.957419431874878514e-19
1.499268432786045423e+03 1.631123847431334097e-19
1.663816886076128640e+03 1.356127237870493485e-19
1.846424942895544291e+03 1.124984919801418687e-19
2.049074689815845886e+03 9.310794107396670889e-20
2.273965752357927613e+03 7.683736951043142079e-20
2.523539170434765765e+03 6.322983203587678064e-20
2.800503894183631019e+03 5.187790542780081650e-20
3.107866187782013640e+03 4.243824204807580373e-20
3.448962260405759935e+03 3.462942907767178907e-20
3.827494478516314757e+03 2.816049249648256351e-20
4.247571552536898707e+03 2.282746040419082807e-20
4.713753134116724141e+03 1.844388756844127097e-20
5.231099308056262998e+03 1.485626267955037135e-20
5.805225516094896193e+03 1.192956039522155467e-20
6.442363508721369726e+03 9.555276467907686394e-21
7.149428986597576113e+03 7.634825131918753011e-21
7.934096665797491369e+03 6.088213760948243030e-21
8.804883581643463913e+03 4.847651446121650059e-21
9.771241535346502133e+03 3.856087198588330929e-21
1.084365968689610963e+04 3.069649563306450549e-21
1.203377840777589154e+04 2.441471332984500449e-21
1.335451562929898682e+04 1.944041670310105330e-21
1.482020705798858762e+04 1.549567676953427756e-21
1.644676177994664249e+04 1.238522305231102535e-21
1.825183494319044257e+04 9.924261075529888652e-22
2.025501939230666540e+04 7.966952490355157267e-22
2.247805833548725059e+04 6.405833195619468273e-22
2.494508135230316839e+04 5.158799994537959042e-22
2.768286630392066581e+04 4.156614780432792838e-22
3.072112998861759115e+04 3.346121047409477410e-22
3.409285069746814406e+04 2.689091636295882345e-22
3.783462617131928710e+04 2.155881235172240597e-22
4.198707084443910571e+04 1.722454233450749090e-22
4.659525668664683326e+04 1.370320798849976225e-22
5.170920242896761192e+04 1.085486067364790243e-22
5.738441648302398244e+04 8.554864331946686849e-23
6.368249944718585903e+04 6.708387865953836663e-23
7.067181273927491566e+04 5.231526954054547762e-23
7.842822061337680498e+04 4.056229703527681036e-23
8.703591361485165544e+04 3.129035817395204553e-23
9.658832241158708348e+04 2.404013594236206217e-23
1.071891319205127511e+05 1.839790691367231729e-23
1.189534067370319535e+05 1.404282772043990612e-23
1.320088400831418112e+05 1.070461297280254357e-23
1.464971398307286145e+05 8.157226295887921647e-24
1.625755666443794908e+05 6.225324725531714043e-24
1.804186409392071655e+05 4.763125509417756641e-24
2.002200371815584658e+05 3.657629999449556691e-24
2.221946860939523904e+05 2.818462266439937828e-24
2.465811075822604180e+05 2.175292286499217723e-24
2.736439997074671555e+05 1.677991211459906659e-24
3.036771118035460822e+05 1.289779053445476250e-24
3.370064329271928291e+05 9.844800643059360510e-25
3.739937302478798083e+05 7.439144813445967050e-25
4.150404757850476308e+05 5.552623690275250395e-25
4.605922041145108524e+05 4.080879226305316702e-25
5.111433483440171112e+05 2.939887291874218795e-25
5.672426068491977639e+05 2.064317262212204841e-25
6.294988990221888525e+05 1.401591595681916381e-25
6.985879746785250027e+05 9.075355274107271223e-26
7.752597488629464060e+05 5.479229597062257972e-26
8.603464416684507160e+05 2.962512009169235770e-26
9.547716114208066138e+05 1.309260414553491717e-26
1.059560179277617019e+06 3.640123750695324818e-27
1.175849554052158026e+06 1.181191722961816800e-28
