1.000000000000000000e+02 2.884695539501571777e-15
1.109752496412072134e+02 2.490851178674848201e-15
1.231550603292826196e+02 2.145375228097219215e-15
1.366716356462005990e+02 1.842914254933859364e-15
1.516716888470922413e+02 1.580042168011494785e-15
1.683180353330956791e+02 1.352240995629402413e-15
1.867913599020782840e+02 1.154239285905862316e-15
2.072921779595371845e+02 9.826659703541454828e-16
2.300430119772916839e+02 8.350790120332021433e-16
2.552908068239516410e+02 7.089683315923666837e-16
2.833096101839323637e+02 6.010040725984934849e-16
3.144035471591500368e+02 5.085544621998296845e-16
3.489101213406774491e+02 4.298555951263016617e-16
3.872038781812557318e+02 3.631286370242587891e-16
4.297004704320843871e+02 3.066094033707109194e-16
4.768611697714468960e+02 2.589831135207562332e-16
5.291978735958442712e+02 2.188898970887895508e-16
5.872786613189482523e+02 1.850538487129915685e-16
6.517339604882420190e+02 1.564994328893875928e-16
7.232633896483533817e+02 1.323934646713786019e-16
8.026433522257173081e+02 1.121771565546305699e-16
8.907354638610439679e+02 9.501263779653087475e-17
9.884959046625587007e+02 8.050402806226782452e-17
1.096985797892383971e+03 6.817717723753441101e-17
1.217382727739662187e+03 5.767794137186018408e-17
1.350993521198027793e+03 4.870212559723709496e-17
1.499268432786045423e+03 4.101819176568147171e-17
1.663816886076128640e+03 3.441201690534288296e-17
1.846424942895544291e+03 2.873255567131536981e-17
2.049074689815845886e+03 2.384407018172360370e-17
2.273965752357927613e+03 1.965183954690116781e-17
2.523539170434765765e+03 1.605697612136418213e-17
2.800503894183631019e+03 1.298836370552080947e-17
3.107866187782013640e+03 1.037951457673822332e-17
3.448962260405759935e+03 8.181390568883438498e-18
3.827494478516314757e+03 6.352190646457985885e-18
4.247571552536898707e+03 4.847943230755569796e-18
4.713753134116724141e+03 3.633342094880884845e-18
5.231099308056262998e+03 2.671720723423253845e-18
5.805225516094896193e+03 1.932860693168110208e-18
6.442363508721369726e+03 1.385849794864804750e-18
7.149428986597576113e+03 9.976938603496013283e-19
7.934096665797491369e+03 7.325987057941874654e-19
8.804883581643463913e+03 5.561046808336216189e-19
9.771241535346502133e+03 4.373131697710212729e-19
1.084365968689610963e+04 3.524601450529268018e-19
1.203377840777589154e+04 2.880588947655104670e-19
1.335451562929898682e+04 2.369742439668856617e-19
1.482020705798858762e+04 1.954361886721330402e-19
1.644676177994664249e+04 1.613050338684841787e-19
1.825183494319044257e+04 1.331950767888430683e-19
2.025501939230666540e+04 1.099251773271918784e-19
2.247805833548725059e+04 9.068196838671380197e-20
2.494508135230316839e+04 7.477318058161261620e-20
2.768286630392066581e+04 6.163474878132163577e-20
3.072112998861759115e+04 5.076354304553274873e-20
3.409285069746814406e+04 4.178757055926482844e-20
3.783462617131928710e+04 3.437499018521401859e-20
4.198707084443910571e+04 2.825047555750138509e-20
4.659525668664683326e+04 2.319794941198615764e-20
5.170920242896761192e+04 1.902798953121385695e-20
5.738441648302398244e+04 1.558904360350237751e-20
6.368249944718585903e+04 1.275452534094257668e-20
7.067181273927491566e+04 1.041985390711648025e-20
7.842822061337680498e+04 8.499150068669905049e-21
8.703591361485165544e+04 6.919418919670233291e-21
9.658832241158708348e+04 5.622797092522305259e-21
1.071891319205127511e+05 4.558413375038854780e-21
1.189534067370319535e+05 3.688045755469006163e-21
1.320088400831418112e+05 2.975938592009681576e-21
1.464971398307286145e+05 2.395172691151932093e-21
1.625755666443794908e+05 1.923164051836686233e-21
1.804186409392071655e+05 1.540135371143868589e-21
2.002200371815584658e+05 1.230813397921011871e-21
2.221946860939523904e+05 9.816729321648893150e-22
2.465811075822604180e+05 7.817718302933193424e-22
2.736439997074671555e+05 6.220923525935315281e-22
3.036771118035460822e+05 4.945920335913156209e-22
3.370064329271928291e+05 3.930201363774494959e-22
3.739937302478798083e+05 3.120248569930364350e-22
4.150404757850476308e+05 2.475673471551608869e-22
4.605922041145108524e+05 1.962206740085890727e-22
5.111433483440171112e+05 1.554048905479529518e-22
5.672426068491977639e+05 1.229349663490869139e-22
6.294988990221888525e+05 9.715905303315590261e-23
6.985879746785250027e+05 7.669176894559301421e-23
7.752597488629464060e+05 6.046550657044209363e-23
8.603464416684507160e+05 4.760906486678610009e-23
9.547716114208066138e+05 3.743798303663131761e-23
1.059560179277617019e+06 2.939118784982646624e-23
1.175849554052158026e+06 2.304138173116005756e-23
1.304901978014401859e+06 1.802953922293959497e-23
1.448118227674532915e+06 1.408501934030546834e-23
1.607052818261638284e+06 1.098463377397700282e-23
1.783430876931909472e+06 8.546614534220965018e-24
1.979166867853557458e+06 6.636942170530083170e-24
2.196385372416546568e+06 5.142148243997114435e-24
2.437444150122222025e+06 3.974589206299049518e-24
2.704959730463137385e+06 3.064165382291998834e-24
3.001835813575591892e+06 2.355759164171748177e-24
3.331294787934676744e+06 1.806021303119160944e-24
3.696912707195031922e+06 1.380140263263341375e-24
4.102658105827190448e+06 1.051193209094672103e-24
4.552935074866947718e+06 7.978816194907561595e-25
5.052631065335679799e+06 6.032702647795578005e-25
5.607169938205458224e+06 4.543186871070429164e-25
6.222570836730230600e+06 3.405849235321636626e-25
6.905513520162330940e+06 2.540874635284641002e-25
7.663410868007462472e+06 1.886389881312305135e-25
8.504489341802684590e+06 1.392235423003110283e-25
9.437878277775391936e+06 1.020988980213302704e-25
1.047370897959450819e+07 7.443915432359591081e-26
1.162322468679854274e+07 5.381583813300448252e-26
1.289890261253307760e+07 3.860240247598340978e-26
1.431458937523478456e+07 2.743835454016478280e-26
1.588565129428052530e+07 1.930773846401727778e-26
1.762914118095947802e+07 1.343398922967182966e-26
1.956398343517064676e+07 9.227128343592921409e-27
2.171117945694505423e+07 6.244734361528474670e-27
2.409403560239527002e+07 4.157069157566447475e-27
2.673841615839949250e+07 2.714461258552303380e-27
2.967302408188872784e+07 1.732037302907144804e-27
3.292971255097155273e+07 1.074087916513641882e-27
3.654383070957254618e+07 6.418581340280357756e-28
4.055460735840827972e+07 3.641773136590500445e-28
4.500557675700496882e+07 1.907146036396050624e-28
4.994505115855139494e+07 8.695929500196659239e-29
5.542664520663107187e+07 2.995408867724111276e-29
6.150985788580504060e+07 4.650235032597563051e-30
6.826071834272393584e+07 6.486283039683889464e-32
