1.000000000000000000e+02 4.279946231751136928e-17
1.109752496412072134e+02 3.635928917491572274e-17
1.231550603292826196e+02 3.093602173222714472e-17
1.366716356462005990e+02 2.634279501200243767e-17
1.516716888470922413e+02 2.246582974695400314e-17
1.683180353330956791e+02 1.916377398999311148e-17
1.867913599020782840e+02 1.636052234434700202e-17
2.072921779595371845e+02 1.396271705044200328e-17
2.300430119772916839e+02 1.191537526664609362e-17
2.552908068239516410e+02 1.016132486953547653e-17
2.833096101839323637e+02 8.658028779831416758e-18
3.144035471591500368e+02 7.369514949903364673e-18
3.489101213406774491e+02 6.267741464112719014e-18
3.872038781812557318e+02 5.322664036087476764e-18
4.297004704320843871e+02 4.515123789072622213e-18
4.768611697714468960e+02 3.825897135341455569e-18
5.291978735958442712e+02 3.237395151978937108e-18
5.872786613189482523e+02 2.737787270601132823e-18
6.517339604882420190e+02 2.311546809304646830e-18
7.232633896483533817e+02 1.949689265535362484e-18
8.026433522257173081e+02 1.643189260480072109e-18
8.907354638610439679e+02 1.383603148228119435e-18
9.884959046625587007e+02 1.163709045630015719e-18
1.096985797892383971e+03 9.776995716195241579e-19
1.217382727739662187e+03 8.205774213011886355e-19
1.350993521198027793e+03 6.876832746636945050e-19
1.499268432786045423e+03 5.755182578730786303e-19
1.663816886076128640e+03 4.807741723253547822e-19
1.846424942895544291e+03 4.009832476134002912e-19
2.049074689815845886e+03 3.337158377382523108e-19
2.273965752357927613e+03 2.771563021117339401e-19
2.523539170434765765e+03 2.296924526666275367e-19
2.800503894183631019e+03 1.898838648146249707e-19
3.107866187782013640e+03 1.566174452225601954e-19
3.448962260405759935e+03 1.288517787457744069e-19
3.827494478516314757e+03 1.057781487448765417e-19
4.247571552536898707e+03 8.663117185345996126e-20
4.713753134116724141e+03 7.078171942773065121e-20
5.231099308056262998e+03 5.775575531804982102e-20
5.805225516094896193e+03 4.707377736354362364e-20
6.442363508721369726e+03 3.832185271084747619e-20
7.149428986597576113e+03 3.118997871329879915e-20
7.934096665797491369e+03 2.539330514982981510e-20
8.804883581643463913e+03 2.068628743775235688e-20
9.771241535346502133e+03 1.687482660660332597e-20
1.084365968689610963e+04 1.378759375166041008e-20
1.203377840777589154e+04 1.128397147021612021e-20
1.335451562929898682e+04 9.251862357768697447e-21
1.482020705798858762e+04 7.596696788517969868e-21
1.644676177994664249e+04 6.246664996342296035e-21
1.825183494319044257e+04 5.141913438700098642e-21
2.025501939230666540e+04 4.235302651613970651e-21
2.247805833548725059e+04 3.490297155073617270e-21
2.494508135230316839e+04 2.876841766917432576e-21
2.768286630392066581e+04 2.371588720410566864e-21
3.072112998861759115e+04 1.954967418383775495e-21
3.409285069746814406e+04 1.611398659231897696e-21
3.783462617131928710e+04 1.327850580664624809e-21
4.198707084443910571e+04 1.093646767868517765e-21
4.659525668664683326e+04 9.003137762646307163e-22
5.170920242896761192e+04 7.406253561274658544e-22
5.738441648302398244e+04 6.087890442251550615e-22
6.368249944718585903e+04 4.999945191030652462e-22
7.067181273927491566e+04 4.102475576342916007e-22
7.842822061337680498e+04 3.362352081518951706e-22
8.703591361485165544e+04 2.752225671141878681e-22
9.658832241158708348e+04 2.249837248056569413e-22
1.071891319205127511e+05 1.836317594897921263e-22
1.189534067370319535e+05 1.496060331340316874e-22
1.320088400831418112e+05 1.216900496678835501e-22
1.464971398307286145e+05 9.882022344523982551e-23
1.625755666443794908e+05 8.012219448530952474e-23
1.804186409392071655e+05 6.486017030699227717e-23
2.002200371815584658e+05 5.244351653772602622e-23
2.221946860939523904e+05 4.235190103391263401e-23
2.465811075822604180e+05 3.416110389644934309e-23
2.736439997074671555e+05 2.752653434967457512e-23
3.036771118035460822e+05 2.215119547381268672e-23
3.370064329271928291e+05 1.778245652851207344e-23
3.739937302478798083e+05 1.426480729415301611e-23
4.150404757850476308e+05 1.140943726068429558e-23
4.605922041145108524e+05 9.104677756664042228e-24
5.111433483440171112e+05 7.245530530161357955e-24
5.672426068491977639e+05 5.747288469150729480e-24
6.294988990221888525e+05 4.541379113819981335e-24
6.985879746785250027e+05 3.574010408291366900e-24
7.752597488629464060e+05 2.800494904977544885e-24
8.603464416684507160e+05 2.182736754140998501e-24
9.547716114208066138e+05 1.691963138674712626e-24
1.059560179277617019e+06 1.304164463681987881e-24
1.175849554052158026e+06 9.985998015094524342e-25
1.304901978014401859e+06 7.597292077952168280e-25
1.448118227674532915e+06 5.737500540654124744e-25
1.607052818261638284e+06 4.300186585197258535e-25
1.783430876931909472e+06 3.198989683301093797e-25
1.979166867853557458e+06 2.361226498499556238e-25
2.196385372416546568e+06 1.729100815226010406e-25
2.437444150122222025e+06 1.259129584560808934e-25
2.704959730463137385e+06 9.102780913065415645e-26
3.001835813575591892e+06 6.550120480323326678e-26
3.331294787934676744e+06 4.694401475594268630e-26
3.696912707195031922e+06 3.351620646705119370e-26
4.102658105827190448e+06 2.384556502379701327e-26
4.552935074866947718e+06 1.688400074261979012e-26
5.052631065335679799e+06 1.186277452809350346e-26
5.607169938205458224e+06 8.228129335788530638e-27
6.222570836730230600e+06 5.595247266719001249e-27
6.905513520162330940e+06 3.698032161170888714e-27
7.663410868007462472e+06 2.345156553372029145e-27
8.504489341802684590e+06 1.400756001235157758e-27
9.437878277775391936e+06 7.700482094634278418e-28
1.047370897959450819e+07 3.752179214086369872e-28
1.162322468679854274e+07 1.531911171560138933e-28
1.289890261253307760e+07 4.891451370892474053e-29
1.431458937523478456e+07 1.330151697174223538e-29
1.588565129428052530e+07 4.739278668662029544e-30
1.762914118095947802e+07 1.076998876411778427e-30
