1.000000000000000000e+02 6.690956053742225661e-16
1.109752496412072134e+02 5.738096271660953122e-16
1.231550603292826196e+02 4.914693178262572918e-16
1.366716356462005990e+02 4.205863775832844419e-16
1.516716888470922413e+02 3.595302076975569103e-16
1.683180353330956791e+02 3.070138097117185106e-16
1.867913599020782840e+02 2.618725721551479107e-16
2.072921779595371845e+02 2.231143261775007253e-16
2.300430119772916839e+02 1.898954567574586097e-16
2.552908068239516410e+02 1.613794473788945888e-16
2.833096101839323637e+02 1.370044365796296191e-16
3.144035471591500368e+02 1.161684573791558810e-16
3.489101213406774491e+02 9.838215398224274832e-17
3.872038781812557318e+02 8.322178557107351619e-17
4.297004704320843871e+02 7.030924110828694751e-17
4.768611697714468960e+02 5.933497268730285553e-17
5.291978735958442712e+02 5.000829799063495159e-17
5.872786613189482523e+02 4.211442832751017106e-17
6.517339604882420190e+02 3.542478098416459231e-17
7.232633896483533817e+02 2.977409848032340941e-17
8.026433522257173081e+02 2.500031298837019266e-17
8.907354638610439679e+02 2.097835614727202555e-17
9.884959046625587007e+02 1.758825000566436372e-17
1.096985797892383971e+03 1.473940574548609651e-17
1.217382727739662187e+03 1.234397198414157058e-17
1.350993521198027793e+03 1.033425948802910616e-17
1.499268432786045423e+03 8.647107744746794651e-18
1.663816886076128640e+03 7.232386702293023588e-18
1.846424942895544291e+03 6.046691536560662939e-18
2.049074689815845886e+03 5.053879094174231020e-18
2.273965752357927613e+03 4.222604487756791978e-18
2.523539170434765765e+03 3.526337183978959904e-18
2.800503894183631019e+03 2.944069111440038257e-18
3.107866187782013640e+03 2.456509745711944561e-18
3.448962260405759935e+03 2.049005106738618499e-18
3.827494478516314757e+03 1.708084828221993782e-18
4.247571552536898707e+03 1.423266417996875208e-18
4.713753134116724141e+03 1.185353373797133012e-18
5.231099308056262998e+03 9.865948724729230041e-19
5.805225516094896193e+03 8.208927857237758031e-19
6.442363508721369726e+03 6.825941714162501912e-19
7.149428986597576113e+03 5.673868149047394769e-19
7.934096665797491369e+03 4.714029673438797957e-19
8.804883581643463913e+03 3.914405357283959989e-19
9.771241535346502133e+03 3.249070481714035376e-19
1.084365968689610963e+04 2.695969981865728827e-19
1.203377840777589154e+04 2.236419328719497523e-19
1.335451562929898682e+04 1.853736240807202590e-19
1.482020705798858762e+04 1.537342954387385494e-19
1.644676177994664249e+04 1.274899657601047729e-19
1.825183494319044257e+04 1.056953634367760901e-19
2.025501939230666540e+04 8.760605644460433421e-20
2.247805833548725059e+04 7.258658369707964983e-20
2.494508135230316839e+04 6.013220014617657344e-20
2.768286630392066581e+04 4.982394702945820000e-20
3.072112998861759115e+04 4.126921145036005721e-20
3.409285069746814406e+04 3.417282677016778739e-20
3.783462617131928710e+04 2.828478387700191055e-20
4.198707084443910571e+04 2.340590574193031276e-20
4.659525668664683326e+04 1.935147723485548945e-20
5.170920242896761192e+04 1.600035309881164885e-20
5.738441648302398244e+04 1.322979154242950369e-20
6.368249944718585903e+04 1.090863462382608300e-20
7.067181273927491566e+04 8.994695925222076290e-21
7.842822061337680498e+04 7.408957660002059715e-21
8.703591361485165544e+04 6.093594057599494285e-21
9.658832241158708348e+04 5.011913664962627732e-21
1.071891319205127511e+05 4.112704374717770713e-21
1.189534067370319535e+05 3.370921199296361076e-21
1.320088400831418112e+05 2.758719510942278768e-21
1.464971398307286145e+05 2.253634509460633954e-21
1.625755666443794908e+05 1.837916992561886480e-21
1.804186409392071655e+05 1.496404114759292786e-21
2.002200371815584658e+05 1.216172370872398570e-21
2.221946860939523904e+05 9.868292943911035164e-22
2.465811075822604180e+05 7.997702794907268621e-22
2.736439997074671555e+05 6.466711713436427120e-22
3.036771118035460822e+05 5.220977888264699340e-22
3.370064329271928291e+05 4.209233280377100383e-22
3.739937302478798083e+05 3.388742311807492905e-22
4.150404757850476308e+05 2.721605051408193705e-22
4.605922041145108524e+05 2.180738187777263322e-22
5.111433483440171112e+05 1.742454201280449617e-22
5.672426068491977639e+05 1.389354660247763335e-22
6.294988990221888525e+05 1.104280603551453377e-22
6.985879746785250027e+05 8.741944003751376060e-23
7.752597488629464060e+05 6.895451703627893851e-23
8.603464416684507160e+05 5.417494220706328334e-23
9.547716114208066138e+05 4.231022682909637673e-23
1.059560179277617019e+06 3.290965525298559449e-23
1.175849554052158026e+06 2.544712377023669494e-23
1.304901978014401859e+06 1.956060176262904986e-23
1.448118227674532915e+06 1.494129255738067835e-23
1.607052818261638284e+06 1.133550734524034161e-23
1.783430876931909472e+06 8.538903071784195028e-24
1.979166867853557458e+06 6.388344504295731205e-24
2.196385372416546568e+06 4.743435262169117274e-24
2.437444150122222025e+06 3.496172652126375187e-24
2.704959730463137385e+06 2.561616772149094293e-24
3.001835813575591892e+06 1.863320729886132331e-24
3.331294787934676744e+06 1.346974031355304804e-24
3.696912707195031922e+06 9.683848493882085849e-25
4.102658105827190448e+06 6.926809280547944716e-25
4.552935074866947718e+06 4.931429967418594028e-25
5.052631065335679799e+06 3.492721923653068668e-25
5.607169938205458224e+06 2.457055508660903950e-25
6.222570836730230600e+06 1.709525121361497879e-25
6.905513520162330940e+06 1.169914594310819295e-25
7.663410868007462472e+06 7.816553922090482297e-26
8.504489341802684590e+06 5.044640232196329404e-26
9.437878277775391936e+06 3.102983936318611343e-26
1.047370897959450819e+07 1.784357867354653519e-26
1.162322468679854274e+07 9.320221686673108935e-27
1.289890261253307760e+07 4.213291786414081331e-27
1.431458937523478456e+07 1.521759676110555913e-27
1.588565129428052530e+07 3.958378322696759905e-28
1.762914118095947802e+07 8.792207839245725821e-29
1.956398343517064676e+07 2.036710039278253899e-29
