1.000000000000000000e+02 1.029899434573801415e-13
1.109752496412072134e+02 8.813612934917249276e-14
1.231550603292826196e+02 7.517336687679659006e-14
1.366716356462005990e+02 6.395885116955564071e-14
1.516716888470922413e+02 5.419511172739294730e-14
1.683180353330956791e+02 4.575351048850420430e-14
1.867913599020782840e+02 3.846258601217045376e-14
2.072921779595371845e+02 3.217253131313973932e-14
2.300430119772916839e+02 2.676981226559402233e-14
2.552908068239516410e+02 2.214679044201916149e-14
2.833096101839323637e+02 1.819726496948367721e-14
3.144035471591500368e+02 1.484566407192650323e-14
3.489101213406774491e+02 1.200972536009249202e-14
3.872038781812557318e+02 9.624881904449985638e-15
4.297004704320843871e+02 7.633105575754472788e-15
4.768611697714468960e+02 5.982464266799387592e-15
5.291978735958442712e+02 4.626052763467489186e-15
5.872786613189482523e+02 3.523370016394984446e-15
6.517339604882420190e+02 2.638604337648531394e-15
7.232633896483533817e+02 1.939247130736267382e-15
8.026433522257173081e+02 1.396759117133001596e-15
8.907354638610439679e+02 9.842175046122893627e-16
9.884959046625587007e+02 6.774316675253239544e-16
1.096985797892383971e+03 4.548093743240678888e-16
1.217382727739662187e+03 2.972728505089793436e-16
1.350993521198027793e+03 1.889158443283709791e-16
1.499268432786045423e+03 1.166243150533117593e-16
1.663816886076128640e+03 6.995245483786192690e-17
1.846424942895544291e+03 4.085159282181123695e-17
2.049074689815845886e+03 2.335231781333842512e-17
2.273965752357927613e+03 1.320423301727825427e-17
2.523539170434765765e+03 7.511171546064782018e-18
2.800503894183631019e+03 4.396009471621626739e-18
3.107866187782013640e+03 2.699298159329677288e-18
3.448962260405759935e+03 1.751330743941976657e-18
3.827494478516314757e+03 1.195552830104292992e-18
4.247571552536898707e+03 8.465843894895368247e-19
4.713753134116724141e+03 6.123147341192015610e-19
5.231099308056262998e+03 4.446915652410876013e-19
5.805225516094896193e+03 3.195048126725985432e-19
6.442363508721369726e+03 2.248496691364421569e-19
7.149428986597576113e+03 1.547126954107445846e-19
7.934096665797491369e+03 1.048704837852787269e-19
8.804883581643463913e+03 7.146078314676055331e-20
9.771241535346502133e+03 5.036829568834759098e-20
1.084365968689610963e+04 3.718017434575525849e-20
1.203377840777589154e+04 2.843203212427527505e-20
1.335451562929898682e+04 2.213754036166910642e-20
1.482020705798858762e+04 1.734632273341739236e-20
1.644676177994664249e+04 1.359832358328083812e-20
1.825183494319044257e+04 1.064441281237857124e-20
2.025501939230666540e+04 8.323102138601610644e-21
2.247805833548725059e+04 6.499466601151088831e-21
2.494508135230316839e+04 5.066859115405679411e-21
2.768286630392066581e+04 3.942634672987603202e-21
3.072112998861759115e+04 3.061454894837949872e-21
3.409285069746814406e+04 2.371544528175223662e-21
3.783462617131928710e+04 1.832926314128924543e-21
4.198707084443910571e+04 1.413237419273725511e-21
4.659525668664683326e+04 1.086970743041550528e-21
5.170920242896761192e+04 8.339904561911953284e-22
5.738441648302398244e+04 6.382753423236806546e-22
6.368249944718585903e+04 4.873183694498963300e-22
7.067181273927491566e+04 3.712145302061035891e-22
7.842822061337680498e+04 2.822004114541780360e-22
8.703591361485165544e+04 2.141450261282818302e-22
9.658832241158708348e+04 1.622492256976856667e-22
1.071891319205127511e+05 1.228030829242796011e-22
1.189534067370319535e+05 9.289180652221065852e-23
1.320088400831418112e+05 7.026303637862955038e-23
1.464971398307286145e+05 5.318649768299559945e-23
1.625755666443794908e+05 4.030841876602223565e-23
1.804186409392071655e+05 3.058806147256255902e-23
2.002200371815584658e+05 2.323837329624563973e-23
2.221946860939523904e+05 1.767667237377495931e-23
2.465811075822604180e+05 1.346098336754919196e-23
2.736439997074671555e+05 1.026158617511538960e-23
3.036771118035460822e+05 7.830766766322735885e-24
3.370064329271928291e+05 5.981073252753689090e-24
3.739937302478798083e+05 4.572936708279497488e-24
4.150404757850476308e+05 3.498843040984475716e-24
4.605922041145108524e+05 2.678928059726188864e-24
5.111433483440171112e+05 2.052554624554905669e-24
5.672426068491977639e+05 1.573586848279234945e-24
6.294988990221888525e+05 1.206906551769603812e-24
6.985879746785250027e+05 9.259757839549564238e-25
7.752597488629464060e+05 7.107221558159512955e-25
8.603464416684507160e+05 5.455596836662859961e-25
9.547716114208066138e+05 4.187994620034696368e-25
1.059560179277617019e+06 3.215057869717772715e-25
1.175849554052158026e+06 2.467816377872924847e-25
1.304901978014401859e+06 1.894053571182065507e-25
1.448118227674532915e+06 1.452940094900070855e-25
1.607052818261638284e+06 1.114114519226360562e-25
1.783430876931909472e+06 8.538868218225017779e-26
1.979166867853557458e+06 6.539212707444394953e-26
2.196385372416546568e+06 5.004527249186198088e-26
2.437444150122222025e+06 3.827164518225292730e-26
2.704959730463137385e+06 2.923530350418735309e-26
3.001835813575591892e+06 2.230460475685159068e-26
3.331294787934676744e+06 1.699597975253416856e-26
3.696912707195031922e+06 1.293376206110702609e-26
4.102658105827190448e+06 9.827951203126454988e-27
4.552935074866947718e+06 7.455524635242660114e-27
5.052631065335679799e+06 5.645480737458255465e-27
5.607169938205458224e+06 4.266939983559117965e-27
6.222570836730230600e+06 3.217991854359892994e-27
6.905513520162330940e+06 2.421520053848553434e-27
7.663410868007462472e+06 1.817633066360657579e-27
8.504489341802684590e+06 1.361073824816579958e-27
9.437878277775391936e+06 1.015841524440500851e-27
1.047370897959450819e+07 7.559048029862544246e-28
1.162322468679854274e+07 5.605660811165980600e-28
1.289890261253307760e+07 4.142331740385938601e-28
1.431458937523478456e+07 3.049185297109337957e-28
1.588565129428052530e+07 2.235963827943458746e-28
1.762914118095947802e+07 1.631074393827420304e-28
1.956398343517064676e+07 1.183791461689448646e-28
2.171117945694505423e+07 8.549676133649204075e-29
2.409403560239527002e+07 6.137115448388105229e-29
2.673841615839949250e+07 4.376877764180797774e-29
2.967302408188872784e+07 3.098971211525762448e-29
3.292971255097155273e+07 2.177026442370211009e-29
3.654383070957254618e+07 1.516286396822963954e-29
4.055460735840827972e+07 1.046384467268176424e-29
4.500557675700496882e+07 7.141600293565243829e-30
4.994505115855139494e+07 4.817083037218517101e-30
5.542664520663107187e+07 3.205124497879216532e-30
6.150985788580504060e+07 2.100336589106718718e-30
6.826071834272393584e+07 1.351938772904208672e-30
7.575250258771920204e+07 8.524315515080952209e-31
8.406652885618332028e+07 5.241043515560016609e-31
9.329304026284696162e+07 3.130354492869172259e-31
1.035321843295663744e+08 1.802115790660580633e-31
1.148951000187308788e+08 9.907649083426403857e-32
1.275051240713012964e+08 5.131737952162962193e-32
1.414991297434575856e+08 2.454142865605102681e-32
1.570290124729377627e+08 1.047812578671674906e-32
1.742633386009651124e+08 3.688670515599787975e-33
1.933891750455232263e+08 7.454158387039857272e-34
2.146141197858406007e+08 3.332827489902849185e-37
