1.000000000000000000e+02 1.566190026542449877e-16
1.109752496412072134e+02 1.371553664784978410e-16
1.231550603292826196e+02 1.199879272046299733e-16
1.366716356462005990e+02 1.048851843781768476e-16
1.516716888470922413e+02 9.156745390202098260e-17
1.683180353330956791e+02 7.989213342100859206e-17
1.867913599020782840e+02 6.961146504781920102e-17
2.072921779595371845e+02 6.059767808779226612e-17
2.300430119772916839e+02 5.269448327319986497e-17
2.552908068239516410e+02 4.576781629365412746e-17
2.833096101839323637e+02 3.970468211645986267e-17
3.144035471591500368e+02 3.440445695704624943e-17
3.489101213406774491e+02 2.977671895603849929e-17
3.872038781812557318e+02 2.573716489742993449e-17
4.297004704320843871e+02 2.221597533584832691e-17
4.768611697714468960e+02 1.915176958749388371e-17
5.291978735958442712e+02 1.649026032587994705e-17
5.872786613189482523e+02 1.418031888734038590e-17
6.517339604882420190e+02 1.217649108848354605e-17
7.232633896483533817e+02 1.044335293343756316e-17
8.026433522257173081e+02 8.946498283405728483e-18
8.907354638610439679e+02 7.652060568178791636e-18
9.884959046625587007e+02 6.539473456230913544e-18
1.096985797892383971e+03 5.581998639397267086e-18
1.217382727739662187e+03 4.758822205051012206e-18
1.350993521198027793e+03 4.053925396836171553e-18
1.499268432786045423e+03 3.449443019707834388e-18
1.663816886076128640e+03 2.933589680611085967e-18
1.846424942895544291e+03 2.492122367883453574e-18
2.049074689815845886e+03 2.116586369897696464e-18
2.273965752357927613e+03 1.796166717221925529e-18
2.523539170434765765e+03 1.523802810780940745e-18
2.800503894183631019e+03 1.292072774163125436e-18
3.107866187782013640e+03 1.095364781783751327e-18
3.448962260405759935e+03 9.282053996316289024e-19
3.827494478516314757e+03 7.865359055493525226e-19
4.247571552536898707e+03 6.662742364102778983e-19
4.713753134116724141e+03 5.643190132461228588e-19
5.231099308056262998e+03 4.778889690023435436e-19
5.805225516094896193e+03 4.045900806112189833e-19
6.442363508721369726e+03 3.425079739097494939e-19
7.149428986597576113e+03 2.898801385212966945e-19
7.934096665797491369e+03 2.453316986400007620e-19
8.804883581643463913e+03 2.075717209628466285e-19
9.771241535346502133e+03 1.756008450749794488e-19
1.084365968689610963e+04 1.485543737092633007e-19
1.203377840777589154e+04 1.256350580783724230e-19
1.335451562929898682e+04 1.062545547993431852e-19
1.482020705798858762e+04 8.985025077224827482e-20
1.644676177994664249e+04 7.596185887705071035e-20
1.825183494319044257e+04 6.421584538043377251e-20
2.025501939230666540e+04 5.427295081942710621e-20
2.247805833548725059e+04 4.586390276213778264e-20
2.494508135230316839e+04 3.875262776403352485e-20
2.768286630392066581e+04 3.274716106404485522e-20
3.072112998861759115e+04 2.766511418902038152e-20
3.409285069746814406e+04 2.336808321335992970e-20
3.783462617131928710e+04 1.973280434558726297e-20
4.198707084443910571e+04 1.665782491755261656e-20
4.659525668664683326e+04 1.405879138045519384e-20
5.170920242896761192e+04 1.185868269342812760e-20
5.738441648302398244e+04 9.997566503454024350e-21
6.368249944718585903e+04 8.426021831246247352e-21
7.067181273927491566e+04 7.096043026457530481e-21
7.842822061337680498e+04 5.971724356735337013e-21
8.703591361485165544e+04 5.020258000530394945e-21
9.658832241158708348e+04 4.215867180285551338e-21
1.071891319205127511e+05 3.535561205949218584e-21
1.189534067370319535e+05 2.962004320351231990e-21
1.320088400831418112e+05 2.476959258050265757e-21
1.464971398307286145e+05 2.067533506803308888e-21
1.625755666443794908e+05 1.722294540920917917e-21
1.804186409392071655e+05 1.431040923914049082e-21
2.002200371815584658e+05 1.186531571464079257e-21
2.221946860939523904e+05 9.808455608942913141e-22
2.465811075822604180e+05 8.079766304402421707e-22
2.736439997074671555e+05 6.638318926080990421e-22
3.036771118035460822e+05 5.433299139271252155e-22
3.370064329271928291e+05 4.429726050417652549e-22
3.739937302478798083e+05 3.595652884137702974e-22
4.150404757850476308e+05 2.906086834046960801e-22
4.605922041145108524e+05 2.337516623532708810e-22
5.111433483440171112e+05 1.872097174499556009e-22
5.672426068491977639e+05 1.491577151330897088e-22
6.294988990221888525e+05 1.180653931445825149e-22
6.985879746785250027e+05 9.288293909173534073e-23
7.752597488629464060e+05 7.257058581761331765e-23
8.603464416684507160e+05 5.631377493958104968e-23
9.547716114208066138e+05 4.335323894774357111e-23
1.059560179277617019e+06 3.309115345843309430e-23
1.175849554052158026e+06 2.504129601963824161e-23
1.304901978014401859e+06 1.876008459386734286e-23
1.448118227674532915e+06 1.390566336247407175e-23
1.607052818261638284e+06 1.019548916557988307e-23
1.783430876931909472e+06 7.393118319560837821e-24
1.979166867853557458e+06 5.295404203630692515e-24
2.196385372416546568e+06 3.754588289128875929e-24
2.437444150122222025e+06 2.638722873272395745e-24
2.704959730463137385e+06 1.838879167921370320e-24
3.001835813575591892e+06 1.274884131302907728e-24
3.331294787934676744e+06 8.827670178590876098e-25
3.696912707195031922e+06 6.117839572252124614e-25
4.102658105827190448e+06 4.252342160251730051e-25
4.552935074866947718e+06 2.962154627888230384e-25
5.052631065335679799e+06 2.058199305807665212e-25
5.607169938205458224e+06 1.414540083100390528e-25
6.222570836730230600e+06 9.525024452120773404e-26
6.905513520162330940e+06 6.215873717166189271e-26
7.663410868007462472e+06 3.873847665180398999e-26
8.504489341802684590e+06 2.264823850954278665e-26
9.437878277775391936e+06 1.212332647085470450e-26
1.047370897959450819e+07 5.721034686728134806e-27
1.162322468679854274e+07 2.258473602080463430e-27
1.289890261253307760e+07 7.120837558704335760e-28
1.431458937523478456e+07 2.052273210364203110e-28
1.588565129428052530e+07 6.663159932318755788e-29
1.762914118095947802e+07 2.812024834543128679e-30
