1.000000000000000000e+02 3.157034885571712203e-15
1.109752496412072134e+02 2.685404195481312680e-15
1.231550603292826196e+02 2.278883590853526013e-15
1.366716356462005990e+02 1.927380533566475726e-15
1.516716888470922413e+02 1.624029524569350548e-15
1.683180353330956791e+02 1.363712366782128485e-15
1.867913599020782840e+02 1.141631257338892066e-15
2.072921779595371845e+02 9.518233353239657914e-16
2.300430119772916839e+02 7.897828721669083758e-16
2.552908068239516410e+02 6.528435713438506063e-16
2.833096101839323637e+02 5.376036062477474477e-16
3.144035471591500368e+02 4.410504955144471074e-16
3.489101213406774491e+02 3.598238807739812520e-16
3.872038781812557318e+02 2.924066875218054046e-16
4.297004704320843871e+02 2.367634143873944367e-16
4.768611697714468960e+02 1.909435904950543666e-16
5.291978735958442712e+02 1.533924488121226647e-16
5.872786613189482523e+02 1.224292756733905095e-16
6.517339604882420190e+02 9.821180829486753114e-17
7.232633896483533817e+02 7.837793172246448099e-17
8.026433522257173081e+02 6.251250898563309360e-17
8.907354638610439679e+02 4.985267024480823908e-17
9.884959046625587007e+02 3.975662806781820426e-17
1.096985797892383971e+03 3.179171790445878526e-17
1.217382727739662187e+03 2.551406440804141045e-17
1.350993521198027793e+03 2.056278015771424621e-17
1.499268432786045423e+03 1.664763842781390043e-17
1.663816886076128640e+03 1.353262985344646480e-17
1.846424942895544291e+03 1.105348330225048695e-17
2.049074689815845886e+03 9.070274351549652225e-18
2.273965752357927613e+03 7.472064980739855303e-18
2.523539170434765765e+03 6.172735604572831312e-18
2.800503894183631019e+03 5.108843416188640690e-18
3.107866187782013640e+03 4.235083064078365253e-18
3.448962260405759935e+03 3.512524645037825142e-18
3.827494478516314757e+03 2.914381213240885236e-18
4.247571552536898707e+03 2.417071800586830627e-18
4.713753134116724141e+03 2.004147773768735547e-18
5.231099308056262998e+03 1.660774635342393753e-18
5.805225516094896193e+03 1.376008315485781637e-18
6.442363508721369726e+03 1.140157116747128689e-18
7.149428986597576113e+03 9.450963554459578932e-19
7.934096665797491369e+03 7.842732068525921945e-19
8.804883581643463913e+03 6.516460586764192256e-19
9.771241535346502133e+03 5.421617707283032633e-19
1.084365968689610963e+04 4.517797361651243661e-19
1.203377840777589154e+04 3.768861241919453516e-19
1.335451562929898682e+04 3.145809028895194462e-19
1.482020705798858762e+04 2.626689193958136850e-19
1.644676177994664249e+04 2.192956909311749151e-19
1.825183494319044257e+04 1.830655144717548052e-19
2.025501939230666540e+04 1.527691324710963968e-19
2.247805833548725059e+04 1.274431738199065947e-19
2.494508135230316839e+04 1.062770425227916497e-19
2.768286630392066581e+04 8.857955305460931914e-20
3.072112998861759115e+04 7.379742472809098935e-20
3.409285069746814406e+04 6.144507192868681323e-20
3.783462617131928710e+04 5.112620621635574055e-20
4.198707084443910571e+04 4.252261477461234835e-20
4.659525668664683326e+04 3.533523909501064184e-20
5.170920242896761192e+04 2.934367774562485766e-20
5.738441648302398244e+04 2.434758293735046085e-20
6.368249944718585903e+04 2.018604539121988968e-20
7.067181273927491566e+04 1.672014171468703333e-20
7.842822061337680498e+04 1.383618697604593952e-20
8.703591361485165544e+04 1.143847431678926981e-20
9.658832241158708348e+04 9.446866770055659506e-21
1.071891319205127511e+05 7.795481437631365026e-21
1.189534067370319535e+05 6.426834453669720991e-21
1.320088400831418112e+05 5.294392364688242513e-21
1.464971398307286145e+05 4.358479834741054334e-21
1.625755666443794908e+05 3.586487671197095799e-21
1.804186409392071655e+05 2.950229256655972498e-21
2.002200371815584658e+05 2.425756195687351558e-21
2.221946860939523904e+05 1.993846015446290397e-21
2.465811075822604180e+05 1.638035633337272836e-21
2.736439997074671555e+05 1.345125005431532295e-21
3.036771118035460822e+05 1.104111301195710420e-21
3.370064329271928291e+05 9.057631915289299891e-22
3.739937302478798083e+05 7.426200590975949187e-22
4.150404757850476308e+05 6.084879008385913232e-22
4.605922041145108524e+05 4.982517368398321148e-22
5.111433483440171112e+05 4.077187145236948585e-22
5.672426068491977639e+05 3.333550139675459105e-22
6.294988990221888525e+05 2.723281707081014504e-22
6.985879746785250027e+05 2.222699121330246324e-22
7.752597488629464060e+05 1.812248567985148982e-22
8.603464416684507160e+05 1.475921864267201393e-22
9.547716114208066138e+05 1.200603654331751753e-22
1.059560179277617019e+06 9.751938458598447561e-23
1.175849554052158026e+06 7.909359798789147775e-23
1.304901978014401859e+06 6.404708148422297966e-23
1.448118227674532915e+06 5.176561003623107708e-23
1.607052818261638284e+06 4.175585961662332160e-23
1.783430876931909472e+06 3.360268580756570314e-23
1.979166867853557458e+06 2.697718519810884504e-23
2.196385372416546568e+06 2.159719534761548914e-23
2.437444150122222025e+06 1.723937406701816966e-23
2.704959730463137385e+06 1.371566577780546181e-23
3.001835813575591892e+06 1.086768410458937270e-23
3.331294787934676744e+06 8.574112549478367513e-24
3.696912707195031922e+06 6.733628127100931992e-24
4.102658105827190448e+06 5.261827473333058175e-24
4.552935074866947718e+06 4.089743902506232234e-24
5.052631065335679799e+06 3.157452817186119274e-24
5.607169938205458224e+06 2.420671479967025096e-24
6.222570836730230600e+06 1.842585805956343941e-24
6.905513520162330940e+06 1.390641228228355739e-24
7.663410868007462472e+06 1.040224019036422285e-24
8.504489341802684590e+06 7.707508386400320057e-25
9.437878277775391936e+06 5.656760953604128495e-25
1.047370897959450819e+07 4.109427326115461453e-25
1.162322468679854274e+07 2.955077657130782338e-25
1.289890261253307760e+07 2.102590894745101788e-25
1.431458937523478456e+07 1.480366858528893494e-25
1.588565129428052530e+07 1.029592245689795936e-25
1.762914118095947802e+07 7.047621461710863038e-26
1.956398343517064676e+07 4.711602910846931747e-26
2.171117945694505423e+07 3.032901964052218558e-26
2.409403560239527002e+07 1.835211294242117479e-26
2.673841615839949250e+07 1.000028015865574951e-26
2.967302408188872784e+07 4.520622009019900257e-27
3.292971255097155273e+07 1.390609212473371383e-27
3.654383070957254618e+07 1.654289663593501124e-28
4.055460735840827972e+07 1.444740040583907767e-29
