1.000000000000000000e+02 4.251509185898035155e-13
1.109752496412072134e+02 3.649645152512587294e-13
1.231550603292826196e+02 3.130260501427518371e-13
1.366716356462005990e+02 2.679749398436747917e-13
1.516716888470922413e+02 2.291624364292417061e-13
1.683180353330956791e+02 1.955747451112416473e-13
1.867913599020782840e+02 1.667189387258986699e-13
2.072921779595371845e+02 1.418250417710672733e-13
2.300430119772916839e+02 1.204912652775842670e-13
2.552908068239516410e+02 1.021347343437135712e-13
2.833096101839323637e+02 8.647456734097442407e-14
3.144035471591500368e+02 7.304084050546456625e-14
3.489101213406774491e+02 6.163640637756750311e-14
3.872038781812557318e+02 5.188699790415633261e-14
4.297004704320843871e+02 4.363898218808589466e-14
4.768611697714468960e+02 3.662801613472667768e-14
5.291978735958442712e+02 3.070867335080040656e-14
5.872786613189482523e+02 2.571649758555985628e-14
6.517339604882420190e+02 2.150044438537309764e-14
7.232633896483533817e+02 1.796072882903564879e-14
8.026433522257173081e+02 1.499212881814144324e-14
8.907354638610439679e+02 1.250466073828675880e-14
9.884959046625587007e+02 1.041783886935224018e-14
1.096985797892383971e+03 8.679018795030151632e-15
1.217382727739662187e+03 7.222542399250250401e-15
1.350993521198027793e+03 6.010791677286232194e-15
1.499268432786045423e+03 4.997715089468170075e-15
1.663816886076128640e+03 4.154476462635521431e-15
1.846424942895544291e+03 3.451586270070950175e-15
2.049074689815845886e+03 2.866096584096086881e-15
2.273965752357927613e+03 2.378159695304124446e-15
2.523539170434765765e+03 1.972361148842025709e-15
2.800503894183631019e+03 1.634272036069485015e-15
3.107866187782013640e+03 1.352788033930269900e-15
3.448962260405759935e+03 1.119014607692955548e-15
3.827494478516314757e+03 9.242425047755635001e-16
4.247571552536898707e+03 7.630838025308091326e-16
4.713753134116724141e+03 6.288724946447393958e-16
5.231099308056262998e+03 5.180989239772182435e-16
5.805225516094896193e+03 4.261212143974680782e-16
6.442363508721369726e+03 3.503032594108127048e-16
7.149428986597576113e+03 2.876308468358233404e-16
7.934096665797491369e+03 2.360639321146273134e-16
8.804883581643463913e+03 1.936302879401969332e-16
9.771241535346502133e+03 1.587770774864133472e-16
1.084365968689610963e+04 1.301732677896208707e-16
1.203377840777589154e+04 1.067256308204585648e-16
1.335451562929898682e+04 8.754734492102756370e-17
1.482020705798858762e+04 7.182933267823774500e-17
1.644676177994664249e+04 5.896430252103043025e-17
1.825183494319044257e+04 4.843291930893323523e-17
2.025501939230666540e+04 3.983133759229041295e-17
2.247805833548725059e+04 3.275842863836831867e-17
2.494508135230316839e+04 2.697701525019195174e-17
2.768286630392066581e+04 2.222498948704980488e-17
3.072112998861759115e+04 1.831631453160102367e-17
3.409285069746814406e+04 1.510720023980463944e-17
3.783462617131928710e+04 1.245466833077812811e-17
4.198707084443910571e+04 1.026947744109281814e-17
4.659525668664683326e+04 8.469047177911663151e-18
5.170920242896761192e+04 6.977421889911062939e-18
5.738441648302398244e+04 5.743254445809367251e-18
6.368249944718585903e+04 4.724157452796541563e-18
7.067181273927491566e+04 3.880897047980802687e-18
7.842822061337680498e+04 3.183366494195784991e-18
8.703591361485165544e+04 2.606726642898224401e-18
9.658832241158708348e+04 2.131107516110886205e-18
1.071891319205127511e+05 1.738289908649047148e-18
1.189534067370319535e+05 1.414998207078350539e-18
1.320088400831418112e+05 1.148923347047109850e-18
1.464971398307286145e+05 9.307019743127138572e-19
1.625755666443794908e+05 7.521234516864739705e-19
1.804186409392071655e+05 6.064376831508922505e-19
2.002200371815584658e+05 4.877705403348313023e-19
2.221946860939523904e+05 3.915299378656407075e-19
2.465811075822604180e+05 3.137376471210605016e-19
2.736439997074671555e+05 2.509766709627089935e-19
3.036771118035460822e+05 2.005555960045563811e-19
3.370064329271928291e+05 1.600354836184520600e-19
3.739937302478798083e+05 1.275599847552687628e-19
4.150404757850476308e+05 1.015331482563826293e-19
4.605922041145108524e+05 8.073219786910220804e-20
5.111433483440171112e+05 6.402656221056830136e-20
5.672426068491977639e+05 5.070239707271381366e-20
6.294988990221888525e+05 4.003368901451774347e-20
6.985879746785250027e+05 3.152066165978373660e-20
7.752597488629464060e+05 2.473314489806575130e-20
8.603464416684507160e+05 1.933499768200836111e-20
9.547716114208066138e+05 1.505588129388495748e-20
1.059560179277617019e+06 1.167069350046739831e-20
1.175849554052158026e+06 9.006446081830418800e-21
1.304901978014401859e+06 6.920659657242484111e-21
1.448118227674532915e+06 5.282116175739380339e-21
1.607052818261638284e+06 4.011468808582890596e-21
1.783430876931909472e+06 3.030546392296507442e-21
1.979166867853557458e+06 2.276267501610418239e-21
2.196385372416546568e+06 1.697651846518783348e-21
2.437444150122222025e+06 1.259813432496675779e-21
2.704959730463137385e+06 9.287917113581495800e-22
3.001835813575591892e+06 6.785436554849880658e-22
3.331294787934676744e+06 4.932621323653135577e-22
3.696912707195031922e+06 3.552338420124808565e-22
4.102658105827190448e+06 2.535673165348314086e-22
4.552935074866947718e+06 1.782517969646080808e-22
5.052631065335679799e+06 1.237854240510392178e-22
5.607169938205458224e+06 8.441923636721376909e-23
6.222570836730230600e+06 5.615168154261291541e-23
6.905513520162330940e+06 3.630303351957477600e-23
7.663410868007462472e+06 2.253718237271678044e-23
8.504489341802684590e+06 1.336450157603311555e-23
9.437878277775391936e+06 7.466778149877201699e-24
1.047370897959450819e+07 3.879079234394350691e-24
1.162322468679854274e+07 1.851260262967676726e-24
1.289890261253307760e+07 8.071646163317396852e-25
1.431458937523478456e+07 3.266615003707798486e-25
1.588565129428052530e+07 1.275093363717167939e-25
1.762914118095947802e+07 5.236423984962503236e-26
1.956398343517064676e+07 2.542244236197788101e-26
2.171117945694505423e+07 1.509012493167873764e-26
2.409403560239527002e+07 9.987050520018063115e-27
2.673841615839949250e+07 6.835160768495722693e-27
2.967302408188872784e+07 4.690039112515919824e-27
3.292971255097155273e+07 3.210586422777302769e-27
3.654383070957254618e+07 2.185631868485924358e-27
4.055460735840827972e+07 1.477709217300574320e-27
4.500557675700496882e+07 9.885913812877577426e-28
4.994505115855139494e+07 6.541301702964558213e-28
5.542664520663107187e+07 4.263166408379061614e-28
6.150985788580504060e+07 2.727927674569227570e-28
6.826071834272393584e+07 1.703616589657357046e-28
7.575250258771920204e+07 1.033689670840272624e-28
8.406652885618332028e+07 6.041208387088172811e-29
9.329304026284696162e+07 3.360164192706875778e-29
1.035321843295663744e+08 1.752088546190967516e-29
1.148951000187308788e+08 8.405930688693826363e-30
1.275051240713012964e+08 3.599570480282176313e-30
1.414991297434575856e+08 1.285549789969161620e-30
1.570290124729377627e+08 2.622232125321233710e-31
1.742633386009651124e+08 7.342357499909084930e-34
1.933891750455232263e+08 2.510617427014321552e-139
