1.000000000000000000e+02 3.924678394787511479e-14
1.109752496412072134e+02 3.376347110917229653e-14
1.231550603292826196e+02 2.898090045447967637e-14
1.366716356462005990e+02 2.484697162685359399e-14
1.516716888470922413e+02 2.122165298270858771e-14
1.683180353330956791e+02 1.810317599893011132e-14
1.867913599020782840e+02 1.541078342532506207e-14
2.072921779595371845e+02 1.308250642156594679e-14
2.300430119772916839e+02 1.108503399034706514e-14
2.552908068239516410e+02 9.383263978444596073e-15
2.833096101839323637e+02 7.917457267813718911e-15
3.144035471591500368e+02 6.676923214733153450e-15
3.489101213406774491e+02 5.619116624550613060e-15
3.872038781812557318e+02 4.727030861375651600e-15
4.297004704320843871e+02 3.970084236590467476e-15
4.768611697714468960e+02 3.332649564630943956e-15
5.291978735958442712e+02 2.797206073412276878e-15
5.872786613189482523e+02 2.344669574976059623e-15
6.517339604882420190e+02 1.967752670550990143e-15
7.232633896483533817e+02 1.649503400686170800e-15
8.026433522257173081e+02 1.383642787688959430e-15
8.907354638610439679e+02 1.160074655098520527e-15
9.884959046625587007e+02 9.730184699493078589e-16
1.096985797892383971e+03 8.159020962674603735e-16
1.217382727739662187e+03 6.831290717589618037e-16
1.350993521198027793e+03 5.719688333203362744e-16
1.499268432786045423e+03 4.778748602540837409e-16
1.663816886076128640e+03 3.987793201103805413e-16
1.846424942895544291e+03 3.318820665645693337e-16
2.049074689815845886e+03 2.757010752605310040e-16
2.273965752357927613e+03 2.281269853066036806e-16
2.523539170434765765e+03 1.883108404060644685e-16
2.800503894183631019e+03 1.547423580088467599e-16
3.107866187782013640e+03 1.268005128824818387e-16
3.448962260405759935e+03 1.034183203236200238e-16
3.827494478516314757e+03 8.417305784602149708e-17
4.247571552536898707e+03 6.808108191442643367e-17
4.713753134116724141e+03 5.498966622721380759e-17
5.231099308056262998e+03 4.424285407276430944e-17
5.805225516094896193e+03 3.553831912070421091e-17
6.442363508721369726e+03 2.848716046154998781e-17
7.149428986597576113e+03 2.283079094496370766e-17
7.934096665797491369e+03 1.829535966956589449e-17
8.804883581643463913e+03 1.469539940297421230e-17
9.771241535346502133e+03 1.182028545821550343e-17
1.084365968689610963e+04 9.552177888466470141e-18
1.203377840777589154e+04 7.756815504206648109e-18
1.335451562929898682e+04 6.320543555052388470e-18
1.482020705798858762e+04 5.191560906739123465e-18
1.644676177994664249e+04 4.282069958483866540e-18
1.825183494319044257e+04 3.548364854270851946e-18
2.025501939230666540e+04 2.956403569672747261e-18
2.247805833548725059e+04 2.469058266041881888e-18
2.494508135230316839e+04 2.067978806372489922e-18
2.768286630392066581e+04 1.734828223351600583e-18
3.072112998861759115e+04 1.455113955673721006e-18
3.409285069746814406e+04 1.219325231025695176e-18
3.783462617131928710e+04 1.021018219178003179e-18
4.198707084443910571e+04 8.528529213576875567e-19
4.659525668664683326e+04 7.092815446672847251e-19
5.170920242896761192e+04 5.883017072988844686e-19
5.738441648302398244e+04 4.858373423143080750e-19
6.368249944718585903e+04 3.994115008886504028e-19
7.067181273927491566e+04 3.267976858940499678e-19
7.842822061337680498e+04 2.659680992764876527e-19
8.703591361485165544e+04 2.152049577535260779e-19
9.658832241158708348e+04 1.732246311661241271e-19
1.071891319205127511e+05 1.386706055046452438e-19
1.189534067370319535e+05 1.104728420140467962e-19
1.320088400831418112e+05 8.767667297210116591e-20
1.464971398307286145e+05 6.943758062107249915e-20
1.625755666443794908e+05 5.496513296563669401e-20
1.804186409392071655e+05 4.365888823242504581e-20
2.002200371815584658e+05 3.484424502566600172e-20
2.221946860939523904e+05 2.802661621787555570e-20
2.465811075822604180e+05 2.275128939562227007e-20
2.736439997074671555e+05 1.863921352677910267e-20
3.036771118035460822e+05 1.538628747972584397e-20
3.370064329271928291e+05 1.276836862708879886e-20
3.739937302478798083e+05 1.062729732593445238e-20
4.150404757850476308e+05 8.858224658107540731e-21
4.605922041145108524e+05 7.385291966196711881e-21
5.111433483440171112e+05 6.155826073726092719e-21
5.672426068491977639e+05 5.128674907333574221e-21
6.294988990221888525e+05 4.270318154672176836e-21
6.985879746785250027e+05 3.553390357768934520e-21
7.752597488629464060e+05 2.954794762665886893e-21
8.603464416684507160e+05 2.455496556099268942e-21
9.547716114208066138e+05 2.039101430350532845e-21
1.059560179277617019e+06 1.691948163550904433e-21
1.175849554052158026e+06 1.402846419790196773e-21
1.304901978014401859e+06 1.162280473276672794e-21
1.448118227674532915e+06 9.620434874557570135e-22
1.607052818261638284e+06 7.956872314614802686e-22
1.783430876931909472e+06 6.573928258802877051e-22
1.979166867853557458e+06 5.426655623884729507e-22
2.196385372416546568e+06 4.474143771010850766e-22
2.437444150122222025e+06 3.684559523729044877e-22
2.704959730463137385e+06 3.031334190562972835e-22
3.001835813575591892e+06 2.490262386461372095e-22
3.331294787934676744e+06 2.043215252900457394e-22
3.696912707195031922e+06 1.674111974479288917e-22
4.102658105827190448e+06 1.369325254215150321e-22
4.552935074866947718e+06 1.118190805270226545e-22
5.052631065335679799e+06 9.115399356789351002e-23
5.607169938205458224e+06 7.415324457318185240e-23
6.222570836730230600e+06 6.020661515153579352e-23
6.905513520162330940e+06 4.876052812520919215e-23
7.663410868007462472e+06 3.939706507339268773e-23
8.504489341802684590e+06 3.174393119091874654e-23
9.437878277775391936e+06 2.549979326706630625e-23
1.047370897959450819e+07 2.040659294373846469e-23
1.162322468679854274e+07 1.627352548990186121e-23
1.289890261253307760e+07 1.292595738917781788e-23
1.431458937523478456e+07 1.022169272299510081e-23
1.588565129428052530e+07 8.039112290596249350e-24
1.762914118095947802e+07 6.286119753088923019e-24
1.956398343517064676e+07 4.889204759402340089e-24
2.171117945694505423e+07 3.771715507057456120e-24
2.409403560239527002e+07 2.887934064214538053e-24
2.673841615839949250e+07 2.191335832090632184e-24
2.967302408188872784e+07 1.645672206885931216e-24
3.292971255097155273e+07 1.220977196974240244e-24
3.654383070957254618e+07 8.929292354438741602e-25
4.055460735840827972e+07 6.418426505789025462e-25
4.500557675700496882e+07 4.526947244365570241e-25
4.994505115855139494e+07 3.121689089792556856e-25
5.542664520663107187e+07 2.096553456777332313e-25
6.150985788580504060e+07 1.363802576839686557e-25
6.826071834272393584e+07 8.548590352524989382e-26
7.575250258771920204e+07 5.122717636392173063e-26
8.406652885618332028e+07 2.902378886867667201e-26
9.329304026284696162e+07 1.521350460186828356e-26
1.035321843295663744e+08 6.937799208615621760e-27
1.148951000187308788e+08 2.244052559982536498e-27
1.275051240713012964e+08 1.723058629557941296e-28
