1.000000000000000000e+02 2.925261689430710363e-16
1.109752496412072134e+02 2.550627502475237409e-16
1.231550603292826196e+02 2.221825435746010463e-16
1.366716356462005990e+02 1.934529045828638009e-16
1.516716888470922413e+02 1.682553686913809218e-16
1.683180353330956791e+02 1.462472786042507069e-16
1.867913599020782840e+02 1.269754239048907236e-16
2.072921779595371845e+02 1.101514853865584629e-16
2.300430119772916839e+02 9.545095167388143235e-17
2.552908068239516410e+02 8.263338506882423683e-17
2.833096101839323637e+02 7.145367954861996337e-17
3.144035471591500368e+02 6.173157945112163187e-17
3.489101213406774491e+02 5.326466188798614858e-17
3.872038781812557318e+02 4.591841025581975104e-17
4.297004704320843871e+02 3.953177341129087873e-17
4.768611697714468960e+02 3.400632982213361331e-17
5.291978735958442712e+02 2.921429401207814463e-17
5.872786613189482523e+02 2.508014259666845243e-17
6.517339604882420190e+02 2.150278230132563309e-17
7.232633896483533817e+02 1.842420159551812204e-17
8.026433522257173081e+02 1.576876816200974369e-17
8.907354638610439679e+02 1.348816512413483517e-17
9.884959046625587007e+02 1.152669146123007417e-17
1.096985797892383971e+03 9.845128177304283369e-18
1.217382727739662187e+03 8.403118364655213659e-18
1.350993521198027793e+03 7.169165639136182869e-18
1.499268432786045423e+03 6.113794788863109651e-18
1.663816886076128640e+03 5.211499439125031266e-18
1.846424942895544291e+03 4.441150597649738993e-18
2.049074689815845886e+03 3.783902448051195848e-18
2.273965752357927613e+03 3.223906612640339077e-18
2.523539170434765765e+03 2.746862307850893325e-18
2.800503894183631019e+03 2.340906448205372343e-18
3.107866187782013640e+03 1.995294787652767757e-18
3.448962260405759935e+03 1.700936126052121684e-18
3.827494478516314757e+03 1.450307308081205549e-18
4.247571552536898707e+03 1.236694803648191267e-18
4.713753134116724141e+03 1.054351077767977825e-18
5.231099308056262998e+03 8.987558803862414917e-19
5.805225516094896193e+03 7.658681326186865649e-19
6.442363508721369726e+03 6.524663365714856584e-19
7.149428986597576113e+03 5.556620652539048405e-19
7.934096665797491369e+03 4.729933928295839678e-19
8.804883581643463913e+03 4.024785777238165736e-19
9.771241535346502133e+03 3.423630683881985147e-19
1.084365968689610963e+04 2.910646368944877921e-19
1.203377840777589154e+04 2.473497591481551544e-19
1.335451562929898682e+04 2.100825236137168753e-19
1.482020705798858762e+04 1.783377862124373937e-19
1.644676177994664249e+04 1.512907127080295824e-19
1.825183494319044257e+04 1.282526453513928579e-19
2.025501939230666540e+04 1.086873396606029306e-19
2.247805833548725059e+04 9.198301107339466362e-20
2.494508135230316839e+04 7.778988504333679225e-20
2.768286630392066581e+04 6.576290501412533672e-20
3.072112998861759115e+04 5.547409782062281353e-20
3.409285069746814406e+04 4.677848477039997400e-20
3.783462617131928710e+04 3.940417924037608180e-20
4.198707084443910571e+04 3.310628647389044364e-20
4.659525668664683326e+04 2.780623164263011435e-20
5.170920242896761192e+04 2.329283547245782144e-20
5.738441648302398244e+04 1.948168417759367524e-20
6.368249944718585903e+04 1.627129939711773738e-20
7.067181273927491566e+04 1.353896337536296679e-20
7.842822061337680498e+04 1.124394187025947310e-20
8.703591361485165544e+04 9.309920495728455996e-21
9.658832241158708348e+04 7.684936062289112187e-21
1.071891319205127511e+05 6.327150805362478769e-21
1.189534067370319535e+05 5.180183085601053769e-21
1.320088400831418112e+05 4.229783716414100669e-21
1.464971398307286145e+05 3.435287281286103581e-21
1.625755666443794908e+05 2.777411398280320757e-21
1.804186409392071655e+05 2.232286195923155856e-21
2.002200371815584658e+05 1.783498047891963465e-21
2.221946860939523904e+05 1.418598089935063467e-21
2.465811075822604180e+05 1.117822640445237927e-21
2.736439997074671555e+05 8.770840646508165785e-22
3.036771118035460822e+05 6.800813578795173866e-22
3.370064329271928291e+05 5.249787280930123567e-22
3.739937302478798083e+05 4.008125355802663702e-22
4.150404757850476308e+05 3.038222976147170438e-22
4.605922041145108524e+05 2.285716432679734161e-22
5.111433483440171112e+05 1.705462499355606768e-22
5.672426068491977639e+05 1.264020426387158983e-22
6.294988990221888525e+05 9.314453965746415072e-23
6.985879746785250027e+05 6.832630979900660865e-23
7.752597488629464060e+05 4.995713844399562475e-23
8.603464416684507160e+05 3.659278676423269957e-23
9.547716114208066138e+05 2.681220660289706475e-23
1.059560179277617019e+06 1.968048316317485307e-23
1.175849554052158026e+06 1.453559818179792057e-23
1.304901978014401859e+06 1.074504825442867724e-23
1.448118227674532915e+06 7.931499291760279548e-24
1.607052818261638284e+06 5.873469966770688004e-24
1.783430876931909472e+06 4.309020264288118441e-24
1.979166867853557458e+06 3.111321038809801734e-24
2.196385372416546568e+06 2.225215860285978644e-24
2.437444150122222025e+06 1.571678089003703348e-24
2.704959730463137385e+06 1.068880038871459833e-24
3.001835813575591892e+06 7.084311714499700353e-25
3.331294787934676744e+06 4.550001323928200072e-25
3.696912707195031922e+06 2.829823294566323786e-25
4.102658105827190448e+06 1.700536737340383508e-25
4.552935074866947718e+06 9.848458926486531510e-26
5.052631065335679799e+06 5.533982406508512410e-26
5.607169938205458224e+06 3.028085424897249310e-26
6.222570836730230600e+06 1.594518678367896479e-26
6.905513520162330940e+06 7.773498784192113151e-27
7.663410868007462472e+06 3.268672675073330553e-27
8.504489341802684590e+06 1.100363985656839906e-27
9.437878277775391936e+06 2.913798017557024838e-28
1.047370897959450819e+07 6.133078793620240953e-29
1.162322468679854274e+07 1.012333770335440116e-29
1.289890261253307760e+07 1.290158472272933007e-30
1.431458937523478456e+07 1.250108893852839577e-31
1.588565129428052530e+07 9.055944889203769950e-33
1.762914118095947802e+07 4.815291031187820281e-34
1.956398343517064676e+07 1.840685019883226533e-35
2.171117945694505423e+07 4.941399985919963309e-37
2.409403560239527002e+07 9.067432518363836288e-39
2.673841615839949250e+07 1.100843515877650402e-40
2.967302408188872784e+07 8.506787115717816076e-43
3.292971255097155273e+07 4.002588826149470649e-45
3.654383070957254618e+07 1.098837411917606245e-47
4.055460735840827972e+07 1.668210221892498448e-50
4.500557675700496882e+07 1.312473496548102955e-53
4.994505115855139494e+07 4.954852354745451003e-57
5.542664520663107187e+07 8.250133774652527435e-61
6.150985788580504060e+07 5.373519608395019146e-65
6.826071834272393584e+07 1.231100563038845332e-69
7.575250258771920204e+07 8.506152852746188427e-75
8.406652885618332028e+07 1.474622550662556444e-80
9.329304026284696162e+07 5.075488691781648009e-87
1.035321843295663744e+08 2.509953343486583929e-94
1.148951000187308788e+08 6.483815463550871099e-103
