1.000000000000000000e+02 1.548363942799700938e-16
1.109752496412072134e+02 1.336184607825711161e-16
1.231550603292826196e+02 1.152963074793700983e-16
1.366716356462005990e+02 9.945565661580153032e-17
1.516716888470922413e+02 8.576224136862472739e-17
1.683180353330956791e+02 7.391835281053910317e-17
1.867913599020782840e+02 6.366709290963452685e-17
2.072921779595371845e+02 5.480214497256100814e-17
2.300430119772916839e+02 4.712710838099791566e-17
2.552908068239516410e+02 4.048389791384319900e-17
2.833096101839323637e+02 3.474353550131807608e-17
3.144035471591500368e+02 2.978551720835258808e-17
3.489101213406774491e+02 2.550701231082525003e-17
3.872038781812557318e+02 2.182098192417003442e-17
4.297004704320843871e+02 1.864827053014764698e-17
4.768611697714468960e+02 1.592011174281420494e-17
5.291978735958442712e+02 1.358225410986315437e-17
5.872786613189482523e+02 1.157736641189062780e-17
6.517339604882420190e+02 9.865744184149957829e-18
7.232633896483533817e+02 8.402591005406455167e-18
8.026433522257173081e+02 7.156910954745840205e-18
8.907354638610439679e+02 6.096420012454334548e-18
9.884959046625587007e+02 5.193848860641641328e-18
1.096985797892383971e+03 4.426405970651776588e-18
1.217382727739662187e+03 3.773291985206837185e-18
1.350993521198027793e+03 3.217075585590694879e-18
1.499268432786045423e+03 2.743081740561743532e-18
1.663816886076128640e+03 2.338841675266946930e-18
1.846424942895544291e+03 1.993475812904751306e-18
2.049074689815845886e+03 1.698792037326478509e-18
2.273965752357927613e+03 1.446797534537997270e-18
2.523539170434765765e+03 1.231530695077929491e-18
2.800503894183631019e+03 1.047794019985107872e-18
3.107866187782013640e+03 8.908810379449214086e-19
3.448962260405759935e+03 7.571159098208184524e-19
3.827494478516314757e+03 6.430147071098227583e-19
4.247571552536898707e+03 5.457807131261287941e-19
4.713753134116724141e+03 4.629451300227696176e-19
5.231099308056262998e+03 3.924304076251884780e-19
5.805225516094896193e+03 3.324053523681108226e-19
6.442363508721369726e+03 2.813641948947525690e-19
7.149428986597576113e+03 2.380257045688817638e-19
7.934096665797491369e+03 2.011689635638141186e-19
8.804883581643463913e+03 1.698554855416612658e-19
9.771241535346502133e+03 1.433268779626149557e-19
1.084365968689610963e+04 1.208017379078504756e-19
1.203377840777589154e+04 1.017244298391724802e-19
1.335451562929898682e+04 8.559834983644160799e-20
1.482020705798858762e+04 7.191295282485986301e-20
1.644676177994664249e+04 6.036934495847532229e-20
1.825183494319044257e+04 5.063336726478004876e-20
2.025501939230666540e+04 4.239517553411984660e-20
2.247805833548725059e+04 3.547690213402141925e-20
2.494508135230316839e+04 2.965570540051661048e-20
2.768286630392066581e+04 2.475476915644159658e-20
3.072112998861759115e+04 2.064460446666996527e-20
3.409285069746814406e+04 1.720471430570918622e-20
3.783462617131928710e+04 1.432137634414000164e-20
4.198707084443910571e+04 1.190974219329195238e-20
4.659525668664683326e+04 9.896484741355815366e-21
5.170920242896761192e+04 8.217535072139017269e-21
5.738441648302398244e+04 6.818532349726783876e-21
6.368249944718585903e+04 5.652579555286739642e-21
7.067181273927491566e+04 4.683291579009105283e-21
7.842822061337680498e+04 3.876918664834599727e-21
8.703591361485165544e+04 3.207296455500279396e-21
9.658832241158708348e+04 2.651507028407102610e-21
1.071891319205127511e+05 2.189674281325575678e-21
1.189534067370319535e+05 1.806834848551798781e-21
1.320088400831418112e+05 1.489580672144407955e-21
1.464971398307286145e+05 1.226882132002989818e-21
1.625755666443794908e+05 1.009338180079102187e-21
1.804186409392071655e+05 8.294754961352602771e-22
2.002200371815584658e+05 6.808279660311965125e-22
2.221946860939523904e+05 5.580784416310031695e-22
2.465811075822604180e+05 4.569059922131057993e-22
2.736439997074671555e+05 3.734828836281379301e-22
3.036771118035460822e+05 3.048625387270763540e-22
3.370064329271928291e+05 2.485005215367414705e-22
3.739937302478798083e+05 2.022247617371249342e-22
4.150404757850476308e+05 1.643332989243153205e-22
4.605922041145108524e+05 1.333687793895887077e-22
5.111433483440171112e+05 1.081016121169675288e-22
5.672426068491977639e+05 8.751820673133751858e-23
6.294988990221888525e+05 7.077469596078452167e-23
6.985879746785250027e+05 5.717206690219548007e-23
7.752597488629464060e+05 4.612204319444625705e-23
8.603464416684507160e+05 3.716255961139835690e-23
9.547716114208066138e+05 2.990325206972999296e-23
1.059560179277617019e+06 2.403299519933010672e-23
1.175849554052158026e+06 1.928324929014175254e-23
1.304901978014401859e+06 1.544959690417524594e-23
1.448118227674532915e+06 1.236034545872534707e-23
1.607052818261638284e+06 9.873118041946670668e-24
1.783430876931909472e+06 7.871286083810240371e-24
1.979166867853557458e+06 6.265259748244585246e-24
2.196385372416546568e+06 4.977217946016101529e-24
2.437444150122222025e+06 3.946935803474005925e-24
2.704959730463137385e+06 3.123045398743617952e-24
3.001835813575591892e+06 2.465960903542176954e-24
3.331294787934676744e+06 1.942805388738870663e-24
3.696912707195031922e+06 1.526893463266673192e-24
4.102658105827190448e+06 1.197065368707161668e-24
4.552935074866947718e+06 9.359874140414250899e-25
5.052631065335679799e+06 7.298131152287781195e-25
5.607169938205458224e+06 5.673605384870273661e-25
6.222570836730230600e+06 4.396429171220454969e-25
6.905513520162330940e+06 3.395866571138122781e-25
7.663410868007462472e+06 2.613374978788625797e-25
8.504489341802684590e+06 2.003070615631534739e-25
9.437878277775391936e+06 1.528889336574774897e-25
1.047370897959450819e+07 1.161809954407222246e-25
1.162322468679854274e+07 8.786190771393836355e-26
1.289890261253307760e+07 6.610303005888795602e-26
1.431458937523478456e+07 4.941745843933835780e-26
1.588565129428052530e+07 3.671126450578364612e-26
1.762914118095947802e+07 2.709073088425793112e-26
1.956398343517064676e+07 1.982502774261312582e-26
2.171117945694505423e+07 1.438346906937013318e-26
2.409403560239527002e+07 1.033046461130596128e-26
2.673841615839949250e+07 7.337112873579401278e-27
2.967302408188872784e+07 5.145110468205000174e-27
3.292971255097155273e+07 3.554730366037765883e-27
3.654383070957254618e+07 2.413666534336656416e-27
4.055460735840827972e+07 1.606622355607888373e-27
4.500557675700496882e+07 1.044456638865309147e-27
4.994505115855139494e+07 6.603245150611021537e-28
5.542664520663107187e+07 4.039482458982588709e-28
6.150985788580504060e+07 2.376637186547594189e-28
6.826071834272393584e+07 1.333900064848512860e-28
7.575250258771920204e+07 7.047479984811316036e-29
8.406652885618332028e+07 3.392304705404345592e-29
9.329304026284696162e+07 1.348072877389143070e-29
1.035321843295663744e+08 3.057641529434792212e-30
1.148951000187308788e+08 2.443981951867674603e-32
