1.000000000000000000e+02 6.984301239199631435e-14
1.109752496412072134e+02 6.062240685292419249e-14
1.231550603292826196e+02 5.257023278649690320e-14
1.366716356462005990e+02 4.553566756322602288e-14
1.516716888470922413e+02 3.940358797758592368e-14
1.683180353330956791e+02 3.406662836335520355e-14
1.867913599020782840e+02 2.942098984953854090e-14
2.072921779595371845e+02 2.538483936757708260e-14
2.300430119772916839e+02 2.188199331270835494e-14
2.552908068239516410e+02 1.884190169434187311e-14
2.833096101839323637e+02 1.621578717508450089e-14
3.144035471591500368e+02 1.394142708900193195e-14
3.489101213406774491e+02 1.197356732394127522e-14
3.872038781812557318e+02 1.027737170526327176e-14
4.297004704320843871e+02 8.813579909713823298e-15
4.768611697714468960e+02 7.552563187400783011e-15
5.291978735958442712e+02 6.465441664100447015e-15
5.872786613189482523e+02 5.530488280976047319e-15
6.517339604882420190e+02 4.726939984991739298e-15
7.232633896483533817e+02 4.035826336640966186e-15
8.026433522257173081e+02 3.442602870143044785e-15
8.907354638610439679e+02 2.933670083197617098e-15
9.884959046625587007e+02 2.497171364744252931e-15
1.096985797892383971e+03 2.122891286864933675e-15
1.217382727739662187e+03 1.803231900381855191e-15
1.350993521198027793e+03 1.529631182444937856e-15
1.499268432786045423e+03 1.295843722656844175e-15
1.663816886076128640e+03 1.096721568088947690e-15
1.846424942895544291e+03 9.268815406925990732e-16
2.049074689815845886e+03 7.825304512408738011e-16
2.273965752357927613e+03 6.597905671567032302e-16
2.523539170434765765e+03 5.557360918923041052e-16
2.800503894183631019e+03 4.675439715102791094e-16
3.107866187782013640e+03 3.929498251563388576e-16
3.448962260405759935e+03 3.300007192982596670e-16
3.827494478516314757e+03 2.767706228001639363e-16
4.247571552536898707e+03 2.320975619337054606e-16
4.713753134116724141e+03 1.944023952688343067e-16
5.231099308056262998e+03 1.627782282729765530e-16
5.805225516094896193e+03 1.362099791412713383e-16
6.442363508721369726e+03 1.139270549104570614e-16
7.149428986597576113e+03 9.524622588097628814e-17
7.934096665797491369e+03 7.959427471101745678e-17
8.804883581643463913e+03 6.649676365247487581e-17
9.771241535346502133e+03 5.553452750500384128e-17
1.084365968689610963e+04 4.635675096522482090e-17
1.203377840777589154e+04 3.867931647819737523e-17
1.335451562929898682e+04 3.226478120954095256e-17
1.482020705798858762e+04 2.689796054361320563e-17
1.644676177994664249e+04 2.241523044452566996e-17
1.825183494319044257e+04 1.866947549085247943e-17
2.025501939230666540e+04 1.553822707527693496e-17
2.247805833548725059e+04 1.292476079794591760e-17
2.494508135230316839e+04 1.074325128996461018e-17
2.768286630392066581e+04 8.921932012323483424e-18
3.072112998861759115e+04 7.403119610917480230e-18
3.409285069746814406e+04 6.137331935786647836e-18
3.783462617131928710e+04 5.082516832749997896e-18
4.198707084443910571e+04 4.204494694720025207e-18
4.659525668664683326e+04 3.473832901985943845e-18
5.170920242896761192e+04 2.866344887953790326e-18
5.738441648302398244e+04 2.362173958266560287e-18
6.368249944718585903e+04 1.943689189706452127e-18
7.067181273927491566e+04 1.596767256796598542e-18
7.842822061337680498e+04 1.310037524467819582e-18
8.703591361485165544e+04 1.072901087132468391e-18
9.658832241158708348e+04 8.770553501678872165e-19
1.071891319205127511e+05 7.159456400076990727e-19
1.189534067370319535e+05 5.833969604067327167e-19
1.320088400831418112e+05 4.746548372694789746e-19
1.464971398307286145e+05 3.856256017368408857e-19
1.625755666443794908e+05 3.128776074600383357e-19
1.804186409392071655e+05 2.535722809556285367e-19
2.002200371815584658e+05 2.053120090879107080e-19
2.221946860939523904e+05 1.660624333629259623e-19
2.465811075822604180e+05 1.342024747330845762e-19
2.736439997074671555e+05 1.083373882902605526e-19
3.036771118035460822e+05 8.736507912182333074e-20
3.370064329271928291e+05 7.038151088013864691e-20
3.739937302478798083e+05 5.663153705419817588e-20
4.150404757850476308e+05 4.551456821735779117e-20
4.605922041145108524e+05 3.653425175304540730e-20
5.111433483440171112e+05 2.928959035153341893e-20
5.672426068491977639e+05 2.345249280982821170e-20
6.294988990221888525e+05 1.875454317518001520e-20
6.985879746785250027e+05 1.497586328127301532e-20
7.752597488629464060e+05 1.194164832194498784e-20
8.603464416684507160e+05 9.508630651959835432e-21
9.547716114208066138e+05 7.559935376770332560e-21
1.059560179277617019e+06 6.001174852427265198e-21
1.175849554052158026e+06 4.756300030369929584e-21
1.304901978014401859e+06 3.763397045930355178e-21
1.448118227674532915e+06 2.973115542207808690e-21
1.607052818261638284e+06 2.344601372207930489e-21
1.783430876931909472e+06 1.845763514300023391e-21
1.979166867853557458e+06 1.450503663677416492e-21
2.196385372416546568e+06 1.137847914123404286e-21
2.437444150122222025e+06 8.910118383890170513e-22
2.704959730463137385e+06 6.962605672235512758e-22
3.001835813575591892e+06 5.431071802532115106e-22
3.331294787934676744e+06 4.227768270874166852e-22
3.696912707195031922e+06 3.284784190353886675e-22
4.102658105827190448e+06 2.546668220535959251e-22
4.552935074866947718e+06 1.970684030132052383e-22
5.052631065335679799e+06 1.521564802233081596e-22
5.607169938205458224e+06 1.172414241665486920e-22
6.222570836730230600e+06 9.013288831101190924e-23
6.905513520162330940e+06 6.914977396186534514e-23
7.663410868007462472e+06 5.293113660283944419e-23
8.504489341802684590e+06 4.042976697736229600e-23
9.437878277775391936e+06 3.081362024364521410e-23
1.047370897959450819e+07 2.342541802047180582e-23
1.162322468679854274e+07 1.776923796578141311e-23
1.289890261253307760e+07 1.344978452307151323e-23
1.431458937523478456e+07 1.015577578221757003e-23
1.588565129428052530e+07 7.650389716486361652e-24
1.762914118095947802e+07 5.749841779838560738e-24
1.956398343517064676e+07 4.310777977398900839e-24
2.171117945694505423e+07 3.224756911249026346e-24
2.409403560239527002e+07 2.406001764467223544e-24
2.673841615839949250e+07 1.790778587114835594e-24
2.967302408188872784e+07 1.329776943374615914e-24
3.292971255097155273e+07 9.851076940748066016e-25
3.654383070957254618e+07 7.278667570655478835e-25
4.055460735840827972e+07 5.364369787931811952e-25
4.500557675700496882e+07 3.943228285985251330e-25
4.994505115855139494e+07 2.891084463787697762e-25
5.542664520663107187e+07 2.114008350205842244e-25
6.150985788580504060e+07 1.541596592510588590e-25
6.826071834272393584e+07 1.120913227576390800e-25
7.575250258771920204e+07 8.125662265941720194e-26
8.406652885618332028e+07 5.872141357124349576e-26
9.329304026284696162e+07 4.229389426627228464e-26
1.035321843295663744e+08 3.036659042381040994e-26
1.148951000187308788e+08 2.171600364119675934e-26
1.275051240713012964e+08 1.546954211738717589e-26
1.414991297434575856e+08 1.097097337710007997e-26
1.570290124729377627e+08 7.742820405178082799e-27
1.742633386009651124e+08 5.435011005854238781e-27
1.933891750455232263e+08 3.792033232227246194e-27
2.146141197858406007e+08 2.627051532395985078e-27
2.381685551976160705e+08 1.805102018323187834e-27
2.643081486974108517e+08 1.228580286218446164e-27
2.933166278390048146e+08 8.265816119964862830e-28
3.255088599835056663e+08 5.484905181086603902e-28
3.612342699709430337e+08 3.577172530984345964e-28
4.008806328898465633e+08 2.282463521142618995e-28
4.448782831127585173e+08 1.415119478362747215e-28
4.937047852839003801e+08 8.437252064925602932e-29
5.478901179593944550e+08 4.756913399430541158e-29
6.080224261649426222e+08 2.459710924605976499e-29
6.747544053110699654e+08 1.097556253826611981e-29
7.488103857590031624e+08 3.643773540490444923e-30
8.309941949353404045e+08 5.984873405404747176e-31
