1.000000000000000000e+02 4.268074050748080743e-11
1.109752496412072134e+02 3.515623324564865495e-11
1.231550603292826196e+02 2.895314477195675839e-11
1.366716356462005990e+02 2.392609531065992797e-11
1.516716888470922413e+02 1.977040422641860492e-11
1.683180353330956791e+02 1.639597130731170833e-11
1.867913599020782840e+02 1.360026068693401544e-11
2.072921779595371845e+02 1.129868074400519926e-11
2.300430119772916839e+02 9.395566842649567579e-12
2.552908068239516410e+02 7.812854543945866689e-12
2.833096101839323637e+02 6.494776305458886569e-12
3.144035471591500368e+02 5.390355454933368448e-12
3.489101213406774491e+02 4.471866323686460519e-12
3.872038781812557318e+02 3.700113671131480015e-12
4.297004704320843871e+02 3.053614327036110756e-12
4.768611697714468960e+02 2.513112890676727803e-12
5.291978735958442712e+02 2.060915674225797311e-12
5.872786613189482523e+02 1.684676175131334976e-12
6.517339604882420190e+02 1.372658638539573927e-12
7.232633896483533817e+02 1.115057899631033115e-12
8.026433522257173081e+02 9.029017129824369353e-13
8.907354638610439679e+02 7.289610725356961443e-13
9.884959046625587007e+02 5.871727017461703514e-13
1.096985797892383971e+03 4.722772149215639624e-13
1.217382727739662187e+03 3.795709772240001078e-13
1.350993521198027793e+03 3.051113301461856443e-13
1.499268432786045423e+03 2.454516670619750718e-13
1.663816886076128640e+03 1.978526733444025623e-13
1.846424942895544291e+03 1.599308622590701405e-13
2.049074689815845886e+03 1.298542510751638488e-13
2.273965752357927613e+03 1.057925442393079536e-13
2.523539170434765765e+03 8.670407813374548171e-14
2.800503894183631019e+03 7.130830226557363745e-14
3.107866187782013640e+03 5.903525143570428310e-14
3.448962260405759935e+03 4.899022963747780754e-14
3.827494478516314757e+03 4.084254697170472207e-14
4.247571552536898707e+03 3.415258861967865841e-14
4.713753134116724141e+03 2.860233519090288299e-14
5.231099308056262998e+03 2.399756876366387177e-14
5.805225516094896193e+03 2.012279761950761664e-14
6.442363508721369726e+03 1.688767879181718936e-14
7.149428986597576113e+03 1.414679529439099652e-14
7.934096665797491369e+03 1.183355978986426996e-14
8.804883581643463913e+03 9.873824236895437121e-15
9.771241535346502133e+03 8.217908498118650093e-15
1.084365968689610963e+04 6.820793870991278904e-15
1.203377840777589154e+04 5.640626869012136393e-15
1.335451562929898682e+04 4.640991339134645086e-15
1.482020705798858762e+04 3.804388486755264181e-15
1.644676177994664249e+04 3.106897331678559282e-15
1.825183494319044257e+04 2.524656116477344582e-15
2.025501939230666540e+04 2.038290545681684424e-15
2.247805833548725059e+04 1.634470217815338738e-15
2.494508135230316839e+04 1.304715360835948481e-15
2.768286630392066581e+04 1.036052424889665674e-15
3.072112998861759115e+04 8.151847868260859806e-16
3.409285069746814406e+04 6.376711001367987018e-16
3.783462617131928710e+04 4.946661761931159380e-16
4.198707084443910571e+04 3.814021266211794251e-16
4.659525668664683326e+04 2.918453648897444075e-16
5.170920242896761192e+04 2.219924391475593598e-16
5.738441648302398244e+04 1.679114420520755460e-16
6.368249944718585903e+04 1.263388838539620329e-16
7.067181273927491566e+04 9.478261476959927527e-17
7.842822061337680498e+04 7.107533606492683677e-17
8.703591361485165544e+04 5.350140302686039749e-17
9.658832241158708348e+04 4.061596623960000923e-17
1.071891319205127511e+05 3.124106253391703449e-17
1.189534067370319535e+05 2.440040584667315353e-17
1.320088400831418112e+05 1.931860485371963692e-17
1.464971398307286145e+05 1.542809149799948792e-17
1.625755666443794908e+05 1.237714629675638476e-17
1.804186409392071655e+05 9.944596923494973794e-18
2.002200371815584658e+05 7.989638233764323945e-18
2.221946860939523904e+05 6.411288913139598760e-18
2.465811075822604180e+05 5.138279367413229329e-18
2.736439997074671555e+05 4.112068359044512133e-18
3.036771118035460822e+05 3.287454762976531718e-18
3.370064329271928291e+05 2.626396029559969516e-18
3.739937302478798083e+05 2.096502254198334334e-18
4.150404757850476308e+05 1.672305383566376373e-18
4.605922041145108524e+05 1.332777835157510478e-18
5.111433483440171112e+05 1.061125921596625618e-18
5.672426068491977639e+05 8.441695123802325020e-19
6.294988990221888525e+05 6.707946849648695432e-19
6.985879746785250027e+05 5.324043969652388506e-19
7.752597488629464060e+05 4.221224488356162478e-19
8.603464416684507160e+05 3.342434928821867922e-19
9.547716114208066138e+05 2.643060134177403559e-19
1.059560179277617019e+06 2.086961292450147588e-19
1.175849554052158026e+06 1.645533255591134693e-19
1.304901978014401859e+06 1.295511737341707097e-19
1.448118227674532915e+06 1.018237535953562636e-19
1.607052818261638284e+06 7.989587724671962071e-20
1.783430876931909472e+06 6.257330521963726435e-20
1.979166867853557458e+06 4.890597879217282733e-20
2.196385372416546568e+06 3.815720522272218616e-20
2.437444150122222025e+06 2.970454315686011156e-20
2.704959730463137385e+06 2.307502002469383329e-20
3.001835813575591892e+06 1.788076241237159752e-20
3.331294787934676744e+06 1.382732117216050669e-20
3.696912707195031922e+06 1.066129284012305656e-20
4.102658105827190448e+06 8.199744142119483926e-21
4.552935074866947718e+06 6.288427985151952851e-21
5.052631065335679799e+06 4.807322133002028408e-21
5.607169938205458224e+06 3.663440571811641197e-21
6.222570836730230600e+06 2.782471335381407674e-21
6.905513520162330940e+06 2.106063144551556115e-21
7.663410868007462472e+06 1.588137959339394637e-21
8.504489341802684590e+06 1.192740489841759094e-21
9.437878277775391936e+06 8.921028145076436572e-22
1.047370897959450819e+07 6.643333510093547442e-22
1.162322468679854274e+07 4.925622456748331011e-22
1.289890261253307760e+07 3.633143309483101052e-22
1.431458937523478456e+07 2.665994414766466036e-22
1.588565129428052530e+07 1.946090591361181734e-22
1.762914118095947802e+07 1.412807563775144002e-22
1.956398343517064676e+07 1.018350294903084940e-22
2.171117945694505423e+07 7.288979538211890721e-23
2.409403560239527002e+07 5.186234510977098232e-23
2.673841615839949250e+07 3.653654496516592464e-23
2.967302408188872784e+07 2.553257242505078850e-23
3.292971255097155273e+07 1.766644973488335839e-23
3.654383070957254618e+07 1.207009826058184941e-23
4.055460735840827972e+07 8.143703994040291400e-24
4.500557675700496882e+07 5.410633988226536689e-24
4.994505115855139494e+07 3.526780845105871186e-24
5.542664520663107187e+07 2.251684472785148045e-24
6.150985788580504060e+07 1.397848100751311355e-24
6.826071834272393584e+07 8.407202825010032766e-25
7.575250258771920204e+07 4.856918255697777737e-25
8.406652885618332028e+07 2.669745116692638146e-25
9.329304026284696162e+07 1.378275433117242677e-25
1.035321843295663744e+08 6.564396796998650895e-26
1.148951000187308788e+08 2.821061283404897975e-26
1.275051240713012964e+08 1.052282728585838929e-26
1.414991297434575856e+08 2.882134044626421769e-27
1.570290124729377627e+08 1.700311844108264323e-28
1.742633386009651124e+08 1.738549132173847342e-31
1.933891750455232263e+08 2.734777801236189737e-47
2.146141197858406007e+08 6.964706185487077815e-79
