1.000000000000000000e+02 6.037109165403864392e-16
1.109752496412072134e+02 5.071719955766162529e-16
1.231550603292826196e+02 4.267381073435597649e-16
1.366716356462005990e+02 3.547469736774037424e-16
1.516716888470922413e+02 2.952852391071275686e-16
1.683180353330956791e+02 2.431470045435583391e-16
1.867913599020782840e+02 2.002440322327087453e-16
2.072921779595371845e+02 1.634296584257645231e-16
2.300430119772916839e+02 1.328911350655268481e-16
2.552908068239516410e+02 1.075449035269895006e-16
2.833096101839323637e+02 8.706502219586442695e-17
3.144035471591500368e+02 7.009086975537120076e-17
3.489101213406774491e+02 5.646568448971467029e-17
3.872038781812557318e+02 4.554731766111534683e-17
4.297004704320843871e+02 3.685936224639374860e-17
4.768611697714468960e+02 2.999085137057499421e-17
5.291978735958442712e+02 2.456180049837942885e-17
5.872786613189482523e+02 2.030515619397692640e-17
6.517339604882420190e+02 1.695368573550573299e-17
7.232633896483533817e+02 1.430409390736400599e-17
8.026433522257173081e+02 1.218608100802861052e-17
8.907354638610439679e+02 1.048532671229436504e-17
9.884959046625587007e+02 9.090971712885903173e-18
1.096985797892383971e+03 7.960476512421613399e-18
1.217382727739662187e+03 6.955901656963700440e-18
1.350993521198027793e+03 6.107615710068988966e-18
1.499268432786045423e+03 5.386360332103261588e-18
1.663816886076128640e+03 4.745352719853473805e-18
1.846424942895544291e+03 4.176524235086651790e-18
2.049074689815845886e+03 3.671444119764336142e-18
2.273965752357927613e+03 3.222239416425294329e-18
2.523539170434765765e+03 2.818118657470804856e-18
2.800503894183631019e+03 2.454237052724584457e-18
3.107866187782013640e+03 2.132614922435716525e-18
3.448962260405759935e+03 1.846799964478597297e-18
3.827494478516314757e+03 1.589307951948939434e-18
4.247571552536898707e+03 1.362138492058476542e-18
4.713753134116724141e+03 1.160881678058372757e-18
5.231099308056262998e+03 9.835020910199543350e-19
5.805225516094896193e+03 8.277373411585567323e-19
6.442363508721369726e+03 6.924497923996709434e-19
7.149428986597576113e+03 5.746406636465257158e-19
7.934096665797491369e+03 4.733838572515806519e-19
8.804883581643463913e+03 3.859995528985780351e-19
9.771241535346502133e+03 3.129222410909919588e-19
1.084365968689610963e+04 2.506533829538871284e-19
1.203377840777589154e+04 1.991296271627103392e-19
1.335451562929898682e+04 1.565822247334005619e-19
1.482020705798858762e+04 1.222285364593728660e-19
1.644676177994664249e+04 9.470678984662429516e-20
1.825183494319044257e+04 7.296131185173067335e-20
2.025501939230666540e+04 5.572075547056965391e-20
2.247805833548725059e+04 4.245303210535363216e-20
2.494508135230316839e+04 3.245143495073122170e-20
2.768286630392066581e+04 2.496984279530694209e-20
3.072112998861759115e+04 1.942314988864081316e-20
3.409285069746814406e+04 1.530396753941538597e-20
3.783462617131928710e+04 1.221868642002561576e-20
4.198707084443910571e+04 9.879720887539509169e-21
4.659525668664683326e+04 8.070137501272403594e-21
5.170920242896761192e+04 6.635220076465251126e-21
5.738441648302398244e+04 5.480301186717945713e-21
6.368249944718585903e+04 4.538664681166877658e-21
7.067181273927491566e+04 3.764333582755717404e-21
7.842822061337680498e+04 3.124337598093814468e-21
8.703591361485165544e+04 2.592305465128455478e-21
9.658832241158708348e+04 2.149843249621775690e-21
1.071891319205127511e+05 1.780497449784284968e-21
1.189534067370319535e+05 1.472964276493422003e-21
1.320088400831418112e+05 1.216736704892222833e-21
1.464971398307286145e+05 1.003421620275737341e-21
1.625755666443794908e+05 8.260376168940669301e-22
1.804186409392071655e+05 6.786259104542735922e-22
2.002200371815584658e+05 5.561594480007122453e-22
2.221946860939523904e+05 4.547266233960832697e-22
2.465811075822604180e+05 3.706890575961463160e-22
2.736439997074671555e+05 3.012569413990143447e-22
3.036771118035460822e+05 2.440455307872608711e-22
3.370064329271928291e+05 1.970500102449916853e-22
3.739937302478798083e+05 1.585115958356777339e-22
4.150404757850476308e+05 1.270938501538146497e-22
4.605922041145108524e+05 1.015644311390383269e-22
5.111433483440171112e+05 8.097760873210374187e-23
5.672426068491977639e+05 6.443455683577535203e-23
6.294988990221888525e+05 5.119167965814928298e-23
6.985879746785250027e+05 4.060970028726833002e-23
7.752597488629464060e+05 3.215941609319297714e-23
8.603464416684507160e+05 2.542034614773188240e-23
9.547716114208066138e+05 2.006012153927779347e-23
1.059560179277617019e+06 1.580009101180222916e-23
1.175849554052158026e+06 1.241762580502260811e-23
1.304901978014401859e+06 9.740953388533997244e-24
1.448118227674532915e+06 7.624210310935734681e-24
1.607052818261638284e+06 5.954793583124134171e-24
1.783430876931909472e+06 4.639404122038082034e-24
1.979166867853557458e+06 3.606568540661026525e-24
2.196385372416546568e+06 2.796045522170335982e-24
2.437444150122222025e+06 2.161877943442906614e-24
2.704959730463137385e+06 1.667030271630294245e-24
3.001835813575591892e+06 1.281769579491156413e-24
3.331294787934676744e+06 9.825237238955659662e-25
3.696912707195031922e+06 7.507444035032438585e-25
4.102658105827190448e+06 5.716732168067306524e-25
4.552935074866947718e+06 4.337180034431001108e-25
5.052631065335679799e+06 3.277994029225466819e-25
5.607169938205458224e+06 2.467144488941007603e-25
6.222570836730230600e+06 1.848407640306988861e-25
6.905513520162330940e+06 1.378067352237054096e-25
7.663410868007462472e+06 1.021883218213268089e-25
8.504489341802684590e+06 7.532801183302383946e-26
9.437878277775391936e+06 5.515830651229235600e-26
1.047370897959450819e+07 4.008555520842341229e-26
1.162322468679854274e+07 2.888970130244716677e-26
1.289890261253307760e+07 2.062674021448311453e-26
1.431458937523478456e+07 1.456874130777976098e-26
1.588565129428052530e+07 1.016008438108855451e-26
1.762914118095947802e+07 6.980954173331459996e-27
1.956398343517064676e+07 4.715390684008144353e-27
2.171117945694505423e+07 3.117505124524974075e-27
2.409403560239527002e+07 2.008579133283664426e-27
2.673841615839949250e+07 1.250221604175809098e-27
2.967302408188872784e+07 7.439043666318382877e-28
3.292971255097155273e+07 4.140317401707668790e-28
3.654383070957254618e+07 2.088141750394314050e-28
4.055460735840827972e+07 8.992209692189015721e-29
4.500557675700496882e+07 2.913659555267225506e-29
4.994505115855139494e+07 5.462590346073771314e-30
5.542664520663107187e+07 4.899122219283892708e-31
6.150985788580504060e+07 5.137590038381663793e-33
