1.000000000000000000e+02 4.028349987709662145e-16
1.109752496412072134e+02 3.507987653770346657e-16
1.231550603292826196e+02 3.053489380924447120e-16
1.366716356462005990e+02 2.654860514958126296e-16
1.516716888470922413e+02 2.306893614748244943e-16
1.683180353330956791e+02 2.002202813385901900e-16
1.867913599020782840e+02 1.736362795974307231e-16
2.072921779595371845e+02 1.504054390952187410e-16
2.300430119772916839e+02 1.301893445320712250e-16
2.552908068239516410e+02 1.125270610410010781e-16
2.833096101839323637e+02 9.720300852539475382e-17
3.144035471591500368e+02 8.385465777444371927e-17
3.489101213406774491e+02 7.227354944199028093e-17
3.872038781812557318e+02 6.223271512917002646e-17
4.297004704320843871e+02 5.352392851455735704e-17
4.768611697714468960e+02 4.599990242775534874e-17
5.291978735958442712e+02 3.948768857096062691e-17
5.872786613189482523e+02 3.387973174400134566e-17
6.517339604882420190e+02 2.902844569809452933e-17
7.232633896483533817e+02 2.485899796329593624e-17
8.026433522257173081e+02 2.126394092579116109e-17
8.907354638610439679e+02 1.817790219641540296e-17
9.884959046625587007e+02 1.552190155951998579e-17
1.096985797892383971e+03 1.324136388548045547e-17
1.217382727739662187e+03 1.128653798738234771e-17
1.350993521198027793e+03 9.605161913459823609e-18
1.499268432786045423e+03 8.168253470099095087e-18
1.663816886076128640e+03 6.936589428593148502e-18
1.846424942895544291e+03 5.882640792415291671e-18
2.049074689815845886e+03 4.982246359863198137e-18
2.273965752357927613e+03 4.212993623803337365e-18
2.523539170434765765e+03 3.558470233933398845e-18
2.800503894183631019e+03 2.999886097360194122e-18
3.107866187782013640e+03 2.526053657487794723e-18
3.448962260405759935e+03 2.123369447863074271e-18
3.827494478516314757e+03 1.782574908768852154e-18
4.247571552536898707e+03 1.494050137674661957e-18
4.713753134116724141e+03 1.250900759899274178e-18
5.231099308056262998e+03 1.045543856435011301e-18
5.805225516094896193e+03 8.732401843436881981e-19
6.442363508721369726e+03 7.283593631330005495e-19
7.149428986597576113e+03 6.069385174935642156e-19
7.934096665797491369e+03 5.052425177257254081e-19
8.804883581643463913e+03 4.203975323629979430e-19
9.771241535346502133e+03 3.494949893451384157e-19
1.084365968689610963e+04 2.904059668427925843e-19
1.203377840777589154e+04 2.412102026324268706e-19
1.335451562929898682e+04 2.002292879919559666e-19
1.482020705798858762e+04 1.661404162762860062e-19
1.644676177994664249e+04 1.378168019076304789e-19
1.825183494319044257e+04 1.142643152989664420e-19
2.025501939230666540e+04 9.468697136202932682e-20
2.247805833548725059e+04 7.843285677419319006e-20
2.494508135230316839e+04 6.492854622130769783e-20
2.768286630392066581e+04 5.372092550936829228e-20
3.072112998861759115e+04 4.441424777430212335e-20
3.409285069746814406e+04 3.669692132420517367e-20
3.783462617131928710e+04 3.029351910633271910e-20
4.198707084443910571e+04 2.498949131906378154e-20
4.659525668664683326e+04 2.059356251841133236e-20
5.170920242896761192e+04 1.695240790138269241e-20
5.738441648302398244e+04 1.393857961483518079e-20
6.368249944718585903e+04 1.144839021748745278e-20
7.067181273927491566e+04 9.388555880367588456e-21
7.842822061337680498e+04 7.689476389374542121e-21
8.703591361485165544e+04 6.287652861557365458e-21
9.658832241158708348e+04 5.132945899620344882e-21
1.071891319205127511e+05 4.182347435510204637e-21
1.189534067370319535e+05 3.401418268535034737e-21
1.320088400831418112e+05 2.760990099889272604e-21
1.464971398307286145e+05 2.236618663237333494e-21
1.625755666443794908e+05 1.808124983632968098e-21
1.804186409392071655e+05 1.458884473147547701e-21
2.002200371815584658e+05 1.174988068354247771e-21
2.221946860939523904e+05 9.447650311096202732e-22
2.465811075822604180e+05 7.584614732274855531e-22
2.736439997074671555e+05 6.079458883508474010e-22
3.036771118035460822e+05 4.864582649199837319e-22
3.370064329271928291e+05 3.885955559692281139e-22
3.739937302478798083e+05 3.098684713881054362e-22
4.150404757850476308e+05 2.465656110684797255e-22
4.605922041145108524e+05 1.958403646927677100e-22
5.111433483440171112e+05 1.551925723825771649e-22
5.672426068491977639e+05 1.227131786781940554e-22
6.294988990221888525e+05 9.678599905198354812e-23
6.985879746785250027e+05 7.615392991908712893e-23
7.752597488629464060e+05 5.975271349714743621e-23
8.603464416684507160e+05 4.674789814262323695e-23
9.547716114208066138e+05 3.647780719033947324e-23
1.059560179277617019e+06 2.835346776761503698e-23
1.175849554052158026e+06 2.197717707925358762e-23
1.304901978014401859e+06 1.696579104714131869e-23
1.448118227674532915e+06 1.304809675286015357e-23
1.607052818261638284e+06 9.994705197927126944e-24
1.783430876931909472e+06 7.620770305161618351e-24
1.979166867853557458e+06 5.782580406172016524e-24
2.196385372416546568e+06 4.367035355038096274e-24
2.437444150122222025e+06 3.279393425024312994e-24
2.704959730463137385e+06 2.447637656105104967e-24
3.001835813575591892e+06 1.814420023256220355e-24
3.331294787934676744e+06 1.337583751828197291e-24
3.696912707195031922e+06 9.776900121854155600e-25
4.102658105827190448e+06 7.085144089220657636e-25
4.552935074866947718e+06 5.088537629780204285e-25
5.052631065335679799e+06 3.618262154799325057e-25
5.607169938205458224e+06 2.543641019585861813e-25
6.222570836730230600e+06 1.763845755190289913e-25
6.905513520162330940e+06 1.205416220689277349e-25
7.663410868007462472e+06 8.092040921893180218e-26
8.504489341802684590e+06 5.317754507888093489e-26
9.437878277775391936e+06 3.406717123030455615e-26
1.047370897959450819e+07 2.114053484311036945e-26
1.162322468679854274e+07 1.261935798549873753e-26
1.289890261253307760e+07 7.160560152307793974e-27
1.431458937523478456e+07 3.811401125328258923e-27
1.588565129428052530e+07 1.871580530413259962e-27
1.762914118095947802e+07 8.316479079825146018e-28
1.956398343517064676e+07 3.297115667370474932e-28
2.171117945694505423e+07 1.148610419624547639e-28
2.409403560239527002e+07 3.461213099387732071e-29
2.673841615839949250e+07 8.867140696918229389e-30
2.967302408188872784e+07 1.898884170816270941e-30
3.292971255097155273e+07 3.336262495280447369e-31
3.654383070957254618e+07 4.714616134294794063e-32
4.055460735840827972e+07 5.249941717688765726e-33
4.500557675700496882e+07 4.505257017928003050e-34
4.994505115855139494e+07 2.907678558176503918e-35
5.542664520663107187e+07 1.373292926316815854e-36
6.150985788580504060e+07 4.599727019842304808e-38
6.826071834272393584e+07 1.052623631503196528e-39
7.575250258771920204e+07 1.574549859915782145e-41
8.406652885618332028e+07 1.460221663873115141e-43
9.329304026284696162e+07 7.850920629272201364e-46
1.035321843295663744e+08 2.247388487916450503e-48
1.148951000187308788e+08 3.033858492821225883e-51
1.275051240713012964e+08 1.628479510798743149e-54
1.414991297434575856e+08 2.411763029821770104e-58
