1.000000000000000000e+02 3.869611600508782515e-14
1.109752496412072134e+02 3.351603330586695086e-14
1.231550603292826196e+02 2.901355771897154396e-14
1.366716356462005990e+02 2.509381208328253407e-14
1.516716888470922413e+02 2.169113852204153450e-14
1.683180353330956791e+02 1.873261686378962631e-14
1.867913599020782840e+02 1.616905266663874634e-14
2.072921779595371845e+02 1.394352828774012089e-14
2.300430119772916839e+02 1.201699444409667502e-14
2.552908068239516410e+02 1.034723422694936675e-14
2.833096101839323637e+02 8.904058089803225077e-15
3.144035471591500368e+02 7.657074391821832052e-15
3.489101213406774491e+02 6.579714086470344267e-15
3.872038781812557318e+02 5.649622213518496424e-15
4.297004704320843871e+02 4.848175938723446119e-15
4.768611697714468960e+02 4.157659659828998483e-15
5.291978735958442712e+02 3.563460790390494413e-15
5.872786613189482523e+02 3.052478814107770380e-15
6.517339604882420190e+02 2.613484093149855401e-15
7.232633896483533817e+02 2.236354623784732656e-15
8.026433522257173081e+02 1.913060079833332184e-15
8.907354638610439679e+02 1.635659144904102315e-15
9.884959046625587007e+02 1.398111376108584753e-15
1.096985797892383971e+03 1.194584284605887848e-15
1.217382727739662187e+03 1.020428677192542388e-15
1.350993521198027793e+03 8.713513559047222883e-16
1.499268432786045423e+03 7.438917182603659978e-16
1.663816886076128640e+03 6.348882679539614114e-16
1.846424942895544291e+03 5.416580563038136897e-16
2.049074689815845886e+03 4.620395269885937973e-16
2.273965752357927613e+03 3.940064128933061008e-16
2.523539170434765765e+03 3.358901988204495040e-16
2.800503894183631019e+03 2.862897481697870944e-16
3.107866187782013640e+03 2.439245248140616895e-16
3.448962260405759935e+03 2.077601035079023389e-16
3.827494478516314757e+03 1.769146611500864505e-16
4.247571552536898707e+03 1.506078321317878490e-16
4.713753134116724141e+03 1.281824977254917367e-16
5.231099308056262998e+03 1.090629067942130485e-16
5.805225516094896193e+03 9.276627900623995004e-17
6.442363508721369726e+03 7.888730141018878618e-17
7.149428986597576113e+03 6.706962717230836696e-17
7.934096665797491369e+03 5.700872934653489885e-17
8.804883581643463913e+03 4.844340534020241113e-17
9.771241535346502133e+03 4.116032910831686480e-17
1.084365968689610963e+04 3.496625633709315317e-17
1.203377840777589154e+04 2.969529234052271231e-17
1.335451562929898682e+04 2.521549021711093761e-17
1.482020705798858762e+04 2.140794271412938708e-17
1.644676177994664249e+04 1.817155897153153800e-17
1.825183494319044257e+04 1.542178803952115052e-17
2.025501939230666540e+04 1.308540107126109891e-17
2.247805833548725059e+04 1.110118182590576320e-17
2.494508135230316839e+04 9.415107722043206079e-18
2.768286630392066581e+04 7.983735994258261536e-18
3.072112998861759115e+04 6.768753365213611924e-18
3.409285069746814406e+04 5.737204001944530728e-18
3.783462617131928710e+04 4.861491996380137587e-18
4.198707084443910571e+04 4.118436282092017954e-18
4.659525668664683326e+04 3.488053708780806482e-18
5.170920242896761192e+04 2.953298399640176818e-18
5.738441648302398244e+04 2.499647701589250186e-18
6.368249944718585903e+04 2.115134919222502861e-18
7.067181273927491566e+04 1.789233474145291348e-18
7.842822061337680498e+04 1.513029870950889269e-18
8.703591361485165544e+04 1.279018188524597400e-18
9.658832241158708348e+04 1.080839294841735777e-18
1.071891319205127511e+05 9.130320941347090849e-19
1.189534067370319535e+05 7.709975177881987012e-19
1.320088400831418112e+05 6.508078460215316301e-19
1.464971398307286145e+05 5.491274286688661782e-19
1.625755666443794908e+05 4.631476329791995205e-19
1.804186409392071655e+05 3.904985757947117789e-19
2.002200371815584658e+05 3.290973002324389965e-19
2.221946860939523904e+05 2.772415792975924343e-19
2.465811075822604180e+05 2.334575312527487642e-19
2.736439997074671555e+05 1.965106424416170302e-19
3.036771118035460822e+05 1.653284592749439678e-19
3.370064329271928291e+05 1.390346812343912572e-19
3.739937302478798083e+05 1.168663258007293398e-19
4.150404757850476308e+05 9.818564791162286532e-20
4.605922041145108524e+05 8.244724161702098020e-20
5.111433483440171112e+05 6.919041824635994555e-20
5.672426068491977639e+05 5.803644223234899539e-20
6.294988990221888525e+05 4.864952544582274410e-20
6.985879746785250027e+05 4.075859658605179662e-20
7.752597488629464060e+05 3.412312861081418220e-20
8.603464416684507160e+05 2.855151447406379302e-20
9.547716114208066138e+05 2.386666269058054681e-20
1.059560179277617019e+06 1.993723353543521850e-20
1.175849554052158026e+06 1.664123546117360712e-20
1.304901978014401859e+06 1.387956403067390548e-20
1.448118227674532915e+06 1.156570706930726278e-20
1.607052818261638284e+06 9.628550053786956413e-21
1.783430876931909472e+06 8.007611481276465776e-21
1.979166867853557458e+06 6.652932131219276621e-21
2.196385372416546568e+06 5.520581609207761132e-21
2.437444150122222025e+06 4.574610652709574091e-21
2.704959730463137385e+06 3.785881613980941944e-21
3.001835813575591892e+06 3.128446788610594572e-21
3.331294787934676744e+06 2.581264994280130726e-21
3.696912707195031922e+06 2.125956009832931921e-21
4.102658105827190448e+06 1.747659404363673437e-21
4.552935074866947718e+06 1.433604999420098115e-21
5.052631065335679799e+06 1.173403246899259307e-21
5.607169938205458224e+06 9.578950661704950459e-22
6.222570836730230600e+06 7.798215885269409009e-22
6.905513520162330940e+06 6.329709878314218582e-22
7.663410868007462472e+06 5.119158825292574982e-22
8.504489341802684590e+06 4.122127414830683270e-22
9.437878277775391936e+06 3.308099931361553576e-22
1.047370897959450819e+07 2.639779179219608162e-22
1.162322468679854274e+07 2.095632085996284529e-22
1.289890261253307760e+07 1.653365108406687161e-22
1.431458937523478456e+07 1.296631618701183679e-22
1.588565129428052530e+07 1.007161272650093085e-22
1.762914118095947802e+07 7.762322743756606005e-23
1.956398343517064676e+07 5.925355764846788348e-23
2.171117945694505423e+07 4.465545475653638223e-23
2.409403560239527002e+07 3.326085938983201751e-23
2.673841615839949250e+07 2.441640935806264343e-23
2.967302408188872784e+07 1.761873945089409118e-23
3.292971255097155273e+07 1.246810408243180866e-23
3.654383070957254618e+07 8.628402938579564407e-24
4.055460735840827972e+07 5.808035960214570117e-24
4.500557675700496882e+07 3.782338934182068646e-24
4.994505115855139494e+07 2.367138693046770837e-24
5.542664520663107187e+07 1.416263447482706772e-24
6.150985788580504060e+07 8.053802342752627631e-25
6.826071834272393584e+07 4.329481787217207563e-25
7.575250258771920204e+07 2.184167674805188598e-25
8.406652885618332028e+07 1.007827354289425949e-25
9.329304026284696162e+07 3.804916618065418138e-26
1.035321843295663744e+08 7.696669720200227765e-27
1.148951000187308788e+08 5.456459271066691528e-29
1.275051240713012964e+08 2.670485495725750502e-36
