1.000000000000000000e+02 2.191656546642719010e-14
1.109752496412072134e+02 1.716950153067655310e-14
1.231550603292826196e+02 1.346798149662661828e-14
1.366716356462005990e+02 1.057276393035835459e-14
1.516716888470922413e+02 8.306870353036923543e-15
1.683180353330956791e+02 6.519217430752667894e-15
1.867913599020782840e+02 5.146172342851669195e-15
2.072921779595371845e+02 4.055648293753795263e-15
2.300430119772916839e+02 3.201015698169315033e-15
2.552908068239516410e+02 2.524630928132176559e-15
2.833096101839323637e+02 1.993668371530966231e-15
3.144035471591500368e+02 1.574981358183073827e-15
3.489101213406774491e+02 1.244202822782467294e-15
3.872038781812557318e+02 9.828415280084312399e-16
4.297004704320843871e+02 7.758324536416006299e-16
4.768611697714468960e+02 6.121531289507841575e-16
5.291978735958442712e+02 4.829120662710804485e-16
5.872786613189482523e+02 3.802749446278585771e-16
6.517339604882420190e+02 2.993597709442035318e-16
7.232633896483533817e+02 2.351062086303780006e-16
8.026433522257173081e+02 1.844928475229942317e-16
8.907354638610439679e+02 1.446073780994269790e-16
9.884959046625587007e+02 1.131184767802553699e-16
1.096985797892383971e+03 8.824085897316206774e-17
1.217382727739662187e+03 6.886496020064649328e-17
1.350993521198027793e+03 5.348274133766653915e-17
1.499268432786045423e+03 4.155544352068791994e-17
1.663816886076128640e+03 3.209578010136593505e-17
1.846424942895544291e+03 2.488894906557431166e-17
2.049074689815845886e+03 1.923188275964611609e-17
2.273965752357927613e+03 1.484443742306972710e-17
2.523539170434765765e+03 1.142238539049748929e-17
2.800503894183631019e+03 8.782387416725555903e-18
3.107866187782013640e+03 6.745784900839196174e-18
3.448962260405759935e+03 5.177176687277705506e-18
3.827494478516314757e+03 3.958958430824367102e-18
4.247571552536898707e+03 3.019186618872568241e-18
4.713753134116724141e+03 2.296511025603385186e-18
5.231099308056262998e+03 1.738708723459509590e-18
5.805225516094896193e+03 1.309563634132600126e-18
6.442363508721369726e+03 9.799453712213191685e-19
7.149428986597576113e+03 7.282071809308131589e-19
7.934096665797491369e+03 5.374212922742443754e-19
8.804883581643463913e+03 3.937881022374929171e-19
9.771241535346502133e+03 2.868118905360432546e-19
1.084365968689610963e+04 2.078994864708636784e-19
1.203377840777589154e+04 1.499697523358910786e-19
1.335451562929898682e+04 1.084877608689639752e-19
1.482020705798858762e+04 7.843133428871684333e-20
1.644676177994664249e+04 5.687466065905862303e-20
1.825183494319044257e+04 4.141899542190629611e-20
2.025501939230666540e+04 3.031595771063301717e-20
2.247805833548725059e+04 2.231930275580109866e-20
2.494508135230316839e+04 1.654150336942647634e-20
2.768286630392066581e+04 1.233987552658162743e-20
3.072112998861759115e+04 9.335299620219538898e-21
3.409285069746814406e+04 7.148027668744054418e-21
3.783462617131928710e+04 5.538995054722131294e-21
4.198707084443910571e+04 4.331055882103357665e-21
4.659525668664683326e+04 3.396055429618153045e-21
5.170920242896761192e+04 2.654042027800297935e-21
5.738441648302398244e+04 2.069788502454152834e-21
6.368249944718585903e+04 1.621307772865153991e-21
7.067181273927491566e+04 1.279054205844970788e-21
7.842822061337680498e+04 1.013620827383739705e-21
8.703591361485165544e+04 8.041795129527789253e-22
9.658832241158708348e+04 6.379267569193285105e-22
1.071891319205127511e+05 5.057642283235984691e-22
1.189534067370319535e+05 4.007914885307655301e-22
1.320088400831418112e+05 3.174029526412173251e-22
1.464971398307286145e+05 2.512214660559055154e-22
1.625755666443794908e+05 1.987121574347976735e-22
1.804186409392071655e+05 1.570765952601273312e-22
2.002200371815584658e+05 1.240820593753558270e-22
2.221946860939523904e+05 9.795353547299935475e-23
2.465811075822604180e+05 7.726703804934676134e-23
2.736439997074671555e+05 6.090769018220445014e-23
3.036771118035460822e+05 4.797419147927487319e-23
3.370064329271928291e+05 3.776037800812539753e-23
3.739937302478798083e+05 2.969810372415465099e-23
4.150404757850476308e+05 2.333918004955918693e-23
4.605922041145108524e+05 1.832745320143825322e-23
5.111433483440171112e+05 1.437859263648039579e-23
5.672426068491977639e+05 1.127033349686883389e-23
6.294988990221888525e+05 8.825569334532265295e-24
6.985879746785250027e+05 6.904149992311938417e-24
7.752597488629464060e+05 5.394926552881105305e-24
8.603464416684507160e+05 4.210757271497239203e-24
9.547716114208066138e+05 3.282519187818722284e-24
1.059560179277617019e+06 2.555683974634933631e-24
1.175849554052158026e+06 1.987073715648363955e-24
1.304901978014401859e+06 1.542713386751593099e-24
1.448118227674532915e+06 1.195946488768264782e-24
1.607052818261638284e+06 9.256505419606804564e-25
1.783430876931909472e+06 7.152318634277726330e-25
1.979166867853557458e+06 5.516096990160686841e-25
2.196385372416546568e+06 4.245490449424689660e-25
2.437444150122222025e+06 3.261076127006587688e-25
2.704959730463137385e+06 2.499667036554480295e-25
3.001835813575591892e+06 1.911702308678394159e-25
3.331294787934676744e+06 1.458267606220205285e-25
3.696912707195031922e+06 1.109326724213685335e-25
4.102658105827190448e+06 8.414427792318567752e-26
4.552935074866947718e+06 6.362828073857636090e-26
5.052631065335679799e+06 4.795905931925629158e-26
5.607169938205458224e+06 3.602363955454306156e-26
6.222570836730230600e+06 2.694346986670224953e-26
6.905513520162330940e+06 2.006557132175156542e-26
7.663410868007462472e+06 1.487726410850566283e-26
8.504489341802684590e+06 1.097428889156850266e-26
9.437878277775391936e+06 8.047507513114208457e-27
1.047370897959450819e+07 5.865089299233157935e-27
1.162322468679854274e+07 4.244542805415011198e-27
1.289890261253307760e+07 3.048157430772363068e-27
1.431458937523478456e+07 2.170038882260333655e-27
1.588565129428052530e+07 1.529366518225696950e-27
1.762914118095947802e+07 1.065647010967838736e-27
1.956398343517064676e+07 7.329807578623039450e-28
2.171117945694505423e+07 4.964811442610855849e-28
2.409403560239527002e+07 3.302893730101166109e-28
2.673841615839949250e+07 2.150186778315844562e-28
2.967302408188872784e+07 1.363049948224084415e-28
3.292971255097155273e+07 8.362425189013787039e-29
3.654383070957254618e+07 4.914309993061082142e-29
4.055460735840827972e+07 2.728978341928749656e-29
4.500557675700496882e+07 1.398093284775550389e-29
4.994505115855139494e+07 6.338600050849886161e-30
5.542664520663107187e+07 2.335740896466555389e-30
6.150985788580504060e+07 5.625950036581946514e-31
6.826071834272393584e+07 3.528948684181499950e-32
