1.000000000000000000e+02 3.127039788174273006e-15
1.109752496412072134e+02 2.496291677621648934e-15
1.231550603292826196e+02 1.998885374191042932e-15
1.366716356462005990e+02 1.610850857366271095e-15
1.516716888470922413e+02 1.306018177829838524e-15
1.683180353330956791e+02 1.065739519339576818e-15
1.867913599020782840e+02 8.752104304110280840e-16
2.072921779595371845e+02 7.235890554777165750e-16
2.300430119772916839e+02 6.013054439332765814e-16
2.552908068239516410e+02 5.017487612159395937e-16
2.833096101839323637e+02 4.197676991557189885e-16
3.144035471591500368e+02 3.517680473164038175e-16
3.489101213406774491e+02 2.948030427369261613e-16
3.872038781812557318e+02 2.466947318023770284e-16
4.297004704320843871e+02 2.059291568692704090e-16
4.768611697714468960e+02 1.711825959422257737e-16
5.291978735958442712e+02 1.416237032824562379e-16
5.872786613189482523e+02 1.164386576174338229e-16
6.517339604882420190e+02 9.501556580254402902e-17
7.232633896483533817e+02 7.685063286590831480e-17
8.026433522257173081e+02 6.150519425594843037e-17
8.907354638610439679e+02 4.862318029557165735e-17
9.884959046625587007e+02 3.788989620698865147e-17
1.096985797892383971e+03 2.903014205942972569e-17
1.217382727739662187e+03 2.180246083129599089e-17
1.350993521198027793e+03 1.599475782705529615e-17
1.499268432786045423e+03 1.141506299115504172e-17
1.663816886076128640e+03 7.890181871561336823e-18
1.846424942895544291e+03 5.261798882780554721e-18
2.049074689815845886e+03 3.385136692189231406e-18
2.273965752357927613e+03 2.109392520946828075e-18
2.523539170434765765e+03 1.291023410017667178e-18
2.800503894183631019e+03 7.961981072681924756e-19
3.107866187782013640e+03 5.137316537373364714e-19
3.448962260405759935e+03 3.569356390412695388e-19
3.827494478516314757e+03 2.671870726037235122e-19
4.247571552536898707e+03 2.106535647786952436e-19
4.713753134116724141e+03 1.710713220698729174e-19
5.231099308056262998e+03 1.409862494974305133e-19
5.805225516094896193e+03 1.169407414538915093e-19
6.442363508721369726e+03 9.723212413803262578e-20
7.149428986597576113e+03 8.086499767269676544e-20
7.934096665797491369e+03 6.722247849308568438e-20
8.804883581643463913e+03 5.583468568969080503e-20
9.771241535346502133e+03 4.631447194403114857e-20
1.084365968689610963e+04 3.838243503753821668e-20
1.203377840777589154e+04 3.176245176854698689e-20
1.335451562929898682e+04 2.625449590898396736e-20
1.482020705798858762e+04 2.167897996651227355e-20
1.644676177994664249e+04 1.787476137420262208e-20
1.825183494319044257e+04 1.472539098036290071e-20
2.025501939230666540e+04 1.211482592397173431e-20
2.247805833548725059e+04 9.958961946232488649e-21
2.494508135230316839e+04 8.177389265491256349e-21
2.768286630392066581e+04 6.708902830484966335e-21
3.072112998861759115e+04 5.498727836617144255e-21
3.409285069746814406e+04 4.503417023140262327e-21
3.783462617131928710e+04 3.684683589880147208e-21
4.198707084443910571e+04 3.012544151850516643e-21
4.659525668664683326e+04 2.460564010123018250e-21
5.170920242896761192e+04 2.007933223262829219e-21
5.738441648302398244e+04 1.636866179748162394e-21
6.368249944718585903e+04 1.333119014300915303e-21
7.067181273927491566e+04 1.084392174983446402e-21
7.842822061337680498e+04 8.810473107226649865e-22
8.703591361485165544e+04 7.148803624983806343e-22
9.658832241158708348e+04 5.792671682032532952e-22
1.071891319205127511e+05 4.685742795966749183e-22
1.189534067370319535e+05 3.784428352085055293e-22
1.320088400831418112e+05 3.051163773304420021e-22
1.464971398307286145e+05 2.455056822978059291e-22
1.625755666443794908e+05 1.971371999857352172e-22
1.804186409392071655e+05 1.579425982094076373e-22
2.002200371815584658e+05 1.262379675492269268e-22
2.221946860939523904e+05 1.006428841017403087e-22
2.465811075822604180e+05 8.003344018349757969e-23
2.736439997074671555e+05 6.345890640077071830e-23
3.036771118035460822e+05 5.019408387307138779e-23
3.370064329271928291e+05 3.960671097741213087e-23
3.739937302478798083e+05 3.117835490726325718e-23
4.150404757850476308e+05 2.449319748611434758e-23
4.605922041145108524e+05 1.919988226532042782e-23
5.111433483440171112e+05 1.501424237815953911e-23
5.672426068491977639e+05 1.171262315613061574e-23
6.294988990221888525e+05 9.113250785716604910e-24
6.985879746785250027e+05 7.070279616797974343e-24
7.752597488629464060e+05 5.468684956740796638e-24
8.603464416684507160e+05 4.216277209995936565e-24
9.547716114208066138e+05 3.239600787089438184e-24
1.059560179277617019e+06 2.480037140185157381e-24
1.175849554052158026e+06 1.891209863212910640e-24
1.304901978014401859e+06 1.436292540468578137e-24
1.448118227674532915e+06 1.086001151385102059e-24
1.607052818261638284e+06 8.172348112772779485e-25
1.783430876931909472e+06 6.119905045913408022e-25
1.979166867853557458e+06 4.560387833401123476e-25
2.196385372416546568e+06 3.380435594903338103e-25
2.437444150122222025e+06 2.490996375090597189e-25
2.704959730463137385e+06 1.824578288536177921e-25
3.001835813575591892e+06 1.327897666291843716e-25
3.331294787934676744e+06 9.593931894076407846e-26
3.696912707195031922e+06 6.875053198822321510e-26
4.102658105827190448e+06 4.880143293451718448e-26
4.552935074866947718e+06 3.424179446156885503e-26
5.052631065335679799e+06 2.369082085087043315e-26
5.607169938205458224e+06 1.609540684416277795e-26
6.222570836730230600e+06 1.069327056799471599e-26
6.905513520162330940e+06 6.894938302647629855e-27
7.663410868007462472e+06 4.280398524476648186e-27
8.504489341802684590e+06 2.522644935782725507e-27
9.437878277775391936e+06 1.385214007850585612e-27
1.047370897959450819e+07 6.868209139716940381e-28
1.162322468679854274e+07 2.916500349661353385e-28
1.289890261253307760e+07 9.689593039956450145e-29
1.431458937523478456e+07 2.266792926191612391e-29
1.588565129428052530e+07 4.966094661166002715e-30
1.762914118095947802e+07 9.276818249853725104e-31
