1.000000000000000000e+02 5.913750008201219780e-14
1.109752496412072134e+02 5.184488861036289345e-14
1.231550603292826196e+02 4.544858922220285596e-14
1.366716356462005990e+02 3.983967677238924228e-14
1.516716888470922413e+02 3.492172715615106806e-14
1.683180353330956791e+02 3.060687033506297422e-14
1.867913599020782840e+02 2.682298629555597883e-14
2.072921779595371845e+02 2.350313158984253732e-14
2.300430119772916839e+02 2.059223229312816572e-14
2.552908068239516410e+02 1.804053815247500437e-14
2.833096101839323637e+02 1.580385538260492879e-14
3.144035471591500368e+02 1.384249281226739935e-14
3.489101213406774491e+02 1.212273624659676662e-14
3.872038781812557318e+02 1.067505012372637673e-14
4.297004704320843871e+02 9.293476399787415746e-15
4.768611697714468960e+02 8.135574060762488340e-15
5.291978735958442712e+02 7.120596988022606869e-15
5.872786613189482523e+02 6.230975576050594835e-15
6.517339604882420190e+02 5.451535044132045076e-15
7.232633896483533817e+02 4.768792390009868151e-15
8.026433522257173081e+02 4.170526315796309547e-15
8.907354638610439679e+02 3.646603561515795324e-15
9.884959046625587007e+02 3.187622869819461088e-15
1.096985797892383971e+03 2.785653810405064612e-15
1.217382727739662187e+03 2.433935471189202580e-15
1.350993521198027793e+03 2.126062566810178619e-15
1.499268432786045423e+03 1.856445345072880958e-15
1.663816886076128640e+03 1.620462565261484551e-15
1.846424942895544291e+03 1.414117749718620417e-15
2.049074689815845886e+03 1.233539631134761415e-15
2.273965752357927613e+03 1.075755435357178256e-15
2.523539170434765765e+03 9.377196895730203942e-16
2.800503894183631019e+03 8.170734086156318034e-16
3.107866187782013640e+03 7.115901789823920719e-16
3.448962260405759935e+03 6.195052094258832614e-16
3.827494478516314757e+03 5.390721109778887572e-16
4.247571552536898707e+03 4.688567879716862406e-16
4.713753134116724141e+03 4.075553039059986418e-16
5.231099308056262998e+03 3.540552648851144817e-16
5.805225516094896193e+03 3.074486130189931670e-16
6.442363508721369726e+03 2.667737825263364205e-16
7.149428986597576113e+03 2.313525989050527585e-16
7.934096665797491369e+03 2.004680290300012888e-16
8.804883581643463913e+03 1.736262246738327013e-16
9.771241535346502133e+03 1.502482611988000365e-16
1.084365968689610963e+04 1.299229295493310263e-16
1.203377840777589154e+04 1.122628742129364887e-16
1.335451562929898682e+04 9.691217541187472742e-17
1.482020705798858762e+04 8.359512363595909529e-17
1.644676177994664249e+04 7.204152488588299165e-17
1.825183494319044257e+04 6.202781019426139240e-17
2.025501939230666540e+04 5.335931052534635155e-17
2.247805833548725059e+04 4.584427186722804761e-17
2.494508135230316839e+04 3.935884681368408950e-17
2.768286630392066581e+04 3.374756243489034332e-17
3.072112998861759115e+04 2.890931429020344738e-17
3.409285069746814406e+04 2.473397928715407214e-17
3.783462617131928710e+04 2.113945615318354719e-17
4.198707084443910571e+04 1.804479066453331113e-17
4.659525668664683326e+04 1.538616607070123980e-17
5.170920242896761192e+04 1.309968925634505088e-17
5.738441648302398244e+04 1.114265503021562413e-17
6.368249944718585903e+04 9.463940585513402304e-18
7.067181273927491566e+04 8.029179826460949393e-18
7.842822061337680498e+04 6.801984802966384361e-18
8.703591361485165544e+04 5.756433235069508513e-18
9.658832241158708348e+04 4.863923546678039976e-18
1.071891319205127511e+05 4.105629842531067342e-18
1.189534067370319535e+05 3.460557059758512458e-18
1.320088400831418112e+05 2.913345520668007677e-18
1.464971398307286145e+05 2.449330082352445997e-18
1.625755666443794908e+05 2.056975800376664155e-18
1.804186409392071655e+05 1.725045402219097285e-18
2.002200371815584658e+05 1.445189660553784277e-18
2.221946860939523904e+05 1.208957975160198530e-18
2.465811075822604180e+05 1.010334713365217432e-18
2.736439997074671555e+05 8.431215159471934259e-19
3.036771118035460822e+05 7.028919274279144032e-19
3.370064329271928291e+05 5.852668684553351685e-19
3.739937302478798083e+05 4.867766113355047350e-19
4.150404757850476308e+05 4.043492349632169004e-19
4.605922041145108524e+05 3.355365361989277925e-19
5.111433483440171112e+05 2.781179555589914296e-19
5.672426068491977639e+05 2.302832388526231894e-19
6.294988990221888525e+05 1.904333025759810348e-19
6.985879746785250027e+05 1.573179358954764469e-19
7.752597488629464060e+05 1.298450517244317638e-19
8.603464416684507160e+05 1.070278732597510989e-19
9.547716114208066138e+05 8.813312716316533911e-20
1.059560179277617019e+06 7.251029935737632060e-20
1.175849554052158026e+06 5.958961904035268092e-20
1.304901978014401859e+06 4.892283756649281243e-20
1.448118227674532915e+06 4.013569365502142090e-20
1.607052818261638284e+06 3.288077631079330131e-20
1.783430876931909472e+06 2.692424142211540432e-20
1.979166867853557458e+06 2.202766458178774096e-20
2.196385372416546568e+06 1.800906437748346664e-20
2.437444150122222025e+06 1.470091059968645178e-20
2.704959730463137385e+06 1.199365245659629206e-20
3.001835813575591892e+06 9.777427910659765811e-21
3.331294787934676744e+06 7.965576005283970081e-21
3.696912707195031922e+06 6.480083127249236799e-21
4.102658105827190448e+06 5.267027091785338024e-21
4.552935074866947718e+06 4.276111838382973527e-21
5.052631065335679799e+06 3.465946537679381744e-21
5.607169938205458224e+06 2.804834395647413717e-21
6.222570836730230600e+06 2.265748619546950216e-21
6.905513520162330940e+06 1.826103231224459043e-21
7.663410868007462472e+06 1.468084882141314194e-21
8.504489341802684590e+06 1.176583603375143219e-21
9.437878277775391936e+06 9.397686165971319660e-22
1.047370897959450819e+07 7.479260126329075517e-22
1.162322468679854274e+07 5.925009712246358895e-22
1.289890261253307760e+07 4.666920230588713062e-22
1.431458937523478456e+07 3.655251597531414279e-22
1.588565129428052530e+07 2.841584947772762825e-22
1.762914118095947802e+07 2.189619789561405940e-22
1.956398343517064676e+07 1.669959100049324661e-22
2.171117945694505423e+07 1.258351468094910015e-22
2.409403560239527002e+07 9.348809993474878123e-23
2.673841615839949250e+07 6.823672554475642392e-23
2.967302408188872784e+07 4.875726046330380654e-23
3.292971255097155273e+07 3.393301737526114156e-23
3.654383070957254618e+07 2.285157785532016373e-23
4.055460735840827972e+07 1.477044482559300542e-23
4.500557675700496882e+07 9.063848990860066599e-24
4.994505115855139494e+07 5.228931109965059776e-24
5.542664520663107187e+07 2.816510924573519134e-24
6.150985788580504060e+07 1.431221423039268340e-24
6.826071834272393584e+07 7.084627774305797140e-25
7.575250258771920204e+07 3.376336262121809934e-25
8.406652885618332028e+07 1.225396977252715736e-25
9.329304026284696162e+07 1.289237521740209820e-26
