1.000000000000000000e+02 1.669858435019415168e-13
1.109752496412072134e+02 1.429381324439565315e-13
1.231550603292826196e+02 1.224113446838191313e-13
1.366716356462005990e+02 1.044680311427696526e-13
1.516716888470922413e+02 8.894518739171127211e-14
1.683180353330956791e+02 7.563976207549973027e-14
1.867913599020782840e+02 6.428515909272017748e-14
2.072921779595371845e+02 5.438921204970054579e-14
2.300430119772916839e+02 4.575679180568094299e-14
2.552908068239516410e+02 3.850308610346386591e-14
2.833096101839323637e+02 3.229998553638114606e-14
3.144035471591500368e+02 2.701532884323344592e-14
3.489101213406774491e+02 2.258196292433438056e-14
3.872038781812557318e+02 1.881416348914313986e-14
4.297004704320843871e+02 1.560837211905003048e-14
4.768611697714468960e+02 1.295526958317506778e-14
5.291978735958442712e+02 1.073890960162501173e-14
5.872786613189482523e+02 8.888095520099902354e-15
6.517339604882420190e+02 7.346683331395565040e-15
7.232633896483533817e+02 6.072741390508255088e-15
8.026433522257173081e+02 5.021492445522186306e-15
8.907354638610439679e+02 4.154069645786784758e-15
9.884959046625587007e+02 3.438714192277275629e-15
1.096985797892383971e+03 2.849730137453076815e-15
1.217382727739662187e+03 2.362518837669090946e-15
1.350993521198027793e+03 1.958401349088157835e-15
1.499268432786045423e+03 1.623656161917854317e-15
1.663816886076128640e+03 1.345166561189867256e-15
1.846424942895544291e+03 1.112374984589218688e-15
2.049074689815845886e+03 9.173256776198177634e-16
2.273965752357927613e+03 7.541164546232220479e-16
2.523539170434765765e+03 6.164976368441768286e-16
2.800503894183631019e+03 5.009659786019539489e-16
3.107866187782013640e+03 4.036354634257607792e-16
3.448962260405759935e+03 3.217647163429606166e-16
3.827494478516314757e+03 2.530197874170015838e-16
4.247571552536898707e+03 1.955850696816397143e-16
4.713753134116724141e+03 1.478631078286396830e-16
5.231099308056262998e+03 1.088070752866273799e-16
5.805225516094896193e+03 7.735999213125473784e-17
6.442363508721369726e+03 5.270659365040915877e-17
7.149428986597576113e+03 3.424383233070867158e-17
7.934096665797491369e+03 2.124027930013873945e-17
8.804883581643463913e+03 1.289467889276621816e-17
9.771241535346502133e+03 8.133918775201610692e-18
1.084365968689610963e+04 5.633031994080361354e-18
1.203377840777589154e+04 4.263504157066915565e-18
1.335451562929898682e+04 3.392665905516798658e-18
1.482020705798858762e+04 2.756914618843861545e-18
1.644676177994664249e+04 2.255247740283020467e-18
1.825183494319044257e+04 1.847157513127762143e-18
2.025501939230666540e+04 1.512355361489746811e-18
2.247805833548725059e+04 1.236826940205283960e-18
2.494508135230316839e+04 1.010557521374010761e-18
2.768286630392066581e+04 8.249418188481747288e-19
3.072112998861759115e+04 6.726318693549735966e-19
3.409285069746814406e+04 5.478392840844917490e-19
3.783462617131928710e+04 4.457437304494406159e-19
4.198707084443910571e+04 3.621945482332058331e-19
4.659525668664683326e+04 2.939146078347453275e-19
5.170920242896761192e+04 2.382591109146146098e-19
5.738441648302398244e+04 1.928394377025255238e-19
6.368249944718585903e+04 1.558594202184373789e-19
7.067181273927491566e+04 1.257986023481429973e-19
7.842822061337680498e+04 1.013848665830002361e-19
8.703591361485165544e+04 8.159593782352522092e-20
9.658832241158708348e+04 6.557707517861977681e-20
1.071891319205127511e+05 5.262097942091366651e-20
1.189534067370319535e+05 4.217377983693268421e-20
1.320088400831418112e+05 3.375345578473044482e-20
1.464971398307286145e+05 2.698049445938538606e-20
1.625755666443794908e+05 2.154106745271130875e-20
1.804186409392071655e+05 1.718057599519283462e-20
2.002200371815584658e+05 1.368989267321533500e-20
2.221946860939523904e+05 1.089706848755497658e-20
2.465811075822604180e+05 8.667379999881543167e-21
2.736439997074671555e+05 6.888621126948890311e-21
3.036771118035460822e+05 5.469620522346409077e-21
3.370064329271928291e+05 4.339240287590572768e-21
3.739937302478798083e+05 3.439192287511601336e-21
4.150404757850476308e+05 2.723683894551448849e-21
4.605922041145108524e+05 2.155157738544558703e-21
5.111433483440171112e+05 1.703799492937689169e-21
5.672426068491977639e+05 1.345820029459267066e-21
6.294988990221888525e+05 1.062143033845348385e-21
6.985879746785250027e+05 8.375223066361791249e-22
7.752597488629464060e+05 6.597890327110372743e-22
8.603464416684507160e+05 5.192760757607602642e-22
9.547716114208066138e+05 4.083553145415777557e-22
1.059560179277617019e+06 3.208475244666979123e-22
1.175849554052158026e+06 2.518488913790843836e-22
1.304901978014401859e+06 1.974704151536055186e-22
1.448118227674532915e+06 1.547041049918737407e-22
1.607052818261638284e+06 1.210680184086657407e-22
1.783430876931909472e+06 9.464651333971624446e-23
1.979166867853557458e+06 7.391534420923834906e-23
2.196385372416546568e+06 5.765023116814395457e-23
2.437444150122222025e+06 4.492110497965974118e-23
2.704959730463137385e+06 3.496868320606436191e-23
3.001835813575591892e+06 2.718211359696871883e-23
3.331294787934676744e+06 2.110434146949961608e-23
3.696912707195031922e+06 1.636746120485042539e-23
4.102658105827190448e+06 1.267563120534869025e-23
4.552935074866947718e+06 9.802421824517886439e-24
5.052631065335679799e+06 7.570432810578770161e-24
5.607169938205458224e+06 5.838081694077703883e-24
6.222570836730230600e+06 4.495351127390462514e-24
6.905513520162330940e+06 3.456131143216723124e-24
7.663410868007462472e+06 2.653068545901788310e-24
8.504489341802684590e+06 2.033167502201568960e-24
9.437878277775391936e+06 1.555452227268776994e-24
1.047370897959450819e+07 1.187980372438082587e-24
1.162322468679854274e+07 9.055577685077918719e-25
1.289890261253307760e+07 6.889764583539135637e-25
1.431458937523478456e+07 5.231157298957179058e-25
1.588565129428052530e+07 3.963481939600977410e-25
1.762914118095947802e+07 2.996613962240573938e-25
1.956398343517064676e+07 2.260249990047007856e-25
2.171117945694505423e+07 1.700847526566984084e-25
2.409403560239527002e+07 1.276717677912358533e-25
2.673841615839949250e+07 9.557075672749989441e-26
2.967302408188872784e+07 7.134446977965243641e-26
3.292971255097155273e+07 5.310885495036717510e-26
3.654383070957254618e+07 3.940215390077492931e-26
4.055460735840827972e+07 2.913333640768615796e-26
4.500557675700496882e+07 2.146052018399870260e-26
4.994505115855139494e+07 1.574598201812073821e-26
5.542664520663107187e+07 1.150362162555414459e-26
6.150985788580504060e+07 8.363668761446770188e-27
6.826071834272393584e+07 6.048958488724154367e-27
7.575250258771920204e+07 4.349410271487065948e-27
8.406652885618332028e+07 3.106759758621724663e-27
9.329304026284696162e+07 2.203044614559818332e-27
1.035321843295663744e+08 1.549015603753587018e-27
1.148951000187308788e+08 1.078715363809313753e-27
1.275051240713012964e+08 7.427844449001433492e-28
1.414991297434575856e+08 5.046900653948380121e-28
1.570290124729377627e+08 3.375954737514157588e-28
1.742633386009651124e+08 2.215230284648423682e-28
1.933891750455232263e+08 1.419499194741508426e-28
2.146141197858406007e+08 8.824564086538639985e-29
2.381685551976160705e+08 5.275750630159211715e-29
2.643081486974108517e+08 2.989753843203063685e-29
2.933166278390048146e+08 1.570720516840438605e-29
3.255088599835056663e+08 7.361705011645695207e-30
3.612342699709430337e+08 2.863072578548541890e-30
4.008806328898465633e+08 7.689142163549403633e-31
4.448782831127585173e+08 2.071745625873645071e-33
