1.000000000000000000e+02 1.798128574716346428e-16
1.109752496412072134e+02 1.517393470056310723e-16
1.231550603292826196e+02 1.274315958847368318e-16
1.366716356462005990e+02 1.065996317663954004e-16
1.516716888470922413e+02 8.829960846618946258e-17
1.683180353330956791e+02 7.273031277806111202e-17
1.867913599020782840e+02 5.973155268063375496e-17
2.072921779595371845e+02 4.854178019414532689e-17
2.300430119772916839e+02 3.924216314639998092e-17
2.552908068239516410e+02 3.151169272786945806e-17
2.833096101839323637e+02 2.514635480160010734e-17
3.144035471591500368e+02 1.993866866449025691e-17
3.489101213406774491e+02 1.573322975104693023e-17
3.872038781812557318e+02 1.236161456100271434e-17
4.297004704320843871e+02 9.680410425099190091e-18
4.768611697714468960e+02 7.545986379825824281e-18
5.291978735958442712e+02 5.882654951281863246e-18
5.872786613189482523e+02 4.598193225733975016e-18
6.517339604882420190e+02 3.611173714702640472e-18
7.232633896483533817e+02 2.848760380884503781e-18
8.026433522257173081e+02 2.258453785122301364e-18
8.907354638610439679e+02 1.809774695873463576e-18
9.884959046625587007e+02 1.465074150062034813e-18
1.096985797892383971e+03 1.196212146075257913e-18
1.217382727739662187e+03 9.843678845964906228e-19
1.350993521198027793e+03 8.161589215172026976e-19
1.499268432786045423e+03 6.797964950311853977e-19
1.663816886076128640e+03 5.678026510657077987e-19
1.846424942895544291e+03 4.749107111126532455e-19
2.049074689815845886e+03 3.967820031370263426e-19
2.273965752357927613e+03 3.305875026879897378e-19
2.523539170434765765e+03 2.742938608268344053e-19
2.800503894183631019e+03 2.263934762287232199e-19
3.107866187782013640e+03 1.856620969670847364e-19
3.448962260405759935e+03 1.512457403434520364e-19
3.827494478516314757e+03 1.224243500812730930e-19
4.247571552536898707e+03 9.849604688026475803e-20
4.713753134116724141e+03 7.890753986635275122e-20
5.231099308056262998e+03 6.311661982179952150e-20
5.805225516094896193e+03 5.062604067397861952e-20
6.442363508721369726e+03 4.091590930937240554e-20
7.149428986597576113e+03 3.341604310423997755e-20
7.934096665797491369e+03 2.760237931358553304e-20
8.804883581643463913e+03 2.301362068715095323e-20
9.771241535346502133e+03 1.931627906532915142e-20
1.084365968689610963e+04 1.627469526223136563e-20
1.203377840777589154e+04 1.373768386072302508e-20
1.335451562929898682e+04 1.160367867100165192e-20
1.482020705798858762e+04 9.799961216534757747e-21
1.644676177994664249e+04 8.274421445435556952e-21
1.825183494319044257e+04 6.973778390888036214e-21
2.025501939230666540e+04 5.885016409751690648e-21
2.247805833548725059e+04 4.958745531930813662e-21
2.494508135230316839e+04 4.174571866876241407e-21
2.768286630392066581e+04 3.510426120851653307e-21
3.072112998861759115e+04 2.948790222426881890e-21
3.409285069746814406e+04 2.474108834097106272e-21
3.783462617131928710e+04 2.074092399254285909e-21
4.198707084443910571e+04 1.734149011331213284e-21
4.659525668664683326e+04 1.449294321242371127e-21
5.170920242896761192e+04 1.208870008187004249e-21
5.738441648302398244e+04 1.006499611264183635e-21
6.368249944718585903e+04 8.362774678272541509e-22
7.067181273927491566e+04 6.929536851903594261e-22
7.842822061337680498e+04 5.733838713172270895e-22
8.703591361485165544e+04 4.731546578763514898e-22
9.658832241158708348e+04 3.892576715419835011e-22
1.071891319205127511e+05 3.191095180627018761e-22
1.189534067370319535e+05 2.611328857216414014e-22
1.320088400831418112e+05 2.128609369630150032e-22
1.464971398307286145e+05 1.728767357164423990e-22
1.625755666443794908e+05 1.399323328230388889e-22
1.804186409392071655e+05 1.128448572080361478e-22
2.002200371815584658e+05 9.068014788160003549e-23
2.221946860939523904e+05 7.261582368246757434e-23
2.465811075822604180e+05 5.795913980637682190e-23
2.736439997074671555e+05 4.615190887795519193e-23
3.036771118035460822e+05 3.663990929019506770e-23
3.370064329271928291e+05 2.903582646771640993e-23
3.739937302478798083e+05 2.297775129437255361e-23
4.150404757850476308e+05 1.814081923775211968e-23
4.605922041145108524e+05 1.431393887500324694e-23
5.111433483440171112e+05 1.127815915619990851e-23
5.672426068491977639e+05 8.878721008959275064e-24
6.294988990221888525e+05 6.975346499717054431e-24
6.985879746785250027e+05 5.454236568139235448e-24
7.752597488629464060e+05 4.264147174860977377e-24
8.603464416684507160e+05 3.310026627531919076e-24
9.547716114208066138e+05 2.551313836216514246e-24
1.059560179277617019e+06 1.948333956170008587e-24
1.175849554052158026e+06 1.470379484679307777e-24
1.304901978014401859e+06 1.095317554210722925e-24
1.448118227674532915e+06 8.020582341346425471e-25
1.607052818261638284e+06 5.755936342112586005e-25
1.783430876931909472e+06 4.034604815852171731e-25
1.979166867853557458e+06 2.749819063411996038e-25
2.196385372416546568e+06 1.816628116722339425e-25
2.437444150122222025e+06 1.157564107060328886e-25
2.704959730463137385e+06 7.098265591832759310e-26
3.001835813575591892e+06 4.203868502304716808e-26
3.331294787934676744e+06 2.418370909442882539e-26
3.696912707195031922e+06 1.370011425341547595e-26
4.102658105827190448e+06 7.721968918996715968e-27
4.552935074866947718e+06 4.299612887658567019e-27
5.052631065335679799e+06 2.249782551783664091e-27
5.607169938205458224e+06 9.905002021947400249e-28
6.222570836730230600e+06 3.662805534990131258e-28
6.905513520162330940e+06 1.137103660108598246e-28
7.663410868007462472e+06 2.944123856424378700e-29
8.504489341802684590e+06 6.332074567719755956e-30
9.437878277775391936e+06 1.129727045544889225e-30
1.047370897959450819e+07 1.670944655667725357e-31
1.162322468679854274e+07 2.045921212168225235e-32
1.289890261253307760e+07 2.068701995931320994e-33
1.431458937523478456e+07 1.720778026717058959e-34
1.588565129428052530e+07 1.170428207910490315e-35
1.762914118095947802e+07 6.456776346646910320e-37
1.956398343517064676e+07 2.857033447443970356e-38
2.171117945694505423e+07 9.992442549495030066e-40
2.409403560239527002e+07 2.709960834533534524e-41
2.673841615839949250e+07 5.554411861160200039e-43
2.967302408188872784e+07 8.314108307200394341e-45
3.292971255097155273e+07 8.661633727768222590e-47
3.654383070957254618e+07 5.851373124649862241e-49
4.055460735840827972e+07 2.282268286336712269e-51
4.500557675700496882e+07 3.985936614192478591e-54
