1.000000000000000000e+02 2.460606342121151118e-14
1.109752496412072134e+02 2.112384605873464286e-14
1.231550603292826196e+02 1.814296033308376221e-14
1.366716356462005990e+02 1.559163152713601624e-14
1.516716888470922413e+02 1.340118126032732712e-14
1.683180353330956791e+02 1.152406764702136609e-14
1.867913599020782840e+02 9.904100292491834199e-15
2.072921779595371845e+02 8.512851764164252308e-15
2.300430119772916839e+02 7.313125822266647979e-15
2.552908068239516410e+02 6.277940618731924530e-15
2.833096101839323637e+02 5.383761192839698419e-15
3.144035471591500368e+02 4.609888161910800171e-15
3.489101213406774491e+02 3.940755338461943510e-15
3.872038781812557318e+02 3.361549555103604303e-15
4.297004704320843871e+02 2.859451837281391669e-15
4.768611697714468960e+02 2.424892678084865574e-15
5.291978735958442712e+02 2.048704858906282075e-15
5.872786613189482523e+02 1.724056847180942081e-15
6.517339604882420190e+02 1.443726497328610633e-15
7.232633896483533817e+02 1.202219131499477654e-15
8.026433522257173081e+02 9.945194710026328756e-16
8.907354638610439679e+02 8.166999278390463542e-16
9.884959046625587007e+02 6.648831036867515009e-16
1.096985797892383971e+03 5.360992274704897147e-16
1.217382727739662187e+03 4.274225849257078699e-16
1.350993521198027793e+03 3.365045919789985966e-16
1.499268432786045423e+03 2.611621518000414455e-16
1.663816886076128640e+03 1.995382592591920163e-16
1.846424942895544291e+03 1.498789293336584893e-16
2.049074689815845886e+03 1.106254246901561641e-16
2.273965752357927613e+03 8.033867250798698966e-17
2.523539170434765765e+03 5.768524614353613304e-17
2.800503894183631019e+03 4.132414763579472985e-17
3.107866187782013640e+03 2.992351899277111388e-17
3.448962260405759935e+03 2.217572191602670250e-17
3.827494478516314757e+03 1.694461039512567604e-17
4.247571552536898707e+03 1.333816460140142262e-17
4.713753134116724141e+03 1.073818173342284732e-17
5.231099308056262998e+03 8.761434048700949487e-18
5.805225516094896193e+03 7.202287499400428475e-18
6.442363508721369726e+03 5.942619334640777389e-18
7.149428986597576113e+03 4.912359253968305860e-18
7.934096665797491369e+03 4.063803677663011138e-18
8.804883581643463913e+03 3.361152984363549369e-18
9.771241535346502133e+03 2.780003262189966152e-18
1.084365968689610963e+04 2.298086568658933524e-18
1.203377840777589154e+04 1.899076998229447372e-18
1.335451562929898682e+04 1.568202654554018740e-18
1.482020705798858762e+04 1.294379540328561865e-18
1.644676177994664249e+04 1.067462006905654435e-18
1.825183494319044257e+04 8.795075552376013744e-19
2.025501939230666540e+04 7.240316503168463234e-19
2.247805833548725059e+04 5.952771328644787094e-19
2.494508135230316839e+04 4.888370674331841006e-19
2.768286630392066581e+04 4.007636419116328830e-19
3.072112998861759115e+04 3.280681302602495286e-19
3.409285069746814406e+04 2.680290461208429449e-19
3.783462617131928710e+04 2.186111560966302832e-19
4.198707084443910571e+04 1.777939748420811729e-19
4.659525668664683326e+04 1.442697307737114868e-19
5.170920242896761192e+04 1.167545315450989572e-19
5.738441648302398244e+04 9.419513790109783921e-20
6.368249944718585903e+04 7.575191522752536019e-20
7.067181273927491566e+04 6.072790584730489578e-20
7.842822061337680498e+04 4.852742169060954245e-20
8.703591361485165544e+04 3.863540018624740230e-20
9.658832241158708348e+04 3.066092790459636912e-20
1.071891319205127511e+05 2.425838775296921910e-20
1.189534067370319535e+05 1.913785178910449923e-20
1.320088400831418112e+05 1.506006923323309077e-20
1.464971398307286145e+05 1.182939718103605573e-20
1.625755666443794908e+05 9.282535711548257287e-21
1.804186409392071655e+05 7.279648161709387266e-21
2.002200371815584658e+05 5.703586022315324316e-21
2.221946860939523904e+05 4.465140284652313929e-21
2.465811075822604180e+05 3.492939811988618325e-21
2.736439997074671555e+05 2.729521230896132277e-21
3.036771118035460822e+05 2.130987311156496320e-21
3.370064329271928291e+05 1.661884683557282122e-21
3.739937302478798083e+05 1.294824967832201601e-21
4.150404757850476308e+05 1.007526429568395272e-21
4.605922041145108524e+05 7.831878903717839191e-22
5.111433483440171112e+05 6.079281882941647008e-22
5.672426068491977639e+05 4.713482785627302256e-22
6.294988990221888525e+05 3.649017448345196818e-22
6.985879746785250027e+05 2.821524094261840462e-22
7.752597488629464060e+05 2.178195072237410907e-22
8.603464416684507160e+05 1.678995340717427746e-22
9.547716114208066138e+05 1.292280995625773936e-22
1.059560179277617019e+06 9.929752411362463231e-23
1.175849554052158026e+06 7.616606771027030720e-23
1.304901978014401859e+06 5.832752906140638216e-23
1.448118227674532915e+06 4.457842681986241421e-23
1.607052818261638284e+06 3.400411388019860427e-23
1.783430876931909472e+06 2.589074739120433552e-23
1.979166867853557458e+06 1.967142589527489727e-23
2.196385372416546568e+06 1.491433372098691244e-23
2.437444150122222025e+06 1.128135022769252802e-23
2.704959730463137385e+06 8.513514303923923340e-24
3.001835813575591892e+06 6.409237850566561806e-24
3.331294787934676744e+06 4.812552763458130689e-24
3.696912707195031922e+06 3.603683264939070399e-24
4.102658105827190448e+06 2.690931770269109552e-24
4.552935074866947718e+06 2.002973741035872002e-24
5.052631065335679799e+06 1.486374801361855133e-24
5.607169938205458224e+06 1.098957740208681530e-24
6.222570836730230600e+06 8.096857456212464402e-25
6.905513520162330940e+06 5.941563622551104630e-25
7.663410868007462472e+06 4.340746524148194116e-25
8.504489341802684590e+06 3.157319455798625477e-25
9.437878277775391936e+06 2.283957799803207517e-25
1.047370897959450819e+07 1.642857905400263957e-25
1.162322468679854274e+07 1.175373127557259057e-25
1.289890261253307760e+07 8.343309627066914432e-26
1.431458937523478456e+07 5.879082728369105769e-26
1.588565129428052530e+07 4.107372352178791706e-26
1.762914118095947802e+07 2.841756687853603400e-26
1.956398343517064676e+07 1.944720001636622626e-26
2.171117945694505423e+07 1.314139024225115593e-26
2.409403560239527002e+07 8.753564128715627519e-27
2.673841615839949250e+07 5.736028026688816607e-27
2.967302408188872784e+07 3.686501766291137409e-27
3.292971255097155273e+07 2.317096068437895579e-27
3.654383070957254618e+07 1.417441659917522755e-27
4.055460735840827972e+07 8.385314143106680872e-28
4.500557675700496882e+07 4.743568294491095727e-28
4.994505115855139494e+07 2.508509750546255565e-28
5.542664520663107187e+07 1.183446317942542280e-28
6.150985788580504060e+07 4.449752562066158038e-29
6.826071834272393584e+07 9.292372911928632164e-30
7.575250258771920204e+07 1.787091352496852480e-31
