1.000000000000000000e+02 3.379612034458025475e-15
1.109752496412072134e+02 2.827770593859928051e-15
1.231550603292826196e+02 2.357804397771821520e-15
1.366716356462005990e+02 1.959623743337115721e-15
1.516716888470922413e+02 1.623413157513971623e-15
1.683180353330956791e+02 1.342062487634184358e-15
1.867913599020782840e+02 1.107837887644494920e-15
2.072921779595371845e+02 9.132649028296900959e-16
2.300430119772916839e+02 7.511380995506398420e-16
2.552908068239516410e+02 6.179005842310009710e-16
2.833096101839323637e+02 5.089516397213611321e-16
3.144035471591500368e+02 4.196138010873246881e-16
3.489101213406774491e+02 3.466724183574841415e-16
3.872038781812557318e+02 2.873735391253973860e-16
4.297004704320843871e+02 2.389151108541365694e-16
4.768611697714468960e+02 1.993609350045915683e-16
5.291978735958442712e+02 1.668999075555977355e-16
5.872786613189482523e+02 1.402118273145535241e-16
6.517339604882420190e+02 1.182061326700247273e-16
7.232633896483533817e+02 9.991248477453390372e-17
8.026433522257173081e+02 8.465053589980105922e-17
8.907354638610439679e+02 7.181368174427128236e-17
9.884959046625587007e+02 6.096856496081945532e-17
1.096985797892383971e+03 5.178191864317436052e-17
1.217382727739662187e+03 4.395257211109245212e-17
1.350993521198027793e+03 3.727555841956420926e-17
1.499268432786045423e+03 3.157241750738978700e-17
1.663816886076128640e+03 2.668666093238771527e-17
1.846424942895544291e+03 2.252104250230831240e-17
2.049074689815845886e+03 1.895451164673922030e-17
2.273965752357927613e+03 1.591902442935048108e-17
2.523539170434765765e+03 1.332983938383484961e-17
2.800503894183631019e+03 1.113927211141779781e-17
3.107866187782013640e+03 9.280694922059549921e-18
3.448962260405759935e+03 7.719179989024808040e-18
3.827494478516314757e+03 6.406056104925520845e-18
4.247571552536898707e+03 5.312746116895697067e-18
4.713753134116724141e+03 4.401343412916072516e-18
5.231099308056262998e+03 3.648211798143955724e-18
5.805225516094896193e+03 3.026013983962876130e-18
6.442363508721369726e+03 2.511476729300558966e-18
7.149428986597576113e+03 2.086788509033019516e-18
7.934096665797491369e+03 1.733650024184214521e-18
8.804883581643463913e+03 1.440487206111882643e-18
9.771241535346502133e+03 1.196660043055426194e-18
1.084365968689610963e+04 9.938926795535997328e-19
1.203377840777589154e+04 8.250933116661790644e-19
1.335451562929898682e+04 6.848257120193188863e-19
1.482020705798858762e+04 5.682140517285721082e-19
1.644676177994664249e+04 4.713702919745803456e-19
1.825183494319044257e+04 3.908771476421701835e-19
2.025501939230666540e+04 3.239821266933681563e-19
2.247805833548725059e+04 2.684126796641521075e-19
2.494508135230316839e+04 2.222805840601779210e-19
2.768286630392066581e+04 1.839555793306987955e-19
3.072112998861759115e+04 1.521287902567696024e-19
3.409285069746814406e+04 1.256908149440462817e-19
3.783462617131928710e+04 1.037581350324757438e-19
4.198707084443910571e+04 8.555166599497970053e-20
4.659525668664683326e+04 7.045556802512385418e-20
5.170920242896761192e+04 5.794793211586744852e-20
5.738441648302398244e+04 4.758637072071300626e-20
6.368249944718585903e+04 3.901535249040537891e-20
7.067181273927491566e+04 3.193015795554144659e-20
7.842822061337680498e+04 2.608271409368868709e-20
8.703591361485165544e+04 2.126256345440818409e-20
9.658832241158708348e+04 1.729555951503901692e-20
1.071891319205127511e+05 1.404003218510716657e-20
1.189534067370319535e+05 1.137386305456102913e-20
1.320088400831418112e+05 9.194481898324616023e-21
1.464971398307286145e+05 7.421547812364954983e-21
1.625755666443794908e+05 5.981620861717375160e-21
1.804186409392071655e+05 4.816977221555501560e-21
2.002200371815584658e+05 3.876301314756691962e-21
2.221946860939523904e+05 3.117657859917124571e-21
2.465811075822604180e+05 2.506007108878316803e-21
2.736439997074671555e+05 2.013361343341541060e-21
3.036771118035460822e+05 1.616418643612141647e-21
3.370064329271928291e+05 1.296995408911856364e-21
3.739937302478798083e+05 1.039936555481083244e-21
4.150404757850476308e+05 8.332981395741787799e-22
4.605922041145108524e+05 6.671951658180267066e-22
5.111433483440171112e+05 5.337735371869018062e-22
5.672426068491977639e+05 4.266717825657323899e-22
6.294988990221888525e+05 3.407329871075711470e-22
6.985879746785250027e+05 2.718209190321346140e-22
7.752597488629464060e+05 2.166418032353684722e-22
8.603464416684507160e+05 1.724620766355465629e-22
9.547716114208066138e+05 1.371105593719285828e-22
1.059560179277617019e+06 1.088637804291714291e-22
1.175849554052158026e+06 8.630729827502284776e-23
1.304901978014401859e+06 6.831826558070811542e-23
1.448118227674532915e+06 5.398142098376556223e-23
1.607052818261638284e+06 4.257512265687017692e-23
1.783430876931909472e+06 3.350759585428120057e-23
1.979166867853557458e+06 2.631238336662602755e-23
2.196385372416546568e+06 2.061158674842994647e-23
2.437444150122222025e+06 1.610405071247931573e-23
2.704959730463137385e+06 1.254171370340639530e-23
3.001835813575591892e+06 9.736213574682421041e-24
3.331294787934676744e+06 7.532579227807275091e-24
3.696912707195031922e+06 5.804831120673556287e-24
4.102658105827190448e+06 4.454985547051280217e-24
4.552935074866947718e+06 3.402626141565609249e-24
5.052631065335679799e+06 2.586034932935390376e-24
5.607169938205458224e+06 1.954833518114948391e-24
6.222570836730230600e+06 1.468664356625493096e-24
6.905513520162330940e+06 1.096014108749986477e-24
7.663410868007462472e+06 8.119685486227972652e-25
8.504489341802684590e+06 5.964753599415516136e-25
9.437878277775391936e+06 4.340473052581182987e-25
1.047370897959450819e+07 3.121201632669042224e-25
1.162322468679854274e+07 2.213531488361033744e-25
1.289890261253307760e+07 1.541412620342249738e-25
1.431458937523478456e+07 1.048167634987625751e-25
1.588565129428052530e+07 6.897346298031346694e-26
1.762914118095947802e+07 4.335322886390646601e-26
1.956398343517064676e+07 2.546365336532228273e-26
2.171117945694505423e+07 1.346660424852546347e-26
2.409403560239527002e+07 5.956180749159791941e-27
2.673841615839949250e+07 1.856713761686742748e-27
2.967302408188872784e+07 2.575346149865044153e-28
3.292971255097155273e+07 2.293190663632475499e-29
