1.000000000000000000e+02 1.644616413990820296e-16
1.109752496412072134e+02 1.400484947244725328e-16
1.231550603292826196e+02 1.192183768563931516e-16
1.366716356462005990e+02 1.013907058235375327e-16
1.516716888470922413e+02 8.614332435837544520e-17
1.683180353330956791e+02 7.306142324198737026e-17
1.867913599020782840e+02 6.184446158419879799e-17
2.072921779595371845e+02 5.222544848376364756e-17
2.300430119772916839e+02 4.398789818636547470e-17
2.552908068239516410e+02 3.694041357984116982e-17
2.833096101839323637e+02 3.091601497337229732e-17
3.144035471591500368e+02 2.578688768046236158e-17
3.489101213406774491e+02 2.141884785843511731e-17
3.872038781812557318e+02 1.772761245218374667e-17
4.297004704320843871e+02 1.459129172778870226e-17
4.768611697714468960e+02 1.194730834413643948e-17
5.291978735958442712e+02 9.738972459601835896e-18
5.872786613189482523e+02 7.893122945314838117e-18
6.517339604882420190e+02 6.365204957047261439e-18
7.232633896483533817e+02 5.104749012361525342e-18
8.026433522257173081e+02 4.074873918468207282e-18
8.907354638610439679e+02 3.240569874344864297e-18
9.884959046625587007e+02 2.571111440629192655e-18
1.096985797892383971e+03 2.039430750596727166e-18
1.217382727739662187e+03 1.621403405322083313e-18
1.350993521198027793e+03 1.295652075771922953e-18
1.499268432786045423e+03 1.042740278864232206e-18
1.663816886076128640e+03 8.469579942767939029e-19
1.846424942895544291e+03 6.942167354495115829e-19
2.049074689815845886e+03 5.741759605990231756e-19
2.273965752357927613e+03 4.780897057754976529e-19
2.523539170434765765e+03 4.000735563022807832e-19
2.800503894183631019e+03 3.355469266685254753e-19
3.107866187782013640e+03 2.818486642120243440e-19
3.448962260405759935e+03 2.367725822911399650e-19
3.827494478516314757e+03 1.988817906390988505e-19
4.247571552536898707e+03 1.669262139281336375e-19
4.713753134116724141e+03 1.400574027590651109e-19
5.231099308056262998e+03 1.174199693469179591e-19
5.805225516094896193e+03 9.840120456629454951e-20
6.442363508721369726e+03 8.236881869022249624e-20
7.149428986597576113e+03 6.892257854056467273e-20
7.934096665797491369e+03 5.764289105849532145e-20
8.804883581643463913e+03 4.818106341213053864e-20
9.771241535346502133e+03 4.025967906402580008e-20
1.084365968689610963e+04 3.362572019322998872e-20
1.203377840777589154e+04 2.807815902202523150e-20
1.335451562929898682e+04 2.343903784685832407e-20
1.482020705798858762e+04 1.956247208034207040e-20
1.644676177994664249e+04 1.631917626682170768e-20
1.825183494319044257e+04 1.361684880561373915e-20
2.025501939230666540e+04 1.135703935645967308e-20
2.247805833548725059e+04 9.469734775317619505e-21
2.494508135230316839e+04 7.893962805236703801e-21
2.768286630392066581e+04 6.578348083662533884e-21
3.072112998861759115e+04 5.480071251913733648e-21
3.409285069746814406e+04 4.563524548694405240e-21
3.783462617131928710e+04 3.799214362839306091e-21
4.198707084443910571e+04 3.161038229008041182e-21
4.659525668664683326e+04 2.628891941138005815e-21
5.170920242896761192e+04 2.185156571379855284e-21
5.738441648302398244e+04 1.815215397428741050e-21
6.368249944718585903e+04 1.507077687777894755e-21
7.067181273927491566e+04 1.250155598289010064e-21
7.842822061337680498e+04 1.036478379278724428e-21
8.703591361485165544e+04 8.585483472520113260e-22
9.658832241158708348e+04 7.106133853012770953e-22
1.071891319205127511e+05 5.876832512230387443e-22
1.189534067370319535e+05 4.856098883888132115e-22
1.320088400831418112e+05 4.009140269105628708e-22
1.464971398307286145e+05 3.307357108747449423e-22
1.625755666443794908e+05 2.726698468405342468e-22
1.804186409392071655e+05 2.246317783971248018e-22
2.002200371815584658e+05 1.849675500555431211e-22
2.221946860939523904e+05 1.522416571315101829e-22
2.465811075822604180e+05 1.252432734437038803e-22
2.736439997074671555e+05 1.029872191392033070e-22
3.036771118035460822e+05 8.464354034992579077e-23
3.370064329271928291e+05 6.952160481546772860e-23
3.739937302478798083e+05 5.706992006141652227e-23
4.150404757850476308e+05 4.681520775717295471e-23
4.605922041145108524e+05 3.837802419197253780e-23
5.111433483440171112e+05 3.143679196873240004e-23
5.672426068491977639e+05 2.572829009852579328e-23
6.294988990221888525e+05 2.104100320224946902e-23
6.985879746785250027e+05 1.718692610948852600e-23
7.752597488629464060e+05 1.402314104888672671e-23
8.603464416684507160e+05 1.142954256161849902e-23
9.547716114208066138e+05 9.302354451962158052e-24
1.059560179277617019e+06 7.559961310478442033e-24
1.175849554052158026e+06 6.134305218810488926e-24
1.304901978014401859e+06 4.968345570693868145e-24
1.448118227674532915e+06 4.016133831480664738e-24
1.607052818261638284e+06 3.239699185595014156e-24
1.783430876931909472e+06 2.607041848200591185e-24
1.979166867853557458e+06 2.092343964094456895e-24
2.196385372416546568e+06 1.673943514005521983e-24
2.437444150122222025e+06 1.334464521713769672e-24
2.704959730463137385e+06 1.059863102810740941e-24
3.001835813575591892e+06 8.382036277893572994e-25
3.331294787934676744e+06 6.602403964230246214e-25
3.696912707195031922e+06 5.172008426633081118e-25
4.102658105827190448e+06 4.027290284421911918e-25
4.552935074866947718e+06 3.115055853444476054e-25
5.052631065335679799e+06 2.392683632486539739e-25
5.607169938205458224e+06 1.822770987329417146e-25
6.222570836730230600e+06 1.376296070109663112e-25
6.905513520162330940e+06 1.028993570480704839e-25
7.663410868007462472e+06 7.610370855544325058e-26
8.504489341802684590e+06 5.570187841058031061e-26
9.437878277775391936e+06 4.027739182086521393e-26
1.047370897959450819e+07 2.879017445699369437e-26
1.162322468679854274e+07 2.034540576500838494e-26
1.289890261253307760e+07 1.423609840714441639e-26
1.431458937523478456e+07 9.869797238727929310e-27
1.588565129428052530e+07 6.789172291094274493e-27
1.762914118095947802e+07 4.624628229428431194e-27
1.956398343517064676e+07 3.103322715577807982e-27
2.171117945694505423e+07 2.024253334065881843e-27
2.409403560239527002e+07 1.254335210518402369e-27
2.673841615839949250e+07 7.098723206762876229e-28
2.967302408188872784e+07 3.419989251664964679e-28
3.292971255097155273e+07 1.210738311843111227e-28
3.654383070957254618e+07 2.248298067880620236e-29
4.055460735840827972e+07 1.408660008240361932e-30
