1.000000000000000000e+02 5.599642633592898322e-14
1.109752496412072134e+02 4.854076093745389714e-14
1.231550603292826196e+02 4.205737752983002564e-14
1.366716356462005990e+02 3.640460180676549794e-14
1.516716888470922413e+02 3.149261265215311842e-14
1.683180353330956791e+02 2.721144262773676022e-14
1.867913599020782840e+02 2.350148899973696635e-14
2.072921779595371845e+02 2.027436360851494736e-14
2.300430119772916839e+02 1.748049794877421303e-14
2.552908068239516410e+02 1.505468675852743796e-14
2.833096101839323637e+02 1.295653855086440929e-14
3.144035471591500368e+02 1.114049622493904962e-14
3.489101213406774491e+02 9.569929039183195135e-15
3.872038781812557318e+02 8.214635199539728633e-15
4.297004704320843871e+02 7.044769494533752814e-15
4.768611697714468960e+02 6.037631111444036760e-15
5.291978735958442712e+02 5.168756341732800689e-15
5.872786613189482523e+02 4.422297532864509890e-15
6.517339604882420190e+02 3.779524976868560845e-15
7.232633896483533817e+02 3.228714469526047973e-15
8.026433522257173081e+02 2.755156958728518076e-15
8.907354638610439679e+02 2.349904926162476163e-15
9.884959046625587007e+02 2.001944596032746628e-15
1.096985797892383971e+03 1.704640510837906491e-15
1.217382727739662187e+03 1.450037786436767548e-15
1.350993521198027793e+03 1.232487920054538309e-15
1.499268432786045423e+03 1.046641442895587238e-15
1.663816886076128640e+03 8.879007086907628196e-16
1.846424942895544291e+03 7.526408987881191143e-16
2.049074689815845886e+03 6.372097144487844350e-16
2.273965752357927613e+03 5.389826904254490971e-16
2.523539170434765765e+03 4.553418913828831010e-16
2.800503894183631019e+03 3.842897425347614276e-16
3.107866187782013640e+03 3.239214718789983189e-16
3.448962260405759935e+03 2.727064403605488747e-16
3.827494478516314757e+03 2.293680492375318896e-16
4.247571552536898707e+03 1.926371750665276982e-16
4.713753134116724141e+03 1.616335194464671573e-16
5.231099308056262998e+03 1.354589872266875984e-16
5.805225516094896193e+03 1.134070215851046334e-16
6.442363508721369726e+03 9.484629217447403784e-17
7.149428986597576113e+03 7.925945421508659628e-17
7.934096665797491369e+03 6.615798600526081424e-17
8.804883581643463913e+03 5.519865207609862660e-17
9.771241535346502133e+03 4.600922001207485929e-17
1.084365968689610963e+04 3.833295094776531491e-17
1.203377840777589154e+04 3.192391200341301631e-17
1.335451562929898682e+04 2.656662926056934641e-17
1.482020705798858762e+04 2.210104008522486392e-17
1.644676177994664249e+04 1.837958905383998905e-17
1.825183494319044257e+04 1.527712303621026526e-17
2.025501939230666540e+04 1.269554804554190113e-17
2.247805833548725059e+04 1.054497080466758826e-17
2.494508135230316839e+04 8.754533514656583143e-18
2.768286630392066581e+04 7.263767135089117944e-18
3.072112998861759115e+04 6.023420028453487270e-18
3.409285069746814406e+04 4.992763651567954333e-18
3.783462617131928710e+04 4.134848551645456161e-18
4.198707084443910571e+04 3.422619472870044547e-18
4.659525668664683326e+04 2.830279116246788086e-18
5.170920242896761192e+04 2.338613608093829991e-18
5.738441648302398244e+04 1.930245639082529380e-18
6.368249944718585903e+04 1.591624252530462575e-18
7.067181273927491566e+04 1.311049270593883411e-18
7.842822061337680498e+04 1.078650915335098448e-18
8.703591361485165544e+04 8.862558482178208090e-19
9.658832241158708348e+04 7.272701619552047623e-19
1.071891319205127511e+05 5.960364393010648515e-19
1.189534067370319535e+05 4.878206687883133412e-19
1.320088400831418112e+05 3.986150545516990654e-19
1.464971398307286145e+05 3.253400090482706805e-19
1.625755666443794908e+05 2.651353040550133187e-19
1.804186409392071655e+05 2.157978097316996410e-19
2.002200371815584658e+05 1.755019823910252660e-19
2.221946860939523904e+05 1.426008182846883737e-19
2.465811075822604180e+05 1.157760086213100418e-19
2.736439997074671555e+05 9.394807979667026268e-20
3.036771118035460822e+05 7.619316449403951636e-20
3.370064329271928291e+05 6.175846484562779966e-20
3.739937302478798083e+05 5.002666536012441138e-20
4.150404757850476308e+05 4.049836587166593779e-20
4.605922041145108524e+05 3.276181901968143864e-20
5.111433483440171112e+05 2.648844732879393293e-20
5.672426068491977639e+05 2.140182412578019208e-20
6.294988990221888525e+05 1.727773601816170502e-20
6.985879746785250027e+05 1.393966423738167227e-20
7.752597488629464060e+05 1.123765676290922298e-20
8.603464416684507160e+05 9.051191547061078928e-21
9.547716114208066138e+05 7.284916095206640396e-21
1.059560179277617019e+06 5.858444590402568861e-21
1.175849554052158026e+06 4.707227953364147331e-21
1.304901978014401859e+06 3.778366838876496800e-21
1.448118227674532915e+06 3.030036265414312493e-21
1.607052818261638284e+06 2.427531361430737548e-21
1.783430876931909472e+06 1.942930040496542786e-21
1.979166867853557458e+06 1.553441444655705700e-21
2.196385372416546568e+06 1.240700249426754611e-21
2.437444150122222025e+06 9.898419941717271439e-22
2.704959730463137385e+06 7.887964418793482846e-22
3.001835813575591892e+06 6.278111791806313034e-22
3.331294787934676744e+06 4.990397302328263629e-22
3.696912707195031922e+06 3.961997625884048056e-22
4.102658105827190448e+06 3.141503109289149334e-22
4.552935074866947718e+06 2.487283689782201116e-22
5.052631065335679799e+06 1.966510505666383537e-22
5.607169938205458224e+06 1.552599414965578676e-22
6.222570836730230600e+06 1.223802870104500170e-22
6.905513520162330940e+06 9.631366444133141433e-23
7.663410868007462472e+06 7.566825391965392207e-23
8.504489341802684590e+06 5.934384063021051932e-23
9.437878277775391936e+06 4.645722596767690777e-23
1.047370897959450819e+07 3.628760009940263352e-23
1.162322468679854274e+07 2.829460283281665540e-23
1.289890261253307760e+07 2.200917869786684976e-23
1.431458937523478456e+07 1.707551553006134607e-23
1.588565129428052530e+07 1.321846003051477028e-23
1.762914118095947802e+07 1.020142355766000570e-23
1.956398343517064676e+07 7.847960228556779124e-24
2.171117945694505423e+07 6.019546298590477154e-24
2.409403560239527002e+07 4.599056408687610505e-24
2.673841615839949250e+07 3.500112386878544939e-24
2.967302408188872784e+07 2.652875952787821648e-24
3.292971255097155273e+07 2.000480444102627591e-24
3.654383070957254618e+07 1.500853756177705842e-24
4.055460735840827972e+07 1.118548973504863391e-24
4.500557675700496882e+07 8.273496967690676748e-25
4.994505115855139494e+07 6.061783348537666898e-25
5.542664520663107187e+07 4.396681964143440488e-25
6.150985788580504060e+07 3.157034684361441143e-25
6.826071834272393584e+07 2.241238452848425987e-25
7.575250258771920204e+07 1.569745731054430158e-25
8.406652885618332028e+07 1.082752692060934971e-25
9.329304026284696162e+07 7.329162145574345473e-26
1.035321843295663744e+08 4.849465632686045441e-26
1.148951000187308788e+08 3.118423503921353307e-26
1.275051240713012964e+08 1.935205839770844083e-26
1.414991297434575856e+08 1.146144450261674795e-26
1.570290124729377627e+08 6.379509270756288776e-27
1.742633386009651124e+08 3.258525312753426809e-27
1.933891750455232263e+08 1.466833265887591723e-27
2.146141197858406007e+08 5.316576990789940741e-28
2.381685551976160705e+08 1.006348389772586054e-28
