1.000000000000000000e+02 3.768237922003069706e-14
1.109752496412072134e+02 3.241360853261815639e-14
1.231550603292826196e+02 2.788275652413638203e-14
1.366716356462005990e+02 2.395894029390635984e-14
1.516716888470922413e+02 2.059140761725264309e-14
1.683180353330956791e+02 1.768624914793564247e-14
1.867913599020782840e+02 1.516364327674863308e-14
2.072921779595371845e+02 1.298978431534069664e-14
2.300430119772916839e+02 1.111275325022978491e-14
2.552908068239516410e+02 9.491974666532713591e-15
2.833096101839323637e+02 8.095410558413887307e-15
3.144035471591500368e+02 6.881883983826044603e-15
3.489101213406774491e+02 5.839010066050362953e-15
3.872038781812557318e+02 4.938873215934673105e-15
4.297004704320843871e+02 4.164074274108901791e-15
4.768611697714468960e+02 3.499981386062304820e-15
5.291978735958442712e+02 2.926879505246563637e-15
5.872786613189482523e+02 2.438592685918813868e-15
6.517339604882420190e+02 2.020199371151886890e-15
7.232633896483533817e+02 1.665330869422482845e-15
8.026433522257173081e+02 1.363777479718767444e-15
8.907354638610439679e+02 1.109979246283871992e-15
9.884959046625587007e+02 8.956856543999868333e-16
1.096985797892383971e+03 7.175324311150391146e-16
1.217382727739662187e+03 5.689378260641126470e-16
1.350993521198027793e+03 4.473287075743952528e-16
1.499268432786045423e+03 3.474820251995095378e-16
1.663816886076128640e+03 2.673116010668280327e-16
1.846424942895544291e+03 2.036174866166641042e-16
2.049074689815845886e+03 1.538552411178174001e-16
2.273965752357927613e+03 1.154112037718424403e-16
2.523539170434765765e+03 8.641094654679851018e-17
2.800503894183631019e+03 6.473974401194143824e-17
3.107866187782013640e+03 4.879236102450319208e-17
3.448962260405759935e+03 3.711339008923593359e-17
3.827494478516314757e+03 2.850980291651026123e-17
4.247571552536898707e+03 2.216581763369369593e-17
4.713753134116724141e+03 1.740006881838837622e-17
5.231099308056262998e+03 1.377887904553790264e-17
5.805225516094896193e+03 1.095011902562148572e-17
6.442363508721369726e+03 8.720133150918469282e-18
7.149428986597576113e+03 6.954673505664506916e-18
7.934096665797491369e+03 5.487951728214607369e-18
8.804883581643463913e+03 4.317821163716852714e-18
9.771241535346502133e+03 3.380590684121034264e-18
1.084365968689610963e+04 2.628152494467469339e-18
1.203377840777589154e+04 2.028133301145639981e-18
1.335451562929898682e+04 1.555073538816193723e-18
1.482020705798858762e+04 1.191185914349552558e-18
1.644676177994664249e+04 9.006288675319659080e-19
1.825183494319044257e+04 6.807599794588773211e-19
2.025501939230666540e+04 5.180469587806835434e-19
2.247805833548725059e+04 3.947681822595293471e-19
2.494508135230316839e+04 3.027769221044751438e-19
2.768286630392066581e+04 2.351866313943346460e-19
3.072112998861759115e+04 1.849657206112864497e-19
3.409285069746814406e+04 1.475346148756853372e-19
3.783462617131928710e+04 1.193524529833457542e-19
4.198707084443910571e+04 9.777370584381261571e-20
4.659525668664683326e+04 8.092067459816621005e-20
5.170920242896761192e+04 6.740462312495002289e-20
5.738441648302398244e+04 5.637057336289819129e-20
6.368249944718585903e+04 4.724404559581305441e-20
7.067181273927491566e+04 3.954651192984918367e-20
7.842822061337680498e+04 3.300237122670040889e-20
8.703591361485165544e+04 2.737932022268576503e-20
9.658832241158708348e+04 2.255670420223766415e-20
1.071891319205127511e+05 1.843344160282570568e-20
1.189534067370319535e+05 1.490735867860913774e-20
1.320088400831418112e+05 1.190650807276563628e-20
1.464971398307286145e+05 9.345740388014552782e-21
1.625755666443794908e+05 7.208801962322672052e-21
1.804186409392071655e+05 5.417171211128372548e-21
2.002200371815584658e+05 3.956774670928189227e-21
2.221946860939523904e+05 2.782294372267194827e-21
2.465811075822604180e+05 1.871557307378738636e-21
2.736439997074671555e+05 1.188871778671560156e-21
3.036771118035460822e+05 7.046089945938294175e-22
3.370064329271928291e+05 3.849795133104420185e-22
3.739937302478798083e+05 1.912640805091539994e-22
4.150404757850476308e+05 8.759786653655798135e-23
4.605922041145108524e+05 3.904831471396367641e-23
5.111433483440171112e+05 1.881877258486716732e-23
5.672426068491977639e+05 1.049369321619169738e-23
6.294988990221888525e+05 6.674400889674759109e-24
6.985879746785250027e+05 4.557466288310861219e-24
7.752597488629464060e+05 3.202543245595626881e-24
8.603464416684507160e+05 2.270662101568504605e-24
9.547716114208066138e+05 1.613344197181979705e-24
1.059560179277617019e+06 1.147187416530112806e-24
1.175849554052158026e+06 8.149906953226630287e-25
1.304901978014401859e+06 5.780503651306824659e-25
1.448118227674532915e+06 4.086477440614170688e-25
1.607052818261638284e+06 2.880260392046888297e-25
1.783430876931909472e+06 2.011811761030202311e-25
1.979166867853557458e+06 1.396550610660566860e-25
2.196385372416546568e+06 9.600084514433899708e-26
2.437444150122222025e+06 6.517723076398189288e-26
2.704959730463137385e+06 4.358826833180722843e-26
3.001835813575591892e+06 2.857155648663082918e-26
3.331294787934676744e+06 1.835729564428148031e-26
3.696912707195031922e+06 1.158029200206630750e-26
4.102658105827190448e+06 7.000285070887050038e-27
4.552935074866947718e+06 4.105940694263759681e-27
5.052631065335679799e+06 2.315755229892621039e-27
5.607169938205458224e+06 1.252118904087653831e-27
6.222570836730230600e+06 6.469090793865504203e-28
6.905513520162330940e+06 3.173136251966433076e-28
7.663410868007462472e+06 1.457442860158372771e-28
8.504489341802684590e+06 6.113347749269975593e-29
9.437878277775391936e+06 2.289626646455687136e-29
1.047370897959450819e+07 7.595070150810708181e-30
1.162322468679854274e+07 2.212257109683603702e-30
1.289890261253307760e+07 5.586305806073797608e-31
1.431458937523478456e+07 1.209590132658902178e-31
1.588565129428052530e+07 2.223134952481543992e-32
1.762914118095947802e+07 3.436144649177825525e-33
1.956398343517064676e+07 4.420318037747528956e-34
2.171117945694505423e+07 4.687229353036776185e-35
2.409403560239527002e+07 4.066653603215790048e-36
2.673841615839949250e+07 2.859877591629124674e-37
2.967302408188872784e+07 1.619970802704734613e-38
3.292971255097155273e+07 7.337436313550064653e-40
3.654383070957254618e+07 2.640848910517279186e-41
4.055460735840827972e+07 7.506013215057700363e-43
4.500557675700496882e+07 1.673484951430336334e-44
4.994505115855139494e+07 2.906648211442311060e-46
5.542664520663107187e+07 3.917548961883031481e-48
6.150985788580504060e+07 4.091938797468537261e-50
6.826071834272393584e+07 3.312933096305501324e-52
7.575250258771920204e+07 2.165333407831194412e-54
8.406652885618332028e+07 1.238325759572366606e-56
9.329304026284696162e+07 5.947850017747873926e-59
1.035321843295663744e+08 2.351180514216523597e-61
1.148951000187308788e+08 7.604722453232249583e-64
1.275051240713012964e+08 1.994973524009852681e-66
1.414991297434575856e+08 4.183760317680244025e-69
1.570290124729377627e+08 6.867832296622617617e-72
1.742633386009651124e+08 8.538026264962757344e-75
1.933891750455232263e+08 7.685507387346231651e-78
2.146141197858406007e+08 4.692365257180194225e-81
2.381685551976160705e+08 1.754547877806486025e-84
2.643081486974108517e+08 3.364777292016924257e-88
2.933166278390048146e+08 2.269938687771494713e-92
3.255088599835056663e+08 1.316739947052472734e-97
