1.000000000000000000e+02 6.117834000438929629e-15
1.109752496412072134e+02 4.888079781588290557e-15
1.231550603292826196e+02 3.915329598316794603e-15
1.366716356462005990e+02 3.138571396585333316e-15
1.516716888470922413e+02 2.517196163304699123e-15
1.683180353330956791e+02 2.018805285533994760e-15
1.867913599020782840e+02 1.617721483755810074e-15
2.072921779595371845e+02 1.294491525102002456e-15
2.300430119772916839e+02 1.033908870763230497e-15
2.552908068239516410e+02 8.236694246250338383e-16
2.833096101839323637e+02 6.543114686424672225e-16
3.144035471591500368e+02 5.181763717339628458e-16
3.489101213406774491e+02 4.090573175562836228e-16
3.872038781812557318e+02 3.219198443630880931e-16
4.297004704320843871e+02 2.526155425010561514e-16
4.768611697714468960e+02 1.978342403254296302e-16
5.291978735958442712e+02 1.546238922587979145e-16
5.872786613189482523e+02 1.207308684834679188e-16
6.517339604882420190e+02 9.425786608276867844e-17
7.232633896483533817e+02 7.364206818887162389e-17
8.026433522257173081e+02 5.770945449982041788e-17
8.907354638610439679e+02 4.536635775068618514e-17
9.884959046625587007e+02 3.581485508043115242e-17
1.096985797892383971e+03 2.844400083057308479e-17
1.217382727739662187e+03 2.273143080898001051e-17
1.350993521198027793e+03 1.828793582300736832e-17
1.499268432786045423e+03 1.481150704406518446e-17
1.663816886076128640e+03 1.207861357983233857e-17
1.846424942895544291e+03 9.909218132511506792e-18
2.049074689815845886e+03 8.169129956938962753e-18
2.273965752357927613e+03 6.763081837537333074e-18
2.523539170434765765e+03 5.617614724694405452e-18
2.800503894183631019e+03 4.676081976825977188e-18
3.107866187782013640e+03 3.897048523657438151e-18
3.448962260405759935e+03 3.248662583548586369e-18
3.827494478516314757e+03 2.705651684938180922e-18
4.247571552536898707e+03 2.247002905538973859e-18
4.713753134116724141e+03 1.868300360084928208e-18
5.231099308056262998e+03 1.547712047728792597e-18
5.805225516094896193e+03 1.277057942441174870e-18
6.442363508721369726e+03 1.050040182318712198e-18
7.149428986597576113e+03 8.601135295888055368e-19
7.934096665797491369e+03 7.013642968864328551e-19
8.804883581643463913e+03 5.691877670342682776e-19
9.771241535346502133e+03 4.592646036240409237e-19
1.084365968689610963e+04 3.682158458532772882e-19
1.203377840777589154e+04 2.937361754752427385e-19
1.335451562929898682e+04 2.328659293555318746e-19
1.482020705798858762e+04 1.836763968959917976e-19
1.644676177994664249e+04 1.437782146414034179e-19
1.825183494319044257e+04 1.118697480967823726e-19
2.025501939230666540e+04 8.666318384135691590e-20
2.247805833548725059e+04 6.678509160273801902e-20
2.494508135230316839e+04 5.129192425893413605e-20
2.768286630392066581e+04 3.933011009164783375e-20
3.072112998861759115e+04 3.008436503391653616e-20
3.409285069746814406e+04 2.304385132512199258e-20
3.783462617131928710e+04 1.771949122870629434e-20
4.198707084443910571e+04 1.368532310647634582e-20
4.659525668664683326e+04 1.064399715886011390e-20
5.170920242896761192e+04 8.348259306847873573e-21
5.738441648302398244e+04 6.605906383605382329e-21
6.368249944718585903e+04 5.265112158743421511e-21
7.067181273927491566e+04 4.231810462167517618e-21
7.842822061337680498e+04 3.421770332838536968e-21
8.703591361485165544e+04 2.778658230883364031e-21
9.658832241158708348e+04 2.260738578504413688e-21
1.071891319205127511e+05 1.841119051319868893e-21
1.189534067370319535e+05 1.497460462303794252e-21
1.320088400831418112e+05 1.215430386970457726e-21
1.464971398307286145e+05 9.831502036197908243e-22
1.625755666443794908e+05 7.934220814614791042e-22
1.804186409392071655e+05 6.369294848597185635e-22
2.002200371815584658e+05 5.091423650907310684e-22
2.221946860939523904e+05 4.050312086498934389e-22
2.465811075822604180e+05 3.202502122343712093e-22
2.736439997074671555e+05 2.518481025083123921e-22
3.036771118035460822e+05 1.967558604463738571e-22
3.370064329271928291e+05 1.527824853232463440e-22
3.739937302478798083e+05 1.177563967181421001e-22
4.150404757850476308e+05 9.019089647475397647e-23
4.605922041145108524e+05 6.869830930630648250e-23
5.111433483440171112e+05 5.187381269073992111e-23
5.672426068491977639e+05 3.901057322852310434e-23
6.294988990221888525e+05 2.917787884074925320e-23
6.985879746785250027e+05 2.175996915892112798e-23
7.752597488629464060e+05 1.620349371871363558e-23
8.603464416684507160e+05 1.205364778950190480e-23
9.547716114208066138e+05 8.975500860402163857e-24
1.059560179277617019e+06 6.690226480783534356e-24
1.175849554052158026e+06 5.003123469617820012e-24
1.304901978014401859e+06 3.742635039464928334e-24
1.448118227674532915e+06 2.792119082579624527e-24
1.607052818261638284e+06 2.085950453196008384e-24
1.783430876931909472e+06 1.544986626161488200e-24
1.979166867853557458e+06 1.135559462356337401e-24
2.196385372416546568e+06 8.224879376358611689e-25
2.437444150122222025e+06 5.850583665835917408e-25
2.704959730463137385e+06 4.064332880616102226e-25
3.001835813575591892e+06 2.741422179619013251e-25
3.331294787934676744e+06 1.782674807948813204e-25
3.696912707195031922e+06 1.108832626313120573e-25
4.102658105827190448e+06 6.548660201048182307e-26
4.552935074866947718e+06 3.650970697959626383e-26
5.052631065335679799e+06 1.917568607021197432e-26
5.607169938205458224e+06 9.494955090662224654e-27
6.222570836730230600e+06 4.428522379362215766e-27
6.905513520162330940e+06 1.912747598502470987e-27
7.663410868007462472e+06 7.497967329324262208e-28
8.504489341802684590e+06 2.643340291411726145e-28
9.437878277775391936e+06 8.315194294541037538e-29
1.047370897959450819e+07 2.313752589890364101e-29
1.162322468679854274e+07 5.655150625214830291e-30
1.289890261253307760e+07 1.208658961128276089e-30
1.431458937523478456e+07 2.251825230573535745e-31
1.588565129428052530e+07 3.649936466753818745e-32
1.762914118095947802e+07 5.139176999866651763e-33
1.956398343517064676e+07 6.274264817061551100e-34
2.171117945694505423e+07 6.628487305954991008e-35
2.409403560239527002e+07 6.039475057158446980e-36
2.673841615839949250e+07 4.731060181375836605e-37
2.967302408188872784e+07 3.173844371025513276e-38
3.292971255097155273e+07 1.814137462769261034e-39
3.654383070957254618e+07 8.779405052004499868e-41
4.055460735840827972e+07 3.568927416564606057e-42
4.500557675700496882e+07 1.206824323695303386e-43
4.994505115855139494e+07 3.353562837788698116e-45
5.542664520663107187e+07 7.542913996040639861e-47
6.150985788580504060e+07 1.347173261563094570e-48
6.826071834272393584e+07 1.863564496621230212e-50
7.575250258771920204e+07 1.931282368993192416e-52
8.406652885618332028e+07 1.430786257411998519e-54
9.329304026284696162e+07 7.059395150977227669e-57
1.035321843295663744e+08 2.056196596238132589e-59
1.148951000187308788e+08 2.701386957767858604e-62
1.275051240713012964e+08 1.472053949764680482e-66
1.414991297434575856e+08 5.784958555411319397e-84
1.570290124729377627e+08 2.029300846121805249e-144
1.742633386009651124e+08 1.272058506107238373e-152
