1.000000000000000000e+02 1.675467040339142276e-15
1.109752496412072134e+02 1.463661991823930072e-15
1.231550603292826196e+02 1.278225423214735888e-15
1.366716356462005990e+02 1.115788702489137356e-15
1.516716888470922413e+02 9.733266851007811089e-16
1.683180353330956791e+02 8.484536976684000468e-16
1.867913599020782840e+02 7.389027263446546690e-16
2.072921779595371845e+02 6.429429411235111965e-16
2.300430119772916839e+02 5.587704322768110619e-16
2.552908068239516410e+02 4.851824222881645038e-16
2.833096101839323637e+02 4.207114470320282089e-16
3.144035471591500368e+02 3.643724128364108689e-16
3.489101213406774491e+02 3.151683422534409366e-16
3.872038781812557318e+02 2.722661846112194986e-16
4.297004704320843871e+02 2.348122226876965916e-16
4.768611697714468960e+02 2.023502794977245440e-16
5.291978735958442712e+02 1.740268676705583953e-16
5.872786613189482523e+02 1.495350796753255674e-16
6.517339604882420190e+02 1.282887565368165497e-16
7.232633896483533817e+02 1.099345194566887835e-16
8.026433522257173081e+02 9.409511429472933059e-17
8.907354638610439679e+02 8.045363733922164662e-17
9.884959046625587007e+02 6.872103501855529921e-17
1.096985797892383971e+03 5.866991424003761167e-17
1.217382727739662187e+03 5.003624503512512877e-17
1.350993521198027793e+03 4.268078034340613340e-17
1.499268432786045423e+03 3.637610520049336014e-17
1.663816886076128640e+03 3.100507294255272767e-17
1.846424942895544291e+03 2.641127218009086065e-17
2.049074689815845886e+03 2.249507199235406852e-17
2.273965752357927613e+03 1.914331092330862035e-17
2.523539170434765765e+03 1.628686174023074710e-17
2.800503894183631019e+03 1.384295560002611177e-17
3.107866187782013640e+03 1.175930661543292175e-17
3.448962260405759935e+03 9.981054204473126534e-18
3.827494478516314757e+03 8.462788993133317231e-18
4.247571552536898707e+03 7.168979589150999126e-18
4.713753134116724141e+03 6.067991870985567270e-18
5.231099308056262998e+03 5.130449833876994727e-18
5.805225516094896193e+03 4.333043571336603378e-18
6.442363508721369726e+03 3.656048825511887571e-18
7.149428986597576113e+03 3.081251632695358401e-18
7.934096665797491369e+03 2.594561695332342788e-18
8.804883581643463913e+03 2.182113220006708554e-18
9.771241535346502133e+03 1.833685750561859381e-18
1.084365968689610963e+04 1.539334399914710237e-18
1.203377840777589154e+04 1.291155244945083512e-18
1.335451562929898682e+04 1.082177650355030508e-18
1.482020705798858762e+04 9.060815612920380423e-19
1.644676177994664249e+04 7.583725873235470328e-19
1.825183494319044257e+04 6.341777417811180784e-19
2.025501939230666540e+04 5.300186184266028534e-19
2.247805833548725059e+04 4.427551326286321171e-19
2.494508135230316839e+04 3.695944594338406319e-19
2.768286630392066581e+04 3.084088943773692364e-19
3.072112998861759115e+04 2.571608844428704377e-19
3.409285069746814406e+04 2.143377127035880215e-19
3.783462617131928710e+04 1.785198719540779751e-19
4.198707084443910571e+04 1.485739153182276390e-19
4.659525668664683326e+04 1.235747403942446283e-19
5.170920242896761192e+04 1.026895589077209883e-19
5.738441648302398244e+04 8.527177126806984623e-20
6.368249944718585903e+04 7.074201736889439173e-20
7.067181273927491566e+04 5.862271669738036412e-20
7.842822061337680498e+04 4.852878281588526134e-20
8.703591361485165544e+04 4.012157254536869490e-20
9.658832241158708348e+04 3.313075588292179464e-20
1.071891319205127511e+05 2.731711238607230574e-20
1.189534067370319535e+05 2.249303459045330754e-20
1.320088400831418112e+05 1.849138067257669050e-20
1.464971398307286145e+05 1.517418582595637905e-20
1.625755666443794908e+05 1.243075419696793530e-20
1.804186409392071655e+05 1.016417602248592192e-20
2.002200371815584658e+05 8.295207936899527625e-21
2.221946860939523904e+05 6.758422160623240688e-21
2.465811075822604180e+05 5.495610626719074622e-21
2.736439997074671555e+05 4.460773019393336244e-21
3.036771118035460822e+05 3.616026206521161656e-21
3.370064329271928291e+05 2.927197217900932744e-21
3.739937302478798083e+05 2.366817557059062942e-21
4.150404757850476308e+05 1.911673678896256609e-21
4.605922041145108524e+05 1.541980573334261194e-21
5.111433483440171112e+05 1.242306610356815478e-21
5.672426068491977639e+05 9.996880273209627212e-22
6.294988990221888525e+05 8.034070525939608856e-22
6.985879746785250027e+05 6.447544842847058726e-22
7.752597488629464060e+05 5.167311750533138400e-22
8.603464416684507160e+05 4.135804493657058927e-22
9.547716114208066138e+05 3.305704610995690194e-22
1.059560179277617019e+06 2.638157069582302369e-22
1.175849554052158026e+06 2.102444358896338821e-22
1.304901978014401859e+06 1.672777006160289700e-22
1.448118227674532915e+06 1.328856322060956578e-22
1.607052818261638284e+06 1.053997006145498520e-22
1.783430876931909472e+06 8.346241070042272991e-23
1.979166867853557458e+06 6.597946269563676128e-23
2.196385372416546568e+06 5.206127209582188596e-23
2.437444150122222025e+06 4.100996575653801922e-23
2.704959730463137385e+06 3.225298817656170472e-23
3.001835813575591892e+06 2.531349330404607676e-23
3.331294787934676744e+06 1.983111604528019081e-23
3.696912707195031922e+06 1.550366146405354379e-23
4.102658105827190448e+06 1.209489748238894841e-23
4.552935074866947718e+06 9.417214352641644334e-24
5.052631065335679799e+06 7.316102930554358813e-24
5.607169938205458224e+06 5.671413229673873740e-24
6.222570836730230600e+06 4.386242873794786144e-24
6.905513520162330940e+06 3.383877474426870031e-24
7.663410868007462472e+06 2.604169127522282069e-24
8.504489341802684590e+06 1.998793317727671651e-24
9.437878277775391936e+06 1.530115909105398201e-24
1.047370897959450819e+07 1.167780181972980569e-24
1.162322468679854274e+07 8.887415367950810436e-25
1.289890261253307760e+07 6.743029353116262153e-25
1.431458937523478456e+07 5.098867170518176484e-25
1.588565129428052530e+07 3.842024073587611455e-25
1.762914118095947802e+07 2.884438327622935300e-25
1.956398343517064676e+07 2.156837895816598431e-25
2.171117945694505423e+07 1.606096851510384804e-25
2.409403560239527002e+07 1.190317433475435234e-25
2.673841615839949250e+07 8.776985660787644084e-26
2.967302408188872784e+07 6.439671687205043702e-26
3.292971255097155273e+07 4.694428259149817014e-26
3.654383070957254618e+07 3.400396347007662134e-26
4.055460735840827972e+07 2.444778005228979103e-26
4.500557675700496882e+07 1.742890356692910780e-26
4.994505115855139494e+07 1.230890339675917995e-26
5.542664520663107187e+07 8.597450280545372918e-27
6.150985788580504060e+07 5.928118825824992459e-27
6.826071834272393584e+07 4.027228481441162080e-27
7.575250258771920204e+07 2.685710636562985216e-27
8.406652885618332028e+07 1.752416435308166122e-27
9.329304026284696162e+07 1.112382636484338887e-27
1.035321843295663744e+08 6.823163917881373720e-28
1.148951000187308788e+08 4.002702892633498140e-28
1.275051240713012964e+08 2.214003249872919724e-28
1.414991297434575856e+08 1.131810397356063061e-28
1.570290124729377627e+08 5.190828428265037671e-29
1.742633386009651124e+08 2.016502991127391634e-29
1.933891750455232263e+08 5.274888414204352697e-30
2.146141197858406007e+08 6.843187602415764692e-32
