1.000000000000000000e+02 7.392632967297734971e-17
1.109752496412072134e+02 6.473288525475098567e-17
1.231550603292826196e+02 5.663271339739559325e-17
1.366716356462005990e+02 4.949896918338796408e-17
1.516716888470922413e+02 4.319765645821667538e-17
1.683180353330956791e+02 3.763824024226997794e-17
1.867913599020782840e+02 3.275116248253126929e-17
2.072921779595371845e+02 2.845089750611710844e-17
2.300430119772916839e+02 2.465730535190756303e-17
2.552908068239516410e+02 2.133020135628466314e-17
2.833096101839323637e+02 1.842390821696151042e-17
3.144035471591500368e+02 1.587849403368922684e-17
3.489101213406774491e+02 1.365817329780492908e-17
3.872038781812557318e+02 1.172101631768016848e-17
4.297004704320843871e+02 1.003518285902927990e-17
4.768611697714468960e+02 8.573302987425737955e-18
5.291978735958442712e+02 7.309957351088113931e-18
5.872786613189482523e+02 6.218631957222700039e-18
6.517339604882420190e+02 5.279297626249480856e-18
7.232633896483533817e+02 4.471337129508260748e-18
8.026433522257173081e+02 3.776459000938280596e-18
8.907354638610439679e+02 3.184984649295523814e-18
9.884959046625587007e+02 2.680298875918158089e-18
1.096985797892383971e+03 2.252175648997342871e-18
1.217382727739662187e+03 1.888830753958490855e-18
1.350993521198027793e+03 1.581732615160508933e-18
1.499268432786045423e+03 1.322523230241799676e-18
1.663816886076128640e+03 1.104700051423368346e-18
1.846424942895544291e+03 9.216469712540385602e-19
2.049074689815845886e+03 7.680779099694431826e-19
2.273965752357927613e+03 6.393768631709162937e-19
2.523539170434765765e+03 5.317045208684038481e-19
2.800503894183631019e+03 4.417296675939190435e-19
3.107866187782013640e+03 3.664756851241669566e-19
3.448962260405759935e+03 3.035579292279278868e-19
3.827494478516314757e+03 2.510077301429099320e-19
4.247571552536898707e+03 2.070279270105987302e-19
4.713753134116724141e+03 1.701583043387241193e-19
5.231099308056262998e+03 1.394076651484706104e-19
5.805225516094896193e+03 1.138088978038377755e-19
6.442363508721369726e+03 9.248652617757548928e-20
7.149428986597576113e+03 7.486285994926751820e-20
7.934096665797491369e+03 6.037914271644405781e-20
8.804883581643463913e+03 4.855185810540913556e-20
9.771241535346502133e+03 3.898314529610944470e-20
1.084365968689610963e+04 3.131500460669148322e-20
1.203377840777589154e+04 2.522992478642875977e-20
1.335451562929898682e+04 2.043589692499746676e-20
1.482020705798858762e+04 1.665352527466916891e-20
1.644676177994664249e+04 1.364943990537727274e-20
1.825183494319044257e+04 1.123152640875572038e-20
2.025501939230666540e+04 9.258923605256071887e-21
2.247805833548725059e+04 7.637977602994330662e-21
2.494508135230316839e+04 6.300408364151558867e-21
2.768286630392066581e+04 5.194722664359767510e-21
3.072112998861759115e+04 4.280559318970861011e-21
3.409285069746814406e+04 3.524761389091091057e-21
3.783462617131928710e+04 2.900372441139616258e-21
4.198707084443910571e+04 2.384566205055014385e-21
4.659525668664683326e+04 1.958669071146746015e-21
5.170920242896761192e+04 1.607312624651086519e-21
5.738441648302398244e+04 1.317604030689774129e-21
6.368249944718585903e+04 1.078809521692986561e-21
7.067181273927491566e+04 8.821954691412948862e-22
7.842822061337680498e+04 7.204957893242939625e-22
8.703591361485165544e+04 5.874925912491662049e-22
9.658832241158708348e+04 4.783266660791658863e-22
1.071891319205127511e+05 3.887915419589708705e-22
1.189534067370319535e+05 3.154528246567418318e-22
1.320088400831418112e+05 2.555113169415258397e-22
1.464971398307286145e+05 2.065746671588970303e-22
1.625755666443794908e+05 1.667101548542210093e-22
1.804186409392071655e+05 1.343239399458389247e-22
2.002200371815584658e+05 1.080626540586944473e-22
2.221946860939523904e+05 8.680344614418873438e-23
2.465811075822604180e+05 6.963447415329783610e-23
2.736439997074671555e+05 5.577730492263361807e-23
3.036771118035460822e+05 4.461445172259969352e-23
3.370064329271928291e+05 3.562850995331819454e-23
3.739937302478798083e+05 2.840089996700871894e-23
4.150404757850476308e+05 2.259908880010905086e-23
4.605922041145108524e+05 1.794920467808727715e-23
5.111433483440171112e+05 1.422630036334762878e-23
5.672426068491977639e+05 1.125282246727302339e-23
6.294988990221888525e+05 8.880920766523960795e-24
6.985879746785250027e+05 6.990442677034721694e-24
7.752597488629464060e+05 5.488782015474702925e-24
8.603464416684507160e+05 4.297640736328236132e-24
9.547716114208066138e+05 3.355067890399279997e-24
1.059560179277617019e+06 2.610878182721025817e-24
1.175849554052158026e+06 2.024765444434803588e-24
1.304901978014401859e+06 1.564584618694403732e-24
1.448118227674532915e+06 1.204303607633568716e-24
1.607052818261638284e+06 9.231221814861582898e-25
1.783430876931909472e+06 7.044670444807509398e-25
1.979166867853557458e+06 5.348247581510308383e-25
2.196385372416546568e+06 4.038755170152656270e-25
2.437444150122222025e+06 3.033151945435758862e-25
2.704959730463137385e+06 2.264262014811177397e-25
3.001835813575591892e+06 1.678438966112684737e-25
3.331294787934676744e+06 1.234380474278546187e-25
3.696912707195031922e+06 9.012103903320325534e-26
4.102658105827190448e+06 6.513898789894655580e-26
4.552935074866947718e+06 4.659641509117967439e-26
5.052631065335679799e+06 3.291085706520301016e-26
5.607169938205458224e+06 2.291573925831056018e-26
6.222570836730230600e+06 1.567654741742840934e-26
6.905513520162330940e+06 1.049257908887222015e-26
7.663410868007462472e+06 6.833391371827939595e-27
8.504489341802684590e+06 4.293911945880948178e-27
9.437878277775391936e+06 2.575878045513141668e-27
1.047370897959450819e+07 1.448211981376098103e-27
1.162322468679854274e+07 7.434244920615025342e-28
1.289890261253307760e+07 3.327221335329867005e-28
1.431458937523478456e+07 1.194293614693689805e-28
1.588565129428052530e+07 2.959697404143227280e-29
1.762914118095947802e+07 4.661131696956233033e-30
1.956398343517064676e+07 1.050185920773627793e-30
2.171117945694505423e+07 7.106862579556673417e-34
