1.000000000000000000e+02 1.007757279988553186e-12
1.109752496412072134e+02 8.529775435942053605e-13
1.231550603292826196e+02 7.209314430336409546e-13
1.366716356462005990e+02 6.074180173671736529e-13
1.516716888470922413e+02 5.105953027205428906e-13
1.683180353330956791e+02 4.283889676765853953e-13
1.867913599020782840e+02 3.580733400286150142e-13
2.072921779595371845e+02 2.988577420914364924e-13
2.300430119772916839e+02 2.484199507056013063e-13
2.552908068239516410e+02 2.059764804115224299e-13
2.833096101839323637e+02 1.703360945703487499e-13
3.144035471591500368e+02 1.403452776134229994e-13
3.489101213406774491e+02 1.154865431768155290e-13
3.872038781812557318e+02 9.454397033778656535e-14
4.297004704320843871e+02 7.724884591356740582e-14
4.768611697714468960e+02 6.288468011529021253e-14
5.291978735958442712e+02 5.111494980565098427e-14
5.872786613189482523e+02 4.141027422438287482e-14
6.517339604882420190e+02 3.347131569817105569e-14
7.232633896483533817e+02 2.701390052404658007e-14
8.026433522257173081e+02 2.174444331432523656e-14
8.907354638610439679e+02 1.748381362419605503e-14
9.884959046625587007e+02 1.405013103501312034e-14
1.096985797892383971e+03 1.126864972867063749e-14
1.217382727739662187e+03 9.049410304080042641e-15
1.350993521198027793e+03 7.255165145702563467e-15
1.499268432786045423e+03 5.830309286405137189e-15
1.663816886076128640e+03 4.679272390174122477e-15
1.846424942895544291e+03 3.762997537605554972e-15
2.049074689815845886e+03 3.025438095051541864e-15
2.273965752357927613e+03 2.438690577782694308e-15
2.523539170434765765e+03 1.962187594826912952e-15
2.800503894183631019e+03 1.582924472297233634e-15
3.107866187782013640e+03 1.274112112647766194e-15
3.448962260405759935e+03 1.027543318437935819e-15
3.827494478516314757e+03 8.262040231926584899e-16
4.247571552536898707e+03 6.653344028913553762e-16
4.713753134116724141e+03 5.337098197984728420e-16
5.231099308056262998e+03 4.287068295550110550e-16
5.805225516094896193e+03 3.428522642925759436e-16
6.442363508721369726e+03 2.741557698555364193e-16
7.149428986597576113e+03 2.190548183557487666e-16
7.934096665797491369e+03 1.749124591301459983e-16
8.804883581643463913e+03 1.394516969754884973e-16
9.771241535346502133e+03 1.110893896737338182e-16
1.084365968689610963e+04 8.877985463305860023e-17
1.203377840777589154e+04 7.072652553687558595e-17
1.335451562929898682e+04 5.670055311642641401e-17
1.482020705798858762e+04 4.535497549899854859e-17
1.644676177994664249e+04 3.646259099844643261e-17
1.825183494319044257e+04 2.940708605247432059e-17
2.025501939230666540e+04 2.375511883635017274e-17
2.247805833548725059e+04 1.926510402992266705e-17
2.494508135230316839e+04 1.566130883796551590e-17
2.768286630392066581e+04 1.275241889653962579e-17
3.072112998861759115e+04 1.040196301565002214e-17
3.409285069746814406e+04 8.487988446251902123e-18
3.783462617131928710e+04 6.923517279778499073e-18
4.198707084443910571e+04 5.639272746997963946e-18
4.659525668664683326e+04 4.582135138566352658e-18
5.170920242896761192e+04 3.710647560722025105e-18
5.738441648302398244e+04 2.991446096918772124e-18
6.368249944718585903e+04 2.398557008000454246e-18
7.067181273927491566e+04 1.911358080967414304e-18
7.842822061337680498e+04 1.511115140129734060e-18
8.703591361485165544e+04 1.184521036635286199e-18
9.658832241158708348e+04 9.194813132830018152e-19
1.071891319205127511e+05 7.054098672636804029e-19
1.189534067370319535e+05 5.346996347961939587e-19
1.320088400831418112e+05 3.994794982719228276e-19
1.464971398307286145e+05 2.937446521740467857e-19
1.625755666443794908e+05 2.124423750608794060e-19
1.804186409392071655e+05 1.509604946756114203e-19
2.002200371815584658e+05 1.050623677470619628e-19
2.221946860939523904e+05 7.213573997158151088e-20
2.465811075822604180e+05 4.885105162471888066e-20
2.736439997074671555e+05 3.289116450966497956e-20
3.036771118035460822e+05 2.229472363036935100e-20
3.370064329271928291e+05 1.543362781713111643e-20
3.739937302478798083e+05 1.103350728879377762e-20
4.150404757850476308e+05 8.182300521380796260e-21
4.605922041145108524e+05 6.260379809393923062e-21
5.111433483440171112e+05 4.904553809404928208e-21
5.672426068491977639e+05 3.902154147925847944e-21
6.294988990221888525e+05 3.133598926782723955e-21
6.985879746785250027e+05 2.529197051598944535e-21
7.752597488629464060e+05 2.045912700175637022e-21
8.603464416684507160e+05 1.656283693403678944e-21
9.547716114208066138e+05 1.340615398197186213e-21
1.059560179277617019e+06 1.084226445064757836e-21
1.175849554052158026e+06 8.759741677595390409e-22
1.304901978014401859e+06 7.070552676814592273e-22
1.448118227674532915e+06 5.700971040361325364e-22
1.607052818261638284e+06 4.591000439423703518e-22
1.783430876931909472e+06 3.692757567881185590e-22
1.979166867853557458e+06 2.966451895017949740e-22
2.196385372416546568e+06 2.379577484785387579e-22
2.437444150122222025e+06 1.906024005959739156e-22
2.704959730463137385e+06 1.524164234066400644e-22
3.001835813575591892e+06 1.216495567263430046e-22
3.331294787934676744e+06 9.691052511634742162e-23
3.696912707195031922e+06 7.703715340006622123e-23
4.102658105827190448e+06 6.109719628876655315e-23
4.552935074866947718e+06 4.833352396252169208e-23
5.052631065335679799e+06 3.813256727400252673e-23
5.607169938205458224e+06 2.999246938653975777e-23
6.222570836730230600e+06 2.349211160106765814e-23
6.905513520162330940e+06 1.833612224405973701e-23
7.663410868007462472e+06 1.425772284827600978e-23
8.504489341802684590e+06 1.103986865155777225e-23
9.437878277775391936e+06 8.497381023978640363e-24
1.047370897959450819e+07 6.502331292016720346e-24
1.162322468679854274e+07 4.936893147377207053e-24
1.289890261253307760e+07 3.727274203976989427e-24
1.431458937523478456e+07 2.786585434468562549e-24
1.588565129428052530e+07 2.062965293550866554e-24
1.762914118095947802e+07 1.509373882335920761e-24
1.956398343517064676e+07 1.089301560999156306e-24
2.171117945694505423e+07 7.742771037124755351e-25
2.409403560239527002e+07 5.403752338369721198e-25
2.673841615839949250e+07 3.690847527441135972e-25
2.967302408188872784e+07 2.455429236469288448e-25
3.292971255097155273e+07 1.590478972677636686e-25
3.654383070957254618e+07 9.959912250455614899e-26
4.055460735840827972e+07 6.016132257357786264e-26
4.500557675700496882e+07 3.500481053106337534e-26
4.994505115855139494e+07 1.954577295002483605e-26
5.542664520663107187e+07 1.048043607884536227e-26
6.150985788580504060e+07 5.221116613639763568e-27
6.826071834272393584e+07 2.239253701199330127e-27
7.575250258771920204e+07 6.807186800353454680e-28
8.406652885618332028e+07 8.497745785100273959e-29
9.329304026284696162e+07 2.022926547705172618e-30
1.035321843295663744e+08 9.050518446929120364e-34
1.148951000187308788e+08 1.097568881037966231e-41
