1.000000000000000000e+02 4.623748534166150073e-15
1.109752496412072134e+02 3.852187266305839800e-15
1.231550603292826196e+02 3.196264731082613706e-15
1.366716356462005990e+02 2.638778312645540266e-15
1.516716888470922413e+02 2.168399443196828048e-15
1.683180353330956791e+02 1.776596805413740091e-15
1.867913599020782840e+02 1.451499579608336374e-15
2.072921779595371845e+02 1.180460800809198834e-15
2.300430119772916839e+02 9.565929500513381712e-16
2.552908068239516410e+02 7.739139929080318525e-16
2.833096101839323637e+02 6.252593644389452066e-16
3.144035471591500368e+02 5.050873056365789805e-16
3.489101213406774491e+02 4.081132324965100783e-16
3.872038781812557318e+02 3.304597267225605674e-16
4.297004704320843871e+02 2.679889400521919602e-16
4.768611697714468960e+02 2.181074055072332302e-16
5.291978735958442712e+02 1.783293389962738218e-16
5.872786613189482523e+02 1.465426103170313494e-16
6.517339604882420190e+02 1.210298382316345894e-16
7.232633896483533817e+02 1.004082186142321462e-16
8.026433522257173081e+02 8.363338915748963458e-17
8.907354638610439679e+02 6.988597226128132044e-17
9.884959046625587007e+02 5.854557582594152680e-17
1.096985797892383971e+03 4.911424770598295083e-17
1.217382727739662187e+03 4.121579756592915449e-17
1.350993521198027793e+03 3.455046525449410670e-17
1.499268432786045423e+03 2.891507984812861723e-17
1.663816886076128640e+03 2.412991710726343483e-17
1.846424942895544291e+03 2.006448895733905300e-17
2.049074689815845886e+03 1.662297414308965733e-17
2.273965752357927613e+03 1.367989429452242589e-17
2.523539170434765765e+03 1.119959126716508803e-17
2.800503894183631019e+03 9.111336007949836248e-18
3.107866187782013640e+03 7.363358448068112454e-18
3.448962260405759935e+03 5.910510833979047410e-18
3.827494478516314757e+03 4.716047188036796117e-18
4.247571552536898707e+03 3.743798192064291500e-18
4.713753134116724141e+03 2.966291870876969637e-18
5.231099308056262998e+03 2.355436231613649704e-18
5.805225516094896193e+03 1.886095495969987165e-18
6.442363508721369726e+03 1.528556047048923757e-18
7.149428986597576113e+03 1.255827443897499280e-18
7.934096665797491369e+03 1.043762987092413605e-18
8.804883581643463913e+03 8.746853053309072053e-19
9.771241535346502133e+03 7.365074645707496949e-19
1.084365968689610963e+04 6.218223266198603662e-19
1.203377840777589154e+04 5.254043546231783528e-19
1.335451562929898682e+04 4.439289789463497615e-19
1.482020705798858762e+04 3.749695644335384352e-19
1.644676177994664249e+04 3.165186120614406811e-19
1.825183494319044257e+04 2.669760962359125880e-19
2.025501939230666540e+04 2.250129904057826861e-19
2.247805833548725059e+04 1.894687612517268310e-19
2.494508135230316839e+04 1.594106847075473995e-19
2.768286630392066581e+04 1.339693978356911849e-19
3.072112998861759115e+04 1.125043078175818040e-19
3.409285069746814406e+04 9.435475110747244996e-20
3.783462617131928710e+04 7.905127340236448205e-20
4.198707084443910571e+04 6.615172521052767389e-20
4.659525668664683326e+04 5.527256774306382574e-20
5.170920242896761192e+04 4.611196465192940434e-20
5.738441648302398244e+04 3.842554331212544551e-20
6.368249944718585903e+04 3.197412971224622911e-20
7.067181273927491566e+04 2.655787670140324499e-20
7.842822061337680498e+04 2.202248163341232413e-20
8.703591361485165544e+04 1.823245517117706548e-20
9.658832241158708348e+04 1.506959618133306827e-20
1.071891319205127511e+05 1.243586827036143758e-20
1.189534067370319535e+05 1.024627502460219858e-20
1.320088400831418112e+05 8.428381574354433845e-21
1.464971398307286145e+05 6.922550955787582456e-21
1.625755666443794908e+05 5.678637846420533009e-21
1.804186409392071655e+05 4.650981326200494244e-21
2.002200371815584658e+05 3.803713195416036311e-21
2.221946860939523904e+05 3.107587792600087779e-21
2.465811075822604180e+05 2.535114654143910630e-21
2.736439997074671555e+05 2.064981724530136432e-21
3.036771118035460822e+05 1.679830295337300684e-21
3.370064329271928291e+05 1.364830091121965271e-21
3.739937302478798083e+05 1.106763398562400569e-21
4.150404757850476308e+05 8.962182179638139092e-22
4.605922041145108524e+05 7.245639438403182928e-22
5.111433483440171112e+05 5.840565303608907091e-22
5.672426068491977639e+05 4.700104775404402619e-22
6.294988990221888525e+05 3.776207023601983377e-22
6.985879746785250027e+05 3.023947192819841151e-22
7.752597488629464060e+05 2.413395649921465747e-22
8.603464416684507160e+05 1.922331802746945704e-22
9.547716114208066138e+05 1.526078577347358223e-22
1.059560179277617019e+06 1.206245779704813340e-22
1.175849554052158026e+06 9.520001189207315940e-23
1.304901978014401859e+06 7.480310354444438287e-23
1.448118227674532915e+06 5.855115283746662109e-23
1.607052818261638284e+06 4.572154926800166503e-23
1.783430876931909472e+06 3.553455309463875443e-23
1.979166867853557458e+06 2.747530972177508746e-23
2.196385372416546568e+06 2.117745112430596448e-23
2.437444150122222025e+06 1.622794257972147312e-23
2.704959730463137385e+06 1.237120335193601538e-23
3.001835813575591892e+06 9.379987591289213736e-24
3.331294787934676744e+06 7.068350430619248472e-24
3.696912707195031922e+06 5.295019012466411723e-24
4.102658105827190448e+06 3.940124144933465709e-24
4.552935074866947718e+06 2.912035002292439052e-24
5.052631065335679799e+06 2.138434822890312864e-24
5.607169938205458224e+06 1.552429363830756329e-24
6.222570836730230600e+06 1.119204860534350524e-24
6.905513520162330940e+06 7.967991988723897431e-25
7.663410868007462472e+06 5.577050360713836175e-25
8.504489341802684590e+06 3.814100273380652896e-25
9.437878277775391936e+06 2.557627998374315005e-25
1.047370897959450819e+07 1.636803206457717423e-25
1.162322468679854274e+07 1.003051934858811266e-25
1.289890261253307760e+07 5.766276227579912982e-26
1.431458937523478456e+07 3.067477587514682074e-26
1.588565129428052530e+07 1.498274640744639533e-26
1.762914118095947802e+07 6.859389979266979693e-27
1.956398343517064676e+07 3.104083964655739538e-27
2.171117945694505423e+07 1.472166073605553359e-27
2.409403560239527002e+07 7.431675704893393083e-28
2.673841615839949250e+07 3.886954499057468761e-28
2.967302408188872784e+07 1.994525882747221388e-28
3.292971255097155273e+07 9.480934856770602055e-29
3.654383070957254618e+07 3.875424772749002553e-29
4.055460735840827972e+07 1.159395431830357963e-29
4.500557675700496882e+07 1.524282222629264657e-30
4.994505115855139494e+07 5.610853820320263998e-32
