1.000000000000000000e+02 1.744976865034852001e-11
1.109752496412072134e+02 1.515356550343806055e-11
1.231550603292826196e+02 1.315850417288910264e-11
1.366716356462005990e+02 1.142486902508541913e-11
1.516716888470922413e+02 9.918288735396307861e-12
1.683180353330956791e+02 8.609234368084393407e-12
1.867913599020782840e+02 7.472653682503179815e-12
2.072921779595371845e+02 6.485233783174248878e-12
2.300430119772916839e+02 5.627627613077337492e-12
2.552908068239516410e+02 4.882847322579171130e-12
2.833096101839323637e+02 4.235976679088889063e-12
3.144035471591500368e+02 3.674114650282927113e-12
3.489101213406774491e+02 3.186481476518360305e-12
3.872038781812557318e+02 2.762843712944034119e-12
4.297004704320843871e+02 2.395208320132374999e-12
4.768611697714468960e+02 2.076010764757013387e-12
5.291978735958442712e+02 1.799047674222248643e-12
5.872786613189482523e+02 1.558652680986804862e-12
6.517339604882420190e+02 1.350094541629366952e-12
7.232633896483533817e+02 1.169133469876553624e-12
8.026433522257173081e+02 1.012166104355214056e-12
8.907354638610439679e+02 8.760236491493113062e-13
9.884959046625587007e+02 7.579579021058032565e-13
1.096985797892383971e+03 6.556513127773349070e-13
1.217382727739662187e+03 5.669546738444339301e-13
1.350993521198027793e+03 4.900742259408933761e-13
1.499268432786045423e+03 4.234453657437565380e-13
1.663816886076128640e+03 3.657450218330778217e-13
1.846424942895544291e+03 3.157968024302186713e-13
2.049074689815845886e+03 2.725353066933570292e-13
2.273965752357927613e+03 2.351125255375799933e-13
2.523539170434765765e+03 2.027161752428817220e-13
2.800503894183631019e+03 1.747098538648092926e-13
3.107866187782013640e+03 1.504750072011238390e-13
3.448962260405759935e+03 1.295354283539929999e-13
3.827494478516314757e+03 1.114439915090781549e-13
4.247571552536898707e+03 9.581646164580592973e-14
4.713753134116724141e+03 8.233306625780357266e-14
5.231099308056262998e+03 7.069722488380394935e-14
5.805225516094896193e+03 6.065813913083990589e-14
6.442363508721369726e+03 5.201676510939022853e-14
7.149428986597576113e+03 4.455790376993336830e-14
7.934096665797491369e+03 3.814806828627750360e-14
8.804883581643463913e+03 3.262349157556465484e-14
9.771241535346502133e+03 2.788257812983315425e-14
1.084365968689610963e+04 2.380455778266331119e-14
1.203377840777589154e+04 2.030500914705834551e-14
1.335451562929898682e+04 1.729992025943340346e-14
1.482020705798858762e+04 1.472902675701968274e-14
1.644676177994664249e+04 1.252208441073211196e-14
1.825183494319044257e+04 1.063755206689902396e-14
2.025501939230666540e+04 9.026177684788053482e-15
2.247805833548725059e+04 7.648463811863724659e-15
2.494508135230316839e+04 6.474313885148424350e-15
2.768286630392066581e+04 5.473569271575162400e-15
3.072112998861759115e+04 4.620820543773985429e-15
3.409285069746814406e+04 3.896657723242401447e-15
3.783462617131928710e+04 3.281011555467912607e-15
4.198707084443910571e+04 2.758717414893340543e-15
4.659525668664683326e+04 2.316671164113325491e-15
5.170920242896761192e+04 1.942100399652852756e-15
5.738441648302398244e+04 1.625824577171560152e-15
6.368249944718585903e+04 1.358442724347976035e-15
7.067181273927491566e+04 1.133284988761695688e-15
7.842822061337680498e+04 9.436809869736211249e-16
8.703591361485165544e+04 7.842910975364153673e-16
9.658832241158708348e+04 6.506138695661388564e-16
1.071891319205127511e+05 5.383563889530426354e-16
1.189534067370319535e+05 4.447863163313412704e-16
1.320088400831418112e+05 3.661984111124436661e-16
1.464971398307286145e+05 3.010510377418835299e-16
1.625755666443794908e+05 2.466833392137036196e-16
1.804186409392071655e+05 2.015876835360745904e-16
2.002200371815584658e+05 1.643802473462358739e-16
2.221946860939523904e+05 1.334422612931421295e-16
2.465811075822604180e+05 1.081333913055426976e-16
2.736439997074671555e+05 8.721717836287656173e-17
3.036771118035460822e+05 7.016911766437511983e-17
3.370064329271928291e+05 5.623733679681303894e-17
3.739937302478798083e+05 4.489444155193171282e-17
4.150404757850476308e+05 3.574625846815097823e-17
4.605922041145108524e+05 2.833596596024803760e-17
5.111433483440171112e+05 2.239381187316253610e-17
5.672426068491977639e+05 1.763004919960791398e-17
6.294988990221888525e+05 1.384269554398047862e-17
6.985879746785250027e+05 1.083546628201085903e-17
7.752597488629464060e+05 8.450487477413717207e-18
8.603464416684507160e+05 6.575373487895814102e-18
9.547716114208066138e+05 5.095060146307920722e-18
1.059560179277617019e+06 3.944010260627735154e-18
1.175849554052158026e+06 3.037430452814782085e-18
1.304901978014401859e+06 2.327775727184497822e-18
1.448118227674532915e+06 1.780300979622510221e-18
1.607052818261638284e+06 1.345185833299039670e-18
1.783430876931909472e+06 1.012732202702516174e-18
1.979166867853557458e+06 7.535836314426790914e-19
2.196385372416546568e+06 5.521304072289779899e-19
2.437444150122222025e+06 4.007867428511835247e-19
2.704959730463137385e+06 2.850379971079167165e-19
3.001835813575591892e+06 1.983792490034680759e-19
3.331294787934676744e+06 1.346285239538388255e-19
3.696912707195031922e+06 8.851538415111378239e-20
4.102658105827190448e+06 5.615145176572657592e-20
4.552935074866947718e+06 3.412578186676266936e-20
5.052631065335679799e+06 1.974986244092777438e-20
5.607169938205458224e+06 1.082530204417868478e-20
6.222570836730230600e+06 5.599181564283720578e-21
6.905513520162330940e+06 2.715868000991524104e-21
7.663410868007462472e+06 1.218121968854165783e-21
8.504489341802684590e+06 4.910720180032691858e-22
9.437878277775391936e+06 1.745240914974949109e-22
1.047370897959450819e+07 5.848841608117988683e-23
1.162322468679854274e+07 2.200414710928744856e-23
1.289890261253307760e+07 1.116928080499499259e-23
1.431458937523478456e+07 7.296915128194333743e-24
1.588565129428052530e+07 5.236198991064832895e-24
1.762914118095947802e+07 3.821393364218750368e-24
1.956398343517064676e+07 2.778250371458220074e-24
2.171117945694505423e+07 2.012447926450747374e-24
2.409403560239527002e+07 1.444268972156579962e-24
2.673841615839949250e+07 1.027598917486633937e-24
2.967302408188872784e+07 7.229587159838782381e-25
3.292971255097155273e+07 5.031969403951694609e-25
3.654383070957254618e+07 3.451254549626415259e-25
4.055460735840827972e+07 2.330257722733214144e-25
4.500557675700496882e+07 1.540785343446488269e-25
4.994505115855139494e+07 9.970714448544716123e-26
5.542664520663107187e+07 6.265987371508239753e-26
6.150985788580504060e+07 3.806586536748700136e-26
6.826071834272393584e+07 2.220974214906062247e-26
7.575250258771920204e+07 1.233046423388634972e-26
8.406652885618332028e+07 6.464334993102281813e-27
9.329304026284696162e+07 3.154910631519618666e-27
1.035321843295663744e+08 1.396046505834216088e-27
1.148951000187308788e+08 4.966168517683702924e-28
1.275051240713012964e+08 8.279346015960291965e-29
1.414991297434575856e+08 2.850123264306909717e-41
1.570290124729377627e+08 1.142887095550351322e-125
1.742633386009651124e+08 9.802677921894803138e-139
