1.000000000000000000e+02 2.724809854529753512e-13
1.109752496412072134e+02 2.375283684505692173e-13
1.231550603292826196e+02 2.069558607964476740e-13
1.366716356462005990e+02 1.801253532459198603e-13
1.516716888470922413e+02 1.566898568103133653e-13
1.683180353330956791e+02 1.361931672760573323e-13
1.867913599020782840e+02 1.183068893023171980e-13
2.072921779595371845e+02 1.026737456124729389e-13
2.300430119772916839e+02 8.904451795846837840e-14
2.552908068239516410e+02 7.714595570289405669e-14
2.833096101839323637e+02 6.678925795934333927e-14
3.144035471591500368e+02 5.777847043611047261e-14
3.489101213406774491e+02 4.993891138895012249e-14
3.872038781812557318e+02 4.312360608107178208e-14
4.297004704320843871e+02 3.721157599642020623e-14
4.768611697714468960e+02 3.207683692942042129e-14
5.291978735958442712e+02 2.762821852279612712e-14
5.872786613189482523e+02 2.377571366309794442e-14
6.517339604882420190e+02 2.044261513300099427e-14
7.232633896483533817e+02 1.756266053234620052e-14
8.026433522257173081e+02 1.507693982475596276e-14
8.907354638610439679e+02 1.293044593702117134e-14
9.884959046625587007e+02 1.108282957714012871e-14
1.096985797892383971e+03 9.491681497670736094e-15
1.217382727739662187e+03 8.122379740883472254e-15
1.350993521198027793e+03 6.946001879463154238e-15
1.499268432786045423e+03 5.935837835545212761e-15
1.663816886076128640e+03 5.068552618790430320e-15
1.846424942895544291e+03 4.325232955622338420e-15
2.049074689815845886e+03 3.688433856079865342e-15
2.273965752357927613e+03 3.143308957479948716e-15
2.523539170434765765e+03 2.676819035188984404e-15
2.800503894183631019e+03 2.277629818383425535e-15
3.107866187782013640e+03 1.936582207109489399e-15
3.448962260405759935e+03 1.645336369268343040e-15
3.827494478516314757e+03 1.396516542857173826e-15
4.247571552536898707e+03 1.184363270129239461e-15
4.713753134116724141e+03 1.003438006984656848e-15
5.231099308056262998e+03 8.492956576056194115e-16
5.805225516094896193e+03 7.180560769151370388e-16
6.442363508721369726e+03 6.063824105141032792e-16
7.149428986597576113e+03 5.114014355182212918e-16
7.934096665797491369e+03 4.308945463800806552e-16
8.804883581643463913e+03 3.624864850255426665e-16
9.771241535346502133e+03 3.046415884516433551e-16
1.084365968689610963e+04 2.556558543720848670e-16
1.203377840777589154e+04 2.141831532894601544e-16
1.335451562929898682e+04 1.792797057625094555e-16
1.482020705798858762e+04 1.498605892284310745e-16
1.644676177994664249e+04 1.250563056389611167e-16
1.825183494319044257e+04 1.042476551049191744e-16
2.025501939230666540e+04 8.679813332872425689e-17
2.247805833548725059e+04 7.217576632202993469e-17
2.494508135230316839e+04 5.994918187922706657e-17
2.768286630392066581e+04 4.973960272627515440e-17
3.072112998861759115e+04 4.122670668282453627e-17
3.409285069746814406e+04 3.413806343546905509e-17
3.783462617131928710e+04 2.824231785342110501e-17
4.198707084443910571e+04 2.334238748553396025e-17
4.659525668664683326e+04 1.927515885416368243e-17
5.170920242896761192e+04 1.590383869294549254e-17
5.738441648302398244e+04 1.310935923564675363e-17
6.368249944718585903e+04 1.079658325362376131e-17
7.067181273927491566e+04 8.883252208197351741e-18
7.842822061337680498e+04 7.302125241006031415e-18
8.703591361485165544e+04 5.995661878636266212e-18
9.658832241158708348e+04 4.917579946229624142e-18
1.071891319205127511e+05 4.028709547101223700e-18
1.189534067370319535e+05 3.296894084911806473e-18
1.320088400831418112e+05 2.693894201534404825e-18
1.464971398307286145e+05 2.198135520753627217e-18
1.625755666443794908e+05 1.790834149366209527e-18
1.804186409392071655e+05 1.456619072455765178e-18
2.002200371815584658e+05 1.182831230704342594e-18
2.221946860939523904e+05 9.589167664384492363e-19
2.465811075822604180e+05 7.760407346826337744e-19
2.736439997074671555e+05 6.270780888433925156e-19
3.036771118035460822e+05 5.060377052334767632e-19
3.370064329271928291e+05 4.078451718886168380e-19
3.739937302478798083e+05 3.283664573668028317e-19
4.150404757850476308e+05 2.641347509226443169e-19
4.605922041145108524e+05 2.122665262179440227e-19
5.111433483440171112e+05 1.704628149971783454e-19
5.672426068491977639e+05 1.367983075599515559e-19
6.294988990221888525e+05 1.096877906273131300e-19
6.985879746785250027e+05 8.787916709943117836e-20
7.752597488629464060e+05 7.035229643097823398e-20
8.603464416684507160e+05 5.627446723970211704e-20
9.547716114208066138e+05 4.497121877456028193e-20
1.059560179277617019e+06 3.590840011379792131e-20
1.175849554052158026e+06 2.864862635312419104e-20
1.304901978014401859e+06 2.282948818450943651e-20
1.448118227674532915e+06 1.817701548489265758e-20
1.607052818261638284e+06 1.445705815153790045e-20
1.783430876931909472e+06 1.148569473531021884e-20
1.979166867853557458e+06 9.115606699661434388e-21
2.196385372416546568e+06 7.226106834816862284e-21
2.437444150122222025e+06 5.721246801036882746e-21
2.704959730463137385e+06 4.523556488796326254e-21
3.001835813575591892e+06 3.572300960651360095e-21
3.331294787934676744e+06 2.817455662099041805e-21
3.696912707195031922e+06 2.218739398621485344e-21
4.102658105827190448e+06 1.744624376318144830e-21
4.552935074866947718e+06 1.369828253230357641e-21
5.052631065335679799e+06 1.073937454148157025e-21
5.607169938205458224e+06 8.404179634515528321e-22
6.222570836730230600e+06 6.566202039603178681e-22
6.905513520162330940e+06 5.120866687334027827e-22
7.663410868007462472e+06 3.985699836033136895e-22
8.504489341802684590e+06 3.096402293248151301e-22
9.437878277775391936e+06 2.400557992183760622e-22
1.047370897959450819e+07 1.856865593394670864e-22
1.162322468679854274e+07 1.433182902045903902e-22
1.289890261253307760e+07 1.103570037348206241e-22
1.431458937523478456e+07 8.476705548052300240e-23
1.588565129428052530e+07 6.493423285964439122e-23
1.762914118095947802e+07 4.960891651774932894e-23
1.956398343517064676e+07 3.779106234939547560e-23
2.171117945694505423e+07 2.869767463267096132e-23
2.409403560239527002e+07 2.172169702577349752e-23
2.673841615839949250e+07 1.638332295584508405e-23
2.967302408188872784e+07 1.231008647656267582e-23
3.292971255097155273e+07 9.212927644261453064e-24
3.654383070957254618e+07 6.866090074269633346e-24
4.055460735840827972e+07 5.094895354689004515e-24
4.500557675700496882e+07 3.767691565861625250e-24
4.994505115855139494e+07 2.769644195044680939e-24
5.542664520663107187e+07 2.028593147323305372e-24
6.150985788580504060e+07 1.476364095379356084e-24
6.826071834272393584e+07 1.065164324669455222e-24
7.575250258771920204e+07 7.622285428148305942e-25
8.406652885618332028e+07 5.412872536192361739e-25
9.329304026284696162e+07 3.820652925288339848e-25
1.035321843295663744e+08 2.671574888462733850e-25
1.148951000187308788e+08 1.843750456258810799e-25
1.275051240713012964e+08 1.255235689413825208e-25
1.414991297434575856e+08 8.450092605339270229e-26
1.570290124729377627e+08 5.566451288619624366e-26
1.742633386009651124e+08 3.526123690536522724e-26
1.933891750455232263e+08 2.150972877787520220e-26
2.146141197858406007e+08 1.253813185133351368e-26
2.381685551976160705e+08 6.902369635924773591e-27
2.643081486974108517e+08 3.504254413679680549e-27
2.933166278390048146e+08 1.529360288115867564e-27
3.255088599835056663e+08 5.365994083858666191e-28
3.612342699709430337e+08 1.503658837100209840e-28
4.008806328898465633e+08 3.430951750957762214e-29
4.448782831127585173e+08 6.511831406973799664e-30
4.937047852839003801e+08 1.044650691799060567e-30
5.478901179593944550e+08 1.433356458699674741e-31
6.080224261649426222e+08 1.695726265642959133e-32
6.747544053110699654e+08 1.739433530903179117e-33
7.488103857590031624e+08 1.551142875333666011e-34
8.309941949353404045e+08 1.192884121366539243e-35
9.221978823334341049e+08 7.061944099596142385e-37
1.023411402105452657e+09 1.594172633495867909e-39
