1.000000000000000000e+02 8.374043651431758506e-16
1.109752496412072134e+02 7.118840186036071466e-16
1.231550603292826196e+02 6.050679197864759310e-16
1.366716356462005990e+02 5.141626370458565981e-16
1.516716888470922413e+02 4.368814196110442933e-16
1.683180353330956791e+02 3.711085191875211906e-16
1.867913599020782840e+02 3.151761531376255493e-16
2.072921779595371845e+02 2.675242957459239676e-16
2.300430119772916839e+02 2.269235050337152815e-16
2.552908068239516410e+02 1.923079871595174821e-16
2.833096101839323637e+02 1.628120352053257324e-16
3.144035471591500368e+02 1.376617876823426602e-16
3.489101213406774491e+02 1.161938962353378213e-16
3.872038781812557318e+02 9.787664382800950606e-17
4.297004704320843871e+02 8.225655538693565381e-17
4.768611697714468960e+02 6.893956065717320862e-17
5.291978735958442712e+02 5.758957410073371438e-17
5.872786613189482523e+02 4.793547173178844493e-17
6.517339604882420190e+02 3.973130284297521294e-17
7.232633896483533817e+02 3.278318061099744179e-17
8.026433522257173081e+02 2.689393206323192357e-17
8.907354638610439679e+02 2.193125168425087160e-17
9.884959046625587007e+02 1.777201359325970574e-17
1.096985797892383971e+03 1.429996471285715378e-17
1.217382727739662187e+03 1.141842855144306792e-17
1.350993521198027793e+03 9.046874490604038104e-18
1.499268432786045423e+03 7.110413231869727305e-18
1.663816886076128640e+03 5.546784047251087785e-18
1.846424942895544291e+03 4.300584211777345328e-18
2.049074689815845886e+03 3.320913988905357277e-18
2.273965752357927613e+03 2.562297438285307788e-18
2.523539170434765765e+03 1.982079829368872142e-18
2.800503894183631019e+03 1.542360927427077545e-18
3.107866187782013640e+03 1.209715661154566760e-18
3.448962260405759935e+03 9.576230790587187031e-19
3.827494478516314757e+03 7.649378048219724166e-19
4.247571552536898707e+03 6.161061594310041477e-19
4.713753134116724141e+03 4.997654165297229328e-19
5.231099308056262998e+03 4.077803727157884008e-19
5.805225516094896193e+03 3.341219437750537227e-19
6.442363508721369726e+03 2.744864635539606325e-19
7.149428986597576113e+03 2.258046305900858500e-19
7.934096665797491369e+03 1.858140992056672265e-19
8.804883581643463913e+03 1.528975660195594613e-19
9.771241535346502133e+03 1.257184030286909493e-19
1.084365968689610963e+04 1.033213281546098836e-19
1.203377840777589154e+04 8.483812766002206790e-20
1.335451562929898682e+04 6.959607727051423579e-20
1.482020705798858762e+04 5.703657492900589639e-20
1.644676177994664249e+04 4.668116289207228612e-20
1.825183494319044257e+04 3.816064594541295023e-20
2.025501939230666540e+04 3.115557167531046565e-20
2.247805833548725059e+04 2.538760565301142439e-20
2.494508135230316839e+04 2.065581282496629681e-20
2.768286630392066581e+04 1.677214351919258090e-20
3.072112998861759115e+04 1.358535609606066893e-20
3.409285069746814406e+04 1.097938742840528613e-20
3.783462617131928710e+04 8.850139838069182980e-21
4.198707084443910571e+04 7.111770081890421499e-21
4.659525668664683326e+04 5.697997460771168417e-21
5.170920242896761192e+04 4.550115008435374931e-21
5.738441648302398244e+04 3.620503143782646268e-21
6.368249944718585903e+04 2.870659291289566510e-21
7.067181273927491566e+04 2.267175814869262678e-21
7.842822061337680498e+04 1.783969355165154445e-21
8.703591361485165544e+04 1.398761507470942102e-21
9.658832241158708348e+04 1.092294421959263482e-21
1.071891319205127511e+05 8.502133417718175599e-22
1.189534067370319535e+05 6.597388833108315654e-22
1.320088400831418112e+05 5.105663459557674460e-22
1.464971398307286145e+05 3.940106424530578124e-22
1.625755666443794908e+05 3.034079811601908517e-22
1.804186409392071655e+05 2.330175881648241872e-22
2.002200371815584658e+05 1.786296766956625546e-22
2.221946860939523904e+05 1.364542169470991603e-22
2.465811075822604180e+05 1.040240765283026356e-22
2.736439997074671555e+05 7.898403248132964518e-23
3.036771118035460822e+05 5.980969092403978154e-23
3.370064329271928291e+05 4.507983704041691700e-23
3.739937302478798083e+05 3.383725797544312253e-23
4.150404757850476308e+05 2.525284601073021749e-23
4.605922041145108524e+05 1.873684214440046354e-23
5.111433483440171112e+05 1.379847360268133589e-23
5.672426068491977639e+05 1.008234914242552719e-23
6.294988990221888525e+05 7.301043577986157371e-24
6.985879746785250027e+05 5.229836102433181259e-24
7.752597488629464060e+05 3.702378577224985152e-24
8.603464416684507160e+05 2.586720508113584087e-24
9.547716114208066138e+05 1.780472474580442746e-24
1.059560179277617019e+06 1.205760598522268487e-24
1.175849554052158026e+06 8.017970771155304865e-25
1.304901978014401859e+06 5.231866620556002029e-25
1.448118227674532915e+06 3.344206045349393720e-25
1.607052818261638284e+06 2.093770097951612417e-25
1.783430876931909472e+06 1.287187976059470303e-25
1.979166867853557458e+06 7.762412298844050548e-26
2.196385372416546568e+06 4.606354768040444527e-26
2.437444150122222025e+06 2.688408235723663766e-26
2.704959730463137385e+06 1.534890215438245470e-26
3.001835813575591892e+06 8.457992198547242538e-27
3.331294787934676744e+06 4.376693834496492639e-27
3.696912707195031922e+06 2.039766087257233408e-27
4.102658105827190448e+06 8.069843084442965640e-28
4.552935074866947718e+06 2.571518664698262640e-28
5.052631065335679799e+06 6.599599429084552460e-29
5.607169938205458224e+06 1.353623767851862062e-29
6.222570836730230600e+06 2.174965526739609606e-30
6.905513520162330940e+06 2.688408437002891296e-31
7.663410868007462472e+06 2.511535405304874116e-32
8.504489341802684590e+06 1.736252097032628650e-33
9.437878277775391936e+06 8.658372289911770532e-35
1.047370897959450819e+07 3.016868446307951837e-36
1.162322468679854274e+07 7.054362309302037299e-38
1.289890261253307760e+07 1.067027668406833263e-39
1.431458937523478456e+07 1.006259755543789909e-41
1.588565129428052530e+07 5.592967137066347220e-44
1.762914118095947802e+07 1.702758257678818011e-46
1.956398343517064676e+07 2.547755407457092092e-49
2.171117945694505423e+07 1.496257719957749353e-52
