1.000000000000000000e+02 1.260009723010530705e-12
1.109752496412072134e+02 1.103537737168279842e-12
1.231550603292826196e+02 9.662100682539612527e-13
1.366716356462005990e+02 8.457736886077439266e-13
1.516716888470922413e+02 7.400724610512856533e-13
1.683180353330956791e+02 6.474231919030119249e-13
1.867913599020782840e+02 5.661881698513505826e-13
2.072921779595371845e+02 4.949807695452383513e-13
2.300430119772916839e+02 4.325708552227860048e-13
2.552908068239516410e+02 3.779080268222409970e-13
2.833096101839323637e+02 3.299986045908627566e-13
3.144035471591500368e+02 2.880600663505237543e-13
3.489101213406774491e+02 2.513431056001617239e-13
3.872038781812557318e+02 2.192096949800727097e-13
4.297004704320843871e+02 1.910903256897819268e-13
4.768611697714468960e+02 1.665005834525623823e-13
5.291978735958442712e+02 1.449974094941315848e-13
5.872786613189482523e+02 1.262012065203106457e-13
6.517339604882420190e+02 1.097859424023094976e-13
7.232633896483533817e+02 9.544546456743565991e-14
8.026433522257173081e+02 8.293276252610714123e-14
8.907354638610439679e+02 7.201277581412545640e-14
9.884959046625587007e+02 6.249284970212134977e-14
1.096985797892383971e+03 5.419324327572283129e-14
1.217382727739662187e+03 4.696261152276024267e-14
1.350993521198027793e+03 4.066912300582973762e-14
1.499268432786045423e+03 3.519232052481485178e-14
1.663816886076128640e+03 3.043324962612695774e-14
1.846424942895544291e+03 2.629295109445111729e-14
2.049074689815845886e+03 2.270161441891270680e-14
2.273965752357927613e+03 1.958241303271528416e-14
2.523539170434765765e+03 1.688096307314116674e-14
2.800503894183631019e+03 1.453633865405717642e-14
3.107866187782013640e+03 1.251039230086329202e-14
3.448962260405759935e+03 1.075515246624454088e-14
3.827494478516314757e+03 9.239046879796915538e-15
4.247571552536898707e+03 7.930737735412954069e-15
4.713753134116724141e+03 6.800723546022951384e-15
5.231099308056262998e+03 5.827632823201685739e-15
5.805225516094896193e+03 4.989145336309991370e-15
6.442363508721369726e+03 4.267501051249572863e-15
7.149428986597576113e+03 3.647250969037054922e-15
7.934096665797491369e+03 3.114667291709233876e-15
8.804883581643463913e+03 2.657547773854449690e-15
9.771241535346502133e+03 2.265580030694728126e-15
1.084365968689610963e+04 1.929893313575159515e-15
1.203377840777589154e+04 1.642371386582186812e-15
1.335451562929898682e+04 1.396713350348637825e-15
1.482020705798858762e+04 1.186668578413761718e-15
1.644676177994664249e+04 1.007516408595283182e-15
1.825183494319044257e+04 8.544346639298279534e-16
2.025501939230666540e+04 7.241574306776801179e-16
2.247805833548725059e+04 6.132490287786774930e-16
2.494508135230316839e+04 5.186999304455104193e-16
2.768286630392066581e+04 4.384533378991749044e-16
3.072112998861759115e+04 3.703143731165627853e-16
3.409285069746814406e+04 3.123727515803994345e-16
3.783462617131928710e+04 2.633213368467782182e-16
4.198707084443910571e+04 2.218021042550019952e-16
4.659525668664683326e+04 1.866086258188383248e-16
5.170920242896761192e+04 1.568705011348891766e-16
5.738441648302398244e+04 1.317927751665429447e-16
6.368249944718585903e+04 1.105833285515352983e-16
7.067181273927491566e+04 9.272053814706777508e-17
7.842822061337680498e+04 7.767797613855740454e-17
8.703591361485165544e+04 6.502606037470695832e-17
9.658832241158708348e+04 5.437756739462091183e-17
1.071891319205127511e+05 4.544733264639538043e-17
1.189534067370319535e+05 3.794673922766549097e-17
1.320088400831418112e+05 3.165938084586696495e-17
1.464971398307286145e+05 2.639271426590360008e-17
1.625755666443794908e+05 2.198284655753092889e-17
1.804186409392071655e+05 1.829743373208355394e-17
2.002200371815584658e+05 1.521465664368288191e-17
2.221946860939523904e+05 1.264130350559127327e-17
2.465811075822604180e+05 1.049416610961644482e-17
2.736439997074671555e+05 8.703619421667968096e-18
3.036771118035460822e+05 7.211552256087520990e-18
3.370064329271928291e+05 5.969899878170251684e-18
3.739937302478798083e+05 4.936234211199562651e-18
4.150404757850476308e+05 4.077685009428493157e-18
4.605922041145108524e+05 3.364409531497598905e-18
5.111433483440171112e+05 2.773033235050435017e-18
5.672426068491977639e+05 2.282534701820303622e-18
6.294988990221888525e+05 1.876675490873765850e-18
6.985879746785250027e+05 1.541142355183181533e-18
7.752597488629464060e+05 1.263891463873009344e-18
8.603464416684507160e+05 1.035343793889897336e-18
9.547716114208066138e+05 8.469440957071343354e-19
1.059560179277617019e+06 6.920888282566331213e-19
1.175849554052158026e+06 5.647411920414871448e-19
1.304901978014401859e+06 4.602597736937396342e-19
1.448118227674532915e+06 3.746014888085938526e-19
1.607052818261638284e+06 3.045006372336132994e-19
1.783430876931909472e+06 2.471141867656332113e-19
1.979166867853557458e+06 2.002922207056976473e-19
2.196385372416546568e+06 1.620681699423284573e-19
2.437444150122222025e+06 1.309514943373267831e-19
2.704959730463137385e+06 1.056024374749558857e-19
3.001835813575591892e+06 8.501330037720397480e-20
3.331294787934676744e+06 6.829607823013755600e-20
3.696912707195031922e+06 5.477597724262336350e-20
4.102658105827190448e+06 4.385064725116373654e-20
4.552935074866947718e+06 3.499283552760154435e-20
5.052631065335679799e+06 2.787593284379473955e-20
5.607169938205458224e+06 2.215205956682184446e-20
6.222570836730230600e+06 1.755949578432767288e-20
6.905513520162330940e+06 1.387166249556243805e-20
7.663410868007462472e+06 1.092932137401877559e-20
8.504489341802684590e+06 8.584295703468692024e-21
9.437878277775391936e+06 6.713101749074798023e-21
1.047370897959450819e+07 5.230913482419088666e-21
1.162322468679854274e+07 4.056900139453935204e-21
1.289890261253307760e+07 3.130636303944655764e-21
1.431458937523478456e+07 2.401914957525117671e-21
1.588565129428052530e+07 1.832185233648981135e-21
1.762914118095947802e+07 1.387204867149388755e-21
1.956398343517064676e+07 1.043114988451612839e-21
2.171117945694505423e+07 7.776306115774934380e-22
2.409403560239527002e+07 5.755771261912195526e-22
2.673841615839949250e+07 4.210669053403514045e-22
2.967302408188872784e+07 3.050261274025315168e-22
3.292971255097155273e+07 2.169869424849289622e-22
3.654383070957254618e+07 1.521647988054541739e-22
4.055460735840827972e+07 1.041406526725234752e-22
4.500557675700496882e+07 6.975596066293646486e-23
4.994505115855139494e+07 4.541546653244603346e-23
5.542664520663107187e+07 2.860310663161151562e-23
6.150985788580504060e+07 1.727328624786728238e-23
6.826071834272393584e+07 9.891717144099455663e-24
7.575250258771920204e+07 5.297092844527229204e-24
8.406652885618332028e+07 2.626972884383258794e-24
9.329304026284696162e+07 1.201756231592418053e-24
1.035321843295663744e+08 5.067521991494241935e-25
1.148951000187308788e+08 1.967733965616261069e-25
1.275051240713012964e+08 6.995098700772621327e-26
1.414991297434575856e+08 2.261748781465132875e-26
1.570290124729377627e+08 6.574181513718098271e-27
1.742633386009651124e+08 1.668521096943172208e-27
1.933891750455232263e+08 3.305546355836574615e-28
2.146141197858406007e+08 1.697478250401267600e-29
