1.000000000000000000e+02 5.208856624419553598e-14
1.109752496412072134e+02 4.518329573715322776e-14
1.231550603292826196e+02 3.915132374856007548e-14
1.366716356462005990e+02 3.392322832712255088e-14
1.516716888470922413e+02 2.928098048889730605e-14
1.683180353330956791e+02 2.524325472689432173e-14
1.867913599020782840e+02 2.170282434366672756e-14
2.072921779595371845e+02 1.860369833796771844e-14
2.300430119772916839e+02 1.589334802310384478e-14
2.552908068239516410e+02 1.353058273233830458e-14
2.833096101839323637e+02 1.145806824725039529e-14
3.144035471591500368e+02 9.654844142823799160e-15
3.489101213406774491e+02 8.093000904808740868e-15
3.872038781812557318e+02 6.737728925546061478e-15
4.297004704320843871e+02 5.568558574098067093e-15
4.768611697714468960e+02 4.564064425322870756e-15
5.291978735958442712e+02 3.706374401243816229e-15
5.872786613189482523e+02 2.974831975304523880e-15
6.517339604882420190e+02 2.358792056629202322e-15
7.232633896483533817e+02 1.843514551953756640e-15
8.026433522257173081e+02 1.416620151178874235e-15
8.907354638610439679e+02 1.067574625402167271e-15
9.884959046625587007e+02 7.863917364110264569e-16
1.096985797892383971e+03 5.638404514600130400e-16
1.217382727739662187e+03 3.914573480774107717e-16
1.350993521198027793e+03 2.621664421852510836e-16
1.499268432786045423e+03 1.686379827163158004e-16
1.663816886076128640e+03 1.037452892566764797e-16
1.846424942895544291e+03 6.084188586381433865e-17
2.049074689815845886e+03 3.393218612314876111e-17
2.273965752357927613e+03 1.799458383061005165e-17
2.523539170434765765e+03 9.107110445366734022e-18
2.800503894183631019e+03 4.441311535880363157e-18
3.107866187782013640e+03 2.105675273867440090e-18
3.448962260405759935e+03 9.725927803633456101e-19
3.827494478516314757e+03 4.368602414525977346e-19
4.247571552536898707e+03 1.906867305341318022e-19
4.713753134116724141e+03 8.088381851102185896e-20
5.231099308056262998e+03 3.334611498135342316e-20
5.805225516094896193e+03 1.336472552497911451e-20
6.442363508721369726e+03 5.209493254209887488e-21
7.149428986597576113e+03 1.976373238882824067e-21
7.934096665797491369e+03 7.308826262060454501e-22
8.804883581643463913e+03 2.641440341505297723e-22
9.771241535346502133e+03 9.366083848169985782e-23
1.084365968689610963e+04 3.276742605149886903e-23
1.203377840777589154e+04 1.139342228268604930e-23
1.335451562929898682e+04 3.970155231449294647e-24
1.482020705798858762e+04 1.397521301109883271e-24
1.644676177994664249e+04 4.996396107610359784e-25
1.825183494319044257e+04 1.815984463239644427e-25
2.025501939230666540e+04 6.682262610568677447e-26
2.247805833548725059e+04 2.470214567958349559e-26
2.494508135230316839e+04 9.089675238209508373e-27
2.768286630392066581e+04 3.300343447737826101e-27
3.072112998861759115e+04 1.173856643835377384e-27
3.409285069746814406e+04 4.067214785264633726e-28
3.783462617131928710e+04 1.367207494570383372e-28
4.198707084443910571e+04 4.445769431081320916e-29
4.659525668664683326e+04 1.395451449403715456e-29
5.170920242896761192e+04 4.221214447811167279e-30
5.738441648302398244e+04 1.228933858722650854e-30
6.368249944718585903e+04 3.439103883622573328e-31
7.067181273927491566e+04 9.241281914687540816e-32
7.842822061337680498e+04 2.382089553658973572e-32
8.703591361485165544e+04 5.884558485574687334e-33
9.658832241158708348e+04 1.391769881382629635e-33
1.071891319205127511e+05 3.148423273695668242e-34
1.189534067370319535e+05 6.805053798028389175e-35
1.320088400831418112e+05 1.403894576700805927e-35
1.464971398307286145e+05 2.761346467792359620e-36
1.625755666443794908e+05 5.172431968013209401e-37
1.804186409392071655e+05 9.215534461008700741e-38
2.002200371815584658e+05 1.559773336338440793e-38
2.221946860939523904e+05 2.504648402491644350e-39
2.465811075822604180e+05 3.810398684846375300e-40
2.736439997074671555e+05 5.482262685858254690e-41
3.036771118035460822e+05 7.447165852418229162e-42
3.370064329271928291e+05 9.535142090264583544e-43
3.739937302478798083e+05 1.148739385790507198e-43
4.150404757850476308e+05 1.300535614097591384e-44
4.605922041145108524e+05 1.379391598386813561e-45
5.111433483440171112e+05 1.369487696433300973e-46
5.672426068491977639e+05 1.269854156299486670e-47
6.294988990221888525e+05 1.097404912867631707e-48
6.985879746785250027e+05 8.819374433161421211e-50
7.752597488629464060e+05 6.575542151078328677e-51
8.603464416684507160e+05 4.536710394105982186e-52
9.547716114208066138e+05 2.889480694836570454e-53
1.059560179277617019e+06 1.694811890110110849e-54
1.175849554052158026e+06 9.126818069145514587e-56
1.304901978014401859e+06 4.497873226780187786e-57
1.448118227674532915e+06 2.022168851276375146e-58
1.607052818261638284e+06 8.270843862739960841e-60
1.783430876931909472e+06 3.068723559732660838e-61
1.979166867853557458e+06 1.029554752964709947e-62
2.196385372416546568e+06 3.110838280209597731e-64
2.437444150122222025e+06 8.429630019439648712e-66
2.704959730463137385e+06 2.040734092523226068e-67
3.001835813575591892e+06 4.399230934500264643e-69
3.331294787934676744e+06 8.408502394887275362e-71
3.696912707195031922e+06 1.417387416145217213e-72
4.102658105827190448e+06 2.094975055047194706e-74
4.552935074866947718e+06 2.699741115891998075e-76
5.052631065335679799e+06 3.013359510982066835e-78
5.607169938205458224e+06 2.885272058848523428e-80
6.222570836730230600e+06 2.343139730762437773e-82
6.905513520162330940e+06 1.615368589905722958e-84
7.663410868007462472e+06 2.537396096113421969e-86
8.504489341802684590e+06 1.202890829179337502e-86
9.437878277775391936e+06 8.992743237150346835e-87
1.047370897959450819e+07 6.744636191183705561e-87
1.162322468679854274e+07 5.038829794303223705e-87
1.289890261253307760e+07 3.748900109592031705e-87
1.431458937523478456e+07 2.776863856478791061e-87
1.588565129428052530e+07 2.046259767031884117e-87
1.762914118095947802e+07 1.498220059684699403e-87
1.956398343517064676e+07 1.091949896571305004e-87
2.171117945694505423e+07 7.893681793837664757e-88
2.409403560239527002e+07 5.667243538585021148e-88
2.673841615839949250e+07 4.030866001759862063e-88
2.967302408188872784e+07 2.841067471150790067e-88
3.292971255097155273e+07 1.981601727677467685e-88
3.654383070957254618e+07 1.364943954571329547e-88
4.055460735840827972e+07 9.279705642819715854e-89
4.500557675700496882e+07 6.200379828339122398e-89
4.994505115855139494e+07 4.061198279485669051e-89
5.542664520663107187e+07 2.596623829294783821e-89
6.150985788580504060e+07 1.610696545154550458e-89
6.826071834272393584e+07 9.625870412868127208e-90
7.575250258771920204e+07 5.471052570265166134e-90
8.406652885618332028e+07 2.899771267858044936e-90
9.329304026284696162e+07 1.375547241543933029e-90
1.035321843295663744e+08 5.258520010949214872e-91
1.148951000187308788e+08 1.120099312620547688e-91
1.275051240713012964e+08 5.492365696023485992e-94
1.414991297434575856e+08 3.022013077187206031e-107
1.570290124729377627e+08 1.477210050017305832e-125
1.742633386009651124e+08 4.074252679923477698e-146
