1.000000000000000000e+02 2.464800800175959834e-14
1.109752496412072134e+02 2.090557840417978925e-14
1.231550603292826196e+02 1.771326212042335387e-14
1.366716356462005990e+02 1.499094203537926797e-14
1.516716888470922413e+02 1.267318359813750799e-14
1.683180353330956791e+02 1.070234188294500308e-14
1.867913599020782840e+02 9.028070246948522669e-15
2.072921779595371845e+02 7.608582605548951537e-15
2.300430119772916839e+02 6.403850258628163067e-15
2.552908068239516410e+02 5.385995316153496486e-15
2.833096101839323637e+02 4.524489063305877478e-15
3.144035471591500368e+02 3.797884100877052545e-15
3.489101213406774491e+02 3.184632967719723498e-15
3.872038781812557318e+02 2.667931217276078010e-15
4.297004704320843871e+02 2.233856879088954939e-15
4.768611697714468960e+02 1.868832612125662980e-15
5.291978735958442712e+02 1.562389430238679764e-15
5.872786613189482523e+02 1.305606994709156724e-15
6.517339604882420190e+02 1.090209588237385852e-15
7.232633896483533817e+02 9.099907976812988491e-16
8.026433522257173081e+02 7.592891970022506643e-16
8.907354638610439679e+02 6.333472915522664737e-16
9.884959046625587007e+02 5.281553633956241905e-16
1.096985797892383971e+03 4.401957132836675053e-16
1.217382727739662187e+03 3.668460288598366639e-16
1.350993521198027793e+03 3.056160293276949197e-16
1.499268432786045423e+03 2.545307395872375354e-16
1.663816886076128640e+03 2.119489794381283563e-16
1.846424942895544291e+03 1.764230116523911097e-16
2.049074689815845886e+03 1.468002056852830756e-16
2.273965752357927613e+03 1.221258679324424096e-16
2.523539170434765765e+03 1.015592683080051925e-16
2.800503894183631019e+03 8.443389937754327409e-17
3.107866187782013640e+03 7.016658488302630015e-17
3.448962260405759935e+03 5.829349438190835672e-17
3.827494478516314757e+03 4.841395933930508196e-17
4.247571552536898707e+03 4.019815376027199652e-17
4.713753134116724141e+03 3.336097288028457906e-17
5.231099308056262998e+03 2.767765151634262805e-17
5.805225516094896193e+03 2.295917079029054874e-17
6.442363508721369726e+03 1.903857542766612822e-17
7.149428986597576113e+03 1.578060223596788231e-17
7.934096665797491369e+03 1.307916387672097576e-17
8.804883581643463913e+03 1.083671955005971020e-17
9.771241535346502133e+03 8.975214720785611753e-18
1.084365968689610963e+04 7.432536286993979543e-18
1.203377840777589154e+04 6.153705223128078019e-18
1.335451562929898682e+04 5.092643566969799306e-18
1.482020705798858762e+04 4.214427142219426609e-18
1.644676177994664249e+04 3.486294996883984616e-18
1.825183494319044257e+04 2.883004680464896378e-18
2.025501939230666540e+04 2.383531366349809649e-18
2.247805833548725059e+04 1.970001745289515694e-18
2.494508135230316839e+04 1.627501290323348909e-18
2.768286630392066581e+04 1.344232299181044519e-18
3.072112998861759115e+04 1.109798179692821267e-18
3.409285069746814406e+04 9.158498460403970221e-19
3.783462617131928710e+04 7.554230412788601553e-19
4.198707084443910571e+04 6.229289719288094246e-19
4.659525668664683326e+04 5.133544706057728731e-19
5.170920242896761192e+04 4.229364203116287650e-19
5.738441648302398244e+04 3.482435675709593102e-19
6.368249944718585903e+04 2.865687658690019292e-19
7.067181273927491566e+04 2.357141430480988716e-19
7.842822061337680498e+04 1.937839222964571548e-19
8.703591361485165544e+04 1.592008466547190894e-19
9.658832241158708348e+04 1.307309486656957291e-19
1.071891319205127511e+05 1.072874138999395043e-19
1.189534067370319535e+05 8.800704931179791926e-20
1.320088400831418112e+05 7.214224649906194431e-20
1.464971398307286145e+05 5.911474710386535357e-20
1.625755666443794908e+05 4.841849132340920161e-20
1.804186409392071655e+05 3.962695144107597344e-20
2.002200371815584658e+05 3.242357270738429725e-20
2.221946860939523904e+05 2.651645408472688562e-20
2.465811075822604180e+05 2.167472804292582622e-20
2.736439997074671555e+05 1.771098262940878898e-20
3.036771118035460822e+05 1.446655284039030268e-20
3.370064329271928291e+05 1.180941059754570861e-20
3.739937302478798083e+05 9.636716716506468167e-21
4.150404757850476308e+05 7.858874977750729879e-21
4.605922041145108524e+05 6.405655775324601936e-21
5.111433483440171112e+05 5.218730301174120810e-21
5.672426068491977639e+05 4.248469676723525309e-21
6.294988990221888525e+05 3.457464749027234443e-21
6.985879746785250027e+05 2.811598729966499486e-21
7.752597488629464060e+05 2.284788310478646584e-21
8.603464416684507160e+05 1.855399258566670627e-21
9.547716114208066138e+05 1.505894368601649943e-21
1.059560179277617019e+06 1.221153853201965896e-21
1.175849554052158026e+06 9.895689210647057930e-22
1.304901978014401859e+06 8.012688552913789120e-22
1.448118227674532915e+06 6.482290430244335057e-22
1.607052818261638284e+06 5.239802026817573887e-22
1.783430876931909472e+06 4.231776086393640490e-22
1.979166867853557458e+06 3.414460208389682885e-22
2.196385372416546568e+06 2.752577859563519479e-22
2.437444150122222025e+06 2.216468107132906873e-22
2.704959730463137385e+06 1.783162207164330040e-22
3.001835813575591892e+06 1.432967709131467717e-22
3.331294787934676744e+06 1.150279713344527904e-22
3.696912707195031922e+06 9.221784941568860331e-23
4.102658105827190448e+06 7.385381341511572349e-23
4.552935074866947718e+06 5.907176497936263769e-23
5.052631065335679799e+06 4.718384051509157079e-23
5.607169938205458224e+06 3.764043704381338922e-23
6.222570836730230600e+06 2.998067549641041574e-23
6.905513520162330940e+06 2.384926351358045954e-23
7.663410868007462472e+06 1.894136694349926623e-23
8.504489341802684590e+06 1.501826075583449133e-23
9.437878277775391936e+06 1.189092898284368674e-23
1.047370897959450819e+07 9.396584848775081949e-24
1.162322468679854274e+07 7.412748009441824082e-24
1.289890261253307760e+07 5.836135660106405404e-24
1.431458937523478456e+07 4.586079631586080693e-24
1.588565129428052530e+07 3.597164105068383021e-24
1.762914118095947802e+07 2.814178324220309621e-24
1.956398343517064676e+07 2.197069245315824491e-24
2.171117945694505423e+07 1.710946937063427000e-24
2.409403560239527002e+07 1.328967469280787102e-24
2.673841615839949250e+07 1.029275315016289730e-24
2.967302408188872784e+07 7.949424756995435348e-25
3.292971255097155273e+07 6.120144357180027871e-25
3.654383070957254618e+07 4.694443496544262727e-25
4.055460735840827972e+07 3.587486299749537284e-25
4.500557675700496882e+07 2.730032843636872162e-25
4.994505115855139494e+07 2.068378257016963854e-25
5.542664520663107187e+07 1.559384376904924815e-25
6.150985788580504060e+07 1.168257052453598946e-25
6.826071834272393584e+07 8.696674048325398005e-26
7.575250258771920204e+07 6.426118779258695616e-26
8.406652885618332028e+07 4.715667349241084395e-26
9.329304026284696162e+07 3.417266834757208598e-26
1.035321843295663744e+08 2.450269570676134778e-26
1.148951000187308788e+08 1.731969279239747037e-26
1.275051240713012964e+08 1.203900835002296301e-26
1.414991297434575856e+08 8.185878183438176943e-27
1.570290124729377627e+08 5.419717878804843169e-27
1.742633386009651124e+08 3.461627775427979678e-27
1.933891750455232263e+08 2.105462541094764759e-27
2.146141197858406007e+08 1.196665664490177164e-27
2.381685551976160705e+08 6.131532340077328525e-28
2.643081486974108517e+08 2.682466355099122158e-28
2.933166278390048146e+08 9.082202190231284411e-29
3.255088599835056663e+08 2.033845918347588946e-29
3.612342699709430337e+08 2.594471554929475528e-30
4.008806328898465633e+08 8.703918438414130896e-32
4.448782831127585173e+08 1.461134068157514877e-35
4.937047852839003801e+08 1.615603050544070460e-41
5.478901179593944550e+08 1.188190095106365578e-50
6.080224261649426222e+08 2.529456081121294050e-65
6.747544053110699654e+08 3.172863870618707512e-90
