1.000000000000000000e+02 5.738838992272001755e-12
1.109752496412072134e+02 5.003409244177503087e-12
1.231550603292826196e+02 4.358358132999715956e-12
1.366716356462005990e+02 3.793615262290157685e-12
1.516716888470922413e+02 3.299604478390796250e-12
1.683180353330956791e+02 2.867795127753216518e-12
1.867913599020782840e+02 2.489157473176493289e-12
2.072921779595371845e+02 2.159449405016204291e-12
2.300430119772916839e+02 1.870154646352881032e-12
2.552908068239516410e+02 1.618798077033827734e-12
2.833096101839323637e+02 1.399556181459188406e-12
3.144035471591500368e+02 1.207796362320957891e-12
3.489101213406774491e+02 1.043293399945292417e-12
3.872038781812557318e+02 8.975427171976761127e-13
4.297004704320843871e+02 7.727331113095982004e-13
4.768611697714468960e+02 6.640998255445022077e-13
5.291978735958442712e+02 5.702385733268111132e-13
5.872786613189482523e+02 4.896714002924502236e-13
6.517339604882420190e+02 4.193112210699342066e-13
7.232633896483533817e+02 3.592707761159451901e-13
8.026433522257173081e+02 3.071771629716802942e-13
8.907354638610439679e+02 2.626331753522103927e-13
9.884959046625587007e+02 2.243147327621064659e-13
1.096985797892383971e+03 1.915608977642821223e-13
1.217382727739662187e+03 1.634085628784512463e-13
1.350993521198027793e+03 1.393015856900843201e-13
1.499268432786045423e+03 1.187056570988471988e-13
1.663816886076128640e+03 1.009734138437997491e-13
1.846424942895544291e+03 8.593559889690359291e-14
2.049074689815845886e+03 7.296656796301041617e-14
2.273965752357927613e+03 6.188695899699047702e-14
2.523539170434765765e+03 5.223842143468038933e-14
2.800503894183631019e+03 4.410232768889442576e-14
3.107866187782013640e+03 3.710705253273441720e-14
3.448962260405759935e+03 3.120646657675880626e-14
3.827494478516314757e+03 2.602032488256779023e-14
4.247571552536898707e+03 2.172519708592588784e-14
4.713753134116724141e+03 1.794841551117606687e-14
5.231099308056262998e+03 1.484130885136797234e-14
5.805225516094896193e+03 1.213751009270851237e-14
6.442363508721369726e+03 9.907585605234951703e-15
7.149428986597576113e+03 8.018770307045424703e-15
7.934096665797491369e+03 6.449478902800742010e-15
8.804883581643463913e+03 5.160584886327241749e-15
9.771241535346502133e+03 4.122291116887501150e-15
1.084365968689610963e+04 3.232952330059120174e-15
1.203377840777589154e+04 2.543044899601008263e-15
1.335451562929898682e+04 1.977071650023925852e-15
1.482020705798858762e+04 1.524162966610713511e-15
1.644676177994664249e+04 1.177501844328993501e-15
1.825183494319044257e+04 9.027001970247706855e-16
2.025501939230666540e+04 6.901326042762086404e-16
2.247805833548725059e+04 5.302623232610971803e-16
2.494508135230316839e+04 4.049300887163129164e-16
2.768286630392066581e+04 3.121553431255808267e-16
3.072112998861759115e+04 2.426714086308540478e-16
3.409285069746814406e+04 1.898398239939993880e-16
3.783462617131928710e+04 1.500599652814377865e-16
4.198707084443910571e+04 1.197960479179345789e-16
4.659525668664683326e+04 9.645931750461162480e-17
5.170920242896761192e+04 7.820902396877308997e-17
5.738441648302398244e+04 6.369298001057675015e-17
6.368249944718585903e+04 5.199201838037880540e-17
7.067181273927491566e+04 4.246060233456366542e-17
7.842822061337680498e+04 3.453143478040892296e-17
8.703591361485165544e+04 2.797198737131221559e-17
9.658832241158708348e+04 2.251399012617915924e-17
1.071891319205127511e+05 1.796379742872801377e-17
1.189534067370319535e+05 1.417413952510463618e-17
1.320088400831418112e+05 1.102449842475609888e-17
1.464971398307286145e+05 8.440708975987481114e-18
1.625755666443794908e+05 6.316255067920409777e-18
1.804186409392071655e+05 4.605546043459812276e-18
2.002200371815584658e+05 3.259667884628978884e-18
2.221946860939523904e+05 2.180495437022389677e-18
2.465811075822604180e+05 1.384130422806468091e-18
2.736439997074671555e+05 8.146489892146906622e-19
3.036771118035460822e+05 4.372683570895525638e-19
3.370064329271928291e+05 2.117589030078944521e-19
3.739937302478798083e+05 9.429387836476480331e-20
4.150404757850476308e+05 4.150022931939659251e-20
4.605922041145108524e+05 2.036979765276990761e-20
5.111433483440171112e+05 1.216704246038179120e-20
5.672426068491977639e+05 8.621436591547846216e-21
6.294988990221888525e+05 6.619306771240490649e-21
6.985879746785250027e+05 5.224717054127588287e-21
7.752597488629464060e+05 4.150513620090533061e-21
8.603464416684507160e+05 3.297285142277675663e-21
9.547716114208066138e+05 2.615445086422973011e-21
1.059560179277617019e+06 2.070993567529118491e-21
1.175849554052158026e+06 1.637581934664079917e-21
1.304901978014401859e+06 1.293357119812405822e-21
1.448118227674532915e+06 1.019673731726414363e-21
1.607052818261638284e+06 8.026526634519407139e-22
1.783430876931909472e+06 6.305990384116827567e-22
1.979166867853557458e+06 4.945279965768849353e-22
2.196385372416546568e+06 3.871665278459503739e-22
2.437444150122222025e+06 3.025313928018646607e-22
2.704959730463137385e+06 2.358842316450763192e-22
3.001835813575591892e+06 1.835274468598940301e-22
3.331294787934676744e+06 1.424966887044596324e-22
3.696912707195031922e+06 1.103884438274339851e-22
4.102658105827190448e+06 8.531666356747814239e-23
4.552935074866947718e+06 6.579224250453181955e-23
5.052631065335679799e+06 5.059871508307097253e-23
5.607169938205458224e+06 3.880688706636160821e-23
6.222570836730230600e+06 2.968169127764243546e-23
6.905513520162330940e+06 2.263818743421372134e-23
7.663410868007462472e+06 1.721497093218708583e-23
8.504489341802684590e+06 1.304906155773890969e-23
9.437878277775391936e+06 9.858461994031602740e-24
1.047370897959450819e+07 7.421727405759362114e-24
1.162322468679854274e+07 5.566259801557474774e-24
1.289890261253307760e+07 4.157593401710688619e-24
1.431458937523478456e+07 3.092404331688251975e-24
1.588565129428052530e+07 2.290491311267825369e-24
1.762914118095947802e+07 1.687121524920845502e-24
1.956398343517064676e+07 1.236446982519034400e-24
2.171117945694505423e+07 9.008176324703809180e-25
2.409403560239527002e+07 6.520886555324018591e-25
2.673841615839949250e+07 4.687163001626332790e-25
2.967302408188872784e+07 3.342612256126511890e-25
3.292971255097155273e+07 2.362290699640600118e-25
3.654383070957254618e+07 1.652684269957430654e-25
4.055460735840827972e+07 1.142852057591928451e-25
4.500557675700496882e+07 7.796944576050646573e-26
4.994505115855139494e+07 5.236966505935176614e-26
5.542664520663107187e+07 3.451820980882034968e-26
6.150985788580504060e+07 2.224196742693630060e-26
6.826071834272393584e+07 1.394230324728388008e-26
7.575250258771920204e+07 8.437839743014145306e-27
8.406652885618332028e+07 4.878480088885415979e-27
9.329304026284696162e+07 2.647530303383434728e-27
1.035321843295663744e+08 1.303336303363384117e-27
1.148951000187308788e+08 5.361577592199421122e-28
1.275051240713012964e+08 1.393532272243293200e-28
1.414991297434575856e+08 1.696718922205788028e-30
