1.000000000000000000e+02 1.954729508390367546e-14
1.109752496412072134e+02 1.663523396876956040e-14
1.231550603292826196e+02 1.416122716178575358e-14
1.366716356462005990e+02 1.205489879576447932e-14
1.516716888470922413e+02 1.026053143197688626e-14
1.683180353330956791e+02 8.731260425001368405e-15
1.867913599020782840e+02 7.429108675618410131e-15
2.072921779595371845e+02 6.317965828385901794e-15
2.300430119772916839e+02 5.372035590635458645e-15
2.552908068239516410e+02 4.559430271111663544e-15
2.833096101839323637e+02 3.867104017798918065e-15
3.144035471591500368e+02 3.275029691774550048e-15
3.489101213406774491e+02 2.769740609224627242e-15
3.872038781812557318e+02 2.338168375098954500e-15
4.297004704320843871e+02 1.969171881658564339e-15
4.768611697714468960e+02 1.654809611874427616e-15
5.291978735958442712e+02 1.386050381985588774e-15
5.872786613189482523e+02 1.156944976589015451e-15
6.517339604882420190e+02 9.618379551609331855e-16
7.232633896483533817e+02 7.961522165503519117e-16
8.026433522257173081e+02 6.554736496459005670e-16
8.907354638610439679e+02 5.367140010830723661e-16
9.884959046625587007e+02 4.364525131495938365e-16
1.096985797892383971e+03 3.523866826021591623e-16
1.217382727739662187e+03 2.822285548609187112e-16
1.350993521198027793e+03 2.240241939916825995e-16
1.499268432786045423e+03 1.760991377167839805e-16
1.663816886076128640e+03 1.370377619997804037e-16
1.846424942895544291e+03 1.055579165445980111e-16
2.049074689815845886e+03 8.057852085934503801e-17
2.273965752357927613e+03 6.110806281654164229e-17
2.523539170434765765e+03 4.625719647361969328e-17
2.800503894183631019e+03 3.517246491739926207e-17
3.107866187782013640e+03 2.704560214745915530e-17
3.448962260405759935e+03 2.115704991361614347e-17
3.827494478516314757e+03 1.687481108382645036e-17
4.247571552536898707e+03 1.371896607477340309e-17
4.713753134116724141e+03 1.131202160563886663e-17
5.231099308056262998e+03 9.444157746343130119e-18
5.805225516094896193e+03 7.927687271394602881e-18
6.442363508721369726e+03 6.680605590582509710e-18
7.149428986597576113e+03 5.635412811052162213e-18
7.934096665797491369e+03 4.759151313525073953e-18
8.804883581643463913e+03 4.015053380953398971e-18
9.771241535346502133e+03 3.384734755691606941e-18
1.084365968689610963e+04 2.852613580666514242e-18
1.203377840777589154e+04 2.400476080371714192e-18
1.335451562929898682e+04 2.018737697219713031e-18
1.482020705798858762e+04 1.696673267952975015e-18
1.644676177994664249e+04 1.424621400125662290e-18
1.825183494319044257e+04 1.195682798965671697e-18
2.025501939230666540e+04 1.002552737539737967e-18
2.247805833548725059e+04 8.403728254756793789e-19
2.494508135230316839e+04 7.040486623846954213e-19
2.768286630392066581e+04 5.895266061452111572e-19
3.072112998861759115e+04 4.934009999317601639e-19
3.409285069746814406e+04 4.127818034081851868e-19
3.783462617131928710e+04 3.451366993711657227e-19
4.198707084443910571e+04 2.884488400168633696e-19
4.659525668664683326e+04 2.409316635492598582e-19
5.170920242896761192e+04 2.011095308010028491e-19
5.738441648302398244e+04 1.677800308321505361e-19
6.368249944718585903e+04 1.398760657724386972e-19
7.067181273927491566e+04 1.165454574665126493e-19
7.842822061337680498e+04 9.701362839609344158e-20
8.703591361485165544e+04 8.069310702415079624e-20
9.658832241158708348e+04 6.706282217860845339e-20
1.071891319205127511e+05 5.567332566643556058e-20
1.189534067370319535e+05 4.618099743181589708e-20
1.320088400831418112e+05 3.826746444924073672e-20
1.464971398307286145e+05 3.166914784903875815e-20
1.625755666443794908e+05 2.618125202855487234e-20
1.804186409392071655e+05 2.162499782631824569e-20
2.002200371815584658e+05 1.784320198533901292e-20
2.221946860939523904e+05 1.470686472180885149e-20
2.465811075822604180e+05 1.211055652879514771e-20
2.736439997074671555e+05 9.965133664314000858e-21
3.036771118035460822e+05 8.195450208880505143e-21
3.370064329271928291e+05 6.735482240810484192e-21
3.739937302478798083e+05 5.531338241772112102e-21
4.150404757850476308e+05 4.540654967315847002e-21
4.605922041145108524e+05 3.725005916786190415e-21
5.111433483440171112e+05 3.053189120313545154e-21
5.672426068491977639e+05 2.500987080533548756e-21
6.294988990221888525e+05 2.047368106239982762e-21
6.985879746785250027e+05 1.674660577569384988e-21
7.752597488629464060e+05 1.368439249596863224e-21
8.603464416684507160e+05 1.117203379313434174e-21
9.547716114208066138e+05 9.113543205380975880e-22
1.059560179277617019e+06 7.426174822715634842e-22
1.175849554052158026e+06 6.044919320098684895e-22
1.304901978014401859e+06 4.916454581289066599e-22
1.448118227674532915e+06 3.994021691046575481e-22
1.607052818261638284e+06 3.238754039997662738e-22
1.783430876931909472e+06 2.622736897226808843e-22
1.979166867853557458e+06 2.121371315985728511e-22
2.196385372416546568e+06 1.713813193414557577e-22
2.437444150122222025e+06 1.381872942102942519e-22
2.704959730463137385e+06 1.112085346080575889e-22
3.001835813575591892e+06 8.935103791722512130e-23
3.331294787934676744e+06 7.161942924969560389e-23
3.696912707195031922e+06 5.729265391728801878e-23
4.102658105827190448e+06 4.571577450018772608e-23
4.552935074866947718e+06 3.636875050398106963e-23
5.052631065335679799e+06 2.885798103276346471e-23
5.607169938205458224e+06 2.284570403645448506e-23
6.222570836730230600e+06 1.801110011541025648e-23
6.905513520162330940e+06 1.415183444596186430e-23
7.663410868007462472e+06 1.107510606694567251e-23
8.504489341802684590e+06 8.636061642573114296e-24
9.437878277775391936e+06 6.702824932266481908e-24
1.047370897959450819e+07 5.177892117542042979e-24
1.162322468679854274e+07 3.978586935070555526e-24
1.289890261253307760e+07 3.040929310875773116e-24
1.431458937523478456e+07 2.309925364230535118e-24
1.588565129428052530e+07 1.739561089535669351e-24
1.762914118095947802e+07 1.298338020642972293e-24
1.956398343517064676e+07 9.579933958886214632e-25
2.171117945694505423e+07 6.971819533276550743e-25
2.409403560239527002e+07 4.998349171910507717e-25
2.673841615839949250e+07 3.531930518849180786e-25
2.967302408188872784e+07 2.460821213008522731e-25
3.292971255097155273e+07 1.691443713529359358e-25
3.654383070957254618e+07 1.138339399114456023e-25
4.055460735840827972e+07 7.426139967502607609e-26
4.500557675700496882e+07 4.641574724038553693e-26
4.994505115855139494e+07 2.762932179905055074e-26
5.542664520663107187e+07 1.561450391787243014e-26
6.150985788580504060e+07 8.438105863367895235e-27
6.826071834272393584e+07 4.431600247787375054e-27
7.575250258771920204e+07 2.291853613391995379e-27
8.406652885618332028e+07 1.166743988811076619e-27
9.329304026284696162e+07 5.741722223163358405e-28
1.035321843295663744e+08 2.649862825046217160e-28
1.148951000187308788e+08 1.071277211285762323e-28
1.275051240713012964e+08 3.135590247211075877e-29
1.414991297434575856e+08 1.962032083989868216e-30
1.570290124729377627e+08 1.514748071764154708e-39
