1.000000000000000000e+02 1.379820010264529717e-15
1.109752496412072134e+02 1.185882884247732900e-15
1.231550603292826196e+02 1.017996909562944178e-15
1.366716356462005990e+02 8.729608306485807659e-16
1.516716888470922413e+02 7.478521324803298759e-16
1.683180353330956791e+02 6.400533026505464264e-16
1.867913599020782840e+02 5.472979927872621262e-16
2.072921779595371845e+02 4.674576491306529343e-16
2.300430119772916839e+02 3.989976634890743471e-16
2.552908068239516410e+02 3.425368017851760814e-16
2.833096101839323637e+02 2.900362029620792875e-16
3.144035471591500368e+02 2.470661281404720240e-16
3.489101213406774491e+02 2.103305878640079586e-16
3.872038781812557318e+02 1.789829725349207361e-16
4.297004704320843871e+02 1.522503229560411303e-16
4.768611697714468960e+02 1.294650763843695233e-16
5.291978735958442712e+02 1.100684195654808148e-16
5.872786613189482523e+02 9.355703773548601357e-17
6.517339604882420190e+02 7.951040082269426069e-17
7.232633896483533817e+02 6.755941144265631512e-17
8.026433522257173081e+02 5.740113858861366304e-17
8.907354638610439679e+02 4.876447210434686688e-17
9.884959046625587007e+02 4.141770080695915967e-17
1.096985797892383971e+03 3.517834290967616518e-17
1.217382727739662187e+03 2.987488974456585887e-17
1.350993521198027793e+03 2.536688027038960714e-17
1.499268432786045423e+03 2.153705675155807569e-17
1.663816886076128640e+03 1.828369048979845081e-17
1.846424942895544291e+03 1.551892226898816416e-17
2.049074689815845886e+03 1.317104325560261912e-17
2.273965752357927613e+03 1.117681218030130666e-17
2.523539170434765765e+03 9.483006408859459355e-18
2.800503894183631019e+03 8.045424039388967645e-18
3.107866187782013640e+03 6.824407706943427272e-18
3.448962260405759935e+03 5.788358720298284192e-18
3.827494478516314757e+03 4.909068866386205059e-18
4.247571552536898707e+03 4.162766655143630346e-18
4.713753134116724141e+03 3.529587119445256358e-18
5.231099308056262998e+03 2.992369009079188973e-18
5.805225516094896193e+03 2.536524511494851170e-18
6.442363508721369726e+03 2.149818134863807871e-18
7.149428986597576113e+03 1.821921893159602901e-18
7.934096665797491369e+03 1.543774179242113147e-18
8.804883581643463913e+03 1.307966848141565598e-18
9.771241535346502133e+03 1.108039901481850260e-18
1.084365968689610963e+04 9.384965295034442976e-19
1.203377840777589154e+04 7.948378185843216429e-19
1.335451562929898682e+04 6.730190902152931750e-19
1.482020705798858762e+04 5.698059661338838509e-19
1.644676177994664249e+04 4.823161045577840345e-19
1.825183494319044257e+04 4.082075015742704671e-19
2.025501939230666540e+04 3.453982634879581968e-19
2.247805833548725059e+04 2.922180354031482114e-19
2.494508135230316839e+04 2.471699516093249403e-19
2.768286630392066581e+04 2.090160182223413205e-19
3.072112998861759115e+04 1.767188402488815542e-19
3.409285069746814406e+04 1.493650456042653517e-19
3.783462617131928710e+04 1.262137886176447269e-19
4.198707084443910571e+04 1.066271825153800195e-19
4.659525668664683326e+04 9.005059755473956040e-20
5.170920242896761192e+04 7.603671076444075856e-20
5.738441648302398244e+04 6.417921772225531354e-20
6.368249944718585903e+04 5.415961394134104386e-20
7.067181273927491566e+04 4.568543961035009445e-20
7.842822061337680498e+04 3.853057363090955752e-20
8.703591361485165544e+04 3.248087259116355245e-20
9.658832241158708348e+04 2.737369780489570722e-20
1.071891319205127511e+05 2.306062391328079894e-20
1.189534067370319535e+05 1.942014466325408396e-20
1.320088400831418112e+05 1.634910051776827909e-20
1.464971398307286145e+05 1.375868645676073698e-20
1.625755666443794908e+05 1.157421568001647633e-20
1.804186409392071655e+05 9.732849875817073537e-21
2.002200371815584658e+05 8.180836968764940291e-21
2.221946860939523904e+05 6.874056182381503477e-21
2.465811075822604180e+05 5.773522149785540608e-21
2.736439997074671555e+05 4.847262785361564326e-21
3.036771118035460822e+05 4.067707024204846957e-21
3.370064329271928291e+05 3.411622294703461695e-21
3.739937302478798083e+05 2.859970410378605387e-21
4.150404757850476308e+05 2.396528215575443447e-21
4.605922041145108524e+05 2.006928055578328241e-21
5.111433483440171112e+05 1.679677888783574080e-21
5.672426068491977639e+05 1.404852127170858688e-21
6.294988990221888525e+05 1.174314176887894174e-21
6.985879746785250027e+05 9.809430229745900370e-22
7.752597488629464060e+05 8.187680840322037339e-22
8.603464416684507160e+05 6.829350650740511618e-22
9.547716114208066138e+05 5.691785525805388409e-22
1.059560179277617019e+06 4.739306119665805263e-22
1.175849554052158026e+06 3.941909315029122644e-22
1.304901978014401859e+06 3.275657071366071229e-22
1.448118227674532915e+06 2.718615865793677483e-22
1.607052818261638284e+06 2.254151448537052985e-22
1.783430876931909472e+06 1.866420068498749917e-22
1.979166867853557458e+06 1.543457136083432301e-22
2.196385372416546568e+06 1.273757847493242730e-22
2.437444150122222025e+06 1.049226458404559576e-22
2.704959730463137385e+06 8.627955097668495374e-23
3.001835813575591892e+06 7.082248243648503327e-23
3.331294787934676744e+06 5.798057067864945528e-23
3.696912707195031922e+06 4.733741351842988869e-23
4.102658105827190448e+06 3.853859491202173438e-23
4.552935074866947718e+06 3.128196777163159453e-23
5.052631065335679799e+06 2.527728379007713584e-23
5.607169938205458224e+06 2.036422487615399980e-23
6.222570836730230600e+06 1.630930613073684421e-23
6.905513520162330940e+06 1.299874732674117209e-23
7.663410868007462472e+06 1.028557688735396628e-23
8.504489341802684590e+06 8.088129638893201765e-24
9.437878277775391936e+06 6.314897825279955735e-24
1.047370897959450819e+07 4.879689868993994270e-24
1.162322468679854274e+07 3.730035954067907591e-24
1.289890261253307760e+07 2.816805048656809141e-24
1.431458937523478456e+07 2.096841314719045143e-24
1.588565129428052530e+07 1.533387843534221571e-24
1.762914118095947802e+07 1.099079204234016931e-24
1.956398343517064676e+07 7.709306144056049566e-25
2.171117945694505423e+07 5.258488029714569609e-25
2.409403560239527002e+07 3.472952534077326639e-25
2.673841615839949250e+07 2.206418636890254764e-25
2.967302408188872784e+07 1.338948718941442202e-25
3.292971255097155273e+07 7.683138218903033460e-26
3.654383070957254618e+07 4.130983111868458126e-26
4.055460735840827972e+07 2.068344257248210683e-26
4.500557675700496882e+07 9.724448142633532402e-27
4.994505115855139494e+07 4.416618827452533268e-27
5.542664520663107187e+07 1.980689595235182161e-27
6.150985788580504060e+07 8.143205906523769363e-28
6.826071834272393584e+07 2.393086990130131913e-28
7.575250258771920204e+07 2.794030352989248810e-29
8.406652885618332028e+07 3.561198360061209477e-31
