1.000000000000000000e+02 6.125315796915070952e-15
1.109752496412072134e+02 5.272978922025080236e-15
1.231550603292826196e+02 4.532172476843830617e-15
1.366716356462005990e+02 3.886558347579260495e-15
1.516716888470922413e+02 3.326098326485575418e-15
1.683180353330956791e+02 2.837883746838265206e-15
1.867913599020782840e+02 2.414101690404715239e-15
2.072921779595371845e+02 2.049566716804246466e-15
2.300430119772916839e+02 1.736224918788934369e-15
2.552908068239516410e+02 1.465495327065719157e-15
2.833096101839323637e+02 1.232279298761034494e-15
3.144035471591500368e+02 1.034031082595050801e-15
3.489101213406774491e+02 8.662706764149735440e-16
3.872038781812557318e+02 7.241621469138990520e-16
4.297004704320843871e+02 6.031016808029313948e-16
4.768611697714468960e+02 5.014103260070490215e-16
5.291978735958442712e+02 4.165901064128366301e-16
5.872786613189482523e+02 3.456171123659091380e-16
6.517339604882420190e+02 2.865758501640917677e-16
7.232633896483533817e+02 2.376039404469462898e-16
8.026433522257173081e+02 1.969552002138711132e-16
8.907354638610439679e+02 1.632978274667422481e-16
9.884959046625587007e+02 1.353812808884057928e-16
1.096985797892383971e+03 1.122273199878486980e-16
1.217382727739662187e+03 9.305662009315599970e-17
1.350993521198027793e+03 7.713540941443750632e-17
1.499268432786045423e+03 6.382634496405662391e-17
1.663816886076128640e+03 5.272925865640750228e-17
1.846424942895544291e+03 4.338604223547262095e-17
2.049074689815845886e+03 3.550385613914818674e-17
2.273965752357927613e+03 2.886013238162275271e-17
2.523539170434765765e+03 2.325434865873715186e-17
2.800503894183631019e+03 1.852982821794760640e-17
3.107866187782013640e+03 1.456698641566601221e-17
3.448962260405759935e+03 1.125040468322316650e-17
3.827494478516314757e+03 8.506852264582777516e-18
4.247571552536898707e+03 6.265264336993000089e-18
4.713753134116724141e+03 4.466566860755466582e-18
5.231099308056262998e+03 3.058377074736458653e-18
5.805225516094896193e+03 1.992383525558335525e-18
6.442363508721369726e+03 1.222150625583340073e-18
7.149428986597576113e+03 6.998196737520324389e-19
7.934096665797491369e+03 3.721753872162591633e-19
8.804883581643463913e+03 1.853860473751783454e-19
9.771241535346502133e+03 8.932830792664246980e-20
1.084365968689610963e+04 4.494168575938029163e-20
1.203377840777589154e+04 2.561291094775463531e-20
1.335451562929898682e+04 1.680984072379474162e-20
1.482020705798858762e+04 1.216229394756161333e-20
1.644676177994664249e+04 9.220166487644132843e-21
1.825183494319044257e+04 7.119903594281509739e-21
2.025501939230666540e+04 5.545735074468659166e-21
2.247805833548725059e+04 4.358223558652594547e-21
2.494508135230316839e+04 3.458864408963321919e-21
2.768286630392066581e+04 2.762073088869283099e-21
3.072112998861759115e+04 2.210821330653408143e-21
3.409285069746814406e+04 1.770157074053488179e-21
3.783462617131928710e+04 1.416724439089802837e-21
4.198707084443910571e+04 1.133053863207719333e-21
4.659525668664683326e+04 9.056069329827401007e-22
5.170920242896761192e+04 7.232829014815871712e-22
5.738441648302398244e+04 5.772117492831210728e-22
6.368249944718585903e+04 4.602674759320243645e-22
7.067181273927491566e+04 3.666751526355414972e-22
7.842822061337680498e+04 2.918235540770791058e-22
8.703591361485165544e+04 2.320196946885686427e-22
9.658832241158708348e+04 1.842684732343860904e-22
1.071891319205127511e+05 1.461802127311220926e-22
1.189534067370319535e+05 1.158294398850337064e-22
1.320088400831418112e+05 9.167219054716937549e-23
1.464971398307286145e+05 7.245391765695960984e-23
1.625755666443794908e+05 5.718300228976904943e-23
1.804186409392071655e+05 4.507055948309402022e-23
2.002200371815584658e+05 3.547237210595946114e-23
2.221946860939523904e+05 2.787400854336573351e-23
2.465811075822604180e+05 2.186468828123892723e-23
2.736439997074671555e+05 1.712310202578823238e-23
3.036771118035460822e+05 1.338844035625285475e-23
3.370064329271928291e+05 1.044605115428980590e-23
3.739937302478798083e+05 8.131738561122255404e-24
4.150404757850476308e+05 6.318683477406104691e-24
4.605922041145108524e+05 4.896801824331368973e-24
5.111433483440171112e+05 3.786015566259199402e-24
5.672426068491977639e+05 2.918998830472081243e-24
6.294988990221888525e+05 2.243985258108774330e-24
6.985879746785250027e+05 1.719773078186265973e-24
7.752597488629464060e+05 1.313417434575243288e-24
8.603464416684507160e+05 9.995005415391680392e-25
9.547716114208066138e+05 7.576998248788392623e-25
1.059560179277617019e+06 5.719951721223100203e-25
1.175849554052158026e+06 4.298772123524403314e-25
1.304901978014401859e+06 3.213381060676863089e-25
1.448118227674532915e+06 2.388715281990840898e-25
1.607052818261638284e+06 1.765022671130893887e-25
1.783430876931909472e+06 1.296200071479935140e-25
1.979166867853557458e+06 9.456513445878780464e-26
2.196385372416546568e+06 6.842802406422016620e-26
2.437444150122222025e+06 4.907343693909638341e-26
2.704959730463137385e+06 3.488655072028775730e-26
3.001835813575591892e+06 2.453638038959337258e-26
3.331294787934676744e+06 1.705366258412707111e-26
3.696912707195031922e+06 1.169582891054938686e-26
4.102658105827190448e+06 7.899522041764676406e-27
4.552935074866947718e+06 5.247601943077575043e-27
5.052631065335679799e+06 3.413938250367582239e-27
5.607169938205458224e+06 2.167973593180214006e-27
6.222570836730230600e+06 1.338448086473132595e-27
6.905513520162330940e+06 7.968694649732974641e-28
7.663410868007462472e+06 4.544043595246397977e-28
8.504489341802684590e+06 2.443929434279901254e-28
9.437878277775391936e+06 1.219772155339466189e-28
1.047370897959450819e+07 5.481116844378092856e-29
1.162322468679854274e+07 2.114844773837179507e-29
1.289890261253307760e+07 6.461257585173211381e-30
1.431458937523478456e+07 1.373332291600179549e-30
1.588565129428052530e+07 1.862220543196724088e-31
1.762914118095947802e+07 1.975470437666741435e-32
