1.000000000000000000e+02 3.521190212407874461e-13
1.109752496412072134e+02 3.006548013247991005e-13
1.231550603292826196e+02 2.566527159411202931e-13
1.366716356462005990e+02 2.188694732918511892e-13
1.516716888470922413e+02 1.865782356701551050e-13
1.683180353330956791e+02 1.589200534697862103e-13
1.867913599020782840e+02 1.352529798434981227e-13
2.072921779595371845e+02 1.150354972848049181e-13
2.300430119772916839e+02 9.777681661663912096e-14
2.552908068239516410e+02 8.302992187912436015e-14
2.833096101839323637e+02 7.046694060478248211e-14
3.144035471591500368e+02 5.974831772532535795e-14
3.489101213406774491e+02 5.062558784653414780e-14
3.872038781812557318e+02 4.285767455277194093e-14
4.297004704320843871e+02 3.625287449014602932e-14
4.768611697714468960e+02 3.063868927712971878e-14
5.291978735958442712e+02 2.587665415556695726e-14
5.872786613189482523e+02 2.183305413657057167e-14
6.517339604882420190e+02 1.840962363153800157e-14
7.232633896483533817e+02 1.550788448657939089e-14
8.026433522257173081e+02 1.305309278136359376e-14
8.907354638610439679e+02 1.097966580483238003e-14
9.884959046625587007e+02 9.226567919166718279e-15
1.096985797892383971e+03 7.749121824537671945e-15
1.217382727739662187e+03 6.501433970457578465e-15
1.350993521198027793e+03 5.452174077176059060e-15
1.499268432786045423e+03 4.568188239234789249e-15
1.663816886076128640e+03 3.825359048364329725e-15
1.846424942895544291e+03 3.200418519626955091e-15
2.049074689815845886e+03 2.676320515591274102e-15
2.273965752357927613e+03 2.236635105501877732e-15
2.523539170434765765e+03 1.867700478218471113e-15
2.800503894183631019e+03 1.558756382742457554e-15
3.107866187782013640e+03 1.300009348332304378e-15
3.448962260405759935e+03 1.083612300804720412e-15
3.827494478516314757e+03 9.025563219441704684e-16
4.247571552536898707e+03 7.512748637231135397e-16
4.713753134116724141e+03 6.249666790203917222e-16
5.231099308056262998e+03 5.195258492391354143e-16
5.805225516094896193e+03 4.315703325916561896e-16
6.442363508721369726e+03 3.583020411805477508e-16
7.149428986597576113e+03 2.972089294869935445e-16
7.934096665797491369e+03 2.463879703146203761e-16
8.804883581643463913e+03 2.041480194662103272e-16
9.771241535346502133e+03 1.689908599282802461e-16
1.084365968689610963e+04 1.398366506402469132e-16
1.203377840777589154e+04 1.156159207847142956e-16
1.335451562929898682e+04 9.554483791582323834e-17
1.482020705798858762e+04 7.891188520748987106e-17
1.644676177994664249e+04 6.513006778099014467e-17
1.825183494319044257e+04 5.373431980715217134e-17
2.025501939230666540e+04 4.430869809009405064e-17
2.247805833548725059e+04 3.651697538085030050e-17
2.494508135230316839e+04 3.008094348173054021e-17
2.768286630392066581e+04 2.476565608110892855e-17
3.072112998861759115e+04 2.037973646649157475e-17
3.409285069746814406e+04 1.676175022422997389e-17
3.783462617131928710e+04 1.377906512548432555e-17
4.198707084443910571e+04 1.132140794322926254e-17
4.659525668664683326e+04 9.296123856412171286e-18
5.170920242896761192e+04 7.629389697558701410e-18
5.738441648302398244e+04 6.256358056552515946e-18
6.368249944718585903e+04 5.127917113877530970e-18
7.067181273927491566e+04 4.199494823688868935e-18
7.842822061337680498e+04 3.437020743091960623e-18
8.703591361485165544e+04 2.811180325404126401e-18
9.658832241158708348e+04 2.297143928844786393e-18
1.071891319205127511e+05 1.875870369669523371e-18
1.189534067370319535e+05 1.530690864967591811e-18
1.320088400831418112e+05 1.247853271428418316e-18
1.464971398307286145e+05 1.016470639622591359e-18
1.625755666443794908e+05 8.272619914044196067e-19
1.804186409392071655e+05 6.727353893541703827e-19
2.002200371815584658e+05 5.465940676855600715e-19
2.221946860939523904e+05 4.437609980124804254e-19
2.465811075822604180e+05 3.599091582957785574e-19
2.736439997074671555e+05 2.917087962462128790e-19
3.036771118035460822e+05 2.362343117184428929e-19
3.370064329271928291e+05 1.911911162339750767e-19
3.739937302478798083e+05 1.546403368419139269e-19
4.150404757850476308e+05 1.249970848964287695e-19
4.605922041145108524e+05 1.009770563606050335e-19
5.111433483440171112e+05 8.152664002533968763e-20
5.672426068491977639e+05 6.577327944268222018e-20
6.294988990221888525e+05 5.303440431175237642e-20
6.985879746785250027e+05 4.273312778007449182e-20
7.752597488629464060e+05 3.440264022654112519e-20
8.603464416684507160e+05 2.767762258418601145e-20
9.547716114208066138e+05 2.224832150274066663e-20
1.059560179277617019e+06 1.786570528803337184e-20
1.175849554052158026e+06 1.433554688659592796e-20
1.304901978014401859e+06 1.149139603191318947e-20
1.448118227674532915e+06 9.202541932102837457e-21
1.607052818261638284e+06 7.360912065189927993e-21
1.783430876931909472e+06 5.881254652875943130e-21
1.979166867853557458e+06 4.693659530050583333e-21
2.196385372416546568e+06 3.741182547497678481e-21
2.437444150122222025e+06 2.978291393360990573e-21
2.704959730463137385e+06 2.367505476092217252e-21
3.001835813575591892e+06 1.879204214961609941e-21
3.331294787934676744e+06 1.489379395206357147e-21
3.696912707195031922e+06 1.178418977889774838e-21
4.102658105827190448e+06 9.308133549219649282e-22
4.552935074866947718e+06 7.339870415436773287e-22
5.052631065335679799e+06 5.774535963369843157e-22
5.607169938205458224e+06 4.534112606089919168e-22
6.222570836730230600e+06 3.552596001117860622e-22
6.905513520162330940e+06 2.776585080356788640e-22
7.663410868007462472e+06 2.164665903720955052e-22
8.504489341802684590e+06 1.681999853758192216e-22
9.437878277775391936e+06 1.303282014570551634e-22
1.047370897959450819e+07 1.006032879654431536e-22
1.162322468679854274e+07 7.738960503587413063e-23
1.289890261253307760e+07 5.928265245551245855e-23
1.431458937523478456e+07 4.519108765063897897e-23
1.588565129428052530e+07 3.427476398862297647e-23
1.762914118095947802e+07 2.583733997049382755e-23
1.956398343517064676e+07 1.934710366988294972e-23
2.171117945694505423e+07 1.437683390627753444e-23
2.409403560239527002e+07 1.059279317013743179e-23
2.673841615839949250e+07 7.724903831036357422e-24
2.967302408188872784e+07 5.577006146756953249e-24
3.292971255097155273e+07 3.958023259058168155e-24
3.654383070957254618e+07 2.768466461218712920e-24
4.055460735840827972e+07 1.900535117579913351e-24
4.500557675700496882e+07 1.274909985866126932e-24
4.994505115855139494e+07 8.325235992752767512e-25
5.542664520663107187e+07 5.262655709071330852e-25
6.150985788580504060e+07 3.198185121421612146e-25
6.826071834272393584e+07 1.854081450747546688e-25
7.575250258771920204e+07 1.013100462205114967e-25
8.406652885618332028e+07 5.115685769959775079e-26
9.329304026284696162e+07 2.273980810506224858e-26
1.035321843295663744e+08 7.849887642013445687e-27
1.148951000187308788e+08 1.519017897663823617e-27
1.275051240713012964e+08 9.752320886805158629e-29
1.414991297434575856e+08 1.052955963187371252e-30
1.570290124729377627e+08 2.899682654584803279e-33
1.742633386009651124e+08 1.285554007346957397e-36
1.933891750455232263e+08 3.663451704997522283e-41
2.146141197858406007e+08 1.582492060689678897e-47
2.381685551976160705e+08 7.186270374342546805e-57
2.643081486974108517e+08 2.671960010483912478e-71
2.933166278390048146e+08 3.769512115127719780e-94
