1.000000000000000000e+02 8.492514439823926650e-15
1.109752496412072134e+02 6.821064148115432290e-15
1.231550603292826196e+02 5.452811340240206672e-15
1.366716356462005990e+02 4.339701353343054906e-15
1.516716888470922413e+02 3.440989304825259871e-15
1.683180353330956791e+02 2.717615887786001641e-15
1.867913599020782840e+02 2.141306873140582913e-15
2.072921779595371845e+02 1.683741799460658652e-15
2.300430119772916839e+02 1.323775863653476500e-15
2.552908068239516410e+02 1.041552665626791845e-15
2.833096101839323637e+02 8.215367282762793937e-16
3.144035471591500368e+02 6.505656636215697275e-16
3.489101213406774491e+02 5.178139173399014796e-16
3.872038781812557318e+02 4.147788269174523241e-16
4.297004704320843871e+02 3.344056410087063724e-16
4.768611697714468960e+02 2.715702967343903645e-16
5.291978735958442712e+02 2.217810412037440922e-16
5.872786613189482523e+02 1.823111739579481808e-16
6.517339604882420190e+02 1.503341587421665471e-16
7.232633896483533817e+02 1.245272034661831893e-16
8.026433522257173081e+02 1.032307775181341976e-16
8.907354638610439679e+02 8.579674346903447159e-17
9.884959046625587007e+02 7.123079066974953402e-17
1.096985797892383971e+03 5.918558810990503507e-17
1.217382727739662187e+03 4.910194090810559533e-17
1.350993521198027793e+03 4.073590955620252753e-17
1.499268432786045423e+03 3.375854389244843097e-17
1.663816886076128640e+03 2.794286299953450790e-17
1.846424942895544291e+03 2.311610015575821281e-17
2.049074689815845886e+03 1.910652698855674047e-17
2.273965752357927613e+03 1.577352023673157972e-17
2.523539170434765765e+03 1.301168031603379675e-17
2.800503894183631019e+03 1.072060896108226525e-17
3.107866187782013640e+03 8.823416929603601037e-18
3.448962260405759935e+03 7.250952360660642016e-18
3.827494478516314757e+03 5.952366070913076089e-18
4.247571552536898707e+03 4.876324126878346356e-18
4.713753134116724141e+03 3.990956991116166636e-18
5.231099308056262998e+03 3.257968909000434931e-18
5.805225516094896193e+03 2.656981676728634916e-18
6.442363508721369726e+03 2.161622113251497141e-18
7.149428986597576113e+03 1.756083586138324370e-18
7.934096665797491369e+03 1.423587791187663238e-18
8.804883581643463913e+03 1.152291243560975883e-18
9.771241535346502133e+03 9.303039027130312375e-19
1.084365968689610963e+04 7.507877437994502416e-19
1.203377840777589154e+04 6.045493724784072800e-19
1.335451562929898682e+04 4.860174248732917792e-19
1.482020705798858762e+04 3.903522561308355337e-19
1.644676177994664249e+04 3.129207855843359637e-19
1.825183494319044257e+04 2.506720050936172679e-19
2.025501939230666540e+04 2.004674536057162667e-19
2.247805833548725059e+04 1.602067959149527895e-19
2.494508135230316839e+04 1.277662498808289833e-19
2.768286630392066581e+04 1.018823631278274816e-19
3.072112998861759115e+04 8.110162750261308276e-20
3.409285069746814406e+04 6.451573518439646722e-20
3.783462617131928710e+04 5.127027007366249099e-20
4.198707084443910571e+04 4.068059706854995756e-20
4.659525668664683326e+04 3.228256579764707535e-20
5.170920242896761192e+04 2.556132553218989482e-20
5.738441648302398244e+04 2.022831528995544684e-20
6.368249944718585903e+04 1.599788392091734946e-20
7.067181273927491566e+04 1.263715524665776262e-20
7.842822061337680498e+04 9.974767642807740104e-21
8.703591361485165544e+04 7.859069098979015950e-21
9.658832241158708348e+04 6.184313456279680000e-21
1.071891319205127511e+05 4.860604011086164161e-21
1.189534067370319535e+05 3.813330066826219457e-21
1.320088400831418112e+05 2.983338942643339685e-21
1.464971398307286145e+05 2.328865465574506675e-21
1.625755666443794908e+05 1.812033569620015480e-21
1.804186409392071655e+05 1.404003116796155928e-21
2.002200371815584658e+05 1.083144421087634030e-21
2.221946860939523904e+05 8.314277924478210967e-22
2.465811075822604180e+05 6.348601068106143259e-22
2.736439997074671555e+05 4.822359230911919249e-22
3.036771118035460822e+05 3.646279697211322606e-22
3.370064329271928291e+05 2.748620399198324585e-22
3.739937302478798083e+05 2.066354553955267291e-22
4.150404757850476308e+05 1.550745829377336229e-22
4.605922041145108524e+05 1.162052381682609510e-22
5.111433483440171112e+05 8.699918548053071842e-23
5.672426068491977639e+05 6.502123330059481634e-23
6.294988990221888525e+05 4.853645789836067803e-23
6.985879746785250027e+05 3.614224566016736764e-23
7.752597488629464060e+05 2.685156183485052500e-23
8.603464416684507160e+05 1.993612108572662940e-23
9.547716114208066138e+05 1.480838076259519594e-23
1.059560179277617019e+06 1.101514976160459018e-23
1.175849554052158026e+06 8.185640739122188586e-24
1.304901978014401859e+06 6.070856283836368241e-24
1.448118227674532915e+06 4.493194206145827380e-24
1.607052818261638284e+06 3.319659516400499771e-24
1.783430876931909472e+06 2.448040591404878689e-24
1.979166867853557458e+06 1.803357854667935947e-24
2.196385372416546568e+06 1.325824292326588453e-24
2.437444150122222025e+06 9.732199807764857812e-25
2.704959730463137385e+06 7.120151032589580651e-25
3.001835813575591892e+06 5.186087442512719824e-25
3.331294787934676744e+06 3.759424344503740265e-25
3.696912707195031922e+06 2.705597941476425222e-25
4.102658105827190448e+06 1.934620349498893365e-25
4.552935074866947718e+06 1.371664768880075831e-25
5.052631065335679799e+06 9.642725392971299163e-26
5.607169938205458224e+06 6.718149232516397820e-26
6.222570836730230600e+06 4.641479128524525128e-26
6.905513520162330940e+06 3.171845404042599089e-26
7.663410868007462472e+06 2.145851171406006722e-26
8.504489341802684590e+06 1.434240930883043838e-26
9.437878277775391936e+06 9.450360782153019597e-27
1.047370897959450819e+07 6.110080317791321638e-27
1.162322468679854274e+07 3.848514337427107947e-27
1.289890261253307760e+07 2.341348301751604741e-27
1.431458937523478456e+07 1.359509795515068449e-27
1.588565129428052530e+07 7.409790783445467782e-28
1.762914118095947802e+07 3.725610154164921598e-28
1.956398343517064676e+07 1.695385559708785665e-28
2.171117945694505423e+07 6.888039959493073421e-29
2.409403560239527002e+07 2.456483472800605951e-29
2.673841615839949250e+07 7.580743689775864837e-30
2.967302408188872784e+07 1.992249168676169430e-30
3.292971255097155273e+07 4.390717426092904411e-31
3.654383070957254618e+07 7.982710278078242805e-32
4.055460735840827972e+07 1.176380683695233931e-32
4.500557675700496882e+07 1.380574350192006264e-33
4.994505115855139494e+07 1.266978175910920207e-34
5.542664520663107187e+07 8.914360443051983223e-36
6.150985788580504060e+07 4.713608894285607080e-37
6.826071834272393584e+07 1.830731706836329072e-38
7.575250258771920204e+07 5.087495906901113381e-40
8.406652885618332028e+07 9.807732339743795242e-42
9.329304026284696162e+07 1.265381256850700486e-43
1.035321843295663744e+08 1.048904258453229761e-45
1.148951000187308788e+08 5.334059591599708848e-48
1.275051240713012964e+08 1.579705498183822022e-50
1.414991297434575856e+08 2.568826645860561894e-53
1.570290124729377627e+08 2.144589575204471393e-56
1.742633386009651124e+08 8.470659836684535943e-60
1.933891750455232263e+08 1.422205713595509704e-63
2.146141197858406007e+08 8.991086235199419695e-68
2.381685551976160705e+08 1.836410609639240921e-72
2.643081486974108517e+08 9.721223555534050791e-78
2.933166278390048146e+08 7.172568236120088966e-84
