1.000000000000000000e+02 9.693764813427777606e-13
1.109752496412072134e+02 7.899017151397076926e-13
1.231550603292826196e+02 6.421666074395568460e-13
1.366716356462005990e+02 5.209408787155755561e-13
1.516716888470922413e+02 4.220410897958645376e-13
1.683180353330956791e+02 3.416266664071426104e-13
1.867913599020782840e+02 2.766295229973660830e-13
2.072921779595371845e+02 2.241273991321656502e-13
2.300430119772916839e+02 1.819028235454278359e-13
2.552908068239516410e+02 1.479574981857123633e-13
2.833096101839323637e+02 1.207511867034187283e-13
3.144035471591500368e+02 9.892468014051759646e-14
3.489101213406774491e+02 8.140614953812032686e-14
3.872038781812557318e+02 6.732340302274500246e-14
4.297004704320843871e+02 5.591723889233608854e-14
4.768611697714468960e+02 4.552680793267930759e-14
5.291978735958442712e+02 3.909587509260845522e-14
5.872786613189482523e+02 3.287318134317000402e-14
6.517339604882420190e+02 2.771777667561214772e-14
7.232633896483533817e+02 2.343141939292386181e-14
8.026433522257173081e+02 1.982576016950195158e-14
8.907354638610439679e+02 1.678601288262706011e-14
9.884959046625587007e+02 1.420966324096902811e-14
1.096985797892383971e+03 1.201554695632946879e-14
1.217382727739662187e+03 1.013965763655176908e-14
1.350993521198027793e+03 8.544559793271158655e-15
1.499268432786045423e+03 7.176726057470812625e-15
1.663816886076128640e+03 6.006298972612310506e-15
1.846424942895544291e+03 5.011072987258794191e-15
2.049074689815845886e+03 4.161870909974210317e-15
2.273965752357927613e+03 3.436772670031546098e-15
2.523539170434765765e+03 2.824699547458511843e-15
2.800503894183631019e+03 2.309657610518949564e-15
3.107866187782013640e+03 1.878052064922399202e-15
3.448962260405759935e+03 1.513177125053489692e-15
3.827494478516314757e+03 1.211142826648122399e-15
4.247571552536898707e+03 9.634510006218455659e-16
4.713753134116724141e+03 7.612453185718730868e-16
5.231099308056262998e+03 5.947095787215865427e-16
5.805225516094896193e+03 4.607130544713457402e-16
6.442363508721369726e+03 3.530763612322177191e-16
7.149428986597576113e+03 2.691194715360387646e-16
7.934096665797491369e+03 2.031051362158887661e-16
8.804883581643463913e+03 1.511378833280702635e-16
9.771241535346502133e+03 1.117208566106132800e-16
1.084365968689610963e+04 8.204819701820706134e-17
1.203377840777589154e+04 6.007689738056634655e-17
1.335451562929898682e+04 4.361986706497528265e-17
1.482020705798858762e+04 3.159770635848289274e-17
1.644676177994664249e+04 2.296346335403023626e-17
1.825183494319044257e+04 1.678882760928516833e-17
2.025501939230666540e+04 1.237971953233269313e-17
2.247805833548725059e+04 9.232800379091393481e-18
2.494508135230316839e+04 6.988657195221491137e-18
2.768286630392066581e+04 5.370332302831555458e-18
3.072112998861759115e+04 4.188195507442690467e-18
3.409285069746814406e+04 3.311205692671430789e-18
3.783462617131928710e+04 2.649290814849533412e-18
4.198707084443910571e+04 2.141671538284852990e-18
4.659525668664683326e+04 1.746120119824793099e-18
5.170920242896761192e+04 1.431510149723275283e-18
5.738441648302398244e+04 1.178233664285585053e-18
6.368249944718585903e+04 9.718508840631504387e-19
7.067181273927491566e+04 8.021223155382775929e-19
7.842822061337680498e+04 6.619136839801432582e-19
8.703591361485165544e+04 5.459259275585041542e-19
9.658832241158708348e+04 4.498300022542840494e-19
1.071891319205127511e+05 3.703669563054264451e-19
1.189534067370319535e+05 3.046312154102909363e-19
1.320088400831418112e+05 2.503653393149552851e-19
1.464971398307286145e+05 2.056541676208074714e-19
1.625755666443794908e+05 1.688108617476852548e-19
1.804186409392071655e+05 1.384985702290790301e-19
2.002200371815584658e+05 1.135789192656886763e-19
2.221946860939523904e+05 9.309316425041226259e-20
2.465811075822604180e+05 7.626346607346931401e-20
2.736439997074671555e+05 6.244689454849831180e-20
3.036771118035460822e+05 5.110856365719042890e-20
3.370064329271928291e+05 4.180382773109718628e-20
3.739937302478798083e+05 3.417832026695844449e-20
4.150404757850476308e+05 2.792465759159663577e-20
4.605922041145108524e+05 2.280421035617653036e-20
5.111433483440171112e+05 1.861106636294084267e-20
5.672426068491977639e+05 1.518017528986661123e-20
6.294988990221888525e+05 1.237386245207123324e-20
6.985879746785250027e+05 1.007999885457812442e-20
7.752597488629464060e+05 8.204891506514421870e-21
8.603464416684507160e+05 6.674917414678441505e-21
9.547716114208066138e+05 5.425801354271195886e-21
1.059560179277617019e+06 4.407286628138394549e-21
1.175849554052158026e+06 3.577397252315832479e-21
1.304901978014401859e+06 2.901152121108873539e-21
1.448118227674532915e+06 2.350834083459679927e-21
1.607052818261638284e+06 1.903387433460591154e-21
1.783430876931909472e+06 1.539673860043692164e-21
1.979166867853557458e+06 1.244045442414626910e-21
2.196385372416546568e+06 1.004137449197765412e-21
2.437444150122222025e+06 8.097612976995228566e-22
2.704959730463137385e+06 6.522239866113762825e-22
3.001835813575591892e+06 5.246988231234412425e-22
3.331294787934676744e+06 4.215651492780429274e-22
3.696912707195031922e+06 3.382617776959393723e-22
4.102658105827190448e+06 2.710092064732136658e-22
4.552935074866947718e+06 2.168090751444101793e-22
5.052631065335679799e+06 1.731434945739848304e-22
5.607169938205458224e+06 1.380142718496629371e-22
6.222570836730230600e+06 1.098106279280487930e-22
6.905513520162330940e+06 8.718327117353171397e-23
7.663410868007462472e+06 6.903040145279817454e-23
8.504489341802684590e+06 5.453089120362689862e-23
9.437878277775391936e+06 4.296111675454525066e-23
1.047370897959450819e+07 3.373634418036705148e-23
1.162322468679854274e+07 2.640075232224150493e-23
1.289890261253307760e+07 2.058508801397063483e-23
1.431458937523478456e+07 1.597879435424278988e-23
1.588565129428052530e+07 1.234335670320801620e-23
1.762914118095947802e+07 9.481333081159463258e-24
1.956398343517064676e+07 7.240754300716458108e-24
2.171117945694505423e+07 5.490314025859946816e-24
2.409403560239527002e+07 4.128790204316217912e-24
2.673841615839949250e+07 3.077152327857375846e-24
2.967302408188872784e+07 2.268946093933824051e-24
3.292971255097155273e+07 1.652748159860799323e-24
3.654383070957254618e+07 1.187107287926652878e-24
4.055460735840827972e+07 8.387027561444322241e-25
4.500557675700496882e+07 5.813436853131980683e-25
4.994505115855139494e+07 3.938355757884284492e-25
5.542664520663107187e+07 2.591547305049760592e-25
6.150985788580504060e+07 1.636889029437264264e-25
6.826071834272393584e+07 9.660205350024547977e-26
7.575250258771920204e+07 4.987248739536117487e-26
8.406652885618332028e+07 1.877794049148463143e-26
9.329304026284696162e+07 2.863457722490545765e-27
1.035321843295663744e+08 8.656141207661262753e-29
1.148951000187308788e+08 1.341888055483373479e-31
