1.000000000000000000e+02 1.683255126209206299e-14
1.109752496412072134e+02 1.456094251645764598e-14
1.231550603292826196e+02 1.267149316740266340e-14
1.366716356462005990e+02 1.107100983371537240e-14
1.516716888470922413e+02 9.693986169956534820e-15
1.683180353330956791e+02 8.490371996715539346e-15
1.867913599020782840e+02 7.436249519592713657e-15
2.072921779595371845e+02 6.510113134082660298e-15
2.300430119772916839e+02 5.670775980975182903e-15
2.552908068239516410e+02 4.929411428297656610e-15
2.833096101839323637e+02 4.287388820249842358e-15
3.144035471591500368e+02 3.711592852666221579e-15
3.489101213406774491e+02 3.199802564698022054e-15
3.872038781812557318e+02 2.748005387188257060e-15
4.297004704320843871e+02 2.350278392626269706e-15
4.768611697714468960e+02 2.006699556152800828e-15
5.291978735958442712e+02 1.700497607770892625e-15
5.872786613189482523e+02 1.436262795401506615e-15
6.517339604882420190e+02 1.207402761840037933e-15
7.232633896483533817e+02 1.011274061892835278e-15
8.026433522257173081e+02 8.426783452081025131e-16
8.907354638610439679e+02 6.981148135512001879e-16
9.884959046625587007e+02 5.760365161521981338e-16
1.096985797892383971e+03 4.727164365989760590e-16
1.217382727739662187e+03 3.869400454945429403e-16
1.350993521198027793e+03 3.154043493894806890e-16
1.499268432786045423e+03 2.563969672162153642e-16
1.663816886076128640e+03 2.072115584073364084e-16
1.846424942895544291e+03 1.671292236836476844e-16
2.049074689815845886e+03 1.348828658470843241e-16
2.273965752357927613e+03 1.088571964634357052e-16
2.523539170434765765e+03 8.793156931541360791e-17
2.800503894183631019e+03 7.096606196633747503e-17
3.107866187782013640e+03 5.726516626033426206e-17
3.448962260405759935e+03 4.627496975656404191e-17
3.827494478516314757e+03 3.738218774602216497e-17
4.247571552536898707e+03 3.008901430309061190e-17
4.713753134116724141e+03 2.408870837466337585e-17
5.231099308056262998e+03 1.913079457247165942e-17
5.805225516094896193e+03 1.502394689352773252e-17
6.442363508721369726e+03 1.158270508175791849e-17
7.149428986597576113e+03 8.744866732576346786e-18
7.934096665797491369e+03 6.419717896663377081e-18
8.804883581643463913e+03 4.557675914943882625e-18
9.771241535346502133e+03 3.073010853800367763e-18
1.084365968689610963e+04 1.958493082606980980e-18
1.203377840777589154e+04 1.156798865606475115e-18
1.335451562929898682e+04 6.219499856264601049e-19
1.482020705798858762e+04 3.017141595600758853e-19
1.644676177994664249e+04 1.345752795248757178e-19
1.825183494319044257e+04 5.944302165743660610e-20
2.025501939230666540e+04 2.890097662687653272e-20
2.247805833548725059e+04 1.673139275731970741e-20
2.494508135230316839e+04 1.153666488598204750e-20
2.768286630392066581e+04 8.872630371851101125e-21
3.072112998861759115e+04 7.158271784635419790e-21
3.409285069746814406e+04 5.868521205937713910e-21
3.783462617131928710e+04 4.833193634938106009e-21
4.198707084443910571e+04 3.981645218850226268e-21
4.659525668664683326e+04 3.277902612175392612e-21
5.170920242896761192e+04 2.695512430555435306e-21
5.738441648302398244e+04 2.213770219986907224e-21
6.368249944718585903e+04 1.815927383027815535e-21
7.067181273927491566e+04 1.487598833641494146e-21
7.842822061337680498e+04 1.216966336857155236e-21
8.703591361485165544e+04 9.940568409554968837e-22
9.658832241158708348e+04 8.107155529310361983e-22
1.071891319205127511e+05 6.601681655208280526e-22
1.189534067370319535e+05 5.365719593127272550e-22
1.320088400831418112e+05 4.354596024793017890e-22
1.464971398307286145e+05 3.527030644208355534e-22
1.625755666443794908e+05 2.851929601049969469e-22
1.804186409392071655e+05 2.302453406039613167e-22
2.002200371815584658e+05 1.855576820219083860e-22
2.221946860939523904e+05 1.493544239494701242e-22
2.465811075822604180e+05 1.200307829069202229e-22
2.736439997074671555e+05 9.633882427897002220e-23
3.036771118035460822e+05 7.721443394246174322e-23
3.370064329271928291e+05 6.180241069489575271e-23
3.739937302478798083e+05 4.939066956654750855e-23
4.150404757850476308e+05 3.941922471105262552e-23
4.605922041145108524e+05 3.140143748807176922e-23
5.111433483440171112e+05 2.497795598857668867e-23
5.672426068491977639e+05 1.983379407141937283e-23
6.294988990221888525e+05 1.571816207855411164e-23
6.985879746785250027e+05 1.243524180109772136e-23
7.752597488629464060e+05 9.819244204647021967e-24
8.603464416684507160e+05 7.736178442552925919e-24
9.547716114208066138e+05 6.083499770983653671e-24
1.059560179277617019e+06 4.772351624426760856e-24
1.175849554052158026e+06 3.736270883623239775e-24
1.304901978014401859e+06 2.917438974927649816e-24
1.448118227674532915e+06 2.272432757542870347e-24
1.607052818261638284e+06 1.765492618811404454e-24
1.783430876931909472e+06 1.367759341064821190e-24
1.979166867853557458e+06 1.056717893563878055e-24
2.196385372416546568e+06 8.138922866236183596e-25
2.437444150122222025e+06 6.249441793408436171e-25
2.704959730463137385e+06 4.781976286323990652e-25
3.001835813575591892e+06 3.646745083472027184e-25
3.331294787934676744e+06 2.770570026044775994e-25
3.696912707195031922e+06 2.096842044218658019e-25
4.102658105827190448e+06 1.580060228942894235e-25
4.552935074866947718e+06 1.185340994553328070e-25
5.052631065335679799e+06 8.848803789080464357e-26
5.607169938205458224e+06 6.573715058885216194e-26
6.222570836730230600e+06 4.854175836313841102e-26
6.905513520162330940e+06 3.564056596882886222e-26
7.663410868007462472e+06 2.599516205966576801e-26
8.504489341802684590e+06 1.881792066480710901e-26
9.437878277775391936e+06 1.351472000010271409e-26
1.047370897959450819e+07 9.619383028302330400e-27
1.162322468679854274e+07 6.779328967701986797e-27
1.289890261253307760e+07 4.723234018134018713e-27
1.431458937523478456e+07 3.248239674505985576e-27
1.588565129428052530e+07 2.199823127162358018e-27
1.762914118095947802e+07 1.462875332661592275e-27
1.956398343517064676e+07 9.509813987862176938e-28
2.171117945694505423e+07 6.006254200208592623e-28
2.409403560239527002e+07 3.648902064368287668e-28
2.673841615839949250e+07 2.100041108013505388e-28
2.967302408188872784e+07 1.114226187582603436e-28
3.292971255097155273e+07 5.177946232022134595e-29
3.654383070957254618e+07 1.878303743965122847e-29
4.055460735840827972e+07 3.752655134091565256e-30
4.500557675700496882e+07 1.062159965837920226e-31
