1.000000000000000000e+02 3.821287553016601502e-16
1.109752496412072134e+02 3.346135223543911024e-16
1.231550603292826196e+02 2.927926722913429703e-16
1.366716356462005990e+02 2.560101132421535083e-16
1.516716888470922413e+02 2.236317953231532405e-16
1.683180353330956791e+02 1.952395580124311502e-16
1.867913599020782840e+02 1.703116552588569637e-16
2.072921779595371845e+02 1.484136548349215493e-16
2.300430119772916839e+02 1.291995830613253518e-16
2.552908068239516410e+02 1.124180152723202059e-16
2.833096101839323637e+02 9.770181890967073052e-17
3.144035471591500368e+02 8.483827699847242623e-17
3.489101213406774491e+02 7.361671061425797185e-17
3.872038781812557318e+02 6.381652567813300302e-17
4.297004704320843871e+02 5.527235253200324063e-17
4.768611697714468960e+02 4.783930886895153403e-17
5.291978735958442712e+02 4.136414227297303768e-17
5.872786613189482523e+02 3.573935840456296262e-17
6.517339604882420190e+02 3.084818107761042280e-17
7.232633896483533817e+02 2.660781290304582630e-17
8.026433522257173081e+02 2.293485349683687417e-17
8.907354638610439679e+02 1.974880667704835927e-17
9.884959046625587007e+02 1.699292011437970152e-17
1.096985797892383971e+03 1.461142136996576172e-17
1.217382727739662187e+03 1.255136722063453138e-17
1.350993521198027793e+03 1.077210544860058084e-17
1.499268432786045423e+03 9.236780268055147226e-18
1.663816886076128640e+03 7.911949173711321531e-18
1.846424942895544291e+03 6.772466416835278305e-18
2.049074689815845886e+03 5.789117968157916091e-18
2.273965752357927613e+03 4.943575601942643624e-18
2.523539170434765765e+03 4.215863038419077226e-18
2.800503894183631019e+03 3.590676049788891952e-18
3.107866187782013640e+03 3.054637513282161700e-18
3.448962260405759935e+03 2.594721488965250003e-18
3.827494478516314757e+03 2.201093453484321641e-18
4.247571552536898707e+03 1.863980539793682904e-18
4.713753134116724141e+03 1.576167605418339703e-18
5.231099308056262998e+03 1.330863038607225503e-18
5.805225516094896193e+03 1.122042547883035474e-18
6.442363508721369726e+03 9.444177870670123527e-19
7.149428986597576113e+03 7.936115482389784266e-19
7.934096665797491369e+03 6.660660481377120397e-19
8.804883581643463913e+03 5.582372107524893594e-19
9.771241535346502133e+03 4.670135863548115590e-19
1.084365968689610963e+04 3.903135102311795731e-19
1.203377840777589154e+04 3.257906666621960023e-19
1.335451562929898682e+04 2.716100279196843743e-19
1.482020705798858762e+04 2.262119011205827275e-19
1.644676177994664249e+04 1.882165649804794117e-19
1.825183494319044257e+04 1.564480903094098215e-19
2.025501939230666540e+04 1.299271436998274856e-19
2.247805833548725059e+04 1.078019533477952484e-19
2.494508135230316839e+04 8.935990795161146290e-20
2.768286630392066581e+04 7.400296474541133504e-20
3.072112998861759115e+04 6.122019498121277021e-20
3.409285069746814406e+04 5.058615096637392079e-20
3.783462617131928710e+04 4.174579099907742315e-20
4.198707084443910571e+04 3.440079962189674040e-20
4.659525668664683326e+04 2.830281325896546486e-20
5.170920242896761192e+04 2.324788085261538695e-20
5.738441648302398244e+04 1.906156664613713449e-20
6.368249944718585903e+04 1.559290443447218083e-20
7.067181273927491566e+04 1.272570131833790564e-20
7.842822061337680498e+04 1.036041205436308775e-20
8.703591361485165544e+04 8.410291896466622639e-21
9.658832241158708348e+04 6.803630448120264325e-21
1.071891319205127511e+05 5.485489494732010384e-21
1.189534067370319535e+05 4.404772067238335954e-21
1.320088400831418112e+05 3.521014540139931975e-21
1.464971398307286145e+05 2.801238641387946638e-21
1.625755666443794908e+05 2.216038527191306022e-21
1.804186409392071655e+05 1.742526777216007306e-21
2.002200371815584658e+05 1.361896467011277359e-21
2.221946860939523904e+05 1.057640463298634079e-21
2.465811075822604180e+05 8.163972885626458572e-22
2.736439997074671555e+05 6.263583774470247991e-22
3.036771118035460822e+05 4.776823471047993866e-22
3.370064329271928291e+05 3.618401016734769405e-22
3.739937302478798083e+05 2.719967828310921899e-22
4.150404757850476308e+05 2.027840253711775804e-22
4.605922041145108524e+05 1.497562731563385683e-22
5.111433483440171112e+05 1.094819207841841093e-22
5.672426068491977639e+05 7.916726409728343503e-23
6.294988990221888525e+05 5.654505923752829446e-23
6.985879746785250027e+05 3.990059300749057089e-23
7.752597488629464060e+05 2.779235312958514287e-23
8.603464416684507160e+05 1.911189875120302687e-23
9.547716114208066138e+05 1.299320059574463464e-23
1.059560179277617019e+06 8.755380621054968872e-24
1.175849554052158026e+06 5.860901680039877418e-24
1.304901978014401859e+06 3.908095763440618732e-24
1.448118227674532915e+06 2.599609608391782331e-24
1.607052818261638284e+06 1.720092093901047623e-24
1.783430876931909472e+06 1.120946363080355386e-24
1.979166867853557458e+06 7.078293319644705344e-25
2.196385372416546568e+06 4.212733865103960191e-25
2.437444150122222025e+06 2.259025625971215031e-25
2.704959730463137385e+06 9.873651016124729066e-26
3.001835813575591892e+06 2.490957636857495735e-26
