1.000000000000000000e+02 2.324050529409407194e-18
1.109752496412072134e+02 2.036544655512351611e-18
1.231550603292826196e+02 1.781554989172825752e-18
1.366716356462005990e+02 1.555808704222082157e-18
1.516716888470922413e+02 1.355904774921606122e-18
1.683180353330956791e+02 1.179443690349414904e-18
1.867913599020782840e+02 1.023618877923954467e-18
2.072921779595371845e+02 8.858962822453242315e-19
2.300430119772916839e+02 7.650087269730475601e-19
2.552908068239516410e+02 6.589533405163505479e-19
2.833096101839323637e+02 5.658347329146342217e-19
3.144035471591500368e+02 4.844899978864011560e-19
3.489101213406774491e+02 4.141951488022664864e-19
3.872038781812557318e+02 3.524314496646530478e-19
4.297004704320843871e+02 2.993899575159329669e-19
4.768611697714468960e+02 2.536987660491201042e-19
5.291978735958442712e+02 2.140441763935991014e-19
5.872786613189482523e+02 1.804725310515461584e-19
6.517339604882420190e+02 1.516231305649438343e-19
7.232633896483533817e+02 1.271983643604295295e-19
8.026433522257173081e+02 1.063760181705721228e-19
8.907354638610439679e+02 8.887634622924260719e-20
9.884959046625587007e+02 7.418563107745164864e-20
1.096985797892383971e+03 6.184467390593431325e-20
1.217382727739662187e+03 5.157501892703190998e-20
1.350993521198027793e+03 4.301491818126553071e-20
1.499268432786045423e+03 3.589754700881826489e-20
1.663816886076128640e+03 2.999952722199211197e-20
1.846424942895544291e+03 2.510832134553237726e-20
2.049074689815845886e+03 2.105202987347082740e-20
2.273965752357927613e+03 1.768340455680199775e-20
2.523539170434765765e+03 1.488158958838928465e-20
2.800503894183631019e+03 1.254816829344017354e-20
3.107866187782013640e+03 1.059410922319866090e-20
3.448962260405759935e+03 8.956019121365952297e-21
3.827494478516314757e+03 7.575731917549953324e-21
4.247571552536898707e+03 6.410931835429217575e-21
4.713753134116724141e+03 5.425359137217287164e-21
5.231099308056262998e+03 4.589776280397604584e-21
5.805225516094896193e+03 3.881324985164628895e-21
6.442363508721369726e+03 3.279824333844398018e-21
7.149428986597576113e+03 2.769798009251726283e-21
7.934096665797491369e+03 2.337259630837150941e-21
8.804883581643463913e+03 1.971243738300144288e-21
9.771241535346502133e+03 1.661772918490564938e-21
1.084365968689610963e+04 1.400639583535567018e-21
1.203377840777589154e+04 1.180756985060588007e-21
1.335451562929898682e+04 9.957342034359197111e-22
1.482020705798858762e+04 8.401330255748773956e-22
1.644676177994664249e+04 7.091204277521898118e-22
1.825183494319044257e+04 5.985726571281620655e-22
2.025501939230666540e+04 5.051615780090040415e-22
2.247805833548725059e+04 4.261527236302933591e-22
2.494508135230316839e+04 3.592987553404199509e-22
2.768286630392066581e+04 3.027285059385834730e-22
3.072112998861759115e+04 2.548613460476188636e-22
3.409285069746814406e+04 2.143992853057904847e-22
3.783462617131928710e+04 1.801937730000319075e-22
4.198707084443910571e+04 1.512906102393483707e-22
4.659525668664683326e+04 1.268895698643884312e-22
5.170920242896761192e+04 1.062997447632904386e-22
5.738441648302398244e+04 8.893777329160879210e-23
6.368249944718585903e+04 7.431297140627152656e-23
7.067181273927491566e+04 6.200278084375788747e-23
7.842822061337680498e+04 5.163819903913102662e-23
8.703591361485165544e+04 4.292430475770997999e-23
9.658832241158708348e+04 3.561158900828475472e-23
1.071891319205127511e+05 2.948455284291328575e-23
1.189534067370319535e+05 2.435868653989671227e-23
1.320088400831418112e+05 2.008014321517409386e-23
1.464971398307286145e+05 1.650667529601027229e-23
1.625755666443794908e+05 1.352845287937601619e-23
1.804186409392071655e+05 1.105255647342500735e-23
2.002200371815584658e+05 8.997905792183076173e-24
2.221946860939523904e+05 7.299602396625367254e-24
2.465811075822604180e+05 5.899426510493098735e-24
2.736439997074671555e+05 4.748692534015456135e-24
3.036771118035460822e+05 3.807694660484319749e-24
3.370064329271928291e+05 3.039099189297372487e-24
3.739937302478798083e+05 2.414931066633259933e-24
4.150404757850476308e+05 1.909623594818457125e-24
4.605922041145108524e+05 1.502207754708996509e-24
5.111433483440171112e+05 1.175372680751776091e-24
5.672426068491977639e+05 9.150180429433132953e-25
6.294988990221888525e+05 7.085996470046968247e-25
6.985879746785250027e+05 5.456065956729888998e-25
7.752597488629464060e+05 4.182799699855691307e-25
8.603464416684507160e+05 3.194200191491797991e-25
9.547716114208066138e+05 2.428395149157462428e-25
1.059560179277617019e+06 1.839153946837264857e-25
1.175849554052158026e+06 1.388544910385054551e-25
1.304901978014401859e+06 1.045609868877437099e-25
1.448118227674532915e+06 7.846925444079508565e-26
1.607052818261638284e+06 5.864380197440140169e-26
1.783430876931909472e+06 4.358625040195243501e-26
1.979166867853557458e+06 3.215869437376930244e-26
2.196385372416546568e+06 2.348291084053815949e-26
2.437444150122222025e+06 1.689336358995887463e-26
2.704959730463137385e+06 1.192545142185970747e-26
3.001835813575591892e+06 8.219942625029184831e-27
3.331294787934676744e+06 5.498047937188757997e-27
3.696912707195031922e+06 3.545007066236961057e-27
4.102658105827190448e+06 2.183278565189761417e-27
4.552935074866947718e+06 1.273476639804730880e-27
5.052631065335679799e+06 6.966158069057563666e-28
5.607169938205458224e+06 3.562385417210266888e-28
6.222570836730230600e+06 1.732588441740549789e-28
6.905513520162330940e+06 8.461112860294534616e-29
7.663410868007462472e+06 4.404339010023057831e-29
8.504489341802684590e+06 2.306690632512800697e-29
9.437878277775391936e+06 9.891816885277154912e-30
1.047370897959450819e+07 1.705116875839402228e-30
