1.000000000000000000e+02 1.303485434563694335e-16
1.109752496412072134e+02 1.123138524992019847e-16
1.231550603292826196e+02 9.670156164814129222e-17
1.366716356462005990e+02 8.320001371537142069e-17
1.516716888470922413e+02 7.152638924772774285e-17
1.683180353330956791e+02 6.144653859523009990e-17
1.867913599020782840e+02 5.272980145332309991e-17
2.072921779595371845e+02 4.521128372273214975e-17
2.300430119772916839e+02 3.868957129050793658e-17
2.552908068239516410e+02 3.305610815841476683e-17
2.833096101839323637e+02 2.820760487718924671e-17
3.144035471591500368e+02 2.402438099021618792e-17
3.489101213406774491e+02 2.041267873571243477e-17
3.872038781812557318e+02 1.731002659369446852e-17
4.297004704320843871e+02 1.463005822908152080e-17
4.768611697714468960e+02 1.233418064166369500e-17
5.291978735958442712e+02 1.036326051107390862e-17
5.872786613189482523e+02 8.676726250935186240e-18
6.517339604882420190e+02 7.236566753131438188e-18
7.232633896483533817e+02 6.009457750839814553e-18
8.026433522257173081e+02 4.967657470033129515e-18
8.907354638610439679e+02 4.080605940594019712e-18
9.884959046625587007e+02 3.335193441404664078e-18
1.096985797892383971e+03 2.708465917878290463e-18
1.217382727739662187e+03 2.184083217899336824e-18
1.350993521198027793e+03 1.747651718731039391e-18
1.499268432786045423e+03 1.386971633746535732e-18
1.663816886076128640e+03 1.090840557282132063e-18
1.846424942895544291e+03 8.498143704105671139e-19
2.049074689815845886e+03 6.555917376954611183e-19
2.273965752357927613e+03 5.009932011865766852e-19
2.523539170434765765e+03 3.795009785760440128e-19
2.800503894183631019e+03 2.852440959564665605e-19
3.107866187782013640e+03 2.130380655264009669e-19
3.448962260405759935e+03 1.582314601488048612e-19
3.827494478516314757e+03 1.170885334516958135e-19
4.247571552536898707e+03 8.629552140415778370e-20
4.713753134116724141e+03 6.325963989323122294e-20
5.231099308056262998e+03 4.597298216547377230e-20
5.805225516094896193e+03 3.293912813192174416e-20
6.442363508721369726e+03 2.312444646165691607e-20
7.149428986597576113e+03 1.584755425281105904e-20
7.934096665797491369e+03 1.060879375901886071e-20
8.804883581643463913e+03 6.994687712917939701e-21
9.771241535346502133e+03 4.634341143369039618e-21
1.084365968689610963e+04 3.165179429146069426e-21
1.203377840777589154e+04 2.269756838210431936e-21
1.335451562929898682e+04 1.704611860947466799e-21
1.482020705798858762e+04 1.317334744372635297e-21
1.644676177994664249e+04 1.030879511258460448e-21
1.825183494319044257e+04 8.071962578742163752e-22
2.025501939230666540e+04 6.292958893863931655e-22
2.247805833548725059e+04 4.862957151532717487e-22
2.494508135230316839e+04 3.726597390639665663e-22
2.768286630392066581e+04 2.828872205918279225e-22
3.072112998861759115e+04 2.124995505045236651e-22
3.409285069746814406e+04 1.576502704009842526e-22
3.783462617131928710e+04 1.153527524831640243e-22
4.198707084443910571e+04 8.305373889610986576e-23
4.659525668664683326e+04 5.870890783391555655e-23
5.170920242896761192e+04 4.062671735589748234e-23
5.738441648302398244e+04 2.740425545634730037e-23
6.368249944718585903e+04 1.797367017699778426e-23
7.067181273927491566e+04 1.139132365462421992e-23
7.842822061337680498e+04 6.946983767924756180e-24
8.703591361485165544e+04 4.056430861458488111e-24
9.658832241158708348e+04 2.253288142338281733e-24
1.071891319205127511e+05 1.179886823337676546e-24
1.189534067370319535e+05 5.750976799846859241e-25
1.320088400831418112e+05 2.568142224532150516e-25
1.464971398307286145e+05 1.041614441429907287e-25
1.625755666443794908e+05 3.862208293155359180e-26
1.804186409392071655e+05 1.308358044572994621e-26
2.002200371815584658e+05 4.019297447100413069e-27
2.221946860939523904e+05 1.112178130190776262e-27
2.465811075822604180e+05 2.756296567902206173e-28
2.736439997074671555e+05 6.082590834919680990e-29
3.036771118035460822e+05 1.189266953596721769e-29
3.370064329271928291e+05 2.050121860798976310e-30
3.739937302478798083e+05 3.101869487063033878e-31
4.150404757850476308e+05 4.101787514949199432e-32
4.605922041145108524e+05 4.721656609742793637e-33
5.111433483440171112e+05 4.714737817137491682e-34
5.672426068491977639e+05 4.072019904196017127e-35
6.294988990221888525e+05 3.034233337943140783e-36
6.985879746785250027e+05 1.946470926322513586e-37
7.752597488629464060e+05 1.073272631682770304e-38
8.603464416684507160e+05 5.080719775450689960e-40
9.547716114208066138e+05 2.064259973518465585e-41
1.059560179277617019e+06 7.200165642915620906e-43
1.175849554052158026e+06 2.158251597096883111e-44
1.304901978014401859e+06 5.567296790190612831e-46
1.448118227674532915e+06 1.238511865657719783e-47
1.607052818261638284e+06 2.383373508114656366e-49
1.783430876931909472e+06 3.983540387633332565e-51
1.979166867853557458e+06 5.811011901143263317e-53
2.196385372416546568e+06 7.439867561801069431e-55
2.437444150122222025e+06 8.410600512917664932e-57
2.704959730463137385e+06 8.456417868318944792e-59
3.001835813575591892e+06 7.617383675528115630e-61
3.331294787934676744e+06 6.189330291324416887e-63
3.696912707195031922e+06 4.551997314242225052e-65
4.102658105827190448e+06 3.026335735612062360e-67
4.552935074866947718e+06 1.835683563944885753e-69
5.052631065335679799e+06 1.109411645239115526e-71
5.607169938205458224e+06 7.905833244973648506e-74
6.222570836730230600e+06 6.776468808223170512e-76
6.905513520162330940e+06 6.081239933407292802e-78
7.663410868007462472e+06 5.257592726157920453e-80
8.504489341802684590e+06 4.353607091021954323e-82
9.437878277775391936e+06 3.408451820630565525e-84
1.047370897959450819e+07 2.423689347158145501e-86
1.162322468679854274e+07 5.058886694061140091e-88
1.289890261253307760e+07 2.516225832003976059e-88
1.431458937523478456e+07 1.727795562522785877e-88
1.588565129428052530e+07 1.179981964648196638e-88
1.762914118095947802e+07 7.928198909383813045e-89
1.956398343517064676e+07 5.228417189294516618e-89
2.171117945694505423e+07 3.368118029679452277e-89
2.409403560239527002e+07 2.108111347240525546e-89
2.673841615839949250e+07 1.272258594453877274e-89
2.967302408188872784e+07 7.321432994656777575e-90
3.292971255097155273e+07 3.936629092373373717e-90
3.654383070957254618e+07 1.896543316171430734e-90
4.055460735840827972e+07 7.495936943743647684e-91
4.500557675700496882e+07 1.934833212991548615e-91
4.994505115855139494e+07 1.441555822403416062e-92
5.542664520663107187e+07 2.987470670691294505e-95
6.150985788580504060e+07 5.696407481903752577e-103
6.826071834272393584e+07 1.747138092823959139e-115
