1.000000000000000000e+02 8.822401867568683754e-15
1.109752496412072134e+02 7.641095529540358629e-15
1.231550603292826196e+02 6.615756113956546813e-15
1.366716356462005990e+02 5.726225270413139104e-15
1.516716888470922413e+02 4.954568403306266584e-15
1.683180353330956791e+02 4.285799896779035528e-15
1.867913599020782840e+02 3.705522727869658852e-15
2.072921779595371845e+02 3.202946445998724688e-15
2.300430119772916839e+02 2.767024511084680709e-15
2.552908068239516410e+02 2.389766396856140442e-15
2.833096101839323637e+02 2.062643755740301034e-15
3.144035471591500368e+02 1.779870003570938107e-15
3.489101213406774491e+02 1.534715179440295593e-15
3.872038781812557318e+02 1.322932226217551169e-15
4.297004704320843871e+02 1.139585470094569111e-15
4.768611697714468960e+02 9.813266249952490155e-16
5.291978735958442712e+02 8.444010070408313723e-16
5.872786613189482523e+02 7.262635712810916114e-16
6.517339604882420190e+02 6.241398322266439701e-16
7.232633896483533817e+02 5.361198433113384627e-16
8.026433522257173081e+02 4.601373413710655996e-16
8.907354638610439679e+02 3.947276924331737961e-16
9.884959046625587007e+02 3.383508015704878273e-16
1.096985797892383971e+03 2.898604372014675818e-16
1.217382727739662187e+03 2.481255357274321745e-16
1.350993521198027793e+03 2.122753522207759464e-16
1.499268432786045423e+03 1.814569337538159954e-16
1.663816886076128640e+03 1.550114650895967123e-16
1.846424942895544291e+03 1.323342789291190198e-16
2.049074689815845886e+03 1.129026538846866212e-16
2.273965752357927613e+03 9.626753715456284749e-17
2.523539170434765765e+03 8.202532288495875038e-17
2.800503894183631019e+03 6.985748217164326710e-17
3.107866187782013640e+03 5.945356348185410774e-17
3.448962260405759935e+03 5.058028417261907689e-17
3.827494478516314757e+03 4.300778829445132749e-17
4.247571552536898707e+03 3.655401218687958160e-17
4.713753134116724141e+03 3.105504502794327556e-17
5.231099308056262998e+03 2.637254084588538226e-17
5.805225516094896193e+03 2.238817828631159357e-17
6.442363508721369726e+03 1.899812457034415849e-17
7.149428986597576113e+03 1.611612057839701534e-17
7.934096665797491369e+03 1.366790647230765903e-17
8.804883581643463913e+03 1.158816041489375946e-17
9.771241535346502133e+03 9.821814449118326252e-18
1.084365968689610963e+04 8.322465302461426334e-18
1.203377840777589154e+04 7.049324758970232660e-18
1.335451562929898682e+04 5.969253245520119382e-18
1.482020705798858762e+04 5.053339879482774792e-18
1.644676177994664249e+04 4.276442854846653340e-18
1.825183494319044257e+04 3.617847156894134458e-18
2.025501939230666540e+04 3.059655584776206888e-18
2.247805833548725059e+04 2.586739359164811898e-18
2.494508135230316839e+04 2.186299336902359890e-18
2.768286630392066581e+04 1.847033292192950645e-18
3.072112998861759115e+04 1.559903828683703187e-18
3.409285069746814406e+04 1.317061073414512455e-18
3.783462617131928710e+04 1.111580528592314361e-18
4.198707084443910571e+04 9.378188746421338676e-19
4.659525668664683326e+04 7.909137422625721102e-19
5.170920242896761192e+04 6.667825273491678472e-19
5.738441648302398244e+04 5.619111724251800050e-19
6.368249944718585903e+04 4.733580806753577417e-19
7.067181273927491566e+04 3.986247759060199436e-19
7.842822061337680498e+04 3.355867367721242762e-19
8.703591361485165544e+04 2.823565816631728203e-19
9.658832241158708348e+04 2.374857798150434244e-19
1.071891319205127511e+05 1.996758811021908875e-19
1.189534067370319535e+05 1.678076832641446480e-19
1.320088400831418112e+05 1.409554970816427328e-19
1.464971398307286145e+05 1.183464801008902624e-19
1.625755666443794908e+05 9.931660980046022016e-20
1.804186409392071655e+05 8.330498290612597926e-20
2.002200371815584658e+05 6.984323128520776840e-20
2.221946860939523904e+05 5.851719979556302457e-20
2.465811075822604180e+05 4.900192647540289738e-20
2.736439997074671555e+05 4.100828506375522292e-20
3.036771118035460822e+05 3.429751316843111893e-20
3.370064329271928291e+05 2.866480020417746267e-20
3.739937302478798083e+05 2.394211015600487538e-20
4.150404757850476308e+05 1.998377593633379732e-20
4.605922041145108524e+05 1.666817426098585100e-20
5.111433483440171112e+05 1.389104599545280681e-20
5.672426068491977639e+05 1.156785700445872374e-20
6.294988990221888525e+05 9.626049297623480397e-21
6.985879746785250027e+05 8.002857505433169962e-21
7.752597488629464060e+05 6.648162178051207070e-21
8.603464416684507160e+05 5.517419653058538492e-21
9.547716114208066138e+05 4.574480773897807073e-21
1.059560179277617019e+06 3.788948834514587483e-21
1.175849554052158026e+06 3.135175777873519183e-21
1.304901978014401859e+06 2.591343864170390926e-21
1.448118227674532915e+06 2.139517564239211425e-21
1.607052818261638284e+06 1.764330835384896270e-21
1.783430876931909472e+06 1.453094554630063685e-21
1.979166867853557458e+06 1.195358095058810402e-21
2.196385372416546568e+06 9.818754609073944952e-22
2.437444150122222025e+06 8.054815621611505305e-22
2.704959730463137385e+06 6.597894538804606353e-22
3.001835813575591892e+06 5.396216825738938608e-22
3.331294787934676744e+06 4.404981342374259297e-22
3.696912707195031922e+06 3.591332154956038138e-22
4.102658105827190448e+06 2.921464592636449245e-22
4.552935074866947718e+06 2.372497605474015367e-22
5.052631065335679799e+06 1.922876390804649487e-22
5.607169938205458224e+06 1.555826347983969741e-22
6.222570836730230600e+06 1.256043556278509176e-22
6.905513520162330940e+06 1.011348760629033085e-22
7.663410868007462472e+06 8.121795800166544790e-23
8.504489341802684590e+06 6.508001439551164852e-23
9.437878277775391936e+06 5.201534103226587931e-23
1.047370897959450819e+07 4.143484134289683080e-23
1.162322468679854274e+07 3.294840541788249509e-23
1.289890261253307760e+07 2.605337536097118981e-23
1.431458937523478456e+07 2.055117423140806885e-23
1.588565129428052530e+07 1.614882119121169337e-23
1.762914118095947802e+07 1.264175923520842445e-23
1.956398343517064676e+07 9.840429902021003070e-24
2.171117945694505423e+07 7.623731095240375457e-24
2.409403560239527002e+07 5.869673563062370378e-24
2.673841615839949250e+07 4.498474858874871804e-24
2.967302408188872784e+07 3.413997757760308539e-24
3.292971255097155273e+07 2.569814183799159238e-24
3.654383070957254618e+07 1.913963165349643635e-24
4.055460735840827972e+07 1.406220668392087789e-24
4.500557675700496882e+07 1.016128358461761646e-24
4.994505115855139494e+07 7.180849616691663983e-25
5.542664520663107187e+07 4.934736983683046897e-25
6.150985788580504060e+07 3.274314768143380742e-25
6.826071834272393584e+07 2.084002996740831833e-25
7.575250258771920204e+07 1.273164016550830252e-25
8.406652885618332028e+07 7.437745134257809438e-26
9.329304026284696162e+07 4.094507143446268389e-26
1.035321843295663744e+08 2.064778232921275965e-26
1.148951000187308788e+08 9.337627932844453216e-27
1.275051240713012964e+08 3.679551667821091829e-27
1.414991297434575856e+08 1.227566455765290469e-27
1.570290124729377627e+08 3.526195402417945205e-28
1.742633386009651124e+08 6.871646822856222931e-29
1.933891750455232263e+08 2.175080822889731877e-32
