1.000000000000000000e+02 2.558787454697569717e-14
1.109752496412072134e+02 2.184785437856806069e-14
1.231550603292826196e+02 1.859798714532075994e-14
1.366716356462005990e+02 1.578940051594851970e-14
1.516716888470922413e+02 1.335538217282887502e-14
1.683180353330956791e+02 1.125137385193713605e-14
1.867913599020782840e+02 9.435412751656468584e-15
2.072921779595371845e+02 7.872909615044076460e-15
2.300430119772916839e+02 6.531410793470188097e-15
2.552908068239516410e+02 5.383934596871113246e-15
2.833096101839323637e+02 4.412276455223294799e-15
3.144035471591500368e+02 3.581889000780132646e-15
3.489101213406774491e+02 2.877864532354281771e-15
3.872038781812557318e+02 2.290758534477225073e-15
4.297004704320843871e+02 1.802281727832568627e-15
4.768611697714468960e+02 1.399078707847458798e-15
5.291978735958442712e+02 1.069654093824421719e-15
5.872786613189482523e+02 8.038394020889735621e-16
6.517339604882420190e+02 5.925814120731366151e-16
7.232633896483533817e+02 4.277650791570927013e-16
8.026433522257173081e+02 3.021236175091077996e-16
8.907354638610439679e+02 2.090293581024251022e-16
9.884959046625587007e+02 1.420658715032584323e-16
1.096985797892383971e+03 9.547794517222259733e-17
1.217382727739662187e+03 6.412211519214592819e-17
1.350993521198027793e+03 4.366881907009295212e-17
1.499268432786045423e+03 3.063857591225974297e-17
1.663816886076128640e+03 2.242639488605277746e-17
1.846424942895544291e+03 1.716222521845940878e-17
2.049074689815845886e+03 1.361909670325997890e-17
2.273965752357927613e+03 1.107031421330815329e-17
2.523539170434765765e+03 9.125339982972023680e-18
2.800503894183631019e+03 7.582491407647825613e-18
3.107866187782013640e+03 6.324557421824463017e-18
3.448962260405759935e+03 5.284398236060924740e-18
3.827494478516314757e+03 4.419093674092804847e-18
4.247571552536898707e+03 3.695210264336958574e-18
4.713753134116724141e+03 3.090022163101847975e-18
5.231099308056262998e+03 2.583559097748209529e-18
5.805225516094896193e+03 2.159396476857374071e-18
6.442363508721369726e+03 1.804373158987116484e-18
7.149428986597576113e+03 1.507410466244664633e-18
7.934096665797491369e+03 1.258822095285613226e-18
8.804883581643463913e+03 1.051038509611693809e-18
9.771241535346502133e+03 8.772273036281167500e-19
1.084365968689610963e+04 7.318938471033606587e-19
1.203377840777589154e+04 6.104370203739613333e-19
1.335451562929898682e+04 5.089569919638111221e-19
1.482020705798858762e+04 4.241514178282003003e-19
1.644676177994664249e+04 3.532939644126272194e-19
1.825183494319044257e+04 2.941338452554632120e-19
2.025501939230666540e+04 2.447645930233750289e-19
2.247805833548725059e+04 2.035485825261070992e-19
2.494508135230316839e+04 1.691735037381712500e-19
2.768286630392066581e+04 1.405011721608144311e-19
3.072112998861759115e+04 1.166110033633856685e-19
3.409285069746814406e+04 9.670157405507138118e-20
3.783462617131928710e+04 8.013156526809599018e-20
4.198707084443910571e+04 6.634122641776329301e-20
4.659525668664683326e+04 5.486969299360971932e-20
5.170920242896761192e+04 4.534314378207241920e-20
5.738441648302398244e+04 3.742949422339845007e-20
6.368249944718585903e+04 3.086625848569635022e-20
7.067181273927491566e+04 2.542402890868721747e-20
7.842822061337680498e+04 2.092128212666882748e-20
8.703591361485165544e+04 1.719645104048908677e-20
9.658832241158708348e+04 1.411906927076222948e-20
1.071891319205127511e+05 1.157918351398880300e-20
1.189534067370319535e+05 9.488153823755214740e-21
1.320088400831418112e+05 7.766159807880639691e-21
1.464971398307286145e+05 6.351286613939304915e-21
1.625755666443794908e+05 5.189505340719437590e-21
1.804186409392071655e+05 4.235449725341908919e-21
2.002200371815584658e+05 3.453638303355747843e-21
2.221946860939523904e+05 2.812525346914715870e-21
2.465811075822604180e+05 2.287955452504784891e-21
2.736439997074671555e+05 1.858988052452897496e-21
3.036771118035460822e+05 1.508309813341284191e-21
3.370064329271928291e+05 1.222142152616292305e-21
3.739937302478798083e+05 9.889794875870695172e-22
4.150404757850476308e+05 7.988026937201557445e-22
4.605922041145108524e+05 6.440592461012751613e-22
5.111433483440171112e+05 5.185893075873444465e-22
5.672426068491977639e+05 4.166113429708558155e-22
6.294988990221888525e+05 3.339871712274458081e-22
6.985879746785250027e+05 2.672130221917651587e-22
7.752597488629464060e+05 2.132708563709298096e-22
8.603464416684507160e+05 1.697853934415808683e-22
9.547716114208066138e+05 1.347950234892219545e-22
1.059560179277617019e+06 1.067028789343568589e-22
1.175849554052158026e+06 8.420651072788519813e-23
1.304901978014401859e+06 6.622178734821549028e-23
1.448118227674532915e+06 5.189467931322016190e-23
1.607052818261638284e+06 4.051391275700646632e-23
1.783430876931909472e+06 3.148466194926216600e-23
1.979166867853557458e+06 2.434934717387596755e-23
2.196385372416546568e+06 1.873556300446126378e-23
2.437444150122222025e+06 1.434028305138049899e-23
2.704959730463137385e+06 1.091553816889344642e-23
3.001835813575591892e+06 8.257083511762990381e-24
3.331294787934676744e+06 6.200957582886255562e-24
3.696912707195031922e+06 4.622136881408653755e-24
4.102658105827190448e+06 3.419581391263682079e-24
4.552935074866947718e+06 2.508277959377439059e-24
5.052631065335679799e+06 1.823145695942322953e-24
5.607169938205458224e+06 1.312802036000893917e-24
6.222570836730230600e+06 9.359164928898080649e-25
6.905513520162330940e+06 6.608763410473468979e-25
7.663410868007462472e+06 4.618858985910789644e-25
8.504489341802684590e+06 3.194654265400358098e-25
9.437878277775391936e+06 2.185709425208983175e-25
1.047370897959450819e+07 1.478782019171793290e-25
1.162322468679854274e+07 9.868425493811193540e-26
1.289890261253307760e+07 6.471210217564894223e-26
1.431458937523478456e+07 4.138739707787874225e-26
1.588565129428052530e+07 2.554060625957878573e-26
1.762914118095947802e+07 1.493468208507865380e-26
1.956398343517064676e+07 8.045394196706991659e-27
2.171117945694505423e+07 3.812400113387898648e-27
2.409403560239527002e+07 1.446259220787643806e-27
2.673841615839949250e+07 3.524800329707090687e-28
2.967302408188872784e+07 3.470220864265075085e-29
3.292971255097155273e+07 2.751223806322340067e-30
