1.000000000000000000e+02 5.126028588184277721e-15
1.109752496412072134e+02 3.917660531522157353e-15
1.231550603292826196e+02 2.972922078059728188e-15
1.366716356462005990e+02 2.229652562534917532e-15
1.516716888470922413e+02 1.653839416421552374e-15
1.683180353330956791e+02 1.224697117861334077e-15
1.867913599020782840e+02 8.996810733960267341e-16
2.072921779595371845e+02 6.626030514674555253e-16
2.300430119772916839e+02 4.897581701966880984e-16
2.552908068239516410e+02 3.649801877404955200e-16
2.833096101839323637e+02 2.771500558102474342e-16
3.144035471591500368e+02 2.145201046773203554e-16
3.489101213406774491e+02 1.705422868942150875e-16
3.872038781812557318e+02 1.389672616954073524e-16
4.297004704320843871e+02 1.160939071012630232e-16
4.768611697714468960e+02 9.902152392200550125e-17
5.291978735958442712e+02 8.579006148410439457e-17
5.872786613189482523e+02 7.517453328476077025e-17
6.517339604882420190e+02 6.633426869879659727e-17
7.232633896483533817e+02 5.876180050164283839e-17
8.026433522257173081e+02 5.211213290690888451e-17
8.907354638610439679e+02 4.620411802762553857e-17
9.884959046625587007e+02 4.090291986857119493e-17
1.096985797892383971e+03 3.611134532627688346e-17
1.217382727739662187e+03 3.178532217984399295e-17
1.350993521198027793e+03 2.788245851980875837e-17
1.499268432786045423e+03 2.434815572931029469e-17
1.663816886076128640e+03 2.115785957276604391e-17
1.846424942895544291e+03 1.829046545706816552e-17
2.049074689815845886e+03 1.572422781832555548e-17
2.273965752357927613e+03 1.344490722156382149e-17
2.523539170434765765e+03 1.143517194462842673e-17
2.800503894183631019e+03 9.649705229587797007e-18
3.107866187782013640e+03 8.073549660842659505e-18
3.448962260405759935e+03 6.701604937341241772e-18
3.827494478516314757e+03 5.516535398549939468e-18
4.247571552536898707e+03 4.496053832070068092e-18
4.713753134116724141e+03 3.626709520487786322e-18
5.231099308056262998e+03 2.893978011174798011e-18
5.805225516094896193e+03 2.282803120023166407e-18
6.442363508721369726e+03 1.775864179399702337e-18
7.149428986597576113e+03 1.363636542889668983e-18
7.934096665797491369e+03 1.032818651790195477e-18
8.804883581643463913e+03 7.710895994994778047e-19
9.771241535346502133e+03 5.678040792411299745e-19
1.084365968689610963e+04 4.126199018000034054e-19
1.203377840777589154e+04 2.965143081974754564e-19
1.335451562929898682e+04 2.113866957810032546e-19
1.482020705798858762e+04 1.501337886889422294e-19
1.644676177994664249e+04 1.068498733024578996e-19
1.825183494319044257e+04 7.649794699707239551e-20
2.025501939230666540e+04 5.539556142049430771e-20
2.247805833548725059e+04 4.051065770225284922e-20
2.494508135230316839e+04 2.991120017471848703e-20
2.768286630392066581e+04 2.222346468436105562e-20
3.072112998861759115e+04 1.657237146179474093e-20
3.409285069746814406e+04 1.242527545151238413e-20
3.783462617131928710e+04 9.424724581720661156e-21
4.198707084443910571e+04 7.294560339171357735e-21
4.659525668664683326e+04 5.780268057348236825e-21
5.170920242896761192e+04 4.663697534786644167e-21
5.738441648302398244e+04 3.798334830582508685e-21
6.368249944718585903e+04 3.104182949627085631e-21
7.067181273927491566e+04 2.538915890179902597e-21
7.842822061337680498e+04 2.076046914450570479e-21
8.703591361485165544e+04 1.696352720823444832e-21
9.658832241158708348e+04 1.385005609215381717e-21
1.071891319205127511e+05 1.129717250033347739e-21
1.189534067370319535e+05 9.207502539854865235e-22
1.320088400831418112e+05 7.496528561715584948e-22
1.464971398307286145e+05 6.096605957767201715e-22
1.625755666443794908e+05 4.952119060511872077e-22
1.804186409392071655e+05 4.017070738536678232e-22
2.002200371815584658e+05 3.254035285825905136e-22
2.221946860939523904e+05 2.631670850517219134e-22
2.465811075822604180e+05 2.124656022409097236e-22
2.736439997074671555e+05 1.712191644621069955e-22
3.036771118035460822e+05 1.376987021473465622e-22
3.370064329271928291e+05 1.105000195501248213e-22
3.739937302478798083e+05 8.845089893172827253e-23
4.150404757850476308e+05 7.064092085110371806e-23
4.605922041145108524e+05 5.625895602212663434e-23
5.111433483440171112e+05 4.467914462620318444e-23
5.672426068491977639e+05 3.539625393865405381e-23
6.294988990221888525e+05 2.796302042842552979e-23
6.985879746785250027e+05 2.203883049406181191e-23
7.752597488629464060e+05 1.732335061824676539e-23
8.603464416684507160e+05 1.358034375755719615e-23
9.547716114208066138e+05 1.061393574211746496e-23
1.059560179277617019e+06 8.268657507758527986e-24
1.175849554052158026e+06 6.419281384516329492e-24
1.304901978014401859e+06 4.964909093710265163e-24
1.448118227674532915e+06 3.824777367282474486e-24
1.607052818261638284e+06 2.933765403499824164e-24
1.783430876931909472e+06 2.239758664099755973e-24
1.979166867853557458e+06 1.701145722280407112e-24
2.196385372416546568e+06 1.285398254661826184e-24
2.437444150122222025e+06 9.662078311462815255e-25
2.704959730463137385e+06 7.215782132880126610e-25
3.001835813575591892e+06 5.350620472859860679e-25
3.331294787934676744e+06 3.940907618076551037e-25
3.696912707195031922e+06 2.876706645643051452e-25
4.102658105827190448e+06 2.079226287031146548e-25
4.552935074866947718e+06 1.484737728879105026e-25
5.052631065335679799e+06 1.044952816274307420e-25
5.607169938205458224e+06 7.215598248805816493e-26
6.222570836730230600e+06 4.864413275935617304e-26
6.905513520162330940e+06 3.179801464542265802e-26
7.663410868007462472e+06 1.993703542414869735e-26
8.504489341802684590e+06 1.183427505869854008e-26
9.437878277775391936e+06 6.504211827504893350e-27
1.047370897959450819e+07 3.201971197664130721e-27
1.162322468679854274e+07 1.336266058331635950e-27
1.289890261253307760e+07 4.342829905489075484e-28
1.431458937523478456e+07 1.049215250097678019e-28
1.588565129428052530e+07 2.838959978080656901e-29
1.762914118095947802e+07 7.736185577343202563e-30
