1.000000000000000000e+02 3.348181599779235021e-16
1.109752496412072134e+02 2.904857136615796829e-16
1.231550603292826196e+02 2.518957699300497643e-16
1.366716356462005990e+02 2.183300999957697300e-16
1.516716888470922413e+02 1.891581651538504440e-16
1.683180353330956791e+02 1.637865422255520630e-16
1.867913599020782840e+02 1.417506677855070671e-16
2.072921779595371845e+02 1.226131097314887741e-16
2.300430119772916839e+02 1.059822974690352042e-16
2.552908068239516410e+02 9.158226824778314258e-17
2.833096101839323637e+02 7.906042375793372888e-17
3.144035471591500368e+02 6.822285286732500097e-17
3.489101213406774491e+02 5.882587382287582322e-17
3.872038781812557318e+02 5.068236195386038934e-17
4.297004704320843871e+02 4.364588762048637348e-17
4.768611697714468960e+02 3.754132162674356089e-17
5.291978735958442712e+02 3.227542861007654988e-17
5.872786613189482523e+02 2.772015939418596256e-17
6.517339604882420190e+02 2.379184865486311338e-17
7.232633896483533817e+02 2.040217820502416879e-17
8.026433522257173081e+02 1.747998115553878432e-17
8.907354638610439679e+02 1.496368117984546597e-17
9.884959046625587007e+02 1.279765722359339481e-17
1.096985797892383971e+03 1.093622872455532987e-17
1.217382727739662187e+03 9.336721622772538195e-18
1.350993521198027793e+03 7.964270176620016411e-18
1.499268432786045423e+03 6.788280291530298353e-18
1.663816886076128640e+03 5.781190756599842208e-18
1.846424942895544291e+03 4.920006136458717243e-18
2.049074689815845886e+03 4.183264154563889681e-18
2.273965752357927613e+03 3.554553098502878164e-18
2.523539170434765765e+03 3.018340483919559462e-18
2.800503894183631019e+03 2.561487235173434272e-18
3.107866187782013640e+03 2.172583986209213784e-18
3.448962260405759935e+03 1.841546063956069032e-18
3.827494478516314757e+03 1.560562268758201302e-18
4.247571552536898707e+03 1.321518928614941524e-18
4.713753134116724141e+03 1.118765882063850228e-18
5.231099308056262998e+03 9.466964176597195630e-19
5.805225516094896193e+03 8.008490201976353020e-19
6.442363508721369726e+03 6.771761304466703310e-19
7.149428986597576113e+03 5.723942986808305895e-19
7.934096665797491369e+03 4.836332929787355492e-19
8.804883581643463913e+03 4.084477938807598672e-19
9.771241535346502133e+03 3.448511371793365371e-19
1.084365968689610963e+04 2.909673490457475154e-19
1.203377840777589154e+04 2.453974209536450736e-19
1.335451562929898682e+04 2.068801366560344232e-19
1.482020705798858762e+04 1.742927397915714813e-19
1.644676177994664249e+04 1.467535890670778797e-19
1.825183494319044257e+04 1.234894325343358603e-19
2.025501939230666540e+04 1.038366061152738509e-19
2.247805833548725059e+04 8.724975237167357166e-20
2.494508135230316839e+04 7.325485943173893058e-20
2.768286630392066581e+04 6.145482284094210496e-20
3.072112998861759115e+04 5.150772122999364005e-20
3.409285069746814406e+04 4.312820155473601053e-20
3.783462617131928710e+04 3.607705864044182430e-20
4.198707084443910571e+04 3.014482560652615197e-20
4.659525668664683326e+04 2.515718842346979871e-20
5.170920242896761192e+04 2.096753030236626084e-20
5.738441648302398244e+04 1.745187437690864071e-20
6.368249944718585903e+04 1.450319706211661184e-20
7.067181273927491566e+04 1.203369239351166226e-20
7.842822061337680498e+04 9.966485737401923398e-21
8.703591361485165544e+04 8.239222548090541414e-21
9.658832241158708348e+04 6.796296325605156350e-21
1.071891319205127511e+05 5.592299227758480644e-21
1.189534067370319535e+05 4.590117619245105368e-21
1.320088400831418112e+05 3.757567244423730954e-21
1.464971398307286145e+05 3.067433874274728515e-21
1.625755666443794908e+05 2.494888466062361590e-21
1.804186409392071655e+05 2.021693381322031421e-21
2.002200371815584658e+05 1.632636124595300516e-21
2.221946860939523904e+05 1.312775499134447340e-21
2.465811075822604180e+05 1.050534416260179738e-21
2.736439997074671555e+05 8.364325474928868895e-22
3.036771118035460822e+05 6.624641431447152742e-22
3.370064329271928291e+05 5.215080822966443228e-22
3.739937302478798083e+05 4.079598091922858917e-22
4.150404757850476308e+05 3.168988447324483481e-22
4.605922041145108524e+05 2.441550895068716521e-22
5.111433483440171112e+05 1.864127286430945884e-22
5.672426068491977639e+05 1.410571517675287217e-22
6.294988990221888525e+05 1.057615122602230273e-22
6.985879746785250027e+05 7.849131473226082252e-23
7.752597488629464060e+05 5.764729765400034357e-23
8.603464416684507160e+05 4.192883181722371723e-23
9.547716114208066138e+05 3.015707174200144326e-23
1.059560179277617019e+06 2.148522184855184592e-23
1.175849554052158026e+06 1.518345918312818017e-23
1.304901978014401859e+06 1.066474374580928999e-23
1.448118227674532915e+06 7.469327583650852281e-24
1.607052818261638284e+06 5.233305934598025934e-24
1.783430876931909472e+06 3.683373700443098288e-24
1.979166867853557458e+06 2.608675858691798367e-24
2.196385372416546568e+06 1.860121659150958376e-24
2.437444150122222025e+06 1.332148308901108531e-24
2.704959730463137385e+06 9.531532348032248591e-25
3.001835813575591892e+06 6.768616382731513124e-25
3.331294787934676744e+06 4.737893757161585008e-25
3.696912707195031922e+06 3.236923892969871185e-25
4.102658105827190448e+06 2.141648881459672766e-25
4.552935074866947718e+06 1.358728452624341812e-25
5.052631065335679799e+06 8.153814491648875909e-26
5.607169938205458224e+06 4.550352944119202802e-26
6.222570836730230600e+06 2.305990477912829615e-26
6.905513520162330940e+06 1.029825238978718028e-26
7.663410868007462472e+06 3.972444344756346249e-27
8.504489341802684590e+06 1.406788490226813696e-27
9.437878277775391936e+06 5.546884510830178165e-28
1.047370897959450819e+07 2.141454209194296039e-28
1.162322468679854274e+07 2.687698651266262044e-29
