1.000000000000000000e+02 2.622917911877287807e-15
1.109752496412072134e+02 2.073319916243927101e-15
1.231550603292826196e+02 1.646054328504617523e-15
1.366716356462005990e+02 1.312937300590903839e-15
1.516716888470922413e+02 1.053640347456753891e-15
1.683180353330956791e+02 8.515189051561693931e-16
1.867913599020782840e+02 6.933383520090052242e-16
2.072921779595371845e+02 5.685222227402941421e-16
2.300430119772916839e+02 4.694832541759588509e-16
2.552908068239516410e+02 3.898646068726946499e-16
2.833096101839323637e+02 3.253061146848639366e-16
3.144035471591500368e+02 2.722445416231559419e-16
3.489101213406774491e+02 2.282985784535133751e-16
3.872038781812557318e+02 1.915986991042803266e-16
4.297004704320843871e+02 1.606080938317855574e-16
4.768611697714468960e+02 1.343589774694572678e-16
5.291978735958442712e+02 1.119713138760623967e-16
5.872786613189482523e+02 9.301359670611211549e-17
6.517339604882420190e+02 7.678938519818177684e-17
7.232633896483533817e+02 6.299060709069958399e-17
8.026433522257173081e+02 5.124091713600735380e-17
8.907354638610439679e+02 4.130906931619911637e-17
9.884959046625587007e+02 3.294970923618412904e-17
1.096985797892383971e+03 2.596600818423876130e-17
1.217382727739662187e+03 2.017982270036698762e-17
1.350993521198027793e+03 1.543740037351428102e-17
1.499268432786045423e+03 1.160258118406895198e-17
1.663816886076128640e+03 8.554401128081415628e-18
1.846424942895544291e+03 6.179161769294913755e-18
2.049074689815845886e+03 4.378026624176100681e-18
2.273965752357927613e+03 3.056403333430567319e-18
2.523539170434765765e+03 2.120162980923219444e-18
2.800503894183631019e+03 1.480491322585483293e-18
3.107866187782013640e+03 1.058179861782994221e-18
3.448962260405759935e+03 7.841760770223945020e-19
3.827494478516314757e+03 6.053470407034287441e-19
4.247571552536898707e+03 4.838451769474886275e-19
4.713753134116724141e+03 3.959093038034010104e-19
5.231099308056262998e+03 3.286285952082483181e-19
5.805225516094896193e+03 2.749110872166367968e-19
6.442363508721369726e+03 2.309855705074525874e-19
7.149428986597576113e+03 1.944269451832202470e-19
7.934096665797491369e+03 1.638375597320511526e-19
8.804883581643463913e+03 1.380547796028031656e-19
9.771241535346502133e+03 1.163261867902643455e-19
1.084365968689610963e+04 9.798353605894056968e-20
1.203377840777589154e+04 8.249803239450814071e-20
1.335451562929898682e+04 6.943082334982758220e-20
1.482020705798858762e+04 5.840947217370841348e-20
1.644676177994664249e+04 4.908728287836350942e-20
1.825183494319044257e+04 4.123360009552505760e-20
2.025501939230666540e+04 3.461426649538208740e-20
2.247805833548725059e+04 2.903296842441458980e-20
2.494508135230316839e+04 2.433702338341594743e-20
2.768286630392066581e+04 2.038029936770731309e-20
3.072112998861759115e+04 1.705575891742957769e-20
3.409285069746814406e+04 1.425838378319207176e-20
3.783462617131928710e+04 1.190871270034123557e-20
4.198707084443910571e+04 9.937263905708166963e-21
4.659525668664683326e+04 8.281107084874469262e-21
5.170920242896761192e+04 6.895570501178601238e-21
5.738441648302398244e+04 5.734104211071958041e-21
6.368249944718585903e+04 4.763030207557109860e-21
7.067181273927491566e+04 3.951457689092381130e-21
7.842822061337680498e+04 3.274578354955990054e-21
8.703591361485165544e+04 2.709962686391797122e-21
9.658832241158708348e+04 2.240128502772103879e-21
1.071891319205127511e+05 1.849571986552765983e-21
1.189534067370319535e+05 1.525463681281438549e-21
1.320088400831418112e+05 1.256615359647172236e-21
1.464971398307286145e+05 1.034318824378500610e-21
1.625755666443794908e+05 8.501957344395585597e-22
1.804186409392071655e+05 6.982833530334606460e-22
2.002200371815584658e+05 5.728162820332094593e-22
2.221946860939523904e+05 4.693539099247814075e-22
2.465811075822604180e+05 3.841728853181441829e-22
2.736439997074671555e+05 3.140228059820870987e-22
3.036771118035460822e+05 2.564315865566193010e-22
3.370064329271928291e+05 2.090569035572220056e-22
3.739937302478798083e+05 1.702512681253624842e-22
4.150404757850476308e+05 1.384400428066285624e-22
4.605922041145108524e+05 1.124134013368783468e-22
5.111433483440171112e+05 9.113483480277279272e-23
5.672426068491977639e+05 7.377691433420594552e-23
6.294988990221888525e+05 5.961682311345631858e-23
6.985879746785250027e+05 4.810810898064898854e-23
7.752597488629464060e+05 3.874082750734330395e-23
8.603464416684507160e+05 3.115004326342568401e-23
9.547716114208066138e+05 2.499512609580135863e-23
1.059560179277617019e+06 2.001874195070824665e-23
1.175849554052158026e+06 1.599749439596860594e-23
1.304901978014401859e+06 1.275926263914856014e-23
1.448118227674532915e+06 1.015198178124461053e-23
1.607052818261638284e+06 8.058789776345734959e-24
1.783430876931909472e+06 6.382541400838336064e-24
1.979166867853557458e+06 5.041095006190896653e-24
2.196385372416546568e+06 3.971527775418137045e-24
2.437444150122222025e+06 3.119754885338884574e-24
2.704959730463137385e+06 2.443706293622321457e-24
3.001835813575591892e+06 1.907895135100680580e-24
3.331294787934676744e+06 1.484691909542077885e-24
3.696912707195031922e+06 1.151162252498562191e-24
4.102658105827190448e+06 8.893139819844293236e-25
4.552935074866947718e+06 6.842415589049342961e-25
5.052631065335679799e+06 5.242858461110893224e-25
5.607169938205458224e+06 3.998243440498451231e-25
6.222570836730230600e+06 3.034585564542368346e-25
6.905513520162330940e+06 2.290673595160039322e-25
7.663410868007462472e+06 1.719299969488862981e-25
8.504489341802684590e+06 1.282488530961719005e-25
9.437878277775391936e+06 9.500947301550102823e-26
1.047370897959450819e+07 6.985742074307899762e-26
1.162322468679854274e+07 5.094665526364152227e-26
1.289890261253307760e+07 3.682723792811782178e-26
1.431458937523478456e+07 2.635022638298201644e-26
1.588565129428052530e+07 1.864718353499069816e-26
1.762914118095947802e+07 1.303450560899450736e-26
1.956398343517064676e+07 8.984186499661318391e-27
2.171117945694505423e+07 6.095163524047919091e-27
2.409403560239527002e+07 4.059819903842892453e-27
2.673841615839949250e+07 2.645146991272950187e-27
2.967302408188872784e+07 1.677330846505772154e-27
3.292971255097155273e+07 1.027107306498697080e-27
3.654383070957254618e+07 5.984262794973391170e-28
4.055460735840827972e+07 3.237558582385981149e-28
4.500557675700496882e+07 1.548648663340866453e-28
4.994505115855139494e+07 5.864901109316994930e-29
5.542664520663107187e+07 1.251222126665079222e-29
6.150985788580504060e+07 2.994764049299795507e-31
