1.000000000000000000e+02 1.802856791640902034e-16
1.109752496412072134e+02 1.528349656488333899e-16
1.231550603292826196e+02 1.291163462227132104e-16
1.366716356462005990e+02 1.086688278587224545e-16
1.516716888470922413e+02 9.117709450768686284e-17
1.683180353330956791e+02 7.624148318799006163e-17
1.867913599020782840e+02 6.355050099228751228e-17
2.072921779595371845e+02 5.284446479957334832e-17
2.300430119772916839e+02 4.378543956736890277e-17
2.552908068239516410e+02 3.619318427644617947e-17
2.833096101839323637e+02 2.986953548054670860e-17
3.144035471591500368e+02 2.464323924531961242e-17
3.489101213406774491e+02 2.031729350087725167e-17
3.872038781812557318e+02 1.675996695533570870e-17
4.297004704320843871e+02 1.383544112452695667e-17
4.768611697714468960e+02 1.144504539796510870e-17
5.291978735958442712e+02 9.493541569502335969e-18
5.872786613189482523e+02 7.897551775540230314e-18
6.517339604882420190e+02 6.594285160656701055e-18
7.232633896483533817e+02 5.523409719264225451e-18
8.026433522257173081e+02 4.643091994394731527e-18
8.907354638610439679e+02 3.915982184773792942e-18
9.884959046625587007e+02 3.312849867473438354e-18
1.096985797892383971e+03 2.808244155569039200e-18
1.217382727739662187e+03 2.384446581056745521e-18
1.350993521198027793e+03 2.026274642440050245e-18
1.499268432786045423e+03 1.721911003281674736e-18
1.663816886076128640e+03 1.462608928025275156e-18
1.846424942895544291e+03 1.241040313749704785e-18
2.049074689815845886e+03 1.051515961191185847e-18
2.273965752357927613e+03 8.892109890153280592e-19
2.523539170434765765e+03 7.501528108844936445e-19
2.800503894183631019e+03 6.314863059468533139e-19
3.107866187782013640e+03 5.303006736077631346e-19
3.448962260405759935e+03 4.438147652333925168e-19
3.827494478516314757e+03 3.714300039656240841e-19
4.247571552536898707e+03 3.100500276789091339e-19
4.713753134116724141e+03 2.586815931206683497e-19
5.231099308056262998e+03 2.159333464973937995e-19
5.805225516094896193e+03 1.805421897952451727e-19
6.442363508721369726e+03 1.514022703354917189e-19
7.149428986597576113e+03 1.273849717057192568e-19
7.934096665797491369e+03 1.075120489056402986e-19
8.804883581643463913e+03 9.095958807272361694e-20
9.771241535346502133e+03 7.705054985105631063e-20
1.084365968689610963e+04 6.530311845160038912e-20
1.203377840777589154e+04 5.533586418361199341e-20
1.335451562929898682e+04 4.689361805273375005e-20
1.482020705798858762e+04 3.970736691671010543e-20
1.644676177994664249e+04 3.362295985330093286e-20
1.825183494319044257e+04 2.846428281630570729e-20
2.025501939230666540e+04 2.408665764230562424e-20
2.247805833548725059e+04 2.037742803460330166e-20
2.494508135230316839e+04 1.723391584089409274e-20
2.768286630392066581e+04 1.457036489128694684e-20
3.072112998861759115e+04 1.231365050778442284e-20
3.409285069746814406e+04 1.040305391703344907e-20
3.783462617131928710e+04 8.785484889520563746e-21
4.198707084443910571e+04 7.416010712355914140e-21
4.659525668664683326e+04 6.257156382897305466e-21
5.170920242896761192e+04 5.276574903452153521e-21
5.738441648302398244e+04 4.447476644937239670e-21
6.368249944718585903e+04 3.746169976294763280e-21
7.067181273927491566e+04 3.153814213851605016e-21
7.842822061337680498e+04 2.653173621427102813e-21
8.703591361485165544e+04 2.230572945546863756e-21
9.658832241158708348e+04 1.873835287733238675e-21
1.071891319205127511e+05 1.572978105241080382e-21
1.189534067370319535e+05 1.319272815247741661e-21
1.320088400831418112e+05 1.105428661992189682e-21
1.464971398307286145e+05 9.254356008639621358e-22
1.625755666443794908e+05 7.740742559080980534e-22
1.804186409392071655e+05 6.467990127253665300e-22
2.002200371815584658e+05 5.399065072288155032e-22
2.221946860939523904e+05 4.501850441600132437e-22
2.465811075822604180e+05 3.750219520868611913e-22
2.736439997074671555e+05 3.120428163091094771e-22
3.036771118035460822e+05 2.593426833085990348e-22
3.370064329271928291e+05 2.152864127114393400e-22
3.739937302478798083e+05 1.784666219169956971e-22
4.150404757850476308e+05 1.477275185210181302e-22
4.605922041145108524e+05 1.220682899400110337e-22
5.111433483440171112e+05 1.006808121673053829e-22
5.672426068491977639e+05 8.289133003150884958e-23
6.294988990221888525e+05 6.810226341928491871e-23
6.985879746785250027e+05 5.583759296593342992e-23
7.752597488629464060e+05 4.566122731477760289e-23
8.603464416684507160e+05 3.723642017531682032e-23
9.547716114208066138e+05 3.027867798257646658e-23
1.059560179277617019e+06 2.454335650136824009e-23
1.175849554052158026e+06 1.982968912931564183e-23
1.304901978014401859e+06 1.596473390846883169e-23
1.448118227674532915e+06 1.280346767400302534e-23
1.607052818261638284e+06 1.022611250540233743e-23
1.783430876931909472e+06 8.131727256953814923e-24
1.979166867853557458e+06 6.437244596540175556e-24
2.196385372416546568e+06 5.068903885219137228e-24
2.437444150122222025e+06 3.970945275987295824e-24
2.704959730463137385e+06 3.094756049465626347e-24
3.001835813575591892e+06 2.399866357934746063e-24
3.331294787934676744e+06 1.850596274832132971e-24
3.696912707195031922e+06 1.418885240237094396e-24
4.102658105827190448e+06 1.082361085713877713e-24
4.552935074866947718e+06 8.209243349789983257e-25
5.052631065335679799e+06 6.190136088157799462e-25
5.607169938205458224e+06 4.638989977775758656e-25
6.222570836730230600e+06 3.451511512704906565e-25
6.905513520162330940e+06 2.544817558570888181e-25
7.663410868007462472e+06 1.852939537665238139e-25
8.504489341802684590e+06 1.326282403183476830e-25
9.437878277775391936e+06 9.267598260436909203e-26
1.047370897959450819e+07 6.266091246782204994e-26
1.162322468679854274e+07 4.041361940587196185e-26
1.289890261253307760e+07 2.439448589255568612e-26
1.431458937523478456e+07 1.331815128972521579e-26
1.588565129428052530e+07 6.191404533930219450e-27
1.762914118095947802e+07 2.167909217693150614e-27
1.956398343517064676e+07 4.497067760452627713e-28
2.171117945694505423e+07 6.886750030934116772e-29
2.409403560239527002e+07 1.140962500307938840e-30
