1.000000000000000000e+02 1.760409113943369444e-13
1.109752496412072134e+02 1.366779046488195435e-13
1.231550603292826196e+02 1.061048896295636673e-13
1.366716356462005990e+02 8.250473999363104673e-14
1.516716888470922413e+02 6.420642971122296079e-14
1.683180353330956791e+02 5.012484970278503205e-14
1.867913599020782840e+02 3.917230772969458276e-14
2.072921779595371845e+02 3.070963751817263038e-14
2.300430119772916839e+02 2.415450062408037734e-14
2.552908068239516410e+02 1.905941787225813838e-14
2.833096101839323637e+02 1.509306626047775509e-14
3.144035471591500368e+02 1.199320299429511607e-14
3.489101213406774491e+02 9.562139969851221242e-15
3.872038781812557318e+02 7.646709590535518262e-15
4.297004704320843871e+02 6.132200165734426053e-15
4.768611697714468960e+02 4.929323623496991537e-15
5.291978735958442712e+02 3.970502046608409836e-15
5.872786613189482523e+02 3.206612716038505168e-15
6.517339604882420190e+02 2.587620634082873381e-15
7.232633896483533817e+02 2.091698231921054165e-15
8.026433522257173081e+02 1.690956945710070786e-15
8.907354638610439679e+02 1.367672478566045075e-15
9.884959046625587007e+02 1.106654895204628993e-15
1.096985797892383971e+03 8.958488501888475445e-16
1.217382727739662187e+03 7.252909040672691403e-16
1.350993521198027793e+03 5.864696038157053239e-16
1.499268432786045423e+03 4.747819023565030937e-16
1.663816886076128640e+03 3.848292200178055530e-16
1.846424942895544291e+03 3.121347558566109790e-16
2.049074689815845886e+03 2.534009506153408539e-16
2.273965752357927613e+03 2.057921609020788069e-16
2.523539170434765765e+03 1.673023165376259376e-16
2.800503894183631019e+03 1.362083455838756956e-16
3.107866187782013640e+03 1.107797148436414696e-16
3.448962260405759935e+03 9.004813475779440376e-17
3.827494478516314757e+03 7.302766563026853246e-17
4.247571552536898707e+03 5.906999509325114142e-17
4.713753134116724141e+03 4.752188623688366438e-17
5.231099308056262998e+03 3.801108802739675019e-17
5.805225516094896193e+03 3.011192456434093021e-17
6.442363508721369726e+03 2.356351965273795265e-17
7.149428986597576113e+03 1.816953939532085443e-17
7.934096665797491369e+03 1.375863446796160324e-17
8.804883581643463913e+03 1.017925635870888730e-17
9.771241535346502133e+03 7.324298318323243085e-18
1.084365968689610963e+04 5.096931931429966785e-18
1.203377840777589154e+04 3.419074804383905727e-18
1.335451562929898682e+04 2.208651730828143654e-18
1.482020705798858762e+04 1.379512566725635502e-18
1.644676177994664249e+04 8.397959650102360183e-19
1.825183494319044257e+04 5.066620093496132803e-19
2.025501939230666540e+04 3.099612185932766783e-19
2.247805833548725059e+04 1.970280576926724855e-19
2.494508135230316839e+04 1.321971576617418207e-19
2.768286630392066581e+04 9.359821033029689616e-20
3.072112998861759115e+04 6.921214080716463099e-20
3.409285069746814406e+04 5.263459000121326428e-20
3.783462617131928710e+04 4.068571334183713291e-20
4.198707084443910571e+04 3.166993303822813246e-20
4.659525668664683326e+04 2.464479717753131998e-20
5.170920242896761192e+04 1.903639503836459551e-20
5.738441648302398244e+04 1.454922559837174200e-20
6.368249944718585903e+04 1.107784501573947035e-20
7.067181273927491566e+04 8.454873936964307800e-21
7.842822061337680498e+04 6.508992777760175185e-21
8.703591361485165544e+04 5.086004056722707444e-21
9.658832241158708348e+04 4.017877935452464521e-21
1.071891319205127511e+05 3.186697530434923639e-21
1.189534067370319535e+05 2.529415082396773439e-21
1.320088400831418112e+05 2.007588012639438355e-21
1.464971398307286145e+05 1.593352917585153256e-21
1.625755666443794908e+05 1.264421575274492271e-21
1.804186409392071655e+05 1.003169974555505404e-21
2.002200371815584658e+05 7.956785481221045362e-22
2.221946860939523904e+05 6.308866106768317878e-22
2.465811075822604180e+05 5.001354074849494914e-22
2.736439997074671555e+05 3.962539094465838923e-22
3.036771118035460822e+05 3.137562148734230723e-22
3.370064329271928291e+05 2.483359478482869188e-22
3.739937302478798083e+05 1.964548521420111036e-22
4.150404757850476308e+05 1.553141080342771567e-22
4.605922041145108524e+05 1.227122320485628737e-22
5.111433483440171112e+05 9.688000996251566114e-23
5.672426068491977639e+05 7.643045632305864769e-23
6.294988990221888525e+05 6.024780585435724356e-23
6.985879746785250027e+05 4.745192831773534232e-23
7.752597488629464060e+05 3.734025257946601666e-23
8.603464416684507160e+05 2.935574839759425023e-23
9.547716114208066138e+05 2.305689272577170114e-23
1.059560179277617019e+06 1.808877384019739775e-23
1.175849554052158026e+06 1.417644132365717978e-23
1.304901978014401859e+06 1.109815108958064047e-23
1.448118227674532915e+06 8.677246556902460496e-24
1.607052818261638284e+06 6.775955638257332812e-24
1.783430876931909472e+06 5.284572067185838453e-24
1.979166867853557458e+06 4.115569035646359871e-24
2.196385372416546568e+06 3.200625113725885742e-24
2.437444150122222025e+06 2.485565751656564378e-24
2.704959730463137385e+06 1.926920439607381025e-24
3.001835813575591892e+06 1.491270319977744021e-24
3.331294787934676744e+06 1.152058381010681728e-24
3.696912707195031922e+06 8.885186551210943296e-25
4.102658105827190448e+06 6.839772966061557152e-25
4.552935074866947718e+06 5.253688286721000903e-25
5.052631065335679799e+06 4.025904508444288681e-25
5.607169938205458224e+06 3.078168559697276493e-25
6.222570836730230600e+06 2.347995038187467636e-25
6.905513520162330940e+06 1.786357698911561439e-25
7.663410868007462472e+06 1.355030419299524313e-25
8.504489341802684590e+06 1.024739224233812001e-25
9.437878277775391936e+06 7.724454498921508842e-26
1.047370897959450819e+07 5.802493536282493238e-26
1.162322468679854274e+07 4.342231071677691679e-26
1.289890261253307760e+07 3.236539760873667981e-26
1.431458937523478456e+07 2.400779386525237590e-26
1.588565129428052530e+07 1.771930731351733108e-26
1.762914118095947802e+07 1.301707982066580788e-26
1.956398343517064676e+07 9.496862195432621397e-27
2.171117945694505423e+07 6.884606996489414632e-27
2.409403560239527002e+07 4.952639505930245859e-27
2.673841615839949250e+07 3.533224404804623936e-27
2.967302408188872784e+07 2.496495685401093278e-27
3.292971255097155273e+07 1.744361976178057992e-27
3.654383070957254618e+07 1.203106102364310600e-27
4.055460735840827972e+07 8.176073964281949371e-28
4.500557675700496882e+07 5.453300018129427928e-28
4.994505115855139494e+07 3.561039089739657598e-28
5.542664520663107187e+07 2.262125326493345819e-28
6.150985788580504060e+07 1.389259722539119728e-28
6.826071834272393584e+07 8.152333121458429991e-29
7.575250258771920204e+07 4.499884592918673018e-29
8.406652885618332028e+07 2.271862628985178929e-29
9.329304026284696162e+07 9.963315732989800351e-30
1.035321843295663744e+08 3.377684968853143482e-30
1.148951000187308788e+08 6.146993268752103621e-31
1.275051240713012964e+08 7.366494068725579105e-34
