1.000000000000000000e+02 4.585574378198555482e-12
1.109752496412072134e+02 3.976923052315529481e-12
1.231550603292826196e+02 3.447987046088292011e-12
1.366716356462005990e+02 2.988127030903582388e-12
1.516716888470922413e+02 2.588765871830807860e-12
1.683180353330956791e+02 2.241676171170407421e-12
1.867913599020782840e+02 1.940402227377979636e-12
2.072921779595371845e+02 1.678998134642058419e-12
2.300430119772916839e+02 1.452159091850940358e-12
2.552908068239516410e+02 1.255253192695039730e-12
2.833096101839323637e+02 1.084771047084754838e-12
3.144035471591500368e+02 9.368599669574940496e-13
3.489101213406774491e+02 8.087829689564547795e-13
3.872038781812557318e+02 6.978876745380256245e-13
4.297004704320843871e+02 6.018479133564641510e-13
4.768611697714468960e+02 5.187526806906803201e-13
5.291978735958442712e+02 4.469264966487629645e-13
5.872786613189482523e+02 3.848145165919125264e-13
6.517339604882420190e+02 3.311529939038090136e-13
7.232633896483533817e+02 2.848052258036401401e-13
8.026433522257173081e+02 2.448053042807877123e-13
8.907354638610439679e+02 2.102705828079012361e-13
9.884959046625587007e+02 1.805139014625221274e-13
1.096985797892383971e+03 1.548650269541544268e-13
1.217382727739662187e+03 1.327786722471203367e-13
1.350993521198027793e+03 1.137662282475401612e-13
1.499268432786045423e+03 9.739715074082459203e-14
1.663816886076128640e+03 8.334157735909464775e-14
1.846424942895544291e+03 7.125881215905588176e-14
2.049074689815845886e+03 6.088277078631439425e-14
2.273965752357927613e+03 5.198092032153685382e-14
2.523539170434765765e+03 4.434605358338622230e-14
2.800503894183631019e+03 3.780633621817259307e-14
3.107866187782013640e+03 3.220533940696469726e-14
3.448962260405759935e+03 2.741560408007481327e-14
3.827494478516314757e+03 2.331989484579341213e-14
4.247571552536898707e+03 1.981979110182821113e-14
4.713753134116724141e+03 1.683476934920695550e-14
5.231099308056262998e+03 1.428607134541142685e-14
5.805225516094896193e+03 1.211360881463471741e-14
6.442363508721369726e+03 1.026355309680280625e-14
7.149428986597576113e+03 8.688543304169435144e-15
7.934096665797491369e+03 7.349660130825605626e-15
8.804883581643463913e+03 6.212592638425762352e-15
9.771241535346502133e+03 5.246225663642383048e-15
1.084365968689610963e+04 4.426700396091046553e-15
1.203377840777589154e+04 3.732118763506627748e-15
1.335451562929898682e+04 3.143375369686982612e-15
1.482020705798858762e+04 2.645347765131745579e-15
1.644676177994664249e+04 2.224251966225716538e-15
1.825183494319044257e+04 1.868294245448526055e-15
2.025501939230666540e+04 1.567925027421284626e-15
2.247805833548725059e+04 1.314429691492069856e-15
2.494508135230316839e+04 1.100747002565137365e-15
2.768286630392066581e+04 9.209542508732675727e-16
3.072112998861759115e+04 7.696152354339929516e-16
3.409285069746814406e+04 6.423476930920302451e-16
3.783462617131928710e+04 5.355716389952104550e-16
4.198707084443910571e+04 4.460262441257836128e-16
4.659525668664683326e+04 3.709604464901367394e-16
5.170920242896761192e+04 3.081409177059176403e-16
5.738441648302398244e+04 2.556024299159025546e-16
6.368249944718585903e+04 2.117481190671817000e-16
7.067181273927491566e+04 1.751614265145436023e-16
7.842822061337680498e+04 1.446750778116253898e-16
8.703591361485165544e+04 1.193212361650315784e-16
9.658832241158708348e+04 9.827339440208119809e-17
1.071891319205127511e+05 8.079800895062406936e-17
1.189534067370319535e+05 6.631997748766841784e-17
1.320088400831418112e+05 5.435272970270715490e-17
1.464971398307286145e+05 4.446753726120112151e-17
1.625755666443794908e+05 3.631746664200679249e-17
1.804186409392071655e+05 2.959712238479569945e-17
2.002200371815584658e+05 2.409422911222810608e-17
2.221946860939523904e+05 1.957297534016396564e-17
2.465811075822604180e+05 1.586866889092222189e-17
2.736439997074671555e+05 1.283938118093418460e-17
3.036771118035460822e+05 1.036713098125413921e-17
3.370064329271928291e+05 8.354415527733645570e-18
3.739937302478798083e+05 6.719306831908068277e-18
4.150404757850476308e+05 5.392543979669803096e-18
4.605922041145108524e+05 4.318254794003760335e-18
5.111433483440171112e+05 3.450784352234406315e-18
5.672426068491977639e+05 2.751698472039911558e-18
6.294988990221888525e+05 2.189456437032092013e-18
6.985879746785250027e+05 1.738298189096623894e-18
7.752597488629464060e+05 1.377169823159655432e-18
8.603464416684507160e+05 1.088794001912667969e-18
9.547716114208066138e+05 8.590335740623665456e-19
1.059560179277617019e+06 6.764718862718674405e-19
1.175849554052158026e+06 5.317153916845896984e-19
1.304901978014401859e+06 4.172296408027475710e-19
1.448118227674532915e+06 3.267536926428088479e-19
1.607052818261638284e+06 2.554601672502029148e-19
1.783430876931909472e+06 1.993760745137043871e-19
1.979166867853557458e+06 1.553344786257134933e-19
2.196385372416546568e+06 1.208359272734064578e-19
2.437444150122222025e+06 9.377829355964009534e-20
2.704959730463137385e+06 7.265330914604306422e-20
3.001835813575591892e+06 5.617477687297030934e-20
3.331294787934676744e+06 4.333674394198115411e-20
3.696912707195031922e+06 3.335605353187915074e-20
4.102658105827190448e+06 2.561204896709096187e-20
4.552935074866947718e+06 1.961558315444031362e-20
5.052631065335679799e+06 1.498188440259376355e-20
5.607169938205458224e+06 1.141442778701158671e-20
6.222570836730230600e+06 8.659972026321349407e-21
6.905513520162330940e+06 6.552934462780912710e-21
7.663410868007462472e+06 4.939606102838091944e-21
8.504489341802684590e+06 3.707898424352488658e-21
9.437878277775391936e+06 2.772948801566891067e-21
1.047370897959450819e+07 2.064365672542217346e-21
1.162322468679854274e+07 1.529182159880203546e-21
1.289890261253307760e+07 1.127146304413788302e-21
1.431458937523478456e+07 8.263226143551665596e-22
1.588565129428052530e+07 6.021479928060618243e-22
1.762914118095947802e+07 4.357934788862225296e-22
1.956398343517064676e+07 3.134807657883206832e-22
2.171117945694505423e+07 2.237435032308436751e-22
2.409403560239527002e+07 1.585172352951061028e-22
2.673841615839949250e+07 1.114442340106330352e-22
2.967302408188872784e+07 7.771887631973912354e-23
3.292971255097155273e+07 5.377291064050047865e-23
3.654383070957254618e+07 3.690678944941025840e-23
4.055460735840827972e+07 2.506543614193482113e-23
4.500557675700496882e+07 1.681804468013273651e-23
4.994505115855139494e+07 1.116177356887007010e-23
5.542664520663107187e+07 7.330268278660638837e-24
6.150985788580504060e+07 4.771106907342166346e-24
6.826071834272393584e+07 3.080897922356100290e-24
7.575250258771920204e+07 1.974829629278436693e-24
8.406652885618332028e+07 1.254931361943080757e-24
9.329304026284696162e+07 7.916040310349817686e-25
1.035321843295663744e+08 4.917884566478967959e-25
1.148951000187308788e+08 2.990118949532420486e-25
1.275051240713012964e+08 1.766526013585966501e-25
1.414991297434575856e+08 1.006531937437176326e-25
1.570290124729377627e+08 5.430233330049301922e-26
1.742633386009651124e+08 2.697781819131107017e-26
1.933891750455232263e+08 1.235223572937200580e-26
2.146141197858406007e+08 5.930183809313219670e-27
2.381685551976160705e+08 2.957306995924235145e-27
2.643081486974108517e+08 1.457603109122550949e-27
2.933166278390048146e+08 6.834402100052764707e-28
3.255088599835056663e+08 2.936710889871921635e-28
3.612342699709430337e+08 1.107637646072365426e-28
4.008806328898465633e+08 3.493461459968656066e-29
4.448782831127585173e+08 8.788147229963487394e-30
4.937047852839003801e+08 2.022233717956644715e-30
5.478901179593944550e+08 4.127565793061703121e-31
6.080224261649426222e+08 7.393297733843247282e-32
6.747544053110699654e+08 1.153935804627221143e-32
7.488103857590031624e+08 1.556875697752443426e-33
8.309941949353404045e+08 1.798741970492810913e-34
9.221978823334341049e+08 1.760330695289118445e-35
1.023411402105452657e+09 1.441621697906320861e-36
1.135733358343105316e+09 9.738861024910853539e-38
1.260382929679727316e+09 5.326568030796620190e-39
1.398713102647238731e+09 2.307071075667262862e-40
1.552225357427047968e+09 7.697938873263897342e-42
1.722585965398787737e+09 1.896596759781596485e-43
1.911644075385703564e+09 3.237950484318044008e-45
2.121451784910631895e+09 3.419664907682125714e-47
2.354286414322420120e+09 1.617328480350397288e-49
