1.000000000000000000e+02 1.120896881256081491e-13
1.109752496412072134e+02 9.788305727331886596e-14
1.231550603292826196e+02 8.541972698496182058e-14
1.366716356462005990e+02 7.449740317396173225e-14
1.516716888470922413e+02 6.491118691057661367e-14
1.683180353330956791e+02 5.652031161297408853e-14
1.867913599020782840e+02 4.917393709803113079e-14
2.072921779595371845e+02 4.273475696246661028e-14
2.300430119772916839e+02 3.711391458028874004e-14
2.552908068239516410e+02 3.219116206891134067e-14
2.833096101839323637e+02 2.789762924378767838e-14
3.144035471591500368e+02 2.415216053723326511e-14
3.489101213406774491e+02 2.087331759510550243e-14
3.872038781812557318e+02 1.803094747611914486e-14
4.297004704320843871e+02 1.554335859541982986e-14
4.768611697714468960e+02 1.338811760808391518e-14
5.291978735958442712e+02 1.151258876929429983e-14
5.872786613189482523e+02 9.881552896913099790e-15
6.517339604882420190e+02 8.473404431589505798e-15
7.232633896483533817e+02 7.246250100065100491e-15
8.026433522257173081e+02 6.190658160250326701e-15
8.907354638610439679e+02 5.277614286040101468e-15
9.884959046625587007e+02 4.487838777331428109e-15
1.096985797892383971e+03 3.811046105846332758e-15
1.217382727739662187e+03 3.227163600208175962e-15
1.350993521198027793e+03 2.726915576705688610e-15
1.499268432786045423e+03 2.299509617732431000e-15
1.663816886076128640e+03 1.932114222642805302e-15
1.846424942895544291e+03 1.620643020208000425e-15
2.049074689815845886e+03 1.355245426290876127e-15
2.273965752357927613e+03 1.129634656035592070e-15
2.523539170434765765e+03 9.399837524367113231e-16
2.800503894183631019e+03 7.785801519093405887e-16
3.107866187782013640e+03 6.434388895555542492e-16
3.448962260405759935e+03 5.306665102895938360e-16
3.827494478516314757e+03 4.357529724827827537e-16
4.247571552536898707e+03 3.566032621174809237e-16
4.713753134116724141e+03 2.912719351489838214e-16
5.231099308056262998e+03 2.371933289405162755e-16
5.805225516094896193e+03 1.924562980406315987e-16
6.442363508721369726e+03 1.559169438268517025e-16
7.149428986597576113e+03 1.258495967831412028e-16
7.934096665797491369e+03 1.015272177437900210e-16
8.804883581643463913e+03 8.160706836317688467e-17
9.771241535346502133e+03 6.552328960789758882e-17
1.084365968689610963e+04 5.256521417534962966e-17
1.203377840777589154e+04 4.209082181341011331e-17
1.335451562929898682e+04 3.370363775398617075e-17
1.482020705798858762e+04 2.694798990065470992e-17
1.644676177994664249e+04 2.154965920820270459e-17
1.825183494319044257e+04 1.720384815636499393e-17
2.025501939230666540e+04 1.374598004144061327e-17
2.247805833548725059e+04 1.095607432190447782e-17
2.494508135230316839e+04 8.736029948997450373e-18
2.768286630392066581e+04 6.950901634825750897e-18
3.072112998861759115e+04 5.513846695079512815e-18
3.409285069746814406e+04 4.365659915171032862e-18
3.783462617131928710e+04 3.444611663587366197e-18
4.198707084443910571e+04 2.711043696770479784e-18
4.659525668664683326e+04 2.122245623505118629e-18
5.170920242896761192e+04 1.653496057191585679e-18
5.738441648302398244e+04 1.282042666055204034e-18
6.368249944718585903e+04 9.891212474674404737e-19
7.067181273927491566e+04 7.593774268571695890e-19
7.842822061337680498e+04 5.798794011090065596e-19
8.703591361485165544e+04 4.403650801931807784e-19
9.658832241158708348e+04 3.332015086307394594e-19
1.071891319205127511e+05 2.512099380810622335e-19
1.189534067370319535e+05 1.889356751716216792e-19
1.320088400831418112e+05 1.419050327142637282e-19
1.464971398307286145e+05 1.065976202310092302e-19
1.625755666443794908e+05 8.018685720164209375e-20
1.804186409392071655e+05 6.048081627724153921e-20
2.002200371815584658e+05 4.578579526028792265e-20
2.221946860939523904e+05 3.479195820916606541e-20
2.465811075822604180e+05 2.651937405238617350e-20
2.736439997074671555e+05 2.027337530540150106e-20
3.036771118035460822e+05 1.550219539274827624e-20
3.370064329271928291e+05 1.183398377936276785e-20
3.739937302478798083e+05 8.979391810131992322e-21
4.150404757850476308e+05 6.764621088722540435e-21
4.605922041145108524e+05 5.031773340459778111e-21
5.111433483440171112e+05 3.686514130034443447e-21
5.672426068491977639e+05 2.649386357855862112e-21
6.294988990221888525e+05 1.859495420774188952e-21
6.985879746785250027e+05 1.269718720036430900e-21
7.752597488629464060e+05 8.404306302712511018e-22
8.603464416684507160e+05 5.392443054869412830e-22
9.547716114208066138e+05 3.361424476939487212e-22
1.059560179277617019e+06 2.061526659822817164e-22
1.175849554052158026e+06 1.275387841416243241e-22
1.304901978014401859e+06 8.240874027174018579e-23
1.448118227674532915e+06 5.674083887244626433e-23
1.607052818261638284e+06 4.151136396856657054e-23
1.783430876931909472e+06 3.176938040094268543e-23
1.979166867853557458e+06 2.500604191676497624e-23
2.196385372416546568e+06 1.997806919676052990e-23
2.437444150122222025e+06 1.606828036442738138e-23
2.704959730463137385e+06 1.295217411641153092e-23
3.001835813575591892e+06 1.044229011178545875e-23
3.331294787934676744e+06 8.411173600698317433e-24
3.696912707195031922e+06 6.765437873330820911e-24
4.102658105827190448e+06 5.431792470738863936e-24
4.552935074866947718e+06 4.352829495654325627e-24
5.052631065335679799e+06 3.480810566461950941e-24
5.607169938205458224e+06 2.775958754141111768e-24
6.222570836730230600e+06 2.208204958034182614e-24
6.905513520162330940e+06 1.751533476571642861e-24
7.663410868007462472e+06 1.385193644127256087e-24
8.504489341802684590e+06 1.091828770346167864e-24
9.437878277775391936e+06 8.568248744894312394e-25
1.047370897959450819e+07 6.689810571677469047e-25
1.162322468679854274e+07 5.196425272448753542e-25
1.289890261253307760e+07 4.013211400275831541e-25
1.431458937523478456e+07 3.077068974096317342e-25
1.588565129428052530e+07 2.338986017484502576e-25
1.762914118095947802e+07 1.763158832735833197e-25
1.956398343517064676e+07 1.314876270269065518e-25
2.171117945694505423e+07 9.677237361540232002e-26
2.409403560239527002e+07 7.020574194161217987e-26
2.673841615839949250e+07 5.005898368076735123e-26
2.967302408188872784e+07 3.501433138793072584e-26
3.292971255097155273e+07 2.392960759028026506e-26
3.654383070957254618e+07 1.593290491876537945e-26
4.055460735840827972e+07 1.029373987188180919e-26
4.500557675700496882e+07 6.427627584832734972e-27
4.994505115855139494e+07 3.856527412889972311e-27
5.542664520663107187e+07 2.205521098683967461e-27
6.150985788580504060e+07 1.191400546816624424e-27
6.826071834272393584e+07 5.995077968528393788e-28
7.575250258771920204e+07 2.687037540318216845e-28
8.406652885618332028e+07 9.178402180659894799e-29
9.329304026284696162e+07 1.385912944836618494e-29
1.035321843295663744e+08 1.298179554597090087e-31
1.148951000187308788e+08 2.130951844779898192e-35
