1.000000000000000000e+02 9.652105156942270857e-15
1.109752496412072134e+02 8.361584920696184326e-15
1.231550603292826196e+02 7.235704821805631157e-15
1.366716356462005990e+02 6.258215803631021949e-15
1.516716888470922413e+02 5.406479053330627163e-15
1.683180353330956791e+02 4.667978371234886877e-15
1.867913599020782840e+02 4.061304510331289160e-15
2.072921779595371845e+02 3.469931861341222122e-15
2.300430119772916839e+02 2.986721482403219660e-15
2.552908068239516410e+02 2.569689085764510661e-15
2.833096101839323637e+02 2.207645309006712049e-15
3.144035471591500368e+02 1.895545343587441461e-15
3.489101213406774491e+02 1.625292164569201712e-15
3.872038781812557318e+02 1.392668975628125363e-15
4.297004704320843871e+02 1.191751778883415079e-15
4.768611697714468960e+02 1.019098381533845987e-15
5.291978735958442712e+02 8.703815615443242697e-16
5.872786613189482523e+02 7.427723251123945485e-16
6.517339604882420190e+02 6.333052928590200541e-16
7.232633896483533817e+02 5.393919588733266849e-16
8.026433522257173081e+02 4.591369801195881119e-16
8.907354638610439679e+02 3.904067164689257799e-16
9.884959046625587007e+02 3.317875540909281411e-16
1.096985797892383971e+03 2.817235146358780060e-16
1.217382727739662187e+03 2.391053493542418189e-16
1.350993521198027793e+03 2.027772616724189058e-16
1.499268432786045423e+03 1.719070736969516198e-16
1.663816886076128640e+03 1.456642929863321323e-16
1.846424942895544291e+03 1.233841378868478128e-16
2.049074689815845886e+03 1.044799651498729520e-16
2.273965752357927613e+03 8.843986138700152392e-17
2.523539170434765765e+03 7.484437581813456013e-17
2.800503894183631019e+03 6.332050524769891659e-17
3.107866187782013640e+03 5.356013530087986503e-17
3.448962260405759935e+03 4.529421989093662406e-17
3.827494478516314757e+03 3.829648995294904903e-17
4.247571552536898707e+03 3.237217335244185518e-17
4.713753134116724141e+03 2.736068675039160421e-17
5.231099308056262998e+03 2.311741524552341064e-17
5.805225516094896193e+03 1.952908213421005970e-17
6.442363508721369726e+03 1.649285143057780064e-17
7.149428986597576113e+03 1.392524794876425932e-17
7.934096665797491369e+03 1.175451720202614799e-17
8.804883581643463913e+03 9.919915070913810866e-18
9.771241535346502133e+03 8.369177759152100565e-18
1.084365968689610963e+04 7.059306425473025195e-18
1.203377840777589154e+04 5.952832783428025748e-18
1.335451562929898682e+04 5.018748819837769466e-18
1.482020705798858762e+04 4.230043454903261983e-18
1.644676177994664249e+04 3.564576567738768138e-18
1.825183494319044257e+04 3.002870105213680774e-18
2.025501939230666540e+04 2.529107946348737288e-18
2.247805833548725059e+04 2.129449557714582340e-18
2.494508135230316839e+04 1.792669007653368860e-18
2.768286630392066581e+04 1.508682685370833783e-18
3.072112998861759115e+04 1.269367983340841166e-18
3.409285069746814406e+04 1.067682078947898654e-18
3.783462617131928710e+04 8.977784474378061999e-19
4.198707084443910571e+04 7.546546992090603840e-19
4.659525668664683326e+04 6.341700915296527358e-19
5.170920242896761192e+04 5.327246872013305867e-19
5.738441648302398244e+04 4.473759565161075731e-19
6.368249944718585903e+04 3.755414721450179640e-19
7.067181273927491566e+04 3.151246226039244394e-19
7.842822061337680498e+04 2.642993110515110356e-19
8.703591361485165544e+04 2.215866554904349008e-19
9.658832241158708348e+04 1.856798251969794346e-19
1.071891319205127511e+05 1.555210173460233065e-19
1.189534067370319535e+05 1.301909887753534550e-19
1.320088400831418112e+05 1.089260567958518697e-19
1.464971398307286145e+05 9.109064521894793428e-20
1.625755666443794908e+05 7.613484114501349086e-20
1.804186409392071655e+05 6.359335175997769502e-20
2.002200371815584658e+05 5.308380863920832182e-20
2.221946860939523904e+05 4.428182790547535707e-20
2.465811075822604180e+05 3.691559191706622305e-20
2.736439997074671555e+05 3.075246765629754887e-20
3.036771118035460822e+05 2.560170316345806485e-20
3.370064329271928291e+05 2.129653491223154363e-20
3.739937302478798083e+05 1.770158369812619691e-20
4.150404757850476308e+05 1.470064265606316563e-20
4.605922041145108524e+05 1.219994145929826756e-20
5.111433483440171112e+05 1.011443008969385217e-20
5.672426068491977639e+05 8.377607276677788502e-21
6.294988990221888525e+05 6.931270191696125093e-21
6.985879746785250027e+05 5.728742572316614520e-21
7.752597488629464060e+05 4.729482215887160380e-21
8.603464416684507160e+05 3.899366364465596774e-21
9.547716114208066138e+05 3.211143159924004432e-21
1.059560179277617019e+06 2.640395219870071561e-21
1.175849554052158026e+06 2.168029457090817792e-21
1.304901978014401859e+06 1.776556838819314318e-21
1.448118227674532915e+06 1.453510790536628225e-21
1.607052818261638284e+06 1.186884469227593864e-21
1.783430876931909472e+06 9.670513701574713897e-22
1.979166867853557458e+06 7.864777195381403732e-22
2.196385372416546568e+06 6.381507860947544358e-22
2.437444150122222025e+06 5.161739726530454850e-22
2.704959730463137385e+06 4.162870052680177879e-22
3.001835813575591892e+06 3.346833868208290405e-22
3.331294787934676744e+06 2.681561582166321004e-22
3.696912707195031922e+06 2.140207909476527551e-22
4.102658105827190448e+06 1.701538269406683391e-22
4.552935074866947718e+06 1.346164258637783529e-22
5.052631065335679799e+06 1.059571430671287135e-22
5.607169938205458224e+06 8.288370825122198979e-23
6.222570836730230600e+06 6.456937073918638183e-23
6.905513520162330940e+06 4.973335272895077541e-23
7.663410868007462472e+06 3.806915970073489662e-23
8.504489341802684590e+06 2.885792057960250271e-23
9.437878277775391936e+06 2.166237854494928012e-23
1.047370897959450819e+07 1.605654094670761415e-23
1.162322468679854274e+07 1.173651255292052267e-23
1.289890261253307760e+07 8.446138753893398795e-24
1.431458937523478456e+07 5.965000874540895281e-24
1.588565129428052530e+07 4.124322687335130236e-24
1.762914118095947802e+07 2.781756449895352465e-24
1.956398343517064676e+07 1.823068620443445888e-24
2.171117945694505423e+07 1.156713146121293566e-24
2.409403560239527002e+07 7.073874470399197756e-25
2.673841615839949250e+07 4.160651823752843477e-25
2.967302408188872784e+07 2.356976883754425193e-25
3.292971255097155273e+07 1.292545732419941568e-25
3.654383070957254618e+07 6.919040722205172441e-26
4.055460735840827972e+07 3.609296589944974112e-26
4.500557675700496882e+07 1.770890850601591432e-26
4.994505115855139494e+07 7.421709575592596444e-27
5.542664520663107187e+07 2.172626471481698067e-27
6.150985788580504060e+07 2.579373286315409380e-28
6.826071834272393584e+07 6.101074055561572760e-30
7.575250258771920204e+07 5.482229855379462119e-33
8.406652885618332028e+07 9.999133437023419829e-39
9.329304026284696162e+07 1.005724309732040915e-48
