1.000000000000000000e+02 8.350117338686249758e-15
1.109752496412072134e+02 7.083612120411067092e-15
1.231550603292826196e+02 6.000117628600009928e-15
1.366716356462005990e+02 5.075674197908273712e-15
1.516716888470922413e+02 4.289702610514654228e-15
1.683180353330956791e+02 3.622268721207412183e-15
1.867913599020782840e+02 3.057110387451380945e-15
2.072921779595371845e+02 2.578436788733769711e-15
2.300430119772916839e+02 2.174793787235876049e-15
2.552908068239516410e+02 1.834992601442771957e-15
2.833096101839323637e+02 1.548945190067432947e-15
3.144035471591500368e+02 1.308084567844517363e-15
3.489101213406774491e+02 1.105604433993481375e-15
3.872038781812557318e+02 9.349199353256974222e-16
4.297004704320843871e+02 7.912315557611493621e-16
4.768611697714468960e+02 6.701493716639166660e-16
5.291978735958442712e+02 5.677158792359256326e-16
5.872786613189482523e+02 4.813003195628705703e-16
6.517339604882420190e+02 4.079847115637412872e-16
7.232633896483533817e+02 3.458941137058902851e-16
8.026433522257173081e+02 2.931818968416225722e-16
8.907354638610439679e+02 2.484594456889448673e-16
9.884959046625587007e+02 2.104346879552972283e-16
1.096985797892383971e+03 1.780685462843607032e-16
1.217382727739662187e+03 1.506077365495616794e-16
1.350993521198027793e+03 1.272553567302303853e-16
1.499268432786045423e+03 1.074197171252079731e-16
1.663816886076128640e+03 9.058524249150634938e-17
1.846424942895544291e+03 7.631383695553164298e-17
2.049074689815845886e+03 6.422504955258382052e-17
2.273965752357927613e+03 5.401116207434140551e-17
2.523539170434765765e+03 4.538377799805608527e-17
2.800503894183631019e+03 3.811457910226542406e-17
3.107866187782013640e+03 3.200225967034418188e-17
3.448962260405759935e+03 2.686287627456670652e-17
3.827494478516314757e+03 2.255249890002462808e-17
4.247571552536898707e+03 1.893649412457710594e-17
4.713753134116724141e+03 1.589815993892876007e-17
5.231099308056262998e+03 1.334858638313683397e-17
5.805225516094896193e+03 1.120326209117845664e-17
6.442363508721369726e+03 9.401570366025748603e-18
7.149428986597576113e+03 7.887456299342176489e-18
7.934096665797491369e+03 6.615954285194117624e-18
8.804883581643463913e+03 5.550241618774459031e-18
9.771241535346502133e+03 4.651616781949698537e-18
1.084365968689610963e+04 3.898997765680697964e-18
1.203377840777589154e+04 3.267665055556292010e-18
1.335451562929898682e+04 2.737663391402254062e-18
1.482020705798858762e+04 2.293255844566187054e-18
1.644676177994664249e+04 1.919999445002404223e-18
1.825183494319044257e+04 1.607216218519319560e-18
2.025501939230666540e+04 1.344794936528103362e-18
2.247805833548725059e+04 1.124617576786231094e-18
2.494508135230316839e+04 9.400810643338106062e-19
2.768286630392066581e+04 7.853369157366160207e-19
3.072112998861759115e+04 6.557221150120957118e-19
3.409285069746814406e+04 5.471309917983841380e-19
3.783462617131928710e+04 4.561385935971190147e-19
4.198707084443910571e+04 3.800125172486793429e-19
4.659525668664683326e+04 3.162935926779268613e-19
5.170920242896761192e+04 2.629924696185787903e-19
5.738441648302398244e+04 2.184580522119344314e-19
6.368249944718585903e+04 1.812287870507358494e-19
7.067181273927491566e+04 1.501828738552698136e-19
7.842822061337680498e+04 1.242858434512421029e-19
8.703591361485165544e+04 1.027104780464868764e-19
9.658832241158708348e+04 8.476575720579964740e-20
1.071891319205127511e+05 6.985405676415406678e-20
1.189534067370319535e+05 5.748315684410301768e-20
1.320088400831418112e+05 4.723956780048215085e-20
1.464971398307286145e+05 3.877234564487244227e-20
1.625755666443794908e+05 3.179037125867911998e-20
1.804186409392071655e+05 2.603438924179481989e-20
2.002200371815584658e+05 2.129579787466195084e-20
2.221946860939523904e+05 1.739892553625829644e-20
2.465811075822604180e+05 1.419712882374126663e-20
2.736439997074671555e+05 1.156861795615282248e-20
3.036771118035460822e+05 9.411845396726647451e-21
3.370064329271928291e+05 7.643623736484525668e-21
3.739937302478798083e+05 6.196686473717341792e-21
4.150404757850476308e+05 5.013609976837124882e-21
4.605922041145108524e+05 4.048350534620040414e-21
5.111433483440171112e+05 3.261492888384737911e-21
5.672426068491977639e+05 2.620178266087921575e-21
6.294988990221888525e+05 2.098813413759324289e-21
6.985879746785250027e+05 1.675661727033267166e-21
7.752597488629464060e+05 1.334529126351404001e-21
8.603464416684507160e+05 1.059257387919143670e-21
9.547716114208066138e+05 8.371946492649929150e-22
1.059560179277617019e+06 6.585115427104626153e-22
1.175849554052158026e+06 5.163750956808589041e-22
1.304901978014401859e+06 4.027414628382874005e-22
1.448118227674532915e+06 3.127343887647040298e-22
1.607052818261638284e+06 2.414540487690627593e-22
1.783430876931909472e+06 1.855518517973836432e-22
1.979166867853557458e+06 1.416573831365467443e-22
2.196385372416546568e+06 1.075371568551455058e-22
2.437444150122222025e+06 8.120328193419481016e-23
2.704959730463137385e+06 6.096028716156384903e-23
3.001835813575591892e+06 4.550962950731998181e-23
3.331294787934676744e+06 3.378709864649144143e-23
3.696912707195031922e+06 2.492503484643536217e-23
4.102658105827190448e+06 1.833651035474323500e-23
4.552935074866947718e+06 1.339531773183264710e-23
5.052631065335679799e+06 9.691669716104259082e-24
5.607169938205458224e+06 6.986803418368329423e-24
6.222570836730230600e+06 4.954701481970324405e-24
6.905513520162330940e+06 3.478126208993993369e-24
7.663410868007462472e+06 2.382144146775177970e-24
8.504489341802684590e+06 1.591418614308476829e-24
9.437878277775391936e+06 1.023145836563937118e-24
1.047370897959450819e+07 6.265803369030738976e-25
1.162322468679854274e+07 3.592318596859353858e-25
1.289890261253307760e+07 1.886842299948882218e-25
1.431458937523478456e+07 8.837549688454884664e-26
1.588565129428052530e+07 3.586231646237307020e-26
1.762914118095947802e+07 1.229375016103019302e-26
1.956398343517064676e+07 3.465615757954450042e-27
2.171117945694505423e+07 7.691341390987863448e-28
2.409403560239527002e+07 1.285786848735308650e-28
2.673841615839949250e+07 1.529675291348088033e-29
2.967302408188872784e+07 1.178636843763656739e-30
3.292971255097155273e+07 4.865633834006076837e-32
3.654383070957254618e+07 8.033209211203606835e-34
