1.000000000000000000e+02 2.522223394548755741e-13
1.109752496412072134e+02 2.176860393694113611e-13
1.231550603292826196e+02 1.876896609158411987e-13
1.366716356462005990e+02 1.616931115505277668e-13
1.516716888470922413e+02 1.391929988358702384e-13
1.683180353330956791e+02 1.197240299874531612e-13
1.867913599020782840e+02 1.028777892743835815e-13
2.072921779595371845e+02 8.833766334333001536e-14
2.300430119772916839e+02 7.578673418383273042e-14
2.552908068239516410e+02 6.494978985248182767e-14
2.833096101839323637e+02 5.562511209201233365e-14
3.144035471591500368e+02 4.759539621361002409e-14
3.489101213406774491e+02 4.068760747319550963e-14
3.872038781812557318e+02 3.475348101663946345e-14
4.297004704320843871e+02 2.966149239641523882e-14
4.768611697714468960e+02 2.529312155937502180e-14
5.291978735958442712e+02 2.155486432016354524e-14
5.872786613189482523e+02 1.835056704647567166e-14
6.517339604882420190e+02 1.561109447792300911e-14
7.232633896483533817e+02 1.327240416072584286e-14
8.026433522257173081e+02 1.127677818478847378e-14
8.907354638610439679e+02 9.574402170947808428e-15
9.884959046625587007e+02 8.125796548939569245e-15
1.096985797892383971e+03 6.892902487083115009e-15
1.217382727739662187e+03 5.843656617431467904e-15
1.350993521198027793e+03 4.951602049023364820e-15
1.499268432786045423e+03 4.194869302904929394e-15
1.663816886076128640e+03 3.551684021561967692e-15
1.846424942895544291e+03 3.006180751755012119e-15
2.049074689815845886e+03 2.543608874500374290e-15
2.273965752357927613e+03 2.151457644961461076e-15
2.523539170434765765e+03 1.819157043275794511e-15
2.800503894183631019e+03 1.537963126768240867e-15
3.107866187782013640e+03 1.299443092614853912e-15
3.448962260405759935e+03 1.097718065181554336e-15
3.827494478516314757e+03 9.269112748666425468e-16
4.247571552536898707e+03 7.824157406162763610e-16
4.713753134116724141e+03 6.602749386775159858e-16
5.231099308056262998e+03 5.569323606940050442e-16
5.805225516094896193e+03 4.696052467565679380e-16
6.442363508721369726e+03 3.958424304439265394e-16
7.149428986597576113e+03 3.335079687067401900e-16
7.934096665797491369e+03 2.809042355605205464e-16
8.804883581643463913e+03 2.365200373748397121e-16
9.771241535346502133e+03 1.990612293475211642e-16
1.084365968689610963e+04 1.674920333948778352e-16
1.203377840777589154e+04 1.408636223224950785e-16
1.335451562929898682e+04 1.184340753898018010e-16
1.482020705798858762e+04 9.954287912913585536e-17
1.644676177994664249e+04 8.364074225745387152e-17
1.825183494319044257e+04 7.025065226883757544e-17
2.025501939230666540e+04 5.898754618449799092e-17
2.247805833548725059e+04 4.951343742921006264e-17
2.494508135230316839e+04 4.154462988484803003e-17
2.768286630392066581e+04 3.485131976842342077e-17
3.072112998861759115e+04 2.921932827906120770e-17
3.409285069746814406e+04 2.449435942034472557e-17
3.783462617131928710e+04 2.052181110760295756e-17
4.198707084443910571e+04 1.718900189677034812e-17
4.659525668664683326e+04 1.439051109218913251e-17
5.170920242896761192e+04 1.204315406781105667e-17
5.738441648302398244e+04 1.007313886561391961e-17
6.368249944718585903e+04 8.422222145390466599e-18
7.067181273927491566e+04 7.038784020257125259e-18
7.842822061337680498e+04 5.879083853485729865e-18
8.703591361485165544e+04 4.908115592890299297e-18
9.658832241158708348e+04 4.095937810371637903e-18
1.071891319205127511e+05 3.415358453030006232e-18
1.189534067370319535e+05 2.846889195958064192e-18
1.320088400831418112e+05 2.371344327330856463e-18
1.464971398307286145e+05 1.974218163817524468e-18
1.625755666443794908e+05 1.642773000646679052e-18
1.804186409392071655e+05 1.366002222481776151e-18
2.002200371815584658e+05 1.135207394431968497e-18
2.221946860939523904e+05 9.428520237392233262e-19
2.465811075822604180e+05 7.827408648453428930e-19
2.736439997074671555e+05 6.492872031370295479e-19
3.036771118035460822e+05 5.384138826350636749e-19
3.370064329271928291e+05 4.461007793705671399e-19
3.739937302478798083e+05 3.694857310246567421e-19
4.150404757850476308e+05 3.057805029061093869e-19
4.605922041145108524e+05 2.529154585675868391e-19
5.111433483440171112e+05 2.090202827725942789e-19
5.672426068491977639e+05 1.726730955349810929e-19
6.294988990221888525e+05 1.424999071694490522e-19
6.985879746785250027e+05 1.175381708978177878e-19
7.752597488629464060e+05 9.685202933006021202e-20
8.603464416684507160e+05 7.974879858886968307e-20
9.547716114208066138e+05 6.561292357463632777e-20
1.059560179277617019e+06 5.392044065207190453e-20
1.175849554052158026e+06 4.428792489874071962e-20
1.304901978014401859e+06 3.633034851925862785e-20
1.448118227674532915e+06 2.977644327024732355e-20
1.607052818261638284e+06 2.437686039300887230e-20
1.783430876931909472e+06 1.992815695556604440e-20
1.979166867853557458e+06 1.627840351509617633e-20
2.196385372416546568e+06 1.327577245815491681e-20
2.437444150122222025e+06 1.081957188626440890e-20
2.704959730463137385e+06 8.801760701442771160e-21
3.001835813575591892e+06 7.149354402536612425e-21
3.331294787934676744e+06 5.797771583624565518e-21
3.696912707195031922e+06 4.695406890607084755e-21
4.102658105827190448e+06 3.786661151231525602e-21
4.552935074866947718e+06 3.060580448945872770e-21
5.052631065335679799e+06 2.464119954168894957e-21
5.607169938205458224e+06 1.979237636898153023e-21
6.222570836730230600e+06 1.586302890522256441e-21
6.905513520162330940e+06 1.268365524873420054e-21
7.663410868007462472e+06 1.011437914983545826e-21
8.504489341802684590e+06 8.049112203333014604e-22
9.437878277775391936e+06 6.381880727381900739e-22
1.047370897959450819e+07 5.050186643728541349e-22
1.162322468679854274e+07 3.985897780944183931e-22
1.289890261253307760e+07 3.137240976026187017e-22
1.431458937523478456e+07 2.460157481993961534e-22
1.588565129428052530e+07 1.923799482434128898e-22
1.762914118095947802e+07 1.499262160962503150e-22
1.956398343517064676e+07 1.161821209488689169e-22
2.171117945694505423e+07 8.969975006566675277e-23
2.409403560239527002e+07 6.886507977743239050e-23
2.673841615839949250e+07 5.250855897855987159e-23
2.967302408188872784e+07 3.987545232258681958e-23
3.292971255097155273e+07 3.012033091727445767e-23
3.654383070957254618e+07 2.258868258579023565e-23
4.055460735840827972e+07 1.685582232035059052e-23
4.500557675700496882e+07 1.249567707697387073e-23
4.994505115855139494e+07 9.211883089515919970e-24
5.542664520663107187e+07 6.754922719717221108e-24
6.150985788580504060e+07 4.938415348845559504e-24
6.826071834272393584e+07 3.608028912563795319e-24
7.575250258771920204e+07 2.640621624339108726e-24
8.406652885618332028e+07 1.942213412968220307e-24
9.329304026284696162e+07 1.439239024717618041e-24
1.035321843295663744e+08 1.076460246527210521e-24
1.148951000187308788e+08 8.140666640733748667e-25
1.275051240713012964e+08 6.184318745683436500e-25
1.414991297434575856e+08 4.733820688020256938e-25
1.570290124729377627e+08 3.635004520449162038e-25
1.742633386009651124e+08 2.788351072946299555e-25
1.933891750455232263e+08 2.130099717653739443e-25
2.146141197858406007e+08 1.616160010008666062e-25
2.381685551976160705e+08 1.210691495737745065e-25
2.643081486974108517e+08 8.882138404011909800e-26
2.933166278390048146e+08 6.296968226277009406e-26
3.255088599835056663e+08 4.263011121392663573e-26
3.612342699709430337e+08 2.683950991858810291e-26
4.008806328898465633e+08 1.501625776622646232e-26
4.448782831127585173e+08 6.795784344970651127e-27
4.937047852839003801e+08 2.146979084317816311e-27
5.478901179593944550e+08 4.385893377740140730e-28
6.080224261649426222e+08 6.136377642654142172e-29
6.747544053110699654e+08 6.503064354377507350e-30
7.488103857590031624e+08 5.327025390248174449e-31
8.309941949353404045e+08 3.384155544125299296e-32
9.221978823334341049e+08 1.652784494371157032e-33
1.023411402105452657e+09 6.053078057737165911e-35
1.135733358343105316e+09 1.573042242538010759e-36
1.260382929679727316e+09 2.536620753117771000e-38
1.398713102647238731e+09 1.712336800741518238e-40
1.552225357427047968e+09 1.051288813547216323e-43
1.722585965398787737e+09 1.441764938391269305e-48
