1.000000000000000000e+02 3.095953407554121420e-12
1.109752496412072134e+02 2.688311906187353561e-12
1.231550603292826196e+02 2.331575473279599490e-12
1.366716356462005990e+02 2.019636419555550948e-12
1.516716888470922413e+02 1.746439552731396549e-12
1.683180353330956791e+02 1.507507907510586003e-12
1.867913599020782840e+02 1.299498847269699354e-12
2.072921779595371845e+02 1.117617380349389681e-12
2.300430119772916839e+02 9.588418252979625585e-13
2.552908068239516410e+02 8.218087960469403275e-13
2.833096101839323637e+02 7.025681552281278599e-13
3.144035471591500368e+02 5.988486465933798823e-13
3.489101213406774491e+02 5.101544760752859859e-13
3.872038781812557318e+02 4.335276035323492944e-13
4.297004704320843871e+02 3.674860253744165185e-13
4.768611697714468960e+02 3.109749276775095806e-13
5.291978735958442712e+02 2.628385929546089066e-13
5.872786613189482523e+02 2.216227456117562784e-13
6.517339604882420190e+02 1.866062819753295805e-13
7.232633896483533817e+02 1.569802544946946946e-13
8.026433522257173081e+02 1.318868939862054332e-13
8.907354638610439679e+02 1.106835289703599875e-13
9.884959046625587007e+02 9.279657537860756674e-14
1.096985797892383971e+03 7.773192770280496587e-14
1.217382727739662187e+03 6.509150670681449635e-14
1.350993521198027793e+03 5.447013387310516790e-14
1.499268432786045423e+03 4.554808649929035925e-14
1.663816886076128640e+03 3.800824087739736007e-14
1.846424942895544291e+03 3.164492974813367707e-14
2.049074689815845886e+03 2.629621454235338562e-14
2.273965752357927613e+03 2.182184528574782461e-14
2.523539170434765765e+03 1.801981294381916664e-14
2.800503894183631019e+03 1.479068926700696063e-14
3.107866187782013640e+03 1.208939533923084526e-14
3.448962260405759935e+03 9.804024210626878907e-15
3.827494478516314757e+03 7.889276165300122307e-15
4.247571552536898707e+03 6.289023677130123940e-15
4.713753134116724141e+03 4.955523122664146511e-15
5.231099308056262998e+03 3.858565843135104284e-15
5.805225516094896193e+03 2.959849593686148848e-15
6.442363508721369726e+03 2.237053984594687612e-15
7.149428986597576113e+03 1.665657023350053709e-15
7.934096665797491369e+03 1.224880921981243026e-15
8.804883581643463913e+03 8.947529643143264922e-16
9.771241535346502133e+03 6.563485295327447429e-16
1.084365968689610963e+04 4.889456919673360446e-16
1.203377840777589154e+04 3.740745436552769870e-16
1.335451562929898682e+04 2.948689287325552707e-16
1.482020705798858762e+04 2.386313794542618767e-16
1.644676177994664249e+04 1.966928415088147400e-16
1.825183494319044257e+04 1.639310467240830126e-16
2.025501939230666540e+04 1.374429810811205356e-16
2.247805833548725059e+04 1.155224454055173308e-16
2.494508135230316839e+04 9.716781472729892827e-17
2.768286630392066581e+04 8.172387615325660510e-17
3.072112998861759115e+04 6.870188930315573021e-17
3.409285069746814406e+04 5.771376680102072757e-17
3.783462617131928710e+04 4.845327365318473371e-17
4.198707084443910571e+04 4.065009363119657417e-17
4.659525668664683326e+04 3.408461347518210312e-17
5.170920242896761192e+04 2.855975711444846300e-17
5.738441648302398244e+04 2.391366345112775986e-17
6.368249944718585903e+04 2.001318195811039534e-17
7.067181273927491566e+04 1.673869587895218817e-17
7.842822061337680498e+04 1.398944078527688152e-17
8.703591361485165544e+04 1.168514150358591833e-17
9.658832241158708348e+04 9.751649808988053868e-18
1.071891319205127511e+05 8.130779054437461580e-18
1.189534067370319535e+05 6.773885711994040763e-18
1.320088400831418112e+05 5.637721375807608504e-18
1.464971398307286145e+05 4.687371859940410215e-18
1.625755666443794908e+05 3.892470938516536375e-18
1.804186409392071655e+05 3.228055844245320025e-18
2.002200371815584658e+05 2.673484158390246802e-18
2.221946860939523904e+05 2.210903039646736233e-18
2.465811075822604180e+05 1.825377251189213460e-18
2.736439997074671555e+05 1.504574189074716258e-18
3.036771118035460822e+05 1.238046230671825865e-18
3.370064329271928291e+05 1.016689566655946645e-18
3.739937302478798083e+05 8.330532927677819000e-19
4.150404757850476308e+05 6.811316085501143157e-19
4.605922041145108524e+05 5.559342787834946798e-19
5.111433483440171112e+05 4.528736614174496518e-19
5.672426068491977639e+05 3.680459384869521387e-19
6.294988990221888525e+05 2.984524326204833478e-19
6.985879746785250027e+05 2.414643472256145020e-19
7.752597488629464060e+05 1.949045752898030177e-19
8.603464416684507160e+05 1.569079527442328186e-19
9.547716114208066138e+05 1.259963915055441729e-19
1.059560179277617019e+06 1.007276693868785193e-19
1.175849554052158026e+06 8.029720973998879818e-20
1.304901978014401859e+06 6.376873839094211452e-20
1.448118227674532915e+06 5.045499525611265008e-20
1.607052818261638284e+06 3.978305943876970871e-20
1.783430876931909472e+06 3.123375803393695417e-20
1.979166867853557458e+06 2.441555232835504148e-20
2.196385372416546568e+06 1.900559551936051302e-20
2.437444150122222025e+06 1.472677322540341918e-20
2.704959730463137385e+06 1.135823608609078400e-20
3.001835813575591892e+06 8.714306781167739614e-21
3.331294787934676744e+06 6.646675702716362620e-21
3.696912707195031922e+06 5.038026576136625058e-21
4.102658105827190448e+06 3.789703712894665149e-21
4.552935074866947718e+06 2.820945713015229139e-21
5.052631065335679799e+06 2.073164032094683007e-21
5.607169938205458224e+06 1.497202520920768168e-21
6.222570836730230600e+06 1.060939735136403978e-21
6.905513520162330940e+06 7.298662841828099012e-22
7.663410868007462472e+06 4.837919544967866974e-22
8.504489341802684590e+06 3.050277480694840778e-22
9.437878277775391936e+06 1.798241707247027797e-22
1.047370897959450819e+07 9.663366519599530719e-23
1.162322468679854274e+07 4.545671356574713617e-23
1.289890261253307760e+07 1.745583681502086260e-23
1.431458937523478456e+07 5.030666430265861286e-24
1.588565129428052530e+07 1.174904813970855761e-24
1.762914118095947802e+07 2.519884170972736432e-25
1.956398343517064676e+07 1.294427916504875004e-26
2.171117945694505423e+07 4.088819731506062154e-36
