1.000000000000000000e+02 2.644361370974885662e-11
1.109752496412072134e+02 2.284173342518896251e-11
1.231550603292826196e+02 1.971459015654767173e-11
1.366716356462005990e+02 1.700535110920153074e-11
1.516716888470922413e+02 1.465711525823067786e-11
1.683180353330956791e+02 1.262241630729862463e-11
1.867913599020782840e+02 1.086239525444325713e-11
2.072921779595371845e+02 9.339696835358555480e-12
2.300430119772916839e+02 8.022521221497713177e-12
2.552908068239516410e+02 6.885701288674967620e-12
2.833096101839323637e+02 5.904258898818887764e-12
3.144035471591500368e+02 5.058835172340372317e-12
3.489101213406774491e+02 4.328874548648164042e-12
3.872038781812557318e+02 3.701722902713262432e-12
4.297004704320843871e+02 3.160992487652389919e-12
4.768611697714468960e+02 2.697282951046639223e-12
5.291978735958442712e+02 2.298341739232439595e-12
5.872786613189482523e+02 1.956917007178794777e-12
6.517339604882420190e+02 1.663862264513976617e-12
7.232633896483533817e+02 1.413453119705289789e-12
8.026433522257173081e+02 1.199027545243623015e-12
8.907354638610439679e+02 1.016284673710334205e-12
9.884959046625587007e+02 8.603244912203430316e-13
1.096985797892383971e+03 7.275354379850029325e-13
1.217382727739662187e+03 6.145169034204465796e-13
1.350993521198027793e+03 5.184712717350929191e-13
1.499268432786045423e+03 4.370397932851291464e-13
1.663816886076128640e+03 3.679944038025946593e-13
1.846424942895544291e+03 3.095959565360876160e-13
2.049074689815845886e+03 2.601804561000335473e-13
2.273965752357927613e+03 2.184842069562511123e-13
2.523539170434765765e+03 1.832980611478465195e-13
2.800503894183631019e+03 1.536632722526715574e-13
3.107866187782013640e+03 1.286939951430534743e-13
3.448962260405759935e+03 1.077191919099028717e-13
3.827494478516314757e+03 9.009401713932312294e-14
4.247571552536898707e+03 7.530173614936727346e-14
4.713753134116724141e+03 6.288752313113681186e-14
5.231099308056262998e+03 5.250298661038811388e-14
5.805225516094896193e+03 4.379299203186879384e-14
6.442363508721369726e+03 3.651415214459787966e-14
7.149428986597576113e+03 3.041937229153501830e-14
7.934096665797491369e+03 2.533097093110185698e-14
8.804883581643463913e+03 2.107730965311148532e-14
9.771241535346502133e+03 1.752827639959668695e-14
1.084365968689610963e+04 1.456709346450148722e-14
1.203377840777589154e+04 1.209925132174723470e-14
1.335451562929898682e+04 1.004159662643866095e-14
1.482020705798858762e+04 8.326891461460702614e-15
1.644676177994664249e+04 6.901361384769717635e-15
1.825183494319044257e+04 5.714099254418600478e-15
2.025501939230666540e+04 4.727728972687062386e-15
2.247805833548725059e+04 3.907704147312790308e-15
2.494508135230316839e+04 3.227212402559486222e-15
2.768286630392066581e+04 2.662844078825310531e-15
3.072112998861759115e+04 2.194638499326270953e-15
3.409285069746814406e+04 1.806979648540285562e-15
3.783462617131928710e+04 1.485847496896184102e-15
4.198707084443910571e+04 1.220196398906086232e-15
4.659525668664683326e+04 1.000813599498783546e-15
5.170920242896761192e+04 8.196627321998231336e-16
5.738441648302398244e+04 6.703064069190899250e-16
6.368249944718585903e+04 5.472285652932190874e-16
7.067181273927491566e+04 4.461171043372114605e-16
7.842822061337680498e+04 3.627113496248530891e-16
8.703591361485165544e+04 2.945772160985535019e-16
9.658832241158708348e+04 2.385263847635015346e-16
1.071891319205127511e+05 1.928017337708436334e-16
1.189534067370319535e+05 1.553571671307004286e-16
1.320088400831418112e+05 1.248799335523779995e-16
1.464971398307286145e+05 1.000585525752856501e-16
1.625755666443794908e+05 7.994350387689732000e-17
1.804186409392071655e+05 6.361029616098888777e-17
2.002200371815584658e+05 5.045777629656464514e-17
2.221946860939523904e+05 3.981909279919027331e-17
2.465811075822604180e+05 3.131722779837411086e-17
2.736439997074671555e+05 2.449761266134357835e-17
3.036771118035460822e+05 1.908016226774389756e-17
3.370064329271928291e+05 1.476606828957740665e-17
3.739937302478798083e+05 1.138614869755327481e-17
4.150404757850476308e+05 8.701324437743332757e-18
4.605922041145108524e+05 6.627655507041015705e-18
5.111433483440171112e+05 5.001469812236833351e-18
5.672426068491977639e+05 3.758495942460293076e-18
6.294988990221888525e+05 2.800385931491480650e-18
6.985879746785250027e+05 2.075208314518325111e-18
7.752597488629464060e+05 1.527412691088031487e-18
8.603464416684507160e+05 1.117601202925871693e-18
9.547716114208066138e+05 8.131450480698796483e-19
1.059560179277617019e+06 5.883325546015212051e-19
1.175849554052158026e+06 4.252567464311953238e-19
1.304901978014401859e+06 3.057367276071898182e-19
1.448118227674532915e+06 2.195905372758781820e-19
1.607052818261638284e+06 1.574218240163098277e-19
1.783430876931909472e+06 1.129582415224903078e-19
1.979166867853557458e+06 8.080519051163369107e-20
2.196385372416546568e+06 5.781309818890515135e-20
2.437444150122222025e+06 4.102206643491863630e-20
2.704959730463137385e+06 2.903419777750592238e-20
3.001835813575591892e+06 2.032466363444759445e-20
3.331294787934676744e+06 1.404409608313577391e-20
3.696912707195031922e+06 9.550323302241559883e-21
4.102658105827190448e+06 6.367620333472260888e-21
4.552935074866947718e+06 4.151847775766480738e-21
5.052631065335679799e+06 2.642130426658613890e-21
5.607169938205458224e+06 1.641420815145415853e-21
6.222570836730230600e+06 1.000090480680302973e-21
6.905513520162330940e+06 6.036851343999654331e-22
7.663410868007462472e+06 3.667961860584876855e-22
8.504489341802684590e+06 2.284879474269452704e-22
9.437878277775391936e+06 1.480644036265277985e-22
1.047370897959450819e+07 1.005987156988586160e-22
1.162322468679854274e+07 7.144727390221930382e-23
1.289890261253307760e+07 5.244658315228940867e-23
1.431458937523478456e+07 3.917395124288620802e-23
1.588565129428052530e+07 2.948690836857017126e-23
1.762914118095947802e+07 2.222640439021808521e-23
1.956398343517064676e+07 1.673604196872754266e-23
2.171117945694505423e+07 1.256930698774830059e-23
2.409403560239527002e+07 9.416409238205307250e-24
2.673841615839949250e+07 7.031736040835020276e-24
2.967302408188872784e+07 5.232081185396096730e-24
3.292971255097155273e+07 3.877754548050290931e-24
3.654383070957254618e+07 2.859886020523712174e-24
4.055460735840827972e+07 2.101469337434479877e-24
4.500557675700496882e+07 1.531625482075555509e-24
4.994505115855139494e+07 1.110821136135866763e-24
5.542664520663107187e+07 7.995442892383672390e-25
6.150985788580504060e+07 5.706602747882386693e-25
6.826071834272393584e+07 4.034492166656061240e-25
7.575250258771920204e+07 2.815777765061404773e-25
8.406652885618332028e+07 1.941528083892481912e-25
9.329304026284696162e+07 1.316014590670861181e-25
1.035321843295663744e+08 8.745863003862387841e-26
1.148951000187308788e+08 5.673837680519778621e-26
1.275051240713012964e+08 3.558227030835447080e-26
1.414991297434575856e+08 2.147441429137009428e-26
1.570290124729377627e+08 1.221718684688722113e-26
1.742633386009651124e+08 6.427072019678883865e-27
1.933891750455232263e+08 2.994758219440443292e-27
2.146141197858406007e+08 1.149221858575008875e-27
2.381685551976160705e+08 3.133630580661213701e-28
2.643081486974108517e+08 5.108473557856914029e-29
2.933166278390048146e+08 5.525897972756954176e-30
3.255088599835056663e+08 4.826014633660876143e-58
3.612342699709430337e+08 2.096684354761058799e-116
