1.000000000000000000e+02 1.570508629851829694e-11
1.109752496412072134e+02 1.376818720024674713e-11
1.231550603292826196e+02 1.206444515422131469e-11
1.366716356462005990e+02 1.056703684977593339e-11
1.516716888470922413e+02 9.249829609199830626e-12
1.683180353330956791e+02 8.091250711453793319e-12
1.867913599020782840e+02 7.075306248125251208e-12
2.072921779595371845e+02 6.182624356279170288e-12
2.300430119772916839e+02 5.398991379315068228e-12
2.552908068239516410e+02 4.712234615126266378e-12
2.833096101839323637e+02 4.109698740352159370e-12
3.144035471591500368e+02 3.581911701254761705e-12
3.489101213406774491e+02 3.119825166468643831e-12
3.872038781812557318e+02 2.715339473769445771e-12
4.297004704320843871e+02 2.361577924917479580e-12
4.768611697714468960e+02 2.052382204447375583e-12
5.291978735958442712e+02 1.782076181631315351e-12
5.872786613189482523e+02 1.546350654954183750e-12
6.517339604882420190e+02 1.340677616476371642e-12
7.232633896483533817e+02 1.161295009377253094e-12
8.026433522257173081e+02 1.005238439935425885e-12
8.907354638610439679e+02 8.692580015902604129e-13
9.884959046625587007e+02 7.511522351595113030e-13
1.096985797892383971e+03 6.484456300944649653e-13
1.217382727739662187e+03 5.593147554266836557e-13
1.350993521198027793e+03 4.819703719542204441e-13
1.499268432786045423e+03 4.150043171141658917e-13
1.663816886076128640e+03 3.569909230327910351e-13
1.846424942895544291e+03 3.068207680011991315e-13
2.049074689815845886e+03 2.634477269573533361e-13
2.273965752357927613e+03 2.259915286517670852e-13
2.523539170434765765e+03 1.936911011688771243e-13
2.800503894183631019e+03 1.658226105107765222e-13
3.107866187782013640e+03 1.418473304496073576e-13
3.448962260405759935e+03 1.211896646517293356e-13
3.827494478516314757e+03 1.034414547738584391e-13
4.247571552536898707e+03 8.821859773099062016e-14
4.713753134116724141e+03 7.510817980420998111e-14
5.231099308056262998e+03 6.393134793165644439e-14
5.805225516094896193e+03 5.430171858148197561e-14
6.442363508721369726e+03 4.610627764248408501e-14
7.149428986597576113e+03 3.907597500355917128e-14
7.934096665797491369e+03 3.306836317681980450e-14
8.804883581643463913e+03 2.796723595056353736e-14
9.771241535346502133e+03 2.359756861413146575e-14
1.084365968689610963e+04 1.989370174243203005e-14
1.203377840777589154e+04 1.673173713195204234e-14
1.335451562929898682e+04 1.406594077883206047e-14
1.482020705798858762e+04 1.179855934351671183e-14
1.644676177994664249e+04 9.876755775027522521e-15
1.825183494319044257e+04 8.258099754728584387e-15
2.025501939230666540e+04 6.889055706495534289e-15
2.247805833548725059e+04 5.738469106774501294e-15
2.494508135230316839e+04 4.769479514168906278e-15
2.768286630392066581e+04 3.961374634466942104e-15
3.072112998861759115e+04 3.280603116193098409e-15
3.409285069746814406e+04 2.714657888363587533e-15
3.783462617131928710e+04 2.241848942145082531e-15
4.198707084443910571e+04 1.849777998971309030e-15
4.659525668664683326e+04 1.522711906788434741e-15
5.170920242896761192e+04 1.253460845553563720e-15
5.738441648302398244e+04 1.028707516519312537e-15
6.368249944718585903e+04 8.452420889215509415e-16
7.067181273927491566e+04 6.912935459942138139e-16
7.842822061337680498e+04 5.656812230850949094e-16
8.703591361485165544e+04 4.619001257851747049e-16
9.658832241158708348e+04 3.762638834261839040e-16
1.071891319205127511e+05 3.057412169414847948e-16
1.189534067370319535e+05 2.479024354751844183e-16
1.320088400831418112e+05 2.003426987093393969e-16
1.464971398307286145e+05 1.613090999682267698e-16
1.625755666443794908e+05 1.293456861585644727e-16
1.804186409392071655e+05 1.032317607752795251e-16
2.002200371815584658e+05 8.199745696373899093e-17
2.221946860939523904e+05 6.476461487645853831e-17
2.465811075822604180e+05 5.081393486334088021e-17
2.736439997074671555e+05 3.962035983206789463e-17
3.036771118035460822e+05 3.064237113824287227e-17
3.370064329271928291e+05 2.354849283429883265e-17
3.739937302478798083e+05 1.791105287813869637e-17
4.150404757850476308e+05 1.352379829750320856e-17
4.605922041145108524e+05 1.014469755553337807e-17
5.111433483440171112e+05 7.570533353348688216e-18
5.672426068491977639e+05 5.608524512093971291e-18
6.294988990221888525e+05 4.148319386478468597e-18
6.985879746785250027e+05 3.069826042843843929e-18
7.752597488629464060e+05 2.279130650356470809e-18
8.603464416684507160e+05 1.702386463415787365e-18
9.547716114208066138e+05 1.283866882227849793e-18
1.059560179277617019e+06 9.780984766081452177e-19
1.175849554052158026e+06 7.518873418645403799e-19
1.304901978014401859e+06 5.820518738250227519e-19
1.448118227674532915e+06 4.516724662044385726e-19
1.607052818261638284e+06 3.507991307395645892e-19
1.783430876931909472e+06 2.733573214357936566e-19
1.979166867853557458e+06 2.145396466541893394e-19
2.196385372416546568e+06 1.702314223363386193e-19
2.437444150122222025e+06 1.365761253730027371e-19
2.704959730463137385e+06 1.105264219649036996e-19
3.001835813575591892e+06 8.993050800692131135e-20
3.331294787934676744e+06 7.337830915851768561e-20
3.696912707195031922e+06 5.993508637863895077e-20
4.102658105827190448e+06 4.896280980495770058e-20
4.552935074866947718e+06 3.998384806508642559e-20
5.052631065335679799e+06 3.263232228874463652e-20
5.607169938205458224e+06 2.661818557071464300e-20
6.222570836730230600e+06 2.169580867001158473e-20
6.905513520162330940e+06 1.766853141709058064e-20
7.663410868007462472e+06 1.437998190459222757e-20
8.504489341802684590e+06 1.169533839769857033e-20
9.437878277775391936e+06 9.502930221922580881e-21
1.047370897959450819e+07 7.714983597517768887e-21
1.162322468679854274e+07 6.257040563273914152e-21
1.289890261253307760e+07 5.069849785844030790e-21
1.431458937523478456e+07 4.103277120712460361e-21
1.588565129428052530e+07 3.317965887557316613e-21
1.762914118095947802e+07 2.680137135109788536e-21
1.956398343517064676e+07 2.162487105457529915e-21
2.171117945694505423e+07 1.742657922474979648e-21
2.409403560239527002e+07 1.402769948570569040e-21
2.673841615839949250e+07 1.127700015372915470e-21
2.967302408188872784e+07 9.054252148770378005e-22
3.292971255097155273e+07 7.259301792336347872e-22
3.654383070957254618e+07 5.812823852155352808e-22
4.055460735840827972e+07 4.647954814697077411e-22
4.500557675700496882e+07 3.710843269152566612e-22
4.994505115855139494e+07 2.958074271676369693e-22
5.542664520663107187e+07 2.354072848249669242e-22
6.150985788580504060e+07 1.870196607049855561e-22
6.826071834272393584e+07 1.483120724589572058e-22
7.575250258771920204e+07 1.173815138409248071e-22
8.406652885618332028e+07 9.270479825089975289e-23
9.329304026284696162e+07 7.305084710362625465e-23
1.035321843295663744e+08 5.741854972288066506e-23
1.148951000187308788e+08 4.501391880458910052e-23
1.275051240713012964e+08 3.519060845090129391e-23
1.414991297434575856e+08 2.740681104073115429e-23
1.570290124729377627e+08 2.126954936210232796e-23
1.742633386009651124e+08 1.643558186108954143e-23
1.933891750455232263e+08 1.263692655877566477e-23
2.146141197858406007e+08 9.659460066344794630e-24
2.381685551976160705e+08 7.331190857280713032e-24
2.643081486974108517e+08 5.516203324312958775e-24
2.933166278390048146e+08 4.107697059724260091e-24
3.255088599835056663e+08 3.018806802485316567e-24
3.612342699709430337e+08 2.184865904255753665e-24
4.008806328898465633e+08 1.552611635009536210e-24
4.448782831127585173e+08 1.082637276680855106e-24
4.937047852839003801e+08 7.410882004844467061e-25
5.478901179593944550e+08 4.999215038586448772e-25
6.080224261649426222e+08 3.337991471893307848e-25
6.747544053110699654e+08 2.211816286099888572e-25
7.488103857590031624e+08 1.449118482920368866e-25
8.309941949353404045e+08 9.309784870794573378e-26
9.221978823334341049e+08 5.815862024910199121e-26
1.023411402105452657e+09 3.506103425919529112e-26
1.135733358343105316e+09 2.018694543664563489e-26
1.260382929679727316e+09 1.095163415946453367e-26
1.398713102647238731e+09 5.463797678257538850e-27
1.552225357427047968e+09 2.358063067944893039e-27
1.722585965398787737e+09 7.332710743373928844e-28
1.911644075385703564e+09 7.165628308418037009e-29
2.121451784910631895e+09 1.443379633166825572e-32
2.354286414322420120e+09 5.730569706477181723e-41
