1.000000000000000000e+02 8.533380441220001039e-13
1.109752496412072134e+02 7.452696046041191825e-13
1.231550603292826196e+02 6.506337590643907261e-13
1.366716356462005990e+02 5.677299756845488366e-13
1.516716888470922413e+02 4.952146656578524944e-13
1.683180353330956791e+02 4.317053540818371635e-13
1.867913599020782840e+02 3.762095270086291892e-13
2.072921779595371845e+02 3.276536403109403157e-13
2.300430119772916839e+02 2.852507457792480176e-13
2.552908068239516410e+02 2.481606874023437332e-13
2.833096101839323637e+02 2.158078927312393918e-13
3.144035471591500368e+02 1.875620738440311204e-13
3.489101213406774491e+02 1.629050395590735241e-13
3.872038781812557318e+02 1.414153086640864389e-13
4.297004704320843871e+02 1.226796251021599852e-13
4.768611697714468960e+02 1.063566502540631159e-13
5.291978735958442712e+02 9.214508481626129348e-14
5.872786613189482523e+02 7.978002995945186435e-14
6.517339604882420190e+02 6.902837935523305735e-14
7.232633896483533817e+02 5.968463810765083909e-14
8.026433522257173081e+02 5.156717755047694525e-14
8.907354638610439679e+02 4.451997419260520599e-14
9.884959046625587007e+02 3.840739574398932250e-14
1.096985797892383971e+03 3.310931061665156775e-14
1.217382727739662187e+03 2.851780727686257863e-14
1.350993521198027793e+03 2.454517472788191120e-14
1.499268432786045423e+03 2.110538512572524526e-14
1.663816886076128640e+03 1.813477243709383938e-14
1.846424942895544291e+03 1.556526485113641323e-14
2.049074689815845886e+03 1.334787756115275447e-14
2.273965752357927613e+03 1.143778107518712181e-14
2.523539170434765765e+03 9.788924368679837843e-15
2.800503894183631019e+03 8.371495919991313455e-15
3.107866187782013640e+03 7.150056263572158557e-15
3.448962260405759935e+03 6.100945061332982417e-15
3.827494478516314757e+03 5.200136456925466662e-15
4.247571552536898707e+03 4.426886880176695579e-15
4.713753134116724141e+03 3.764709902102331283e-15
5.231099308056262998e+03 3.196708875867613321e-15
5.805225516094896193e+03 2.711913344286433218e-15
6.442363508721369726e+03 2.296832689495024299e-15
7.149428986597576113e+03 1.942946470954092942e-15
7.934096665797491369e+03 1.640762136900557685e-15
8.804883581643463913e+03 1.384640897385119951e-15
9.771241535346502133e+03 1.166346422688598068e-15
1.084365968689610963e+04 9.809313552142401257e-16
1.203377840777589154e+04 8.239771416653435025e-16
1.335451562929898682e+04 6.908260181968453621e-16
1.482020705798858762e+04 5.785617261480523131e-16
1.644676177994664249e+04 4.836290216905986459e-16
1.825183494319044257e+04 4.037286347908218008e-16
2.025501939230666540e+04 3.364084396369518270e-16
2.247805833548725059e+04 2.800397794399529344e-16
2.494508135230316839e+04 2.326027108211824871e-16
2.768286630392066581e+04 1.929482372727026787e-16
3.072112998861759115e+04 1.597782799029732336e-16
3.409285069746814406e+04 1.320549880406608940e-16
3.783462617131928710e+04 1.090443935241158335e-16
4.198707084443910571e+04 8.977201008549703857e-17
4.659525668664683326e+04 7.381522487468850232e-17
5.170920242896761192e+04 6.056467532915036468e-17
5.738441648302398244e+04 4.954491205141697316e-17
6.368249944718585903e+04 4.045780613884185885e-17
7.067181273927491566e+04 3.294278517414415991e-17
7.842822061337680498e+04 2.672712973637752678e-17
8.703591361485165544e+04 2.161928385122426790e-17
9.658832241158708348e+04 1.741941874972805370e-17
1.071891319205127511e+05 1.398220169088508695e-17
1.189534067370319535e+05 1.117497559249041425e-17
1.320088400831418112e+05 8.880948292250619906e-18
1.464971398307286145e+05 7.025638465596011275e-18
1.625755666443794908e+05 5.526711848719179262e-18
1.804186409392071655e+05 4.321103129177173610e-18
2.002200371815584658e+05 3.356405833936626092e-18
2.221946860939523904e+05 2.590516762889192277e-18
2.465811075822604180e+05 1.985943875801188320e-18
2.736439997074671555e+05 1.511519657191155446e-18
3.036771118035460822e+05 1.142608833222929379e-18
3.370064329271928291e+05 8.579016080331071890e-19
3.739937302478798083e+05 6.399977586412292562e-19
4.150404757850476308e+05 4.746045992040504298e-19
4.605922041145108524e+05 3.500908285331575128e-19
5.111433483440171112e+05 2.570988848647061818e-19
5.672426068491977639e+05 1.881101146558682351e-19
6.294988990221888525e+05 1.372366968184007427e-19
6.985879746785250027e+05 9.983368032670623346e-20
7.752597488629464060e+05 7.242109500061816333e-20
8.603464416684507160e+05 5.232326431750856956e-20
9.547716114208066138e+05 3.759621977724993246e-20
1.059560179277617019e+06 2.679530493880201480e-20
1.175849554052158026e+06 1.889970181635636109e-20
1.304901978014401859e+06 1.316870368035055525e-20
1.448118227674532915e+06 9.071063737107642010e-21
1.607052818261638284e+06 6.202859081322763932e-21
1.783430876931909472e+06 4.254272735696342900e-21
1.979166867853557458e+06 2.973122462385557481e-21
2.196385372416546568e+06 2.153533099925872903e-21
2.437444150122222025e+06 1.627955745041241924e-21
2.704959730463137385e+06 1.274019150119575910e-21
3.001835813575591892e+06 1.018431013681320398e-21
3.331294787934676744e+06 8.232645876453202504e-22
3.696912707195031922e+06 6.685817354016990581e-22
4.102658105827190448e+06 5.438263041511577566e-22
4.552935074866947718e+06 4.422251197872655842e-22
5.052631065335679799e+06 3.590159158287953426e-22
5.607169938205458224e+06 2.909471739921209923e-22
6.222570836730230600e+06 2.352584003376643334e-22
6.905513520162330940e+06 1.897055323334511155e-22
7.663410868007462472e+06 1.526428190313401688e-22
8.504489341802684590e+06 1.224789785785983328e-22
9.437878277775391936e+06 9.790055988233358178e-23
1.047370897959450819e+07 7.803134098714687064e-23
1.162322468679854274e+07 6.197254436411429035e-23
1.289890261253307760e+07 4.903122784984857065e-23
1.431458937523478456e+07 3.864000116951536271e-23
1.588565129428052530e+07 3.022393594002588684e-23
1.762914118095947802e+07 2.353883322174787953e-23
1.956398343517064676e+07 1.820716691140725958e-23
2.171117945694505423e+07 1.398539930033108697e-23
2.409403560239527002e+07 1.065364360845875812e-23
2.673841615839949250e+07 8.042327841996543407e-24
2.967302408188872784e+07 6.003035352685927446e-24
3.292971255097155273e+07 4.425165323193245626e-24
3.654383070957254618e+07 3.214059961827130964e-24
4.055460735840827972e+07 2.295746847731517993e-24
4.500557675700496882e+07 1.607814787743923659e-24
4.994505115855139494e+07 1.100898505492354758e-24
5.542664520663107187e+07 7.342632637535148144e-25
6.150985788580504060e+07 4.744428584216681403e-25
6.826071834272393584e+07 2.937841863937087407e-25
7.575250258771920204e+07 1.704133433858561641e-25
8.406652885618332028e+07 8.756194475707372107e-26
9.329304026284696162e+07 3.500340711658168250e-26
1.035321843295663744e+08 7.191827180335224333e-27
1.148951000187308788e+08 5.848177760711521069e-29
1.275051240713012964e+08 2.222868733372061046e-35
1.414991297434575856e+08 6.450429487263956779e-122
1.570290124729377627e+08 9.830966436095950696e-140
1.742633386009651124e+08 4.029462283840154129e-153
