1.000000000000000000e+02 1.600606119384094942e-13
1.109752496412072134e+02 1.386567267574219412e-13
1.231550603292826196e+02 1.200438278436755909e-13
1.366716356462005990e+02 1.038014577437119530e-13
1.516716888470922413e+02 8.970307203938560480e-14
1.683180353330956791e+02 7.741916687584189356e-14
1.867913599020782840e+02 6.676659244117464905e-14
2.072921779595371845e+02 5.752372462616979376e-14
2.300430119772916839e+02 4.952881315439878829e-14
2.552908068239516410e+02 4.259961048666158040e-14
2.833096101839323637e+02 3.661580330547629223e-14
3.144035471591500368e+02 3.144570233140442183e-14
3.489101213406774491e+02 2.699085929728982760e-14
3.872038781812557318e+02 2.314423726775317156e-14
4.297004704320843871e+02 1.984093647597215111e-14
4.768611697714468960e+02 1.699738146532156558e-14
5.291978735958442712e+02 1.455480303358739862e-14
5.872786613189482523e+02 1.245678001810005577e-14
6.517339604882420190e+02 1.065637708745767756e-14
7.232633896483533817e+02 9.112891368612195077e-15
8.026433522257173081e+02 7.790164284029677790e-15
8.907354638610439679e+02 6.657064937738181210e-15
9.884959046625587007e+02 5.686691656065736700e-15
1.096985797892383971e+03 4.856411705859232081e-15
1.217382727739662187e+03 4.145672653992020839e-15
1.350993521198027793e+03 3.538209272368749019e-15
1.499268432786045423e+03 3.018408163088309595e-15
1.663816886076128640e+03 2.574132079571006692e-15
1.846424942895544291e+03 2.194914123484674770e-15
2.049074689815845886e+03 1.870684468062376023e-15
2.273965752357927613e+03 1.593877434198987132e-15
2.523539170434765765e+03 1.357661859983644859e-15
2.800503894183631019e+03 1.156022293020817190e-15
3.107866187782013640e+03 9.841801372282643627e-16
3.448962260405759935e+03 8.376447352303163967e-16
3.827494478516314757e+03 7.127446843310555821e-16
4.247571552536898707e+03 6.062773860989268652e-16
4.713753134116724141e+03 5.156350096035965513e-16
5.231099308056262998e+03 4.384452287044055419e-16
5.805225516094896193e+03 3.727422254556207779e-16
6.442363508721369726e+03 3.168320628679966470e-16
7.149428986597576113e+03 2.692482287054435192e-16
7.934096665797491369e+03 2.287816901926765974e-16
8.804883581643463913e+03 1.943547569126933756e-16
9.771241535346502133e+03 1.650817501525170045e-16
1.084365968689610963e+04 1.401801503683106415e-16
1.203377840777589154e+04 1.190222154311640366e-16
1.335451562929898682e+04 1.010307265262271320e-16
1.482020705798858762e+04 8.573553581467715895e-17
1.644676177994664249e+04 7.274078530014156334e-17
1.825183494319044257e+04 6.171634561335024987e-17
2.025501939230666540e+04 5.233147523017526846e-17
2.247805833548725059e+04 4.436384574750293632e-17
2.494508135230316839e+04 3.760136368642944487e-17
2.768286630392066581e+04 3.185437891287724791e-17
3.072112998861759115e+04 2.697670436131505199e-17
3.409285069746814406e+04 2.283848599816052249e-17
3.783462617131928710e+04 1.932919488404581442e-17
4.198707084443910571e+04 1.634902515207091067e-17
4.659525668664683326e+04 1.382516672262844469e-17
5.170920242896761192e+04 1.168589834352953837e-17
5.738441648302398244e+04 9.872338538855517916e-18
6.368249944718585903e+04 8.336216847273336103e-18
7.067181273927491566e+04 7.036105607245381486e-18
7.842822061337680498e+04 5.935677534086069711e-18
8.703591361485165544e+04 5.004249343682396441e-18
9.658832241158708348e+04 4.216849811337223087e-18
1.071891319205127511e+05 3.551197329044341315e-18
1.189534067370319535e+05 2.988836798777815470e-18
1.320088400831418112e+05 2.514082513744214201e-18
1.464971398307286145e+05 2.113051355036747738e-18
1.625755666443794908e+05 1.775108139283103586e-18
1.804186409392071655e+05 1.490056527768261820e-18
2.002200371815584658e+05 1.250054519415635905e-18
2.221946860939523904e+05 1.047838526889123412e-18
2.465811075822604180e+05 8.777427111495594205e-19
2.736439997074671555e+05 7.346278692779733433e-19
3.036771118035460822e+05 6.143291237618602876e-19
3.370064329271928291e+05 5.132877837440360795e-19
3.739937302478798083e+05 4.284259595849175656e-19
4.150404757850476308e+05 3.572050464824304104e-19
4.605922041145108524e+05 2.975244075112920338e-19
5.111433483440171112e+05 2.475251238709078688e-19
5.672426068491977639e+05 2.056643901342269185e-19
6.294988990221888525e+05 1.706585502541476784e-19
6.985879746785250027e+05 1.414067117736665931e-19
7.752597488629464060e+05 1.169809604118821552e-19
8.603464416684507160e+05 9.663157860269405786e-20
9.547716114208066138e+05 7.968338414913679799e-20
1.059560179277617019e+06 6.555773027350667025e-20
1.175849554052158026e+06 5.383396267467460629e-20
1.304901978014401859e+06 4.412286690636230650e-20
1.448118227674532915e+06 3.606406481674007707e-20
1.607052818261638284e+06 2.939773979098769087e-20
1.783430876931909472e+06 2.391463171775333393e-20
1.979166867853557458e+06 1.938118677043455654e-20
2.196385372416546568e+06 1.565375698198383015e-20
2.437444150122222025e+06 1.259760489552833858e-20
2.704959730463137385e+06 1.009915690809155538e-20
3.001835813575591892e+06 8.061285467439235720e-21
3.331294787934676744e+06 6.401183166841553564e-21
3.696912707195031922e+06 5.057976062468531069e-21
4.102658105827190448e+06 3.976149873483437919e-21
4.552935074866947718e+06 3.102910037860535851e-21
5.052631065335679799e+06 2.406163431769332867e-21
5.607169938205458224e+06 1.850905217560393103e-21
6.222570836730230600e+06 1.411549553414760009e-21
6.905513520162330940e+06 1.064431919423428929e-21
7.663410868007462472e+06 7.971050596931329762e-22
8.504489341802684590e+06 5.890085711157104378e-22
9.437878277775391936e+06 4.299123163418388009e-22
1.047370897959450819e+07 3.093331495204756528e-22
1.162322468679854274e+07 2.193117054500433060e-22
1.289890261253307760e+07 1.535186257967714044e-22
1.431458937523478456e+07 1.049024460657197103e-22
1.588565129428052530e+07 7.076100799175507680e-23
1.762914118095947802e+07 4.665959701379342831e-23
1.956398343517064676e+07 3.022084860396561402e-23
2.171117945694505423e+07 1.914473417971667072e-23
2.409403560239527002e+07 1.180336851339954959e-23
2.673841615839949250e+07 6.995808158973037067e-24
2.967302408188872784e+07 3.898189352744098668e-24
3.292971255097155273e+07 1.951831064655537273e-24
3.654383070957254618e+07 8.057913805601211873e-25
4.055460735840827972e+07 2.297895619207633126e-25
4.500557675700496882e+07 3.068055189149657138e-26
4.994505115855139494e+07 1.419513231750478181e-27
5.542664520663107187e+07 3.068488051993407630e-30
6.150985788580504060e+07 5.167314808046722111e-35
6.826071834272393584e+07 1.676939063490847679e-41
7.575250258771920204e+07 1.901049433806203903e-55
