1.000000000000000000e+02 5.763610560563761309e-16
1.109752496412072134e+02 5.029491488897839568e-16
1.231550603292826196e+02 4.385810606939059900e-16
1.366716356462005990e+02 3.820196961305756282e-16
1.516716888470922413e+02 3.322935353275345314e-16
1.683180353330956791e+02 2.887207962329968333e-16
1.867913599020782840e+02 2.503908139802046139e-16
2.072921779595371845e+02 2.170211032070879515e-16
2.300430119772916839e+02 1.876456116038402345e-16
2.552908068239516410e+02 1.621581157553751160e-16
2.833096101839323637e+02 1.397939427471916401e-16
3.144035471591500368e+02 1.203959123275408218e-16
3.489101213406774491e+02 1.034851749124925594e-16
3.872038781812557318e+02 8.885580399092335353e-17
4.297004704320843871e+02 7.618591130132046347e-17
4.768611697714468960e+02 6.519289888199775432e-17
5.291978735958442712e+02 5.571823300942175167e-17
5.872786613189482523e+02 4.753124274744061680e-17
6.517339604882420190e+02 4.051031827572835793e-17
7.232633896483533817e+02 3.446365914569220243e-17
8.026433522257173081e+02 2.929856638478506600e-17
8.907354638610439679e+02 2.487016913495151059e-17
9.884959046625587007e+02 2.109360754167308280e-17
1.096985797892383971e+03 1.787188460931569455e-17
1.217382727739662187e+03 1.512778061356137603e-17
1.350993521198027793e+03 1.280003847199306527e-17
1.499268432786045423e+03 1.082646559548705123e-17
1.663816886076128640e+03 9.155642847519126428e-18
1.846424942895544291e+03 7.739509691345579145e-18
2.049074689815845886e+03 6.546112139659385085e-18
2.273965752357927613e+03 5.532139728928980822e-18
2.523539170434765765e+03 4.676168455223904287e-18
2.800503894183631019e+03 3.950895695095101942e-18
3.107866187782013640e+03 3.335064260098438210e-18
3.448962260405759935e+03 2.813857622530660245e-18
3.827494478516314757e+03 2.372736841723733505e-18
4.247571552536898707e+03 1.997626992645504070e-18
4.713753134116724141e+03 1.680954944585428566e-18
5.231099308056262998e+03 1.412675626484823192e-18
5.805225516094896193e+03 1.186393929600996005e-18
6.442363508721369726e+03 9.952267666976047594e-19
7.149428986597576113e+03 8.343013612811682158e-19
7.934096665797491369e+03 6.985477908366629722e-19
8.804883581643463913e+03 5.844951838924238039e-19
9.771241535346502133e+03 4.884057786556678412e-19
1.084365968689610963e+04 4.079329580741852748e-19
1.203377840777589154e+04 3.402795531438718047e-19
1.335451562929898682e+04 2.836210845388126608e-19
1.482020705798858762e+04 2.362359374309151824e-19
1.644676177994664249e+04 1.965300748735324979e-19
1.825183494319044257e+04 1.634368650313068394e-19
2.025501939230666540e+04 1.357536555495160730e-19
2.247805833548725059e+04 1.126221468541350856e-19
2.494508135230316839e+04 9.336372083557092819e-20
2.768286630392066581e+04 7.727968061485723977e-20
3.072112998861759115e+04 6.388605545322700566e-20
3.409285069746814406e+04 5.276042554607764526e-20
3.783462617131928710e+04 4.347522316580689775e-20
4.198707084443910571e+04 3.581635807968703220e-20
4.659525668664683326e+04 2.940842584073307285e-20
5.170920242896761192e+04 2.396208839140911449e-20
5.738441648302398244e+04 1.975087058308291210e-20
6.368249944718585903e+04 1.613729517523280035e-20
7.067181273927491566e+04 1.315839753243633190e-20
7.842822061337680498e+04 1.070144956955568361e-20
8.703591361485165544e+04 8.687073868781997652e-21
9.658832241158708348e+04 7.033744636448318401e-21
1.071891319205127511e+05 5.681167436559195778e-21
1.189534067370319535e+05 4.577070632734781973e-21
1.320088400831418112e+05 3.678739540901117526e-21
1.464971398307286145e+05 2.945949919692404723e-21
1.625755666443794908e+05 2.353936708124375769e-21
1.804186409392071655e+05 1.875676922334428347e-21
2.002200371815584658e+05 1.490882046366423781e-21
2.221946860939523904e+05 1.180095307731986160e-21
2.465811075822604180e+05 9.325955596074693283e-22
2.736439997074671555e+05 7.340824973664203828e-22
3.036771118035460822e+05 5.760466448804743763e-22
3.370064329271928291e+05 4.507187188837169528e-22
3.739937302478798083e+05 3.507486055917531680e-22
4.150404757850476308e+05 2.722554007665728572e-22
4.605922041145108524e+05 2.102538357036095476e-22
5.111433483440171112e+05 1.616562161412710428e-22
5.672426068491977639e+05 1.239145829127085310e-22
6.294988990221888525e+05 9.436357714819208779e-23
6.985879746785250027e+05 7.157343212096260491e-23
7.752597488629464060e+05 5.403253411354349481e-23
8.603464416684507160e+05 4.051773134538823781e-23
9.547716114208066138e+05 3.024975576837488664e-23
1.059560179277617019e+06 2.255068023579524598e-23
1.175849554052158026e+06 1.678042153711034316e-23
1.304901978014401859e+06 1.244674491089172504e-23
1.448118227674532915e+06 9.204148042205778141e-24
1.607052818261638284e+06 6.782199532503211123e-24
1.783430876931909472e+06 4.979579829342741061e-24
1.979166867853557458e+06 3.642248515338103793e-24
2.196385372416546568e+06 2.654245309532538421e-24
2.437444150122222025e+06 1.927004475992364408e-24
2.704959730463137385e+06 1.395831268269272574e-24
3.001835813575591892e+06 1.009734837751297771e-24
3.331294787934676744e+06 7.302653754688819107e-25
3.696912707195031922e+06 5.283188588693539350e-25
4.102658105827190448e+06 3.823391038445144482e-25
4.552935074866947718e+06 2.766176225797567330e-25
5.052631065335679799e+06 1.998756606743487341e-25
5.607169938205458224e+06 1.441182543554270420e-25
6.222570836730230600e+06 1.035572624250603187e-25
6.905513520162330940e+06 7.409373975113738291e-26
7.663410868007462472e+06 5.272241288199049731e-26
8.504489341802684590e+06 3.727493389810616146e-26
9.437878277775391936e+06 2.615821996330876311e-26
1.047370897959450819e+07 1.819555115330793492e-26
1.162322468679854274e+07 1.253114324184292585e-26
1.289890261253307760e+07 8.532573078142046546e-27
1.431458937523478456e+07 5.736888337189017117e-27
1.588565129428052530e+07 3.800936619483367592e-27
1.762914118095947802e+07 2.477125291807366804e-27
1.956398343517064676e+07 1.582625795065467037e-27
2.171117945694505423e+07 9.875678192342570373e-28
2.409403560239527002e+07 5.976109730550958330e-28
2.673841615839949250e+07 3.467841864891626876e-28
2.967302408188872784e+07 1.890232766182598207e-28
3.292971255097155273e+07 9.321991793469320658e-29
3.654383070957254618e+07 3.871808143611892408e-29
4.055460735840827972e+07 1.147812066926829495e-29
4.500557675700496882e+07 1.517310193521189016e-30
4.994505115855139494e+07 9.458241876419412702e-32
