1.000000000000000000e+02 1.126938809142173761e-12
1.109752496412072134e+02 9.789206431288513787e-13
1.231550603292826196e+02 8.624814295642428628e-13
1.366716356462005990e+02 7.577941832955649823e-13
1.516716888470922413e+02 6.654067077201258338e-13
1.683180353330956791e+02 5.831109821860996473e-13
1.867913599020782840e+02 5.100785683763754473e-13
2.072921779595371845e+02 4.453688806614651442e-13
2.300430119772916839e+02 3.881818676414290789e-13
2.552908068239516410e+02 3.375604599895782215e-13
2.833096101839323637e+02 2.928179894581658302e-13
3.144035471591500368e+02 2.533839819037898467e-13
3.489101213406774491e+02 2.188900067134156374e-13
3.872038781812557318e+02 1.885465448448176547e-13
4.297004704320843871e+02 1.619563545981482012e-13
4.768611697714468960e+02 1.386746132574209897e-13
5.291978735958442712e+02 1.184534649565354717e-13
5.872786613189482523e+02 1.007972342424396151e-13
6.517339604882420190e+02 8.555689097355735877e-14
7.232633896483533817e+02 7.226996947002514109e-14
8.026433522257173081e+02 6.093261683839121705e-14
8.907354638610439679e+02 5.104530465372072768e-14
9.884959046625587007e+02 4.270267631954861516e-14
1.096985797892383971e+03 3.546252617438651382e-14
1.217382727739662187e+03 2.941090759449188141e-14
1.350993521198027793e+03 2.420310531206138329e-14
1.499268432786045423e+03 1.986463840861074295e-14
1.663816886076128640e+03 1.617396606260092600e-14
1.846424942895544291e+03 1.314012359380746513e-14
2.049074689815845886e+03 1.056193115431624359e-14
2.273965752357927613e+03 8.491469002406695592e-15
2.523539170434765765e+03 6.743543368709392898e-15
2.800503894183631019e+03 5.355552269124734774e-15
3.107866187782013640e+03 4.201546462072324634e-15
3.448962260405759935e+03 3.293148776569859333e-15
3.827494478516314757e+03 2.554989924573910334e-15
4.247571552536898707e+03 1.975652696635959836e-15
4.713753134116724141e+03 1.517883164115958044e-15
5.231099308056262998e+03 1.162322179585879504e-15
5.805225516094896193e+03 8.867065670878467938e-16
6.442363508721369726e+03 6.744841807084212551e-16
7.149428986597576113e+03 5.128357558570620149e-16
7.934096665797491369e+03 3.896344373001598118e-16
8.804883581643463913e+03 2.968325396655115078e-16
9.771241535346502133e+03 2.270370696350032024e-16
1.084365968689610963e+04 1.745553139484749644e-16
1.203377840777589154e+04 1.349703146189958314e-16
1.335451562929898682e+04 1.050408597028613232e-16
1.482020705798858762e+04 8.223603600296850822e-17
1.644676177994664249e+04 6.486119057525418768e-17
1.825183494319044257e+04 5.137309371220981027e-17
2.025501939230666540e+04 4.085072951752291918e-17
2.247805833548725059e+04 3.249034345736523577e-17
2.494508135230316839e+04 2.598869356791033011e-17
2.768286630392066581e+04 2.064483961317836527e-17
3.072112998861759115e+04 1.646488524736228409e-17
3.409285069746814406e+04 1.307651481962271553e-17
3.783462617131928710e+04 1.034531684135261103e-17
4.198707084443910571e+04 8.180428143456671563e-18
4.659525668664683326e+04 6.442176641875605554e-18
5.170920242896761192e+04 5.057699642152259719e-18
5.738441648302398244e+04 3.964360931500979724e-18
6.368249944718585903e+04 3.098231344893585489e-18
7.067181273927491566e+04 2.426922832184721865e-18
7.842822061337680498e+04 1.898214004836934288e-18
8.703591361485165544e+04 1.487674803383411329e-18
9.658832241158708348e+04 1.168644161202779561e-18
1.071891319205127511e+05 9.208629820740505579e-19
1.189534067370319535e+05 7.280605322200916449e-19
1.320088400831418112e+05 5.776919255162279470e-19
1.464971398307286145e+05 4.596731487650719373e-19
1.625755666443794908e+05 3.667581201641228223e-19
1.804186409392071655e+05 2.926805601219929036e-19
2.002200371815584658e+05 2.335197955821470506e-19
2.221946860939523904e+05 1.858987706958712618e-19
2.465811075822604180e+05 1.474313471617604529e-19
2.736439997074671555e+05 1.162614313620664280e-19
3.036771118035460822e+05 9.106922536932990151e-20
3.370064329271928291e+05 7.069188604052785434e-20
3.739937302478798083e+05 5.431837590672974997e-20
4.150404757850476308e+05 4.129451401339737844e-20
4.605922041145108524e+05 3.104129305999946259e-20
5.111433483440171112e+05 2.311821353542228942e-20
5.672426068491977639e+05 1.705710872751199362e-20
6.294988990221888525e+05 1.256043102462276708e-20
6.985879746785250027e+05 9.296115830223970816e-21
7.752597488629464060e+05 6.969104760105246695e-21
8.603464416684507160e+05 5.320763126752511382e-21
9.547716114208066138e+05 4.136909602039881043e-21
1.059560179277617019e+06 3.258727014295012979e-21
1.175849554052158026e+06 2.587024388791167082e-21
1.304901978014401859e+06 2.062039848063477397e-21
1.448118227674532915e+06 1.645527244558544711e-21
1.607052818261638284e+06 1.313396591311301842e-21
1.783430876931909472e+06 1.047604881456643222e-21
1.979166867853557458e+06 8.347286478986134051e-22
2.196385372416546568e+06 6.644806212249191593e-22
2.437444150122222025e+06 5.283046695087557415e-22
2.704959730463137385e+06 4.195357637659346542e-22
3.001835813575591892e+06 3.327559654540043737e-22
3.331294787934676744e+06 2.635995012009698099e-22
3.696912707195031922e+06 2.085395619807464493e-22
4.102658105827190448e+06 1.647626425146803674e-22
4.552935074866947718e+06 1.299590450193162603e-22
5.052631065335679799e+06 1.023815164638156052e-22
5.607169938205458224e+06 8.051340998352039177e-23
6.222570836730230600e+06 6.321615568380701431e-23
6.905513520162330940e+06 4.956015789817689917e-23
7.663410868007462472e+06 3.877534301254062982e-23
8.504489341802684590e+06 3.028420526284401272e-23
9.437878277775391936e+06 2.361119936295763659e-23
1.047370897959450819e+07 1.836928892826505526e-23
1.162322468679854274e+07 1.426170973338624298e-23
1.289890261253307760e+07 1.105068108149098224e-23
1.431458937523478456e+07 8.541099163755747660e-24
1.588565129428052530e+07 6.586776263073366661e-24
1.762914118095947802e+07 5.067241642917696821e-24
1.956398343517064676e+07 3.888086756398925053e-24
2.171117945694505423e+07 2.975798954711536633e-24
2.409403560239527002e+07 2.271453490840059024e-24
2.673841615839949250e+07 1.727962474109394914e-24
2.967302408188872784e+07 1.310812758337674152e-24
3.292971255097155273e+07 9.908977557501000312e-25
3.654383070957254618e+07 7.464029360006051988e-25
4.055460735840827972e+07 5.600864300815879846e-25
4.500557675700496882e+07 4.186725210936831296e-25
4.994505115855139494e+07 3.114650013717230526e-25
5.542664520663107187e+07 2.305193180477503415e-25
6.150985788580504060e+07 1.699029720293803667e-25
6.826071834272393584e+07 1.243186733635309445e-25
7.575250258771920204e+07 9.041384872332399516e-26
8.406652885618332028e+07 6.524538810256000160e-26
9.329304026284696162e+07 4.669943133707197371e-26
1.035321843295663744e+08 3.309081449274907123e-26
1.148951000187308788e+08 2.317617742474563670e-26
1.275051240713012964e+08 1.601919456456758736e-26
1.414991297434575856e+08 1.090186073988582865e-26
1.570290124729377627e+08 7.287014020633393084e-27
1.742633386009651124e+08 4.766169369797619273e-27
1.933891750455232263e+08 3.031841141083690657e-27
2.146141197858406007e+08 1.862228306898688353e-27
2.381685551976160705e+08 1.088741074959570182e-27
2.643081486974108517e+08 5.933605320322311128e-28
2.933166278390048146e+08 2.905283050811465515e-28
3.255088599835056663e+08 1.188572462386931396e-28
3.612342699709430337e+08 3.451551705410134913e-29
4.008806328898465633e+08 4.612898509484900058e-30
4.448782831127585173e+08 2.285989716698626983e-31
4.937047852839003801e+08 2.552539603619221754e-38
5.478901179593944550e+08 3.503515655650784930e-106
