1.000000000000000000e+02 5.694953967613447731e-13
1.109752496412072134e+02 5.076491930319334180e-13
1.231550603292826196e+02 4.524050734423662710e-13
1.366716356462005990e+02 4.030354349805742181e-13
1.516716888470922413e+02 3.589632466998843128e-13
1.683180353330956791e+02 3.195934660614671066e-13
1.867913599020782840e+02 2.844668776212641360e-13
2.072921779595371845e+02 2.531076296355948849e-13
2.300430119772916839e+02 2.251271278464704346e-13
2.552908068239516410e+02 2.001580231621978660e-13
2.833096101839323637e+02 1.778974280323962711e-13
3.144035471591500368e+02 1.580529707797067623e-13
3.489101213406774491e+02 1.403638987995802876e-13
3.872038781812557318e+02 1.246053287586268270e-13
4.297004704320843871e+02 1.105730083084139845e-13
4.768611697714468960e+02 9.807305186746373020e-14
5.291978735958442712e+02 8.695828593080274521e-14
5.872786613189482523e+02 7.705832000044782194e-14
6.517339604882420190e+02 6.825867986122775657e-14
7.232633896483533817e+02 6.043541097120110409e-14
8.026433522257173081e+02 5.348217012967507949e-14
8.907354638610439679e+02 4.730448358620526983e-14
9.884959046625587007e+02 4.181869682385305214e-14
1.096985797892383971e+03 3.695202879005278314e-14
1.217382727739662187e+03 3.263139337790082269e-14
1.350993521198027793e+03 2.880099564464755667e-14
1.499268432786045423e+03 2.540517202557034943e-14
1.663816886076128640e+03 2.239705400674194748e-14
1.846424942895544291e+03 1.981268180898628336e-14
2.049074689815845886e+03 1.737371677898297135e-14
2.273965752357927613e+03 1.528862394766400340e-14
2.523539170434765765e+03 1.344327553170234706e-14
2.800503894183631019e+03 1.181403259598799418e-14
3.107866187782013640e+03 1.037345284694160447e-14
3.448962260405759935e+03 9.101964970601591623e-15
3.827494478516314757e+03 7.981608278846051364e-15
4.247571552536898707e+03 6.992637094507363954e-15
4.713753134116724141e+03 6.121719410705055985e-15
5.231099308056262998e+03 5.354860980862046122e-15
5.805225516094896193e+03 4.679825271156608358e-15
6.442363508721369726e+03 4.086795566366268508e-15
7.149428986597576113e+03 3.565704437170059645e-15
7.934096665797491369e+03 3.107645656327647296e-15
8.804883581643463913e+03 2.706709509558487416e-15
9.771241535346502133e+03 2.354526986492762450e-15
1.084365968689610963e+04 2.046842126940950800e-15
1.203377840777589154e+04 1.776997013557359997e-15
1.335451562929898682e+04 1.541499756876343082e-15
1.482020705798858762e+04 1.335382579182070504e-15
1.644676177994664249e+04 1.155998661516668605e-15
1.825183494319044257e+04 9.993274129240558105e-16
2.025501939230666540e+04 8.631727282460162760e-16
2.247805833548725059e+04 7.445441709695456536e-16
2.494508135230316839e+04 6.416135954160572031e-16
2.768286630392066581e+04 5.521127467318953174e-16
3.072112998861759115e+04 4.747066958543625703e-16
3.409285069746814406e+04 4.075692383535996860e-16
3.783462617131928710e+04 3.495791051572489356e-16
4.198707084443910571e+04 2.994533070847211475e-16
4.659525668664683326e+04 2.562083641709244692e-16
5.170920242896761192e+04 2.188921300409791094e-16
5.738441648302398244e+04 1.868376999133874260e-16
6.368249944718585903e+04 1.592243494596374364e-16
7.067181273927491566e+04 1.355497096026395273e-16
7.842822061337680498e+04 1.152162909233521533e-16
8.703591361485165544e+04 9.781939461515387747e-17
9.658832241158708348e+04 8.292265408788648300e-17
1.071891319205127511e+05 7.020793275379595521e-17
1.189534067370319535e+05 5.934004752064833330e-17
1.320088400831418112e+05 5.008476265515371524e-17
1.464971398307286145e+05 4.220334414275750286e-17
1.625755666443794908e+05 3.550590467256370826e-17
1.804186409392071655e+05 2.981550586298094355e-17
2.002200371815584658e+05 2.499700292924748183e-17
2.221946860939523904e+05 2.091689702596561854e-17
2.465811075822604180e+05 1.746775600626714427e-17
2.736439997074671555e+05 1.455641394152934305e-17
3.036771118035460822e+05 1.210189089559163691e-17
3.370064329271928291e+05 1.004345975926221748e-17
3.739937302478798083e+05 8.308139558044175567e-18
4.150404757850476308e+05 6.861589382170137165e-18
4.605922041145108524e+05 5.646360465705069751e-18
5.111433483440171112e+05 4.635572528241643101e-18
5.672426068491977639e+05 3.794022446746280386e-18
6.294988990221888525e+05 3.094738308123927465e-18
6.985879746785250027e+05 2.516697230238198909e-18
7.752597488629464060e+05 2.038599371664639274e-18
8.603464416684507160e+05 1.646134521803038592e-18
9.547716114208066138e+05 1.322842870466194575e-18
1.059560179277617019e+06 1.059305160321542296e-18
1.175849554052158026e+06 8.445556576466437082e-19
1.304901978014401859e+06 6.703198721798842135e-19
1.448118227674532915e+06 5.295124312058278549e-19
1.607052818261638284e+06 4.161342671270265990e-19
1.783430876931909472e+06 3.257689240203227473e-19
1.979166867853557458e+06 2.531356755584939048e-19
2.196385372416546568e+06 1.962554714833096224e-19
2.437444150122222025e+06 1.509323295709243701e-19
2.704959730463137385e+06 1.155033046186903209e-19
3.001835813575591892e+06 8.806548697279822294e-20
3.331294787934676744e+06 6.655648430162655356e-20
3.696912707195031922e+06 5.016108096097454474e-20
4.102658105827190448e+06 3.756061476788094075e-20
4.552935074866947718e+06 2.778854889429018299e-20
5.052631065335679799e+06 2.048353887166988926e-20
5.607169938205458224e+06 1.499273736772841176e-20
6.222570836730230600e+06 1.075418805461434861e-20
6.905513520162330940e+06 7.606744152707984286e-21
7.663410868007462472e+06 5.285615222837919324e-21
8.504489341802684590e+06 3.576610919547761494e-21
9.437878277775391936e+06 2.335019503268258451e-21
1.047370897959450819e+07 1.457709703958786630e-21
1.162322468679854274e+07 8.569919477524536092e-22
1.289890261253307760e+07 4.656382036991019046e-22
1.431458937523478456e+07 2.284113706148236177e-22
1.588565129428052530e+07 9.873703897274811778e-23
1.762914118095947802e+07 3.678291009688669349e-23
1.956398343517064676e+07 1.168519269750632653e-23
2.171117945694505423e+07 3.137324902982736988e-24
2.409403560239527002e+07 7.553626717798876087e-25
2.673841615839949250e+07 2.025018819637420430e-25
2.967302408188872784e+07 8.154376975305350999e-26
3.292971255097155273e+07 4.640649892145947175e-26
3.654383070957254618e+07 2.929351407031999109e-26
4.055460735840827972e+07 1.854323132120201485e-26
4.500557675700496882e+07 1.144697192474520949e-26
4.994505115855139494e+07 6.858603669493499146e-27
5.542664520663107187e+07 3.963483076325906917e-27
6.150985788580504060e+07 2.193647980033757418e-27
6.826071834272393584e+07 1.145515672845720251e-27
7.575250258771920204e+07 5.466293143334104577e-28
8.406652885618332028e+07 2.188677539053662302e-28
9.329304026284696162e+07 5.598578258267369304e-29
1.035321843295663744e+08 1.529761310490295322e-30
1.148951000187308788e+08 7.274067060673314021e-47
1.275051240713012964e+08 3.358791564829964546e-61
1.414991297434575856e+08 2.145811344584232286e-66
1.570290124729377627e+08 3.140198391711122754e-72
1.742633386009651124e+08 8.604307456721920988e-79
1.933891750455232263e+08 3.487885477678477736e-86
2.146141197858406007e+08 1.585205618788769568e-94
2.381685551976160705e+08 5.813510659944624611e-104
2.643081486974108517e+08 1.160298550437413622e-114
2.933166278390048146e+08 7.823254208925182051e-127
3.255088599835056663e+08 9.940024106868867608e-141
