1.000000000000000000e+02 9.731606505640090788e-14
1.109752496412072134e+02 8.465253618956569447e-14
1.231550603292826196e+02 7.358685403692875335e-14
1.366716356462005990e+02 6.392251768141590597e-14
1.516716888470922413e+02 5.548300723013635024e-14
1.683180353330956791e+02 4.812535236989130257e-14
1.867913599020782840e+02 4.171127981742760629e-14
2.072921779595371845e+02 3.612511636477377151e-14
2.300430119772916839e+02 3.125973616254713809e-14
2.552908068239516410e+02 2.703143597516745982e-14
2.833096101839323637e+02 2.335314632921331587e-14
3.144035471591500368e+02 2.016400655646193111e-14
3.489101213406774491e+02 1.739108953247454310e-14
3.872038781812557318e+02 1.499252965371772311e-14
4.297004704320843871e+02 1.291330294818632405e-14
4.768611697714468960e+02 1.111292466829798673e-14
5.291978735958442712e+02 9.559012190534292627e-15
5.872786613189482523e+02 8.215384474361381376e-15
6.517339604882420190e+02 7.056404939254011258e-15
7.232633896483533817e+02 6.057924650125424532e-15
8.026433522257173081e+02 5.197066225606289056e-15
8.907354638610439679e+02 4.457079490494609016e-15
9.884959046625587007e+02 3.819996825365504036e-15
1.096985797892383971e+03 3.273024537869455959e-15
1.217382727739662187e+03 2.803212480002153585e-15
1.350993521198027793e+03 2.400052685649375240e-15
1.499268432786045423e+03 2.054486748148960147e-15
1.663816886076128640e+03 1.758118009926510727e-15
1.846424942895544291e+03 1.504328747319109619e-15
2.049074689815845886e+03 1.286745028546135033e-15
2.273965752357927613e+03 1.100580249298750167e-15
2.523539170434765765e+03 9.411447464084840080e-16
2.800503894183631019e+03 8.046945899545127304e-16
3.107866187782013640e+03 6.879224419420046603e-16
3.448962260405759935e+03 5.880364697768905434e-16
3.827494478516314757e+03 5.025831336456872479e-16
4.247571552536898707e+03 4.294622308681195095e-16
4.713753134116724141e+03 3.669423818501235355e-16
5.231099308056262998e+03 3.135073728972387186e-16
5.805225516094896193e+03 2.677737550547116206e-16
6.442363508721369726e+03 2.286886887287603283e-16
7.149428986597576113e+03 1.952680845623253665e-16
7.934096665797491369e+03 1.667147096530271150e-16
8.804883581643463913e+03 1.423023714773156262e-16
9.771241535346502133e+03 1.214586253833421809e-16
1.084365968689610963e+04 1.036456827914557117e-16
1.203377840777589154e+04 8.843154702060331802e-17
1.335451562929898682e+04 7.544340018456623945e-17
1.482020705798858762e+04 6.435095824860623360e-17
1.644676177994664249e+04 5.487679719889663764e-17
1.825183494319044257e+04 4.679199931361810630e-17
2.025501939230666540e+04 3.988995478749485130e-17
2.247805833548725059e+04 3.400008238128672122e-17
2.494508135230316839e+04 2.897706932155431833e-17
2.768286630392066581e+04 2.468920555548711324e-17
3.072112998861759115e+04 2.103220303984037669e-17
3.409285069746814406e+04 1.791264729908605956e-17
3.783462617131928710e+04 1.525281475780596157e-17
4.198707084443910571e+04 1.298443699359745127e-17
4.659525668664683326e+04 1.105228957432633798e-17
5.170920242896761192e+04 9.404333260576578294e-18
5.738441648302398244e+04 8.000165844647113255e-18
6.368249944718585903e+04 6.803737982768446124e-18
7.067181273927491566e+04 5.784319394218472509e-18
7.842822061337680498e+04 4.916544903504630850e-18
8.703591361485165544e+04 4.177510183151589777e-18
9.658832241158708348e+04 3.548479592926055900e-18
1.071891319205127511e+05 3.013260384229870451e-18
1.189534067370319535e+05 2.557825058523040342e-18
1.320088400831418112e+05 2.170486795265339911e-18
1.464971398307286145e+05 1.841048512418230150e-18
1.625755666443794908e+05 1.561121704148154655e-18
1.804186409392071655e+05 1.323164899084072333e-18
2.002200371815584658e+05 1.120947452956463710e-18
2.221946860939523904e+05 9.492621947888371970e-19
2.465811075822604180e+05 8.035935141614298060e-19
2.736439997074671555e+05 6.799146235185200142e-19
3.036771118035460822e+05 5.750622583490112375e-19
3.370064329271928291e+05 4.861045076143693167e-19
3.739937302478798083e+05 4.107137394507960440e-19
4.150404757850476308e+05 3.468524209804620713e-19
4.605922041145108524e+05 2.927492632947489798e-19
5.111433483440171112e+05 2.469864400834890261e-19
5.672426068491977639e+05 2.082271842231261296e-19
6.294988990221888525e+05 1.754720384000937174e-19
6.985879746785250027e+05 1.477620163334746617e-19
7.752597488629464060e+05 1.243613792070817734e-19
8.603464416684507160e+05 1.045885999083707681e-19
9.547716114208066138e+05 8.790738358228169222e-20
1.059560179277617019e+06 7.383514352480705905e-20
1.175849554052158026e+06 6.196476089903705317e-20
1.304901978014401859e+06 5.196670998142586101e-20
1.448118227674532915e+06 4.354483045505014013e-20
1.607052818261638284e+06 3.645947816001009885e-20
1.783430876931909472e+06 3.050149455166185300e-20
1.979166867853557458e+06 2.549239287212031687e-20
2.196385372416546568e+06 2.128692929095985773e-20
2.437444150122222025e+06 1.776008725590502298e-20
2.704959730463137385e+06 1.480170362091277191e-20
3.001835813575591892e+06 1.232238380742956994e-20
3.331294787934676744e+06 1.024843981532867198e-20
3.696912707195031922e+06 8.513529318872365236e-21
4.102658105827190448e+06 7.063677768876398964e-21
4.552935074866947718e+06 5.853765392762539302e-21
5.052631065335679799e+06 4.845167105439656672e-21
5.607169938205458224e+06 4.004619939074680145e-21
6.222570836730230600e+06 3.305705115779364911e-21
6.905513520162330940e+06 2.724667381792360477e-21
7.663410868007462472e+06 2.241883607989693650e-21
8.504489341802684590e+06 1.841920738779335727e-21
9.437878277775391936e+06 1.510525288008644616e-21
1.047370897959450819e+07 1.236351153335490692e-21
1.162322468679854274e+07 1.010145521529442356e-21
1.289890261253307760e+07 8.234974900377066229e-22
1.431458937523478456e+07 6.699516857064654005e-22
1.588565129428052530e+07 5.436805666375002645e-22
1.762914118095947802e+07 4.401122581512299383e-22
1.956398343517064676e+07 3.553230755376472984e-22
2.171117945694505423e+07 2.859789618755699326e-22
2.409403560239527002e+07 2.293178628133281281e-22
2.673841615839949250e+07 1.831935478575593057e-22
2.967302408188872784e+07 1.457889718796657722e-22
3.292971255097155273e+07 1.155333769771079273e-22
3.654383070957254618e+07 9.114799918456345071e-23
4.055460735840827972e+07 7.146547832301671548e-23
4.500557675700496882e+07 5.559358026427644391e-23
4.994505115855139494e+07 4.301665940330527673e-23
5.542664520663107187e+07 3.299196461955426981e-23
6.150985788580504060e+07 2.506219903313850807e-23
6.826071834272393584e+07 1.882964289961377723e-23
7.575250258771920204e+07 1.396140948568312529e-23
8.406652885618332028e+07 1.019230533353114891e-23
9.329304026284696162e+07 7.294386929267834906e-24
1.035321843295663744e+08 5.107697159197208375e-24
1.148951000187308788e+08 3.465328078467236336e-24
1.275051240713012964e+08 2.258513259983443481e-24
1.414991297434575856e+08 1.393429148696800052e-24
1.570290124729377627e+08 7.951880045957337557e-25
1.742633386009651124e+08 4.047145838972785467e-25
1.933891750455232263e+08 1.735184720860099313e-25
2.146141197858406007e+08 5.696926103839619502e-26
2.381685551976160705e+08 1.280770754502073828e-26
2.643081486974108517e+08 1.867312257759912410e-27
2.933166278390048146e+08 6.204394993293681254e-29
3.255088599835056663e+08 1.574786425598789511e-33
3.612342699709430337e+08 1.233530936096753786e-42
4.008806328898465633e+08 4.900348015972175169e-72
