1.000000000000000000e+02 4.216533717025099245e-13
1.109752496412072134e+02 3.628215055261685712e-13
1.231550603292826196e+02 3.120797036389580504e-13
1.366716356462005990e+02 2.680596499869204294e-13
1.516716888470922413e+02 2.301827695217509464e-13
1.683180353330956791e+02 1.973776857566026734e-13
1.867913599020782840e+02 1.692325778173730254e-13
2.072921779595371845e+02 1.448997653354566040e-13
2.300430119772916839e+02 1.240973377131189895e-13
2.552908068239516410e+02 1.061317676797661266e-13
2.833096101839323637e+02 9.078685261951560072e-14
3.144035471591500368e+02 7.758047477148737253e-14
3.489101213406774491e+02 6.628151283792805525e-14
3.872038781812557318e+02 5.659241179641827782e-14
4.297004704320843871e+02 4.825532873844033932e-14
4.768611697714468960e+02 4.115663959899664212e-14
5.291978735958442712e+02 3.501800460121226288e-14
5.872786613189482523e+02 2.980095186466566307e-14
6.517339604882420190e+02 2.529159505912025474e-14
7.232633896483533817e+02 2.144253917374581775e-14
8.026433522257173081e+02 1.813313811203450284e-14
8.907354638610439679e+02 1.530268080486097219e-14
9.884959046625587007e+02 1.287616352764503792e-14
1.096985797892383971e+03 1.080082216991741480e-14
1.217382727739662187e+03 9.030160800186177331e-15
1.350993521198027793e+03 7.521199567426970116e-15
1.499268432786045423e+03 6.238728419176671984e-15
1.663816886076128640e+03 5.153558833111173025e-15
1.846424942895544291e+03 4.237603171163805992e-15
2.049074689815845886e+03 3.469020317106205424e-15
2.273965752357927613e+03 2.826209653210824309e-15
2.523539170434765765e+03 2.290770198386956066e-15
2.800503894183631019e+03 1.847870335147066675e-15
3.107866187782013640e+03 1.483368526662275030e-15
3.448962260405759935e+03 1.185626187510349062e-15
3.827494478516314757e+03 9.437375620039779424e-16
4.247571552536898707e+03 7.484234368720315298e-16
4.713753134116724141e+03 5.918956000852779515e-16
5.231099308056262998e+03 4.671003304004984466e-16
5.805225516094896193e+03 3.683781249694613946e-16
6.442363508721369726e+03 2.906066115738254015e-16
7.149428986597576113e+03 2.296676415399132589e-16
7.934096665797491369e+03 1.820214129962068111e-16
8.804883581643463913e+03 1.448375940246057027e-16
9.771241535346502133e+03 1.161743233343982295e-16
1.084365968689610963e+04 9.344392561454604390e-17
1.203377840777589154e+04 7.573319406853218935e-17
1.335451562929898682e+04 6.182228734488507873e-17
1.482020705798858762e+04 5.065576016446194878e-17
1.644676177994664249e+04 4.172571491500595994e-17
1.825183494319044257e+04 3.446577027054185618e-17
2.025501939230666540e+04 2.849886257675941627e-17
2.247805833548725059e+04 2.358427658676586347e-17
2.494508135230316839e+04 1.949791084059555568e-17
2.768286630392066581e+04 1.606654323381973951e-17
3.072112998861759115e+04 1.320776154646513476e-17
3.409285069746814406e+04 1.081271739190283330e-17
3.783462617131928710e+04 8.801380988175233928e-18
4.198707084443910571e+04 7.103092141107484821e-18
4.659525668664683326e+04 5.687455767669802888e-18
5.170920242896761192e+04 4.522221545073453690e-18
5.738441648302398244e+04 3.558473466775843977e-18
6.368249944718585903e+04 2.767469724964743672e-18
7.067181273927491566e+04 2.129593421474784368e-18
7.842822061337680498e+04 1.618296294238864074e-18
8.703591361485165544e+04 1.214028280959728234e-18
9.658832241158708348e+04 8.992597365600360764e-19
1.071891319205127511e+05 6.587983516949696600e-19
1.189534067370319535e+05 4.790173202428732942e-19
1.320088400831418112e+05 3.474905863619529463e-19
1.464971398307286145e+05 2.534473875982808040e-19
1.625755666443794908e+05 1.871833219692279799e-19
1.804186409392071655e+05 1.409666635453122639e-19
2.002200371815584658e+05 1.084709440546416736e-19
2.221946860939523904e+05 8.498177716944339725e-20
2.465811075822604180e+05 6.747085270735997157e-20
2.736439997074671555e+05 5.398229094754772072e-20
3.036771118035460822e+05 4.338922938202809154e-20
3.370064329271928291e+05 3.492964808949728205e-20
3.739937302478798083e+05 2.812570092497547413e-20
4.150404757850476308e+05 2.263472293558896846e-20
4.605922041145108524e+05 1.820271976736392490e-20
5.111433483440171112e+05 1.462881747838618533e-20
5.672426068491977639e+05 1.174705906641517348e-20
6.294988990221888525e+05 9.426123547740742556e-21
6.985879746785250027e+05 7.558365499845000591e-21
7.752597488629464060e+05 6.055650135669750988e-21
8.603464416684507160e+05 4.847736007579830622e-21
9.547716114208066138e+05 3.877335194640170862e-21
1.059560179277617019e+06 3.098450970306166815e-21
1.175849554052158026e+06 2.473681524159983636e-21
1.304901978014401859e+06 1.972921084563637576e-21
1.448118227674532915e+06 1.571922173697085604e-21
1.607052818261638284e+06 1.251089163336542018e-21
1.783430876931909472e+06 9.947014660003213223e-22
1.979166867853557458e+06 7.898507532018578623e-22
2.196385372416546568e+06 6.264916128432788454e-22
2.437444150122222025e+06 4.962455744127384232e-22
2.704959730463137385e+06 3.925437856965784503e-22
3.001835813575591892e+06 3.100639282828444255e-22
3.331294787934676744e+06 2.445429655915446674e-22
3.696912707195031922e+06 1.925683574914055956e-22
4.102658105827190448e+06 1.513850482256079009e-22
4.552935074866947718e+06 1.188028155722081631e-22
5.052631065335679799e+06 9.306065007424816105e-23
5.607169938205458224e+06 7.274384097878275262e-23
6.222570836730230600e+06 5.673817392185311562e-23
6.905513520162330940e+06 4.415630356454448669e-23
7.663410868007462472e+06 3.427748799397037481e-23
8.504489341802684590e+06 2.653798401562257792e-23
9.437878277775391936e+06 2.048490191768146135e-23
1.047370897959450819e+07 1.576308543857848725e-23
1.162322468679854274e+07 1.208835767928758598e-23
1.289890261253307760e+07 9.237251339909240094e-24
1.431458937523478456e+07 7.027397418678627382e-24
1.588565129428052530e+07 5.321641843835810426e-24
1.762914118095947802e+07 4.011304128811023193e-24
1.956398343517064676e+07 3.005288946591097569e-24
2.171117945694505423e+07 2.237546309107244967e-24
2.409403560239527002e+07 1.654021251661684579e-24
2.673841615839949250e+07 1.212859544276431687e-24
2.967302408188872784e+07 8.812060460433720593e-25
3.292971255097155273e+07 6.334621776806178495e-25
3.654383070957254618e+07 4.496572775059732643e-25
4.055460735840827972e+07 3.147058688387865159e-25
4.500557675700496882e+07 2.165480737151615920e-25
4.994505115855139494e+07 1.460159805918644185e-25
5.542664520663107187e+07 9.606960844557132142e-26
6.150985788580504060e+07 6.131346964988683739e-26
6.826071834272393584e+07 3.761547251746154460e-26
7.575250258771920204e+07 2.184764624448278445e-26
8.406652885618332028e+07 1.165043026216653283e-26
9.329304026284696162e+07 5.314172773401543662e-27
1.035321843295663744e+08 1.683297644090341098e-27
1.148951000187308788e+08 1.092359327481361364e-28
