1.000000000000000000e+02 6.425784867193003641e-12
1.109752496412072134e+02 5.673532009816499582e-12
1.231550603292826196e+02 5.006793755138341415e-12
1.366716356462005990e+02 4.416834272561323643e-12
1.516716888470922413e+02 3.894582977670641315e-12
1.683180353330956791e+02 3.431541938552088562e-12
1.867913599020782840e+02 3.022131069635589115e-12
2.072921779595371845e+02 2.660029078396753973e-12
2.300430119772916839e+02 2.339621546867113779e-12
2.552908068239516410e+02 2.056160130227949560e-12
2.833096101839323637e+02 1.805721658888277873e-12
3.144035471591500368e+02 1.584393598575665804e-12
3.489101213406774491e+02 1.388822942032334837e-12
3.872038781812557318e+02 1.216277752350795660e-12
4.297004704320843871e+02 1.064200030642605948e-12
4.768611697714468960e+02 9.297767882301523528e-13
5.291978735958442712e+02 8.116055679620995399e-13
5.872786613189482523e+02 7.074072560552014327e-13
6.517339604882420190e+02 6.157544808598001021e-13
7.232633896483533817e+02 5.351552219422301161e-13
8.026433522257173081e+02 4.646168934565362888e-13
8.907354638610439679e+02 4.025260436002442013e-13
9.884959046625587007e+02 3.482034068432145836e-13
1.096985797892383971e+03 3.008037580449161830e-13
1.217382727739662187e+03 2.592040615681696488e-13
1.350993521198027793e+03 2.230925853698564831e-13
1.499268432786045423e+03 1.913890828371463684e-13
1.663816886076128640e+03 1.642739857594198579e-13
1.846424942895544291e+03 1.403286202598109881e-13
2.049074689815845886e+03 1.196866802668713765e-13
2.273965752357927613e+03 1.021658007805438694e-13
2.523539170434765765e+03 8.658106459170711507e-14
2.800503894183631019e+03 7.349613029279063976e-14
3.107866187782013640e+03 6.220235435064390921e-14
3.448962260405759935e+03 5.257073853906360302e-14
3.827494478516314757e+03 4.434485144334655708e-14
4.247571552536898707e+03 3.735078822526057887e-14
4.713753134116724141e+03 3.137441189290538951e-14
5.231099308056262998e+03 2.637911346988530019e-14
5.805225516094896193e+03 2.210315438076527894e-14
6.442363508721369726e+03 1.854627430255318849e-14
7.149428986597576113e+03 1.553234718421977609e-14
7.934096665797491369e+03 1.299947832711932361e-14
8.804883581643463913e+03 1.086733676781825073e-14
9.771241535346502133e+03 9.080870073206775162e-15
1.084365968689610963e+04 7.583450069183470374e-15
1.203377840777589154e+04 6.320923843496496065e-15
1.335451562929898682e+04 5.264832360378833459e-15
1.482020705798858762e+04 4.374016993292070165e-15
1.644676177994664249e+04 3.626766100958004787e-15
1.825183494319044257e+04 2.994716612256716180e-15
2.025501939230666540e+04 2.468280805452350395e-15
2.247805833548725059e+04 2.018056503984052208e-15
2.494508135230316839e+04 1.649245325634578232e-15
2.768286630392066581e+04 1.335533413916224043e-15
3.072112998861759115e+04 1.076340516285905949e-15
3.409285069746814406e+04 8.642481746047084318e-16
3.783462617131928710e+04 6.865535176741719497e-16
4.198707084443910571e+04 5.425157139467002684e-16
4.659525668664683326e+04 4.268545027869250327e-16
5.170920242896761192e+04 3.319076965629379401e-16
5.738441648302398244e+04 2.572533579912658662e-16
6.368249944718585903e+04 1.982793162420323464e-16
7.067181273927491566e+04 1.520440693379645665e-16
7.842822061337680498e+04 1.162728730873810865e-16
8.703591361485165544e+04 8.890691860118199343e-17
9.658832241158708348e+04 6.802007309138132980e-17
1.071891319205127511e+05 5.219379491639314210e-17
1.189534067370319535e+05 4.028067748713376449e-17
1.320088400831418112e+05 3.130896431204716086e-17
1.464971398307286145e+05 2.452394349460056651e-17
1.625755666443794908e+05 1.934131132548608305e-17
1.804186409392071655e+05 1.535332502961865929e-17
2.002200371815584658e+05 1.222873003443377954e-17
2.221946860939523904e+05 9.730416172424938149e-18
2.465811075822604180e+05 7.745194386609723395e-18
2.736439997074671555e+05 6.124851806736590875e-18
3.036771118035460822e+05 4.798446653969121377e-18
3.370064329271928291e+05 3.711388058818115273e-18
3.739937302478798083e+05 2.831836406939126062e-18
4.150404757850476308e+05 2.103923811249267639e-18
4.605922041145108524e+05 1.523422150125074329e-18
5.111433483440171112e+05 1.063430115737387254e-18
5.672426068491977639e+05 7.069069485391896545e-19
6.294988990221888525e+05 4.398334130482249169e-19
6.985879746785250027e+05 2.497784372286705532e-19
7.752597488629464060e+05 1.249965524310249078e-19
8.603464416684507160e+05 5.348312143942979252e-20
9.547716114208066138e+05 1.950905995845404774e-20
1.059560179277617019e+06 6.541852727664459817e-21
1.175849554052158026e+06 2.435522234098722424e-21
1.304901978014401859e+06 1.231197559886193371e-21
1.448118227674532915e+06 8.119077735146389060e-22
1.607052818261638284e+06 5.944858724711475118e-22
1.783430876931909472e+06 4.468514692294689362e-22
1.979166867853557458e+06 3.373176112383458548e-22
2.196385372416546568e+06 2.544583300822647286e-22
2.437444150122222025e+06 1.918116386982491246e-22
2.704959730463137385e+06 1.445081118847787531e-22
3.001835813575591892e+06 1.087448610041297138e-22
3.331294787934676744e+06 8.173914101836935348e-23
3.696912707195031922e+06 6.133263409546008093e-23
4.102658105827190448e+06 4.594245560617563570e-23
4.552935074866947718e+06 3.433579365647768815e-23
5.052631065335679799e+06 2.560417399753463669e-23
5.607169938205458224e+06 1.903892414967642622e-23
6.222570836730230600e+06 1.411637963199199994e-23
6.905513520162330940e+06 1.043135873517835777e-23
7.663410868007462472e+06 7.678863987000608485e-24
8.504489341802684590e+06 5.628740301646383449e-24
9.437878277775391936e+06 4.107116865181281110e-24
1.047370897959450819e+07 2.980409328786487241e-24
1.162322468679854274e+07 2.150179311604890198e-24
1.289890261253307760e+07 1.540818227257590184e-24
1.431458937523478456e+07 1.095875328483871932e-24
1.588565129428052530e+07 7.728122237413787940e-25
1.762914118095947802e+07 5.396793211470805366e-25
1.956398343517064676e+07 3.727124255472274025e-25
2.171117945694505423e+07 2.541577890173071665e-25
2.409403560239527002e+07 1.707803458453106222e-25
2.673841615839949250e+07 1.128213679883634821e-25
2.967302408188872784e+07 7.304866024173422056e-26
3.292971255097155273e+07 4.616395957944040426e-26
3.654383070957254618e+07 2.832726085341102510e-26
4.055460735840827972e+07 1.673748992187400161e-26
4.500557675700496882e+07 9.387018513857310014e-27
4.994505115855139494e+07 4.866695281549081930e-27
5.542664520663107187e+07 2.212005663436572421e-27
6.150985788580504060e+07 7.767685613809013767e-28
6.826071834272393584e+07 1.428218744181707505e-28
7.575250258771920204e+07 4.636656458594280605e-30
