1.000000000000000000e+02 7.206408582547490927e-13
1.109752496412072134e+02 6.230513553290936557e-13
1.231550603292826196e+02 5.381276088551918911e-13
1.366716356462005990e+02 4.642570697427994045e-13
1.516716888470922413e+02 4.000082299306996495e-13
1.683180353330956791e+02 3.441985393142602775e-13
1.867913599020782840e+02 2.957972808159862565e-13
2.072921779595371845e+02 2.538097585030932394e-13
2.300430119772916839e+02 2.174206492433572022e-13
2.552908068239516410e+02 1.878552427002702656e-13
2.833096101839323637e+02 1.601798697742044473e-13
3.144035471591500368e+02 1.353187005562985810e-13
3.489101213406774491e+02 1.150131349521883183e-13
3.872038781812557318e+02 9.765472121166567619e-14
4.297004704320843871e+02 8.267402015939931544e-14
4.768611697714468960e+02 6.986430153504023291e-14
5.291978735958442712e+02 5.886071667502673518e-14
5.872786613189482523e+02 4.948324916759742760e-14
6.517339604882420190e+02 4.147779154599181546e-14
7.232633896483533817e+02 3.465219102500120395e-14
8.026433522257173081e+02 2.887924777092599693e-14
8.907354638610439679e+02 2.397485489861861401e-14
9.884959046625587007e+02 1.986575212203657955e-14
1.096985797892383971e+03 1.635654143039219193e-14
1.217382727739662187e+03 1.345074368729024135e-14
1.350993521198027793e+03 1.100231246554683981e-14
1.499268432786045423e+03 8.966363175403471823e-15
1.663816886076128640e+03 7.284080495993109354e-15
1.846424942895544291e+03 5.867934876094732835e-15
2.049074689815845886e+03 4.721328450182672602e-15
2.273965752357927613e+03 3.768227260147363751e-15
2.523539170434765765e+03 2.999948035296545953e-15
2.800503894183631019e+03 2.370847293587814687e-15
3.107866187782013640e+03 1.870241839484954154e-15
3.448962260405759935e+03 1.464577382001097842e-15
3.827494478516314757e+03 1.144351363805010918e-15
4.247571552536898707e+03 8.875127052382137132e-16
4.713753134116724141e+03 6.880333139639007732e-16
5.231099308056262998e+03 5.309607828399598149e-16
5.805225516094896193e+03 4.094991794501193269e-16
6.442363508721369726e+03 3.151147463754080679e-16
7.149428986597576113e+03 2.427850626251013572e-16
7.934096665797491369e+03 1.873810527190197437e-16
8.804883581643463913e+03 1.453689345757778238e-16
9.771241535346502133e+03 1.125874213686984875e-16
1.084365968689610963e+04 8.814061985416436937e-17
1.203377840777589154e+04 6.895764583290259823e-17
1.335451562929898682e+04 5.436643933779898033e-17
1.482020705798858762e+04 4.287520894207815760e-17
1.644676177994664249e+04 3.404408699990982405e-17
1.825183494319044257e+04 2.695923989457064083e-17
2.025501939230666540e+04 2.142351377478271003e-17
2.247805833548725059e+04 1.700659090447529518e-17
2.494508135230316839e+04 1.346271245599514708e-17
2.768286630392066581e+04 1.067065194760713901e-17
3.072112998861759115e+04 8.413418813176625035e-18
3.409285069746814406e+04 6.627303569342619229e-18
3.783462617131928710e+04 5.216288865391649877e-18
4.198707084443910571e+04 4.081213572704397600e-18
4.659525668664683326e+04 3.198821472283556769e-18
5.170920242896761192e+04 2.506258097539407660e-18
5.738441648302398244e+04 1.960797933104768774e-18
6.368249944718585903e+04 1.538584772691328727e-18
7.067181273927491566e+04 1.209884691091758691e-18
7.842822061337680498e+04 9.541985994854041194e-19
8.703591361485165544e+04 7.553737682147245863e-19
9.658832241158708348e+04 6.002140666510454619e-19
1.071891319205127511e+05 4.784375560294596655e-19
1.189534067370319535e+05 3.824715124249226176e-19
1.320088400831418112e+05 3.062618207280128641e-19
1.464971398307286145e+05 2.452918942408944153e-19
1.625755666443794908e+05 1.963087674151052502e-19
1.804186409392071655e+05 1.567595188307551749e-19
2.002200371815584658e+05 1.247738311075786208e-19
2.221946860939523904e+05 9.886475973448650757e-20
2.465811075822604180e+05 7.783077704249086004e-20
2.736439997074671555e+05 6.093194193772348859e-20
3.036771118035460822e+05 4.731187234486136174e-20
3.370064329271928291e+05 3.643528092029461181e-20
3.739937302478798083e+05 2.780100744090510370e-20
4.150404757850476308e+05 2.100921798454670324e-20
4.605922041145108524e+05 1.573032837323853352e-20
5.111433483440171112e+05 1.170286574846688127e-20
5.672426068491977639e+05 8.667021753045340469e-21
6.294988990221888525e+05 6.449219555475510582e-21
6.985879746785250027e+05 4.863879644640169998e-21
7.752597488629464060e+05 3.743343189219018452e-21
8.603464416684507160e+05 2.943930356517633256e-21
9.547716114208066138e+05 2.352769765143832354e-21
1.059560179277617019e+06 1.897792378212859667e-21
1.175849554052158026e+06 1.537031243445891335e-21
1.304901978014401859e+06 1.245842224559707993e-21
1.448118227674532915e+06 1.008785033758713730e-21
1.607052818261638284e+06 8.157168827486659811e-22
1.783430876931909472e+06 6.583942521238407079e-22
1.979166867853557458e+06 5.302598415950933298e-22
2.196385372416546568e+06 4.261918767537065611e-22
2.437444150122222025e+06 3.416695406880943169e-22
2.704959730463137385e+06 2.732438949002169430e-22
3.001835813575591892e+06 2.179514596092346839e-22
3.331294787934676744e+06 1.732884864603197438e-22
3.696912707195031922e+06 1.373694182521078246e-22
4.102658105827190448e+06 1.085465491173865055e-22
4.552935074866947718e+06 8.546535784917715267e-23
5.052631065335679799e+06 6.700618127365246536e-23
5.607169938205458224e+06 5.229941960952136692e-23
6.222570836730230600e+06 4.062461165211193038e-23
6.905513520162330940e+06 3.139747105829661842e-23
7.663410868007462472e+06 2.413114204375943514e-23
8.504489341802684590e+06 1.841766788880510262e-23
9.437878277775391936e+06 1.396201918655484341e-23
1.047370897959450819e+07 1.050445218512699669e-23
1.162322468679854274e+07 7.835112216250651362e-24
1.289890261253307760e+07 5.776163174350691042e-24
1.431458937523478456e+07 4.216215602422127515e-24
1.588565129428052530e+07 3.035266535203997467e-24
1.762914118095947802e+07 2.153975814586361633e-24
1.956398343517064676e+07 1.502888627871262124e-24
2.171117945694505423e+07 1.026555631824677395e-24
2.409403560239527002e+07 6.855443976292007835e-25
2.673841615839949250e+07 4.451146962672028729e-25
2.967302408188872784e+07 2.797415902902741540e-25
3.292971255097155273e+07 1.688663258444070039e-25
3.654383070957254618e+07 9.737311788426901743e-26
4.055460735840827972e+07 5.332736876504020904e-26
4.500557675700496882e+07 2.763052937422333871e-26
4.994505115855139494e+07 1.356134205324115116e-26
5.542664520663107187e+07 6.367530839701710347e-27
6.150985788580504060e+07 2.824862372355778111e-27
6.826071834272393584e+07 1.056403282887929617e-27
7.575250258771920204e+07 2.319748191094261922e-28
8.406652885618332028e+07 6.512183200758135766e-30
9.329304026284696162e+07 1.896105653909982278e-44
