1.000000000000000000e+02 3.765432502617192461e-15
1.109752496412072134e+02 3.222521761099697178e-15
1.231550603292826196e+02 2.755519356720407000e-15
1.366716356462005990e+02 2.354182378851197140e-15
1.516716888470922413e+02 2.009443875728108618e-15
1.683180353330956791e+02 1.713451807060643264e-15
1.867913599020782840e+02 1.460149989423816462e-15
2.072921779595371845e+02 1.243037488594595426e-15
2.300430119772916839e+02 1.057256705590847300e-15
2.552908068239516410e+02 8.985112563526403204e-16
2.833096101839323637e+02 7.630099752290924566e-16
3.144035471591500368e+02 6.472026245331442926e-16
3.489101213406774491e+02 5.487747483744645154e-16
3.872038781812557318e+02 4.647770834334748506e-16
4.297004704320843871e+02 3.934271463073643738e-16
4.768611697714468960e+02 3.327675487905291876e-16
5.291978735958442712e+02 2.812386424329414572e-16
5.872786613189482523e+02 2.375447901890776190e-16
6.517339604882420190e+02 2.005071086363278859e-16
7.232633896483533817e+02 1.691078546166994058e-16
8.026433522257173081e+02 1.425471671665231889e-16
8.907354638610439679e+02 1.200553874705901459e-16
9.884959046625587007e+02 1.010622997048994385e-16
1.096985797892383971e+03 8.498407143575352999e-17
1.217382727739662187e+03 7.141526904805840842e-17
1.350993521198027793e+03 5.997870330732658821e-17
1.499268432786045423e+03 5.031691422317168062e-17
1.663816886076128640e+03 4.218392340473768041e-17
1.846424942895544291e+03 3.533001649310885126e-17
2.049074689815845886e+03 2.956582264048089779e-17
2.273965752357927613e+03 2.472054946781813282e-17
2.523539170434765765e+03 2.065235462444377023e-17
2.800503894183631019e+03 1.723709854774880506e-17
3.107866187782013640e+03 1.437866323947756179e-17
3.448962260405759935e+03 1.198343405121130391e-17
3.827494478516314757e+03 9.980759684785389050e-18
4.247571552536898707e+03 8.308542555547939722e-18
4.713753134116724141e+03 6.911935204763035928e-18
5.231099308056262998e+03 5.747118816010403478e-18
5.805225516094896193e+03 4.776779057942703357e-18
6.442363508721369726e+03 3.969228966391049648e-18
7.149428986597576113e+03 3.296735546040750035e-18
7.934096665797491369e+03 2.737286098723797153e-18
8.804883581643463913e+03 2.272335770026111640e-18
9.771241535346502133e+03 1.885810039775003690e-18
1.084365968689610963e+04 1.564657008151938605e-18
1.203377840777589154e+04 1.297805111600269749e-18
1.335451562929898682e+04 1.076263749246595255e-18
1.482020705798858762e+04 8.921824399027529911e-19
1.644676177994664249e+04 7.393717583790512649e-19
1.825183494319044257e+04 6.124629556508811211e-19
2.025501939230666540e+04 5.071759859221843957e-19
2.247805833548725059e+04 4.197634886261176458e-19
2.494508135230316839e+04 3.472414399949674322e-19
2.768286630392066581e+04 2.871092209099724410e-19
3.072112998861759115e+04 2.372412608069932447e-19
3.409285069746814406e+04 1.959287588254796027e-19
3.783462617131928710e+04 1.616946084972178811e-19
4.198707084443910571e+04 1.333403090529868918e-19
4.659525668664683326e+04 1.098797679983351193e-19
5.170920242896761192e+04 9.047022356883348480e-20
5.738441648302398244e+04 7.442011748714462226e-20
6.368249944718585903e+04 6.116030157024824060e-20
7.067181273927491566e+04 5.021539060546122703e-20
7.842822061337680498e+04 4.118795623187966891e-20
8.703591361485165544e+04 3.374354288705262906e-20
9.658832241158708348e+04 2.761711995042196819e-20
1.071891319205127511e+05 2.257726248690762212e-20
1.189534067370319535e+05 1.843690911929507577e-20
1.320088400831418112e+05 1.504095791697646978e-20
1.464971398307286145e+05 1.225897215787965869e-20
1.625755666443794908e+05 9.982575280793107438e-21
1.804186409392071655e+05 8.123672807994672326e-21
2.002200371815584658e+05 6.607233724643643526e-21
2.221946860939523904e+05 5.370818759305877473e-21
2.465811075822604180e+05 4.363625682899987325e-21
2.736439997074671555e+05 3.543076734370911916e-21
3.036771118035460822e+05 2.875064426876470726e-21
3.370064329271928291e+05 2.331553100345682204e-21
3.739937302478798083e+05 1.889312778772705138e-21
4.150404757850476308e+05 1.529676120658402874e-21
4.605922041145108524e+05 1.237601909489990554e-21
5.111433483440171112e+05 1.000204815433104547e-21
5.672426068491977639e+05 8.076398163332841659e-22
6.294988990221888525e+05 6.513216946519915972e-22
6.985879746785250027e+05 5.246647097965635055e-22
7.752597488629464060e+05 4.221254061745893381e-22
8.603464416684507160e+05 3.390581637829503267e-22
9.547716114208066138e+05 2.719605232621663080e-22
1.059560179277617019e+06 2.177316526160911036e-22
1.175849554052158026e+06 1.739862427358091690e-22
1.304901978014401859e+06 1.387462469503909483e-22
1.448118227674532915e+06 1.103864075475407722e-22
1.607052818261638284e+06 8.759415391617618670e-23
1.783430876931909472e+06 6.932211943503062937e-23
1.979166867853557458e+06 5.469723969233051625e-23
2.196385372416546568e+06 4.301708827899388362e-23
2.437444150122222025e+06 3.370721569530346033e-23
2.704959730463137385e+06 2.631014680108609222e-23
3.001835813575591892e+06 2.043945783685710033e-23
3.331294787934676744e+06 1.580285850837098554e-23
3.696912707195031922e+06 1.215203685095890880e-23
4.102658105827190448e+06 9.293249670901977999e-24
4.552935074866947718e+06 7.066020774742516881e-24
5.052631065335679799e+06 5.332881226521707438e-24
5.607169938205458224e+06 3.995564868793403414e-24
6.222570836730230600e+06 2.970873409666196990e-24
6.905513520162330940e+06 2.189955709981625755e-24
7.663410868007462472e+06 1.599263529829824335e-24
8.504489341802684590e+06 1.156363986859324725e-24
9.437878277775391936e+06 8.276372050574077546e-25
1.047370897959450819e+07 5.851105526009310764e-25
1.162322468679854274e+07 4.080313696005672038e-25
1.289890261253307760e+07 2.798580639734325565e-25
1.431458937523478456e+07 1.877207385002069501e-25
1.588565129428052530e+07 1.224038864763029755e-25
1.762914118095947802e+07 7.643570405531983849e-26
1.956398343517064676e+07 4.489027022252279624e-26
2.171117945694505423e+07 2.397925635131078455e-26
2.409403560239527002e+07 1.099726724642433106e-26
2.673841615839949250e+07 3.860898634316467376e-27
2.967302408188872784e+07 8.006488010267049202e-28
3.292971255097155273e+07 6.864495405520554340e-29
3.654383070957254618e+07 6.732045161891042104e-30
