1.000000000000000000e+02 8.758359184769396621e-18
1.109752496412072134e+02 7.605952796833794264e-18
1.231550603292826196e+02 6.568076067288276654e-18
1.366716356462005990e+02 5.652806057045347607e-18
1.516716888470922413e+02 4.838510298144254334e-18
1.683180353330956791e+02 4.121687592243090428e-18
1.867913599020782840e+02 3.488577303661279313e-18
2.072921779595371845e+02 2.933225564060855537e-18
2.300430119772916839e+02 2.447885608747092007e-18
2.552908068239516410e+02 2.028033962250378598e-18
2.833096101839323637e+02 1.664306521780802982e-18
3.144035471591500368e+02 1.356595997223411640e-18
3.489101213406774491e+02 1.094722091947704347e-18
3.872038781812557318e+02 8.747680067879793597e-19
4.297004704320843871e+02 6.926394855837722148e-19
4.768611697714468960e+02 5.433656695990767883e-19
5.291978735958442712e+02 4.223954998595867487e-19
5.872786613189482523e+02 3.256653911434340512e-19
6.517339604882420190e+02 2.494453735400149520e-19
7.232633896483533817e+02 1.901733781848976668e-19
8.026433522257173081e+02 1.446371210884455408e-19
8.907354638610439679e+02 1.101883958142426959e-19
9.884959046625587007e+02 8.427111327604094402e-20
1.096985797892383971e+03 6.496002102374533302e-20
1.217382727739662187e+03 5.056616704865062735e-20
1.350993521198027793e+03 3.985756412757868018e-20
1.499268432786045423e+03 3.180369889116196949e-20
1.663816886076128640e+03 2.562509449500227279e-20
1.846424942895544291e+03 2.089798654206536679e-20
2.049074689815845886e+03 1.704874964301566173e-20
2.273965752357927613e+03 1.404475478142677626e-20
2.523539170434765765e+03 1.144824787370840510e-20
2.800503894183631019e+03 9.400958358094479167e-21
3.107866187782013640e+03 7.632433782447559401e-21
3.448962260405759935e+03 6.156430412190578373e-21
3.827494478516314757e+03 4.937563803957907008e-21
4.247571552536898707e+03 3.930262226320558945e-21
4.713753134116724141e+03 3.105962674436906963e-21
5.231099308056262998e+03 2.437166147477160309e-21
5.805225516094896193e+03 1.901760515385594166e-21
6.442363508721369726e+03 1.478203104843713941e-21
7.149428986597576113e+03 1.146703913737880157e-21
7.934096665797491369e+03 8.914600651264852008e-22
8.804883581643463913e+03 6.955546049057877389e-22
9.771241535346502133e+03 5.472511279398201760e-22
1.084365968689610963e+04 4.348128511899580977e-22
1.203377840777589154e+04 3.499216149475639111e-22
1.335451562929898682e+04 2.859335677927679021e-22
1.482020705798858762e+04 2.364024892597342255e-22
1.644676177994664249e+04 1.976258054205310022e-22
1.825183494319044257e+04 1.668585148449901154e-22
2.025501939230666540e+04 1.416629048422634222e-22
2.247805833548725059e+04 1.208243182178634964e-22
2.494508135230316839e+04 1.032013483886652674e-22
2.768286630392066581e+04 8.818781393571966094e-23
3.072112998861759115e+04 7.530250524750381723e-23
3.409285069746814406e+04 6.416081705893052279e-23
3.783462617131928710e+04 5.455473886265140938e-23
4.198707084443910571e+04 4.624398480522125466e-23
4.659525668664683326e+04 3.908218974359502434e-23
5.170920242896761192e+04 3.289308674772841809e-23
5.738441648302398244e+04 2.754791055029151756e-23
6.368249944718585903e+04 2.292976959604632354e-23
7.067181273927491566e+04 1.894685875638171626e-23
7.842822061337680498e+04 1.549885269396569734e-23
8.703591361485165544e+04 1.251324240438223815e-23
9.658832241158708348e+04 9.947128791617900044e-24
1.071891319205127511e+05 7.752642491028948401e-24
1.189534067370319535e+05 5.899604829795298570e-24
1.320088400831418112e+05 4.370624994617752491e-24
1.464971398307286145e+05 3.145760828674105408e-24
1.625755666443794908e+05 2.201307050382346414e-24
1.804186409392071655e+05 1.512769742128809271e-24
2.002200371815584658e+05 1.032457200410517349e-24
2.221946860939523904e+05 7.190767931973612885e-25
2.465811075822604180e+05 5.189880838108236860e-25
2.736439997074671555e+05 3.875746764886345461e-25
3.036771118035460822e+05 2.949432833870804505e-25
3.370064329271928291e+05 2.256957795546262249e-25
3.739937302478798083e+05 1.722553065285242501e-25
4.150404757850476308e+05 1.307243938763359097e-25
4.605922041145108524e+05 9.857069501084458873e-26
5.111433483440171112e+05 7.380878727181286964e-26
5.672426068491977639e+05 5.488620934314889163e-26
6.294988990221888525e+05 4.057542088906100127e-26
6.985879746785250027e+05 2.985206579986435102e-26
7.752597488629464060e+05 2.187356029322776134e-26
8.603464416684507160e+05 1.599556160940522131e-26
9.547716114208066138e+05 1.169365485126247287e-26
1.059560179277617019e+06 8.558259741481311074e-27
1.175849554052158026e+06 6.277413476346284522e-27
1.304901978014401859e+06 4.613242952344047070e-27
1.448118227674532915e+06 3.390051435335524444e-27
1.607052818261638284e+06 2.484209454106405013e-27
1.783430876931909472e+06 1.808814091922800749e-27
1.979166867853557458e+06 1.302286690005695681e-27
2.196385372416546568e+06 9.226793195504932113e-28
2.437444150122222025e+06 6.404180712607098660e-28
2.704959730463137385e+06 4.324584225668158568e-28
3.001835813575591892e+06 2.822972433541885424e-28
3.331294787934676744e+06 1.766591087541357948e-28
3.696912707195031922e+06 1.050033467030532678e-28
4.102658105827190448e+06 5.897014171879593116e-29
4.552935074866947718e+06 3.126254810430585812e-29
5.052631065335679799e+06 1.599244865623486245e-29
5.607169938205458224e+06 8.308456298529656463e-30
6.222570836730230600e+06 4.582069461626757907e-30
6.905513520162330940e+06 2.527692307819171544e-30
7.663410868007462472e+06 1.158143555656784774e-30
8.504489341802684590e+06 2.210497696499899426e-31
