1.000000000000000000e+02 1.013607172633248482e-17
1.109752496412072134e+02 8.817080766208124536e-18
1.231550603292826196e+02 7.666328386234667742e-18
1.366716356462005990e+02 6.661515571895972945e-18
1.516716888470922413e+02 5.785777433037739149e-18
1.683180353330956791e+02 5.021659344661293602e-18
1.867913599020782840e+02 4.355588578948511824e-18
2.072921779595371845e+02 3.776099083040642643e-18
2.300430119772916839e+02 3.271185108829092650e-18
2.552908068239516410e+02 2.831338510738333432e-18
2.833096101839323637e+02 2.450969146559570609e-18
3.144035471591500368e+02 2.116769079589240121e-18
3.489101213406774491e+02 1.827862529075356388e-18
3.872038781812557318e+02 1.577469788803184907e-18
4.297004704320843871e+02 1.359571926896646126e-18
4.768611697714468960e+02 1.170863380915777931e-18
5.291978735958442712e+02 1.007579034343048707e-18
5.872786613189482523e+02 8.660620612257966514e-19
6.517339604882420190e+02 7.438429072279102271e-19
7.232633896483533817e+02 6.381748290301532620e-19
8.026433522257173081e+02 5.470069557018239282e-19
8.907354638610439679e+02 4.684604885113815247e-19
9.884959046625587007e+02 4.008353316787333310e-19
1.096985797892383971e+03 3.427028601713876222e-19
1.217382727739662187e+03 2.927603855088406248e-19
1.350993521198027793e+03 2.499330221216270575e-19
1.499268432786045423e+03 2.132361857379543478e-19
1.663816886076128640e+03 1.818333238301078258e-19
1.846424942895544291e+03 1.549581802033000371e-19
2.049074689815845886e+03 1.320047452875189769e-19
2.273965752357927613e+03 1.124024114540423798e-19
2.523539170434765765e+03 9.566653584055312762e-20
2.800503894183631019e+03 8.138770780590735924e-20
3.107866187782013640e+03 6.920771320155830406e-20
3.448962260405759935e+03 5.884030929742584248e-20
3.827494478516314757e+03 5.001177081150833214e-20
4.247571552536898707e+03 4.249180690821571982e-20
4.713753134116724141e+03 3.608385496413037666e-20
5.231099308056262998e+03 3.063128861985292700e-20
5.805225516094896193e+03 2.598716256342698200e-20
6.442363508721369726e+03 2.203503004433627743e-20
7.149428986597576113e+03 1.867570398068037644e-20
7.934096665797491369e+03 1.581449346782891452e-20
8.804883581643463913e+03 1.338532818235365818e-20
9.771241535346502133e+03 1.131874609692929506e-20
1.084365968689610963e+04 9.562490603979292010e-21
1.203377840777589154e+04 8.071531619426789693e-21
1.335451562929898682e+04 6.804903796293656151e-21
1.482020705798858762e+04 5.730982989887412418e-21
1.644676177994664249e+04 4.821049407888889517e-21
1.825183494319044257e+04 4.049218351425613213e-21
2.025501939230666540e+04 3.396192546886498251e-21
2.247805833548725059e+04 2.843622225099103317e-21
2.494508135230316839e+04 2.377124534078857346e-21
2.768286630392066581e+04 1.983308119544113631e-21
3.072112998861759115e+04 1.651260549627678910e-21
3.409285069746814406e+04 1.371769174912007929e-21
3.783462617131928710e+04 1.137112302067719771e-21
4.198707084443910571e+04 9.401288601813798957e-22
4.659525668664683326e+04 7.751838419358948260e-22
5.170920242896761192e+04 6.373787348467995056e-22
5.738441648302398244e+04 5.224447248746613388e-22
6.368249944718585903e+04 4.268560717824609493e-22
7.067181273927491566e+04 3.474573762201136741e-22
7.842822061337680498e+04 2.819248148747608572e-22
8.703591361485165544e+04 2.277700274879134373e-22
9.658832241158708348e+04 1.833634064683057546e-22
1.071891319205127511e+05 1.470800163506104331e-22
1.189534067370319535e+05 1.174828343983814989e-22
1.320088400831418112e+05 9.353229413683035445e-23
1.464971398307286145e+05 7.422567992280726173e-23
1.625755666443794908e+05 5.873323316467553448e-23
1.804186409392071655e+05 4.637965305160383063e-23
2.002200371815584658e+05 3.657547215589666163e-23
2.221946860939523904e+05 2.881426644616215503e-23
2.465811075822604180e+05 2.270592611747348168e-23
2.736439997074671555e+05 1.790423406866080503e-23
3.036771118035460822e+05 1.413057753634386871e-23
3.370064329271928291e+05 1.115895672497220452e-23
3.739937302478798083e+05 8.811602731529373814e-24
4.150404757850476308e+05 6.947919448469729809e-24
4.605922041145108524e+05 5.460798424433253440e-24
5.111433483440171112e+05 4.268318780135521513e-24
5.672426068491977639e+05 3.311503704278354720e-24
6.294988990221888525e+05 2.543971539971845056e-24
6.985879746785250027e+05 1.931536578190125922e-24
7.752597488629464060e+05 1.446006374173660674e-24
8.603464416684507160e+05 1.064309310858413851e-24
9.547716114208066138e+05 7.682686325041058616e-25
1.059560179277617019e+06 5.416357884983872495e-25
1.175849554052158026e+06 3.716293429572519622e-25
1.304901978014401859e+06 2.471588206804253646e-25
1.448118227674532915e+06 1.588454539329102280e-25
1.607052818261638284e+06 9.855782624643048346e-26
1.783430876931909472e+06 5.947216252822307639e-26
1.979166867853557458e+06 3.559263922117925388e-26
2.196385372416546568e+06 2.183681040267942866e-26
2.437444150122222025e+06 1.414829892456825125e-26
2.704959730463137385e+06 9.659283844213724309e-27
3.001835813575591892e+06 6.666131813670116989e-27
3.331294787934676744e+06 4.384177458436747526e-27
3.696912707195031922e+06 2.517787692113330229e-27
4.102658105827190448e+06 9.614536263483653322e-28
4.552935074866947718e+06 7.322752184297390680e-31
