1.000000000000000000e+02 2.199562097631785779e-16
1.109752496412072134e+02 1.886018192303039435e-16
1.231550603292826196e+02 1.616274951560970919e-16
1.366716356462005990e+02 1.385039609586041336e-16
1.516716888470922413e+02 1.187212703478526313e-16
1.683180353330956791e+02 1.017150198006456304e-16
1.867913599020782840e+02 8.709428689928719655e-17
2.072921779595371845e+02 7.456301214025641233e-17
2.300430119772916839e+02 6.383011624316275529e-17
2.552908068239516410e+02 5.461065663506905291e-17
2.833096101839323637e+02 4.668749247630247860e-17
3.144035471591500368e+02 3.989288073736677580e-17
3.489101213406774491e+02 3.404022807385317058e-17
3.872038781812557318e+02 2.902721423241118157e-17
4.297004704320843871e+02 2.471108225874958216e-17
4.768611697714468960e+02 2.100978240447063974e-17
5.291978735958442712e+02 1.782816017321833323e-17
5.872786613189482523e+02 1.510117437462418423e-17
6.517339604882420190e+02 1.275854951614510004e-17
7.232633896483533817e+02 1.075495345366938605e-17
8.026433522257173081e+02 9.036764760954611916e-18
8.907354638610439679e+02 7.567862799942103365e-18
9.884959046625587007e+02 6.319321515082375951e-18
1.096985797892383971e+03 5.255069133419190155e-18
1.217382727739662187e+03 4.352440433950158133e-18
1.350993521198027793e+03 3.589600914895794322e-18
1.499268432786045423e+03 2.946534524038644234e-18
1.663816886076128640e+03 2.408541652567303073e-18
1.846424942895544291e+03 1.958984288689326530e-18
2.049074689815845886e+03 1.587531550769542743e-18
2.273965752357927613e+03 1.281434182234915197e-18
2.523539170434765765e+03 1.032248443568961675e-18
2.800503894183631019e+03 8.304262762489143651e-19
3.107866187782013640e+03 6.686565335111534973e-19
3.448962260405759935e+03 5.399104939562548315e-19
3.827494478516314757e+03 4.376306031987189324e-19
4.247571552536898707e+03 3.561905569740632690e-19
4.713753134116724141e+03 2.910794715537026998e-19
5.231099308056262998e+03 2.387354573783849189e-19
5.805225516094896193e+03 1.964824282204216797e-19
6.442363508721369726e+03 1.622171401060897155e-19
7.149428986597576113e+03 1.343376877149860936e-19
7.934096665797491369e+03 1.115309699606459608e-19
8.804883581643463913e+03 9.275409738777434392e-20
9.771241535346502133e+03 7.718616221315132632e-20
1.084365968689610963e+04 6.424065610534691856e-20
1.203377840777589154e+04 5.342962306818609005e-20
1.335451562929898682e+04 4.442164897787961998e-20
1.482020705798858762e+04 3.689713561333964275e-20
1.644676177994664249e+04 3.061486581529981835e-20
1.825183494319044257e+04 2.537839029086161748e-20
2.025501939230666540e+04 2.101572052513125363e-20
2.247805833548725059e+04 1.738139195972930555e-20
2.494508135230316839e+04 1.436106534694715925e-20
2.768286630392066581e+04 1.184294638848143685e-20
3.072112998861759115e+04 9.753927714727522959e-21
3.409285069746814406e+04 8.020317154627288571e-21
3.783462617131928710e+04 6.584407142008962368e-21
4.198707084443910571e+04 5.395735626682366452e-21
4.659525668664683326e+04 4.413605333703152345e-21
5.170920242896761192e+04 3.603937213749779229e-21
5.738441648302398244e+04 2.937458159978975589e-21
6.368249944718585903e+04 2.390338602648007943e-21
7.067181273927491566e+04 1.940897372108316787e-21
7.842822061337680498e+04 1.573590785100608617e-21
8.703591361485165544e+04 1.273790933144167850e-21
9.658832241158708348e+04 1.029689512410634345e-21
1.071891319205127511e+05 8.311037670285517581e-22
1.189534067370319535e+05 6.700709821760779084e-22
1.320088400831418112e+05 5.397169153847649374e-22
1.464971398307286145e+05 4.342904999481264635e-22
1.625755666443794908e+05 3.490717526623151212e-22
1.804186409392071655e+05 2.802644250508608696e-22
2.002200371815584658e+05 2.247613713346584173e-22
2.221946860939523904e+05 1.800419036483156165e-22
2.465811075822604180e+05 1.440222119706280325e-22
2.736439997074671555e+05 1.150858983057732520e-22
3.036771118035460822e+05 9.184865068237200622e-23
3.370064329271928291e+05 7.319491582466754885e-23
3.739937302478798083e+05 5.824653561017211510e-23
4.150404757850476308e+05 4.628998100279722994e-23
4.605922041145108524e+05 3.674435055491628461e-23
5.111433483440171112e+05 2.911488509971790443e-23
5.672426068491977639e+05 2.303696660275385935e-23
6.294988990221888525e+05 1.819845377582326421e-23
6.985879746785250027e+05 1.435748915648827068e-23
7.752597488629464060e+05 1.130600807780328027e-23
8.603464416684507160e+05 8.890490098234916203e-24
9.547716114208066138e+05 6.978908432913654982e-24
1.059560179277617019e+06 5.469038844446511871e-24
1.175849554052158026e+06 4.278360435016303680e-24
1.304901978014401859e+06 3.341878777431866815e-24
1.448118227674532915e+06 2.604792678263024092e-24
1.607052818261638284e+06 2.026698577933611834e-24
1.783430876931909472e+06 1.574153513798104570e-24
1.979166867853557458e+06 1.220355643849962382e-24
2.196385372416546568e+06 9.441002006792483535e-25
2.437444150122222025e+06 7.291484426077950690e-25
2.704959730463137385e+06 5.618780352014037898e-25
3.001835813575591892e+06 4.320353203267264470e-25
3.331294787934676744e+06 3.315472332049876572e-25
3.696912707195031922e+06 2.538575089781380987e-25
4.102658105827190448e+06 1.939392746759646770e-25
4.552935074866947718e+06 1.478048301468109235e-25
5.052631065335679799e+06 1.123791438007577835e-25
5.607169938205458224e+06 8.522055325454979490e-26
6.222570836730230600e+06 6.446546795739610866e-26
6.905513520162330940e+06 4.862669566542716166e-26
7.663410868007462472e+06 3.657000201858622925e-26
8.504489341802684590e+06 2.741867430641238794e-26
9.437878277775391936e+06 2.049300256235026584e-26
1.047370897959450819e+07 1.526314736778013622e-26
1.162322468679854274e+07 1.132791518702334810e-26
1.289890261253307760e+07 8.372278647131461800e-27
1.431458937523478456e+07 6.161137250863925771e-27
1.588565129428052530e+07 4.515852103638789639e-27
1.762914118095947802e+07 3.290983793201769034e-27
1.956398343517064676e+07 2.386230734952136766e-27
2.171117945694505423e+07 1.719610551440614458e-27
2.409403560239527002e+07 1.230945671472663034e-27
2.673841615839949250e+07 8.745769299524607412e-28
2.967302408188872784e+07 6.161189395275385197e-28
3.292971255097155273e+07 4.298942977775030914e-28
3.654383070957254618e+07 2.965811644377770165e-28
4.055460735840827972e+07 2.021164548920031265e-28
4.500557675700496882e+07 1.355697809631568769e-28
4.994505115855139494e+07 8.940144709830179430e-29
5.542664520663107187e+07 5.769662115808888216e-29
6.150985788580504060e+07 3.628935102110245772e-29
6.826071834272393584e+07 2.210216508299183024e-29
7.575250258771920204e+07 1.292309983849444261e-29
8.406652885618332028e+07 7.155725558525027789e-30
9.329304026284696162e+07 3.666150722169264277e-30
1.035321843295663744e+08 1.651521686576790027e-30
1.148951000187308788e+08 5.665305454606261774e-31
1.275051240713012964e+08 7.814325998296072195e-32
