1.000000000000000000e+02 4.267776280523363625e-13
1.109752496412072134e+02 3.357614466600062998e-13
1.231550603292826196e+02 2.630456508279844056e-13
1.366716356462005990e+02 2.055611857001669810e-13
1.516716888470922413e+02 1.603283410245881749e-13
1.683180353330956791e+02 1.249691737500968739e-13
1.867913599020782840e+02 9.750959549638913071e-14
2.072921779595371845e+02 7.633807978100940885e-14
2.300430119772916839e+02 6.000895516156225389e-14
2.552908068239516410e+02 4.747198065616508071e-14
2.833096101839323637e+02 3.783459603598637100e-14
3.144035471591500368e+02 3.043059261667631448e-14
3.489101213406774491e+02 2.470762445838385882e-14
3.872038781812557318e+02 2.024840648100076654e-14
4.297004704320843871e+02 1.674401271372285076e-14
4.768611697714468960e+02 1.395455146992903018e-14
5.291978735958442712e+02 1.170755161847276568e-14
5.872786613189482523e+02 9.879409206258412491e-15
6.517339604882420190e+02 8.363204834046787629e-15
7.232633896483533817e+02 7.100424480633248129e-15
8.026433522257173081e+02 6.041501621077646870e-15
8.907354638610439679e+02 5.137542872322871669e-15
9.884959046625587007e+02 4.369948898490880830e-15
1.096985797892383971e+03 3.714956109955676107e-15
1.217382727739662187e+03 3.150873687477199541e-15
1.350993521198027793e+03 2.667558628776786909e-15
1.499268432786045423e+03 2.253132946437227511e-15
1.663816886076128640e+03 1.897843981351245133e-15
1.846424942895544291e+03 1.592603862315616759e-15
2.049074689815845886e+03 1.330972823202112924e-15
2.273965752357927613e+03 1.108619556411480555e-15
2.523539170434765765e+03 9.199626938754700743e-16
2.800503894183631019e+03 7.584776523767890769e-16
3.107866187782013640e+03 6.217656079237863789e-16
3.448962260405759935e+03 5.075670546315773249e-16
3.827494478516314757e+03 4.121955485504384896e-16
4.247571552536898707e+03 3.312462169810895638e-16
4.713753134116724141e+03 2.645423536920998534e-16
5.231099308056262998e+03 2.101184787538709190e-16
5.805225516094896193e+03 1.654017155102644188e-16
6.442363508721369726e+03 1.286153450393390709e-16
7.149428986597576113e+03 9.935354891856708110e-17
7.934096665797491369e+03 7.610802525325906421e-17
8.804883581643463913e+03 5.752896705545948409e-17
9.771241535346502133e+03 4.303686669131880646e-17
1.084365968689610963e+04 3.198096909302213979e-17
1.203377840777589154e+04 2.350781393315241061e-17
1.335451562929898682e+04 1.706059717588156152e-17
1.482020705798858762e+04 1.228295255142980610e-17
1.644676177994664249e+04 8.798812782761951980e-18
1.825183494319044257e+04 6.251119192539800802e-18
2.025501939230666540e+04 4.407542280099997436e-18
2.247805833548725059e+04 3.091348724464113314e-18
2.494508135230316839e+04 2.157091356730632820e-18
2.768286630392066581e+04 1.495200046956147033e-18
3.072112998861759115e+04 1.030134178944931923e-18
3.409285069746814406e+04 7.078717827586697689e-19
3.783462617131928710e+04 4.895544952914114046e-19
4.198707084443910571e+04 3.444156898005557415e-19
4.659525668664683326e+04 2.493833070881340231e-19
5.170920242896761192e+04 1.870303974331690602e-19
5.738441648302398244e+04 1.446382073060007792e-19
6.368249944718585903e+04 1.141720500380278928e-19
7.067181273927491566e+04 9.112034962307152374e-20
7.842822061337680498e+04 7.312596039517544540e-20
8.703591361485165544e+04 5.879608603606336384e-20
9.658832241158708348e+04 4.726429238246555188e-20
1.071891319205127511e+05 3.796338356611370772e-20
1.189534067370319535e+05 3.045777370193617835e-20
1.320088400831418112e+05 2.440646651766847043e-20
1.464971398307286145e+05 1.952820459641379901e-20
1.625755666443794908e+05 1.560230567902989932e-20
1.804186409392071655e+05 1.245033613229035817e-20
2.002200371815584658e+05 9.913724124804543087e-21
2.221946860939523904e+05 7.884050670297671158e-21
2.465811075822604180e+05 6.258321133111622739e-21
2.736439997074671555e+05 4.957838476050905687e-21
3.036771118035460822e+05 3.919892493685049991e-21
3.370064329271928291e+05 3.092667913605436338e-21
3.739937302478798083e+05 2.434615632292298016e-21
4.150404757850476308e+05 1.912118328280574600e-21
4.605922041145108524e+05 1.497630560187785167e-21
5.111433483440171112e+05 1.170073721791037860e-21
5.672426068491977639e+05 9.113040891855341230e-22
6.294988990221888525e+05 7.077444794885936773e-22
6.985879746785250027e+05 5.477470204140370549e-22
7.752597488629464060e+05 4.224672006535068507e-22
8.603464416684507160e+05 3.247542165721260525e-22
9.547716114208066138e+05 2.485608221856363910e-22
1.059560179277617019e+06 1.894544649059373714e-22
1.175849554052158026e+06 1.437605781984029405e-22
1.304901978014401859e+06 1.085703030491534784e-22
1.448118227674532915e+06 8.156134770261336954e-23
1.607052818261638284e+06 6.092929388336664413e-23
1.783430876931909472e+06 4.525239944309172574e-23
1.979166867853557458e+06 3.336411469516441965e-23
2.196385372416546568e+06 2.447205175302179855e-23
2.437444150122222025e+06 1.774645449993835843e-23
2.704959730463137385e+06 1.278095408505069517e-23
3.001835813575591892e+06 9.143469111523396148e-24
3.331294787934676744e+06 6.430351909886985130e-24
3.696912707195031922e+06 4.475534566899626156e-24
4.102658105827190448e+06 3.069092212363858016e-24
4.552935074866947718e+06 2.068980296799334702e-24
5.052631065335679799e+06 1.366401947503802298e-24
5.607169938205458224e+06 8.812097571039277798e-25
6.222570836730230600e+06 5.521466862786042567e-25
6.905513520162330940e+06 3.343035629823878194e-25
7.663410868007462472e+06 1.944430780326330052e-25
8.504489341802684590e+06 1.077914936834880782e-25
9.437878277775391936e+06 5.647470179985533523e-26
1.047370897959450819e+07 2.776051918160071568e-26
1.162322468679854274e+07 1.270572597433019932e-26
1.289890261253307760e+07 5.371292298850415304e-27
1.431458937523478456e+07 2.072280094049094306e-27
1.588565129428052530e+07 7.192120989002031921e-28
1.762914118095947802e+07 2.222308964738954076e-28
1.956398343517064676e+07 6.033183693380109356e-29
2.171117945694505423e+07 1.419755303680216506e-29
2.409403560239527002e+07 2.854932870196075210e-30
2.673841615839949250e+07 4.836783291834720685e-31
2.967302408188872784e+07 6.802302243772601082e-32
3.292971255097155273e+07 7.822026710608508566e-33
3.654383070957254618e+07 7.241107925578326777e-34
4.055460735840827972e+07 5.307990007673864560e-35
4.500557675700496882e+07 3.024708759700003492e-36
4.994505115855139494e+07 1.311653964550753294e-37
5.542664520663107187e+07 4.223845381063547725e-39
6.150985788580504060e+07 9.801800369365334103e-41
6.826071834272393584e+07 1.586217700470411784e-42
7.575250258771920204e+07 1.732799974386328025e-44
8.406652885618332028e+07 1.230845068185461906e-46
9.329304026284696162e+07 5.439759247755782855e-49
1.035321843295663744e+08 1.416610742103315973e-51
1.148951000187308788e+08 2.030897239026450334e-54
1.275051240713012964e+08 1.480264237553151354e-57
1.414991297434575856e+08 5.024045659661927668e-61
1.570290124729377627e+08 7.200649758021608524e-65
1.742633386009651124e+08 3.847469650858247876e-69
1.933891750455232263e+08 6.579605131075979402e-74
2.146141197858406007e+08 2.851953665636432140e-79
2.381685551976160705e+08 7.330309862757221663e-86
2.643081486974108517e+08 1.149000049876338830e-108
