1.000000000000000000e+02 1.615803350078725296e-12
1.109752496412072134e+02 1.394769222876230014e-12
1.231550603292826196e+02 1.203265104575890629e-12
1.366716356462005990e+02 1.037307389151297321e-12
1.516716888470922413e+02 8.937613611972660633e-13
1.683180353330956791e+02 7.694015928527936254e-13
1.867913599020782840e+02 6.619655536388321497e-13
2.072921779595371845e+02 5.690080255268083168e-13
2.300430119772916839e+02 4.887911171791111335e-13
2.552908068239516410e+02 4.194688611245260996e-13
2.833096101839323637e+02 3.597210657720620654e-13
3.144035471591500368e+02 3.081390789929956554e-13
3.489101213406774491e+02 2.637673322431783739e-13
3.872038781812557318e+02 2.255217389900628300e-13
4.297004704320843871e+02 1.926771171906061630e-13
4.768611697714468960e+02 1.644159971292687333e-13
5.291978735958442712e+02 1.401814478160830564e-13
5.872786613189482523e+02 1.193747152409850318e-13
6.517339604882420190e+02 1.015576927178159254e-13
7.232633896483533817e+02 8.631339436843147289e-14
8.026433522257173081e+02 7.327607366484570872e-14
8.907354638610439679e+02 6.215347778250914011e-14
9.884959046625587007e+02 5.266112372931154945e-14
1.096985797892383971e+03 4.457481674351777710e-14
1.217382727739662187e+03 3.769097127284834811e-14
1.350993521198027793e+03 3.185209358913000770e-14
1.499268432786045423e+03 2.688638009047486868e-14
1.663816886076128640e+03 2.268062002984487971e-14
1.846424942895544291e+03 1.911712036819215568e-14
2.049074689815845886e+03 1.610464305931771338e-14
2.273965752357927613e+03 1.355677172470013591e-14
2.523539170434765765e+03 1.140572240731198550e-14
2.800503894183631019e+03 9.590530778992606401e-15
3.107866187782013640e+03 8.060264153051828900e-15
3.448962260405759935e+03 6.769983054881913691e-15
3.827494478516314757e+03 5.683245732018635283e-15
4.247571552536898707e+03 4.768401906049827521e-15
4.713753134116724141e+03 3.998524828833098072e-15
5.231099308056262998e+03 3.351508987609154770e-15
5.805225516094896193e+03 2.807219818149157505e-15
6.442363508721369726e+03 2.349607669322236307e-15
7.149428986597576113e+03 1.965668121405592551e-15
7.934096665797491369e+03 1.643053574844438101e-15
8.804883581643463913e+03 1.372627951158495049e-15
9.771241535346502133e+03 1.145814400455781321e-15
1.084365968689610963e+04 9.557966844480445517e-16
1.203377840777589154e+04 7.966831353536773933e-16
1.335451562929898682e+04 6.635337531451822873e-16
1.482020705798858762e+04 5.523193433340550321e-16
1.644676177994664249e+04 4.593546986994610361e-16
1.825183494319044257e+04 3.817665877245042543e-16
2.025501939230666540e+04 3.170920239403013257e-16
2.247805833548725059e+04 2.631554246757569238e-16
2.494508135230316839e+04 2.182764214707195809e-16
2.768286630392066581e+04 1.809714951480785963e-16
3.072112998861759115e+04 1.499329175904094205e-16
3.409285069746814406e+04 1.241522582218955321e-16
3.783462617131928710e+04 1.027408365244724461e-16
4.198707084443910571e+04 8.498313572885185430e-17
4.659525668664683326e+04 7.025150530258003250e-17
5.170920242896761192e+04 5.804631408590036273e-17
5.738441648302398244e+04 4.794001770960178372e-17
6.368249944718585903e+04 3.956538586974848396e-17
7.067181273927491566e+04 3.263719211677674534e-17
7.842822061337680498e+04 2.690691681583362303e-17
8.703591361485165544e+04 2.216328822226719247e-17
9.658832241158708348e+04 1.824563077725640250e-17
1.071891319205127511e+05 1.501157538054397943e-17
1.189534067370319535e+05 1.234028456045924539e-17
1.320088400831418112e+05 1.013600519640794705e-17
1.464971398307286145e+05 8.318035260147290471e-18
1.625755666443794908e+05 6.820495362912878091e-18
1.804186409392071655e+05 5.587281783047442110e-18
2.002200371815584658e+05 4.572775113369754394e-18
2.221946860939523904e+05 3.738708963960659422e-18
2.465811075822604180e+05 3.053434745151967337e-18
2.736439997074671555e+05 2.491064692293260976e-18
3.036771118035460822e+05 2.030664006365644663e-18
3.370064329271928291e+05 1.653547971309807352e-18
3.739937302478798083e+05 1.345191364861997937e-18
4.150404757850476308e+05 1.093517420935968309e-18
4.605922041145108524e+05 8.880147701148040112e-19
5.111433483440171112e+05 7.205952283023494576e-19
5.672426068491977639e+05 5.842021141374975808e-19
6.294988990221888525e+05 4.732200740004488068e-19
6.985879746785250027e+05 3.829272042395995844e-19
7.752597488629464060e+05 3.095779176332274965e-19
8.603464416684507160e+05 2.499729890229171656e-19
9.547716114208066138e+05 2.015968504684781757e-19
1.059560179277617019e+06 1.623984786717086923e-19
1.175849554052158026e+06 1.306449299494557100e-19
1.304901978014401859e+06 1.049544660990304990e-19
1.448118227674532915e+06 8.416581372086828254e-20
1.607052818261638284e+06 6.742053366544593199e-20
1.783430876931909472e+06 5.388550819508634356e-20
1.979166867853557458e+06 4.298322315495235855e-20
2.196385372416546568e+06 3.423001867485246503e-20
2.437444150122222025e+06 2.719759866971992649e-20
2.704959730463137385e+06 2.155718097927981909e-20
3.001835813575591892e+06 1.704945280795333074e-20
3.331294787934676744e+06 1.345316541120831489e-20
3.696912707195031922e+06 1.058378578257536514e-20
4.102658105827190448e+06 8.306757902119879645e-21
4.552935074866947718e+06 6.502566815292141129e-21
5.052631065335679799e+06 5.073800631879405570e-21
5.607169938205458224e+06 3.948574038999108322e-21
6.222570836730230600e+06 3.063056361847197585e-21
6.905513520162330940e+06 2.367447663359137836e-21
7.663410868007462472e+06 1.823139576325206578e-21
8.504489341802684590e+06 1.398526075471764108e-21
9.437878277775391936e+06 1.068071266002180017e-21
1.047370897959450819e+07 8.117713400285533145e-22
1.162322468679854274e+07 6.141295194541960367e-22
1.289890261253307760e+07 4.621485586953951309e-22
1.431458937523478456e+07 3.462749581261109961e-22
1.588565129428052530e+07 2.584760595400973522e-22
1.762914118095947802e+07 1.923174596441079354e-22
1.956398343517064676e+07 1.426220464952289172e-22
2.171117945694505423e+07 1.056364932637858825e-22
2.409403560239527002e+07 7.802663704334624490e-23
2.673841615839949250e+07 5.750195431193730018e-23
2.967302408188872784e+07 4.232708158143513827e-23
3.292971255097155273e+07 3.109599931757900781e-23
3.654383070957254618e+07 2.280763577280567032e-23
4.055460735840827972e+07 1.669159566645101302e-23
4.500557675700496882e+07 1.219275919941722333e-23
4.994505115855139494e+07 8.884860651969486962e-24
5.542664520663107187e+07 6.455920111655063260e-24
6.150985788580504060e+07 4.655329064412266384e-24
6.826071834272393584e+07 3.332839180902865110e-24
7.575250258771920204e+07 2.344791473639045678e-24
8.406652885618332028e+07 1.604386314082444609e-24
9.329304026284696162e+07 1.056501485326587260e-24
1.035321843295663744e+08 6.590048252546406455e-25
1.148951000187308788e+08 3.818819934599159187e-25
1.275051240713012964e+08 2.019684593205250732e-25
1.414991297434575856e+08 9.691987456681824807e-26
1.570290124729377627e+08 4.230861883073405069e-26
1.742633386009651124e+08 1.358411251809653449e-26
1.933891750455232263e+08 1.785581631446998835e-27
2.146141197858406007e+08 1.098123905597779435e-28
2.381685551976160705e+08 2.174153159740954826e-30
2.643081486974108517e+08 6.090350867060614948e-33
2.933166278390048146e+08 7.500847511743169257e-38
