1.000000000000000000e+02 2.034663943890752567e-13
1.109752496412072134e+02 1.804118232700347285e-13
1.231550603292826196e+02 1.598877770906076077e-13
1.366716356462005990e+02 1.416441849859065396e-13
1.516716888470922413e+02 1.254164744582994850e-13
1.683180353330956791e+02 1.109813154907351543e-13
1.867913599020782840e+02 9.816329899300275409e-14
2.072921779595371845e+02 8.676799867005350496e-14
2.300430119772916839e+02 7.665859716885664098e-14
2.552908068239516410e+02 6.767148094699037290e-14
2.833096101839323637e+02 5.971397658391519151e-14
3.144035471591500368e+02 5.264378837361082595e-14
3.489101213406774491e+02 4.639021501172900245e-14
3.872038781812557318e+02 4.084071400652427434e-14
4.297004704320843871e+02 3.593714837211441555e-14
4.768611697714468960e+02 3.158695873082553135e-14
5.291978735958442712e+02 2.775208065099798891e-14
5.872786613189482523e+02 2.435395532267267286e-14
6.517339604882420190e+02 2.136097445776089214e-14
7.232633896483533817e+02 1.871615839459354997e-14
8.026433522257173081e+02 1.638566882825533835e-14
8.907354638610439679e+02 1.433270517894536813e-14
9.884959046625587007e+02 1.252728836962982424e-14
1.096985797892383971e+03 1.093798444912621377e-14
1.217382727739662187e+03 9.542215863176149473e-15
1.350993521198027793e+03 8.317074086608986072e-15
1.499268432786045423e+03 7.242800043325465299e-15
1.663816886076128640e+03 6.302512054975564596e-15
1.846424942895544291e+03 5.478344758369020339e-15
2.049074689815845886e+03 4.758673731573148581e-15
2.273965752357927613e+03 4.129563179400414647e-15
2.523539170434765765e+03 3.581065008413560232e-15
2.800503894183631019e+03 3.102013992708564728e-15
3.107866187782013640e+03 2.685661906979528105e-15
3.448962260405759935e+03 2.322416941631660310e-15
3.827494478516314757e+03 2.006933386394116245e-15
4.247571552536898707e+03 1.732895606889799739e-15
4.713753134116724141e+03 1.494564534559598426e-15
5.231099308056262998e+03 1.288233675875211158e-15
5.805225516094896193e+03 1.109228862472615570e-15
6.442363508721369726e+03 9.540294242359424083e-16
7.149428986597576113e+03 8.198042483116990731e-16
7.934096665797491369e+03 7.035975820362352567e-16
8.804883581643463913e+03 6.031830141333206498e-16
9.771241535346502133e+03 5.164936627080642020e-16
1.084365968689610963e+04 4.416987903445677673e-16
1.203377840777589154e+04 3.771411961260279276e-16
1.335451562929898682e+04 3.215925740136720693e-16
1.482020705798858762e+04 2.738447673172071805e-16
1.644676177994664249e+04 2.327938966080072859e-16
1.825183494319044257e+04 1.975407517886450128e-16
2.025501939230666540e+04 1.674210062811426835e-16
2.247805833548725059e+04 1.415598564599608056e-16
2.494508135230316839e+04 1.194907524318492786e-16
2.768286630392066581e+04 1.007318929179624607e-16
3.072112998861759115e+04 8.470788429348647136e-17
3.409285069746814406e+04 7.110759190354512956e-17
3.783462617131928710e+04 5.959965378794800382e-17
4.198707084443910571e+04 4.984701479237101495e-17
4.659525668664683326e+04 4.161034055114059895e-17
5.170920242896761192e+04 3.468217878700959370e-17
5.738441648302398244e+04 2.885332707817395049e-17
6.368249944718585903e+04 2.396159010841262951e-17
7.067181273927491566e+04 1.986697516645053132e-17
7.842822061337680498e+04 1.644562183873182758e-17
8.703591361485165544e+04 1.359056217595951172e-17
9.658832241158708348e+04 1.121579701243561870e-17
1.071891319205127511e+05 9.241025746486502624e-18
1.189534067370319535e+05 7.604136029782944656e-18
1.320088400831418112e+05 6.248399275902475650e-18
1.464971398307286145e+05 5.127030169000846949e-18
1.625755666443794908e+05 4.200915806724249926e-18
1.804186409392071655e+05 3.437386949209232306e-18
2.002200371815584658e+05 2.808482214155162258e-18
2.221946860939523904e+05 2.291260311115910908e-18
2.465811075822604180e+05 1.866115520303727954e-18
2.736439997074671555e+05 1.517313678413623885e-18
3.036771118035460822e+05 1.231530037449714457e-18
3.370064329271928291e+05 9.977214663832208020e-19
3.739937302478798083e+05 8.068457478123672031e-19
4.150404757850476308e+05 6.512908673963700112e-19
4.605922041145108524e+05 5.247018161486381394e-19
5.111433483440171112e+05 4.219296252795429304e-19
5.672426068491977639e+05 3.387367421657143494e-19
6.294988990221888525e+05 2.715008835043203969e-19
6.985879746785250027e+05 2.173107720112828332e-19
7.752597488629464060e+05 1.736301884190511990e-19
8.603464416684507160e+05 1.385632941437825187e-19
9.547716114208066138e+05 1.104382202425432786e-19
1.059560179277617019e+06 8.789904560935804537e-20
1.175849554052158026e+06 6.987302761240561409e-20
1.304901978014401859e+06 5.547472940245769978e-20
1.448118227674532915e+06 4.398123862053334778e-20
1.607052818261638284e+06 3.481795683875572378e-20
1.783430876931909472e+06 2.752091899188021679e-20
1.979166867853557458e+06 2.171827091129212971e-20
2.196385372416546568e+06 1.710941292803385037e-20
2.437444150122222025e+06 1.345616555158469866e-20
2.704959730463137385e+06 1.056095964265766848e-20
3.001835813575591892e+06 8.273794923715792666e-21
3.331294787934676744e+06 6.465278267202888294e-21
3.696912707195031922e+06 5.041069620313147587e-21
4.102658105827190448e+06 3.920577597777456841e-21
4.552935074866947718e+06 3.041430999879035825e-21
5.052631065335679799e+06 2.351853275456382134e-21
5.607169938205458224e+06 1.813071173256509435e-21
6.222570836730230600e+06 1.393250763699406294e-21
6.905513520162330940e+06 1.066489959178635380e-21
7.663410868007462472e+06 8.132562561080185539e-22
8.504489341802684590e+06 6.179124042322221184e-22
9.437878277775391936e+06 4.670993399034463150e-22
1.047370897959450819e+07 3.515583062494571277e-22
1.162322468679854274e+07 2.633677411187095518e-22
1.289890261253307760e+07 1.962629292724799953e-22
1.431458937523478456e+07 1.454282751075066281e-22
1.588565129428052530e+07 1.071335171186039049e-22
1.762914118095947802e+07 7.838459676877346589e-23
1.956398343517064676e+07 5.686275721372689569e-23
2.171117945694505423e+07 4.080002548980830002e-23
2.409403560239527002e+07 2.890367576088401024e-23
2.673841615839949250e+07 2.019540834699758632e-23
2.967302408188872784e+07 1.394538302225972940e-23
3.292971255097155273e+07 9.537626490437034327e-24
3.654383070957254618e+07 6.477434452957601887e-24
4.055460735840827972e+07 4.383663194201090202e-24
4.500557675700496882e+07 2.971048061184363396e-24
4.994505115855139494e+07 2.031895732261752557e-24
5.542664520663107187e+07 1.413433113390808078e-24
6.150985788580504060e+07 1.004882882160970589e-24
6.826071834272393584e+07 7.296600380486787022e-25
7.575250258771920204e+07 5.387804782666612026e-25
8.406652885618332028e+07 4.022853915467716218e-25
9.329304026284696162e+07 3.021400725203192581e-25
1.035321843295663744e+08 2.268654770084414981e-25
1.148951000187308788e+08 1.698691651829203510e-25
1.275051240713012964e+08 1.267561884868132956e-25
1.414991297434575856e+08 9.420583079547983229e-26
1.570290124729377627e+08 6.969789891923477283e-26
1.742633386009651124e+08 5.126130432381561269e-26
1.933891750455232263e+08 3.740999896393757939e-26
2.146141197858406007e+08 2.702773625696522940e-26
2.381685551976160705e+08 1.924305074061333365e-26
2.643081486974108517e+08 1.343028616246463404e-26
2.933166278390048146e+08 9.105179731234754809e-27
3.255088599835056663e+08 5.902616334812435588e-27
3.612342699709430337e+08 3.560581794735072283e-27
4.008806328898465633e+08 1.910783950748752096e-27
4.448782831127585173e+08 8.437062064072720931e-28
4.937047852839003801e+08 2.339197841454014424e-28
5.478901179593944550e+08 7.085060369928138321e-30
