1.000000000000000000e+02 1.076830299346545227e-12
1.109752496412072134e+02 8.763897338527848980e-13
1.231550603292826196e+02 7.143576455888132630e-13
1.366716356462005990e+02 5.777807908974514428e-13
1.516716888470922413e+02 4.682372488554782500e-13
1.683180353330956791e+02 3.765307186247416342e-13
1.867913599020782840e+02 3.033588898616443160e-13
2.072921779595371845e+02 2.428430362432409176e-13
2.300430119772916839e+02 1.949265443738437322e-13
2.552908068239516410e+02 1.558122380628458427e-13
2.833096101839323637e+02 1.249031633022639786e-13
3.144035471591500368e+02 1.001361521477524122e-13
3.489101213406774491e+02 8.063707697029465389e-14
3.872038781812557318e+02 6.509635747802413796e-14
4.297004704320843871e+02 5.280898536371543774e-14
4.768611697714468960e+02 4.304258552317162510e-14
5.291978735958442712e+02 3.536298956593244705e-14
5.872786613189482523e+02 2.920580048298965790e-14
6.517339604882420190e+02 2.430075418138941868e-14
7.232633896483533817e+02 2.033422582546462236e-14
8.026433522257173081e+02 1.712067644246916166e-14
8.907354638610439679e+02 1.447448960961082801e-14
9.884959046625587007e+02 1.229125035387404959e-14
1.096985797892383971e+03 1.046310681654877881e-14
1.217382727739662187e+03 8.934816883928169237e-15
1.350993521198027793e+03 7.633728371184213333e-15
1.499268432786045423e+03 6.526618784003124127e-15
1.663816886076128640e+03 5.581376709129000321e-15
1.846424942895544291e+03 4.769323185685914734e-15
2.049074689815845886e+03 4.071012642269976618e-15
2.273965752357927613e+03 3.473693307613384205e-15
2.523539170434765765e+03 2.956556292710066896e-15
2.800503894183631019e+03 2.512726635994095221e-15
3.107866187782013640e+03 2.130523375861216352e-15
3.448962260405759935e+03 1.802402299715984280e-15
3.827494478516314757e+03 1.520684064403116431e-15
4.247571552536898707e+03 1.278340851796934646e-15
4.713753134116724141e+03 1.073174806553452470e-15
5.231099308056262998e+03 8.972506630418942082e-16
5.805225516094896193e+03 7.470799582492019199e-16
6.442363508721369726e+03 6.201791297218838443e-16
7.149428986597576113e+03 5.130258181704718552e-16
7.934096665797491369e+03 4.225430023769962823e-16
8.804883581643463913e+03 3.460744322919691569e-16
9.771241535346502133e+03 2.823255188112975124e-16
1.084365968689610963e+04 2.292650664287183875e-16
1.203377840777589154e+04 1.852596271680409658e-16
1.335451562929898682e+04 1.488767955152857188e-16
1.482020705798858762e+04 1.189504810727627523e-16
1.644676177994664249e+04 9.438800686983520967e-17
1.825183494319044257e+04 7.440219396808351651e-17
2.025501939230666540e+04 5.819575153065108671e-17
2.247805833548725059e+04 4.512966635053993201e-17
2.494508135230316839e+04 3.467939719903094112e-17
2.768286630392066581e+04 2.636966315278152064e-17
3.072112998861759115e+04 1.983385665671616526e-17
3.409285069746814406e+04 1.475535726683745694e-17
3.783462617131928710e+04 1.087833453182028179e-17
4.198707084443910571e+04 7.983736668672445356e-18
4.659525668664683326e+04 5.873280646770862892e-18
5.170920242896761192e+04 4.371174404541238801e-18
5.738441648302398244e+04 3.317565965917446791e-18
6.368249944718585903e+04 2.577834850817574479e-18
7.067181273927491566e+04 2.047339682261402430e-18
7.842822061337680498e+04 1.652488373258165426e-18
8.703591361485165544e+04 1.347631654678688897e-18
9.658832241158708348e+04 1.105878427748130818e-18
1.071891319205127511e+05 9.106137335147923502e-19
1.189534067370319535e+05 7.511151271007840896e-19
1.320088400831418112e+05 6.197566405834473622e-19
1.464971398307286145e+05 5.112953707572394755e-19
1.625755666443794908e+05 4.213811482540058902e-19
1.804186409392071655e+05 3.469472206214374137e-19
2.002200371815584658e+05 2.852753762976000374e-19
2.221946860939523904e+05 2.342306980631506781e-19
2.465811075822604180e+05 1.919921899671933246e-19
2.736439997074671555e+05 1.570845931571728366e-19
3.036771118035460822e+05 1.283277361760559572e-19
3.370064329271928291e+05 1.046457215894682387e-19
3.739937302478798083e+05 8.518183239314363949e-20
4.150404757850476308e+05 6.922562148168418533e-20
4.605922041145108524e+05 5.617502285739699674e-20
5.111433483440171112e+05 4.551119458771357955e-20
5.672426068491977639e+05 3.679893782912661691e-20
6.294988990221888525e+05 2.969718788313188803e-20
6.985879746785250027e+05 2.391684509954363145e-20
7.752597488629464060e+05 1.921360120708655661e-20
8.603464416684507160e+05 1.540117170467440830e-20
9.547716114208066138e+05 1.231136435398463655e-20
1.059560179277617019e+06 9.814615589893431666e-21
1.175849554052158026e+06 7.799757085169519665e-21
1.304901978014401859e+06 6.179095192256619681e-21
1.448118227674532915e+06 4.878335813047899121e-21
1.607052818261638284e+06 3.837868674728635970e-21
1.783430876931909472e+06 3.001015814654211411e-21
1.979166867853557458e+06 2.334361517594196917e-21
2.196385372416546568e+06 1.806708470594312410e-21
2.437444150122222025e+06 1.391425953649756250e-21
2.704959730463137385e+06 1.067151267391817558e-21
3.001835813575591892e+06 8.134262483235787561e-22
3.331294787934676744e+06 6.151559568865570726e-22
3.696912707195031922e+06 4.619196113621762195e-22
4.102658105827190448e+06 3.443837107392800090e-22
4.552935074866947718e+06 2.547377721535800404e-22
5.052631065335679799e+06 1.869373194638265100e-22
5.607169938205458224e+06 1.360541961123459500e-22
6.222570836730230600e+06 9.821276404010154318e-23
6.905513520162330940e+06 7.025398543169208658e-23
7.663410868007462472e+06 4.981348108274885238e-23
8.504489341802684590e+06 3.494510820317918486e-23
9.437878277775391936e+06 2.418119909625799316e-23
1.047370897959450819e+07 1.644141017471742270e-23
1.162322468679854274e+07 1.087812814295603076e-23
1.289890261253307760e+07 6.978496996670671435e-24
1.431458937523478456e+07 4.245164645302901457e-24
1.588565129428052530e+07 2.397673605915142113e-24
1.762914118095947802e+07 1.203516171967703737e-24
1.956398343517064676e+07 5.091076810051887122e-25
2.171117945694505423e+07 1.608241641062704438e-25
2.409403560239527002e+07 3.280009351835566331e-26
2.673841615839949250e+07 4.540108037887198572e-27
2.967302408188872784e+07 2.809740082665640566e-28
3.292971255097155273e+07 4.281802681038601809e-35
3.654383070957254618e+07 3.021115386641935828e-89
