1.000000000000000000e+02 1.936867433556862974e-17
1.109752496412072134e+02 1.597074019438358524e-17
1.231550603292826196e+02 1.309360377994024835e-17
1.366716356462005990e+02 1.064867778872793273e-17
1.516716888470922413e+02 8.617989906820494217e-18
1.683180353330956791e+02 6.919467264553553331e-18
1.867913599020782840e+02 5.536535765163656540e-18
2.072921779595371845e+02 4.402474759102116589e-18
2.300430119772916839e+02 3.487641519715436300e-18
2.552908068239516410e+02 2.744313853846105563e-18
2.833096101839323637e+02 2.163988444514393208e-18
3.144035471591500368e+02 1.707869259069303840e-18
3.489101213406774491e+02 1.344601885447276898e-18
3.872038781812557318e+02 1.069531567718730956e-18
4.297004704320843871e+02 8.540828446965421748e-19
4.768611697714468960e+02 6.900040684099043207e-19
5.291978735958442712e+02 5.626707599091459982e-19
5.872786613189482523e+02 4.641472180384734744e-19
6.517339604882420190e+02 3.871975519057656317e-19
7.232633896483533817e+02 3.260567371792812561e-19
8.026433522257173081e+02 2.772589959266447779e-19
8.907354638610439679e+02 2.372828134591493624e-19
9.884959046625587007e+02 2.040711600842266125e-19
1.096985797892383971e+03 1.761550830251255483e-19
1.217382727739662187e+03 1.523480590385804312e-19
1.350993521198027793e+03 1.319218054375470184e-19
1.499268432786045423e+03 1.142294144471368943e-19
1.663816886076128640e+03 9.886894776912444547e-20
1.846424942895544291e+03 8.548070656596099497e-20
2.049074689815845886e+03 7.376443053619560248e-20
2.273965752357927613e+03 6.358084180370849025e-20
2.523539170434765765e+03 5.463460211505866877e-20
2.800503894183631019e+03 4.685928335660418038e-20
3.107866187782013640e+03 4.009387911384756975e-20
3.448962260405759935e+03 3.418495925118484348e-20
3.827494478516314757e+03 2.903517626467358091e-20
4.247571552536898707e+03 2.459834440849416885e-20
4.713753134116724141e+03 2.075426841329095035e-20
5.231099308056262998e+03 1.744178980707495732e-20
5.805225516094896193e+03 1.460000179302151009e-20
6.442363508721369726e+03 1.217253143833089436e-20
7.149428986597576113e+03 1.010289243041922042e-20
7.934096665797491369e+03 8.351745081185491221e-21
8.804883581643463913e+03 6.880223591593261090e-21
9.771241535346502133e+03 5.645653653889406560e-21
1.084365968689610963e+04 4.616600024488134830e-21
1.203377840777589154e+04 3.765923242700941663e-21
1.335451562929898682e+04 3.066181607462383372e-21
1.482020705798858762e+04 2.490820776846277403e-21
1.644676177994664249e+04 2.020976291877872787e-21
1.825183494319044257e+04 1.637203201299723581e-21
2.025501939230666540e+04 1.322272080618723092e-21
2.247805833548725059e+04 1.065942895189394316e-21
2.494508135230316839e+04 8.564044916595077964e-22
2.768286630392066581e+04 6.843785522983558296e-22
3.072112998861759115e+04 5.436885961267109906e-22
3.409285069746814406e+04 4.287412219545043772e-22
3.783462617131928710e+04 3.359873103347770971e-22
4.198707084443910571e+04 2.622421360199424798e-22
4.659525668664683326e+04 2.051106735834175416e-22
5.170920242896761192e+04 1.619477275743880675e-22
5.738441648302398244e+04 1.298832918635946265e-22
6.368249944718585903e+04 1.057473357320655138e-22
7.067181273927491566e+04 8.687288733842303370e-23
7.842822061337680498e+04 7.160152104307132162e-23
8.703591361485165544e+04 5.904186651209481180e-23
9.658832241158708348e+04 4.864448321832792349e-23
1.071891319205127511e+05 4.002320184453715122e-23
1.189534067370319535e+05 3.287694233154403084e-23
1.320088400831418112e+05 2.696617860014387262e-23
1.464971398307286145e+05 2.208216607585116798e-23
1.625755666443794908e+05 1.805672282221891989e-23
1.804186409392071655e+05 1.474151758228854988e-23
2.002200371815584658e+05 1.201679435367118869e-23
2.221946860939523904e+05 9.780028891007520562e-24
2.465811075822604180e+05 7.946442699181290430e-24
2.736439997074671555e+05 6.445591507013701267e-24
3.036771118035460822e+05 5.219094302989797925e-24
3.370064329271928291e+05 4.216417121632886186e-24
3.739937302478798083e+05 3.398965993851820638e-24
4.150404757850476308e+05 2.734083181726814814e-24
4.605922041145108524e+05 2.193799731956354728e-24
5.111433483440171112e+05 1.755388274842604669e-24
5.672426068491977639e+05 1.400875359752931808e-24
6.294988990221888525e+05 1.114349399494725878e-24
6.985879746785250027e+05 8.836336614121919738e-25
7.752597488629464060e+05 6.981266710786153843e-25
8.603464416684507160e+05 5.495814819931306679e-25
9.547716114208066138e+05 4.309782608558778290e-25
1.059560179277617019e+06 3.365753986721130265e-25
1.175849554052158026e+06 2.617584653166693055e-25
1.304901978014401859e+06 2.026372820841555019e-25
1.448118227674532915e+06 1.561731377186817069e-25
1.607052818261638284e+06 1.196747363416870324e-25
1.783430876931909472e+06 9.128058615998027747e-26
1.979166867853557458e+06 6.922266557611990145e-26
2.196385372416546568e+06 5.223634370607156619e-26
2.437444150122222025e+06 3.919883087506184318e-26
2.704959730463137385e+06 2.921565341542894401e-26
3.001835813575591892e+06 2.164835911191799267e-26
3.331294787934676744e+06 1.592384186296853742e-26
3.696912707195031922e+06 1.161439865399718645e-26
4.102658105827190448e+06 8.385163536232614382e-27
4.552935074866947718e+06 5.979967572508148560e-27
5.052631065335679799e+06 4.198311440142945792e-27
5.607169938205458224e+06 2.888274109740510516e-27
6.222570836730230600e+06 1.935311652101261179e-27
6.905513520162330940e+06 1.253921578390212868e-27
7.663410868007462472e+06 7.770139392785779330e-28
8.504489341802684590e+06 4.534331029812661197e-28
9.437878277775391936e+06 2.437730449485833985e-28
1.047370897959450819e+07 1.164221335879932832e-28
1.162322468679854274e+07 4.688197863950824027e-29
1.289890261253307760e+07 1.506539145556659694e-29
1.431458937523478456e+07 4.265970543094231147e-30
1.588565129428052530e+07 1.329431537522662829e-30
1.762914118095947802e+07 4.748248122060698616e-32
