1.000000000000000000e+02 6.971807052598020029e-15
1.109752496412072134e+02 5.996006874516955176e-15
1.231550603292826196e+02 5.150246469358709987e-15
1.366716356462005990e+02 4.420837686810020727e-15
1.516716888470922413e+02 3.791145335659470495e-15
1.683180353330956791e+02 3.246412275805525410e-15
1.867913599020782840e+02 2.779009383925367015e-15
2.072921779595371845e+02 2.377796160994378108e-15
2.300430119772916839e+02 2.033637348205363659e-15
2.552908068239516410e+02 1.739758378089798353e-15
2.833096101839323637e+02 1.488063006108674796e-15
3.144035471591500368e+02 1.272950819309928301e-15
3.489101213406774491e+02 1.089629517864704405e-15
3.872038781812557318e+02 9.332948139796176353e-16
4.297004704320843871e+02 7.997979122541678489e-16
4.768611697714468960e+02 6.859965606654457195e-16
5.291978735958442712e+02 5.889211567280704177e-16
5.872786613189482523e+02 5.061213670086150697e-16
6.517339604882420190e+02 4.352317328480684146e-16
7.232633896483533817e+02 3.746027385387966555e-16
8.026433522257173081e+02 3.227155778634924654e-16
8.907354638610439679e+02 2.782056665359854776e-16
9.884959046625587007e+02 2.399408049951402352e-16
1.096985797892383971e+03 2.070306801504539770e-16
1.217382727739662187e+03 1.786530630860251631e-16
1.350993521198027793e+03 1.542511904473134933e-16
1.499268432786045423e+03 1.331531142925347593e-16
1.663816886076128640e+03 1.148876280515266907e-16
1.846424942895544291e+03 9.913836966087302801e-17
2.049074689815845886e+03 8.549769162500290933e-17
2.273965752357927613e+03 7.366436519685641869e-17
2.523539170434765765e+03 6.344514509408213954e-17
2.800503894183631019e+03 5.458921623992191606e-17
3.107866187782013640e+03 4.693977544640453052e-17
3.448962260405759935e+03 4.030260080647872995e-17
3.827494478516314757e+03 3.458613137389512743e-17
4.247571552536898707e+03 2.963982340745011300e-17
4.713753134116724141e+03 2.537302445516183341e-17
5.231099308056262998e+03 2.170079560565620167e-17
5.805225516094896193e+03 1.854034082643235524e-17
6.442363508721369726e+03 1.582319557388884367e-17
7.149428986597576113e+03 1.348577731117863479e-17
7.934096665797491369e+03 1.148281547918010990e-17
8.804883581643463913e+03 9.765170595171309631e-18
9.771241535346502133e+03 8.293215716092431306e-18
1.084365968689610963e+04 7.036779580439558886e-18
1.203377840777589154e+04 5.954657884852385003e-18
1.335451562929898682e+04 5.036575159053153746e-18
1.482020705798858762e+04 4.253943664831595304e-18
1.644676177994664249e+04 3.587358562105895203e-18
1.825183494319044257e+04 3.020988566879272188e-18
2.025501939230666540e+04 2.539756823250665897e-18
2.247805833548725059e+04 2.132160385995869367e-18
2.494508135230316839e+04 1.787409171377997932e-18
2.768286630392066581e+04 1.497402600873623763e-18
3.072112998861759115e+04 1.250958315941218269e-18
3.409285069746814406e+04 1.044594543712744318e-18
3.783462617131928710e+04 8.703654976136685067e-19
4.198707084443910571e+04 7.243147801924812335e-19
4.659525668664683326e+04 6.018447031920213112e-19
5.170920242896761192e+04 4.992211113721993506e-19
5.738441648302398244e+04 4.130869643534941504e-19
6.368249944718585903e+04 3.414936253450517321e-19
7.067181273927491566e+04 2.814248110762849098e-19
7.842822061337680498e+04 2.317856619415166100e-19
8.703591361485165544e+04 1.899748548345194257e-19
9.658832241158708348e+04 1.554758497718431289e-19
1.071891319205127511e+05 1.267174821541946330e-19
1.189534067370319535e+05 1.028353257880447880e-19
1.320088400831418112e+05 8.316815226817036543e-20
1.464971398307286145e+05 6.682991017005660246e-20
1.625755666443794908e+05 5.340258354692671404e-20
1.804186409392071655e+05 4.237838795822907614e-20
2.002200371815584658e+05 3.340363856389942636e-20
2.221946860939523904e+05 2.610807470116939702e-20
2.465811075822604180e+05 2.023840064147845915e-20
2.736439997074671555e+05 1.554222439859930679e-20
3.036771118035460822e+05 1.182624578815395922e-20
3.370064329271928291e+05 8.913468666725887729e-21
3.739937302478798083e+05 6.657446796028904986e-21
4.150404757850476308e+05 4.930539576131848039e-21
4.605922041145108524e+05 3.625433492413719217e-21
5.111433483440171112e+05 2.644923845034610704e-21
5.672426068491977639e+05 1.928781050667251887e-21
6.294988990221888525e+05 1.399969770114701809e-21
6.985879746785250027e+05 1.016810001400130525e-21
7.752597488629464060e+05 7.419499247072940840e-22
8.603464416684507160e+05 5.421679797948833051e-22
9.547716114208066138e+05 3.983710086641716585e-22
1.059560179277617019e+06 2.934793998410189861e-22
1.175849554052158026e+06 2.147043751673850376e-22
1.304901978014401859e+06 1.556933752697297227e-22
1.448118227674532915e+06 1.108209924552150948e-22
1.607052818261638284e+06 7.659315584198485545e-23
1.783430876931909472e+06 5.079783301666395406e-23
1.979166867853557458e+06 3.197103585468913004e-23
2.196385372416546568e+06 1.911671171544516617e-23
2.437444150122222025e+06 1.126799954174560963e-23
2.704959730463137385e+06 7.031937511305998070e-24
3.001835813575591892e+06 4.777263322495025958e-24
3.331294787934676744e+06 3.429898376567525862e-24
3.696912707195031922e+06 2.523979138712588783e-24
4.102658105827190448e+06 1.874469782386951705e-24
4.552935074866947718e+06 1.395825484938438957e-24
5.052631065335679799e+06 1.040942958312132398e-24
5.607169938205458224e+06 7.768010172079850805e-25
6.222570836730230600e+06 5.795070974308486107e-25
6.905513520162330940e+06 4.319700036983917344e-25
7.663410868007462472e+06 3.215335526016229022e-25
8.504489341802684590e+06 2.389048100613874984e-25
9.437878277775391936e+06 1.770524524078329627e-25
1.047370897959450819e+07 1.308470473461293421e-25
1.162322468679854274e+07 9.635956010630276210e-26
1.289890261253307760e+07 7.069127574493352431e-26
1.431458937523478456e+07 5.161646629266577195e-26
1.588565129428052530e+07 3.750016429709115270e-26
1.762914118095947802e+07 2.708252914130765790e-26
1.956398343517064676e+07 1.942916525258233890e-26
2.171117945694505423e+07 1.383126867379893019e-26
2.409403560239527002e+07 9.757774631764152179e-27
2.673841615839949250e+07 6.814752540238190770e-27
2.967302408188872784e+07 4.701588461593734602e-27
3.292971255097155273e+07 3.199029598651813127e-27
3.654383070957254618e+07 2.140448752733203098e-27
4.055460735840827972e+07 1.403933964320330967e-27
4.500557675700496882e+07 8.984884379564247978e-28
4.994505115855139494e+07 5.576781739474938893e-28
5.542664520663107187e+07 3.325497773364408893e-28
6.150985788580504060e+07 1.877554370737281010e-28
6.826071834272393584e+07 9.761520306164147916e-29
7.575250258771920204e+07 4.414578492075754355e-29
8.406652885618332028e+07 1.498975238872993615e-29
9.329304026284696162e+07 2.215320303932164454e-30
1.035321843295663744e+08 2.649321551152636969e-32
