1.000000000000000000e+02 6.828871215318061625e-14
1.109752496412072134e+02 5.879473934844731492e-14
1.231550603292826196e+02 5.053557924502404605e-14
1.366716356462005990e+02 4.337809368280293926e-14
1.516716888470922413e+02 3.717379556741028710e-14
1.683180353330956791e+02 3.181458370046251594e-14
1.867913599020782840e+02 2.717474955170676145e-14
2.072921779595371845e+02 2.318159092052029430e-14
2.300430119772916839e+02 1.974135374277047212e-14
2.552908068239516410e+02 1.678389115049497280e-14
2.833096101839323637e+02 1.425071389975597384e-14
3.144035471591500368e+02 1.207858665631639144e-14
3.489101213406774491e+02 1.022819925965742154e-14
3.872038781812557318e+02 8.645457059968614782e-15
4.297004704320843871e+02 7.299949046355352964e-15
4.768611697714468960e+02 6.156681920815433030e-15
5.291978735958442712e+02 5.184666159885449307e-15
5.872786613189482523e+02 4.362984951644458304e-15
6.517339604882420190e+02 3.667601490155880893e-15
7.232633896483533817e+02 3.080705137910025846e-15
8.026433522257173081e+02 2.585887577432827647e-15
8.907354638610439679e+02 2.168715757741674086e-15
9.884959046625587007e+02 1.818108339641495631e-15
1.096985797892383971e+03 1.523346644375960740e-15
1.217382727739662187e+03 1.275519253067187050e-15
1.350993521198027793e+03 1.067612732411409252e-15
1.499268432786045423e+03 8.928684192204617937e-16
1.663816886076128640e+03 7.464374916781609759e-16
1.846424942895544291e+03 6.237799504479659657e-16
2.049074689815845886e+03 5.209049666573793451e-16
2.273965752357927613e+03 4.347382213314008950e-16
2.523539170434765765e+03 3.625744833356320485e-16
2.800503894183631019e+03 3.022444850058902643e-16
3.107866187782013640e+03 2.517921142711455341e-16
3.448962260405759935e+03 2.095877343784802901e-16
3.827494478516314757e+03 1.743893585827137638e-16
4.247571552536898707e+03 1.449962847201411589e-16
4.713753134116724141e+03 1.205182566205987452e-16
5.231099308056262998e+03 1.000965253102504265e-16
5.805225516094896193e+03 8.311303656914390155e-17
6.442363508721369726e+03 6.897283485339886287e-17
7.149428986597576113e+03 5.722983933883899763e-17
7.934096665797491369e+03 4.746135139560199429e-17
8.804883581643463913e+03 3.935729338442171638e-17
9.771241535346502133e+03 3.262700928049113135e-17
1.084365968689610963e+04 2.704408648425206573e-17
1.203377840777589154e+04 2.241103425865728259e-17
1.335451562929898682e+04 1.856798720117640844e-17
1.482020705798858762e+04 1.538090243016904725e-17
1.644676177994664249e+04 1.273903073421034480e-17
1.825183494319044257e+04 1.054810575155426555e-17
2.025501939230666540e+04 8.731289147719427511e-18
2.247805833548725059e+04 7.224797070635171090e-18
2.494508135230316839e+04 5.976461933712413143e-18
2.768286630392066581e+04 4.941692402502241980e-18
3.072112998861759115e+04 4.084274912739709332e-18
3.409285069746814406e+04 3.373743664978749695e-18
3.783462617131928710e+04 2.785238906036877308e-18
4.198707084443910571e+04 2.297765088822140251e-18
4.659525668664683326e+04 1.894349452999720528e-18
5.170920242896761192e+04 1.560436305847138748e-18
5.738441648302398244e+04 1.284346025112743325e-18
6.368249944718585903e+04 1.056200754495257069e-18
7.067181273927491566e+04 8.675507982934716989e-19
7.842822061337680498e+04 7.119462307294275057e-19
8.703591361485165544e+04 5.836312932415557122e-19
9.658832241158708348e+04 4.778303076775240977e-19
1.071891319205127511e+05 3.907423536412117143e-19
1.189534067370319535e+05 3.191523419412573213e-19
1.320088400831418112e+05 2.603619933384778484e-19
1.464971398307286145e+05 2.121379609520436885e-19
1.625755666443794908e+05 1.726841730999634532e-19
1.804186409392071655e+05 1.404370303634669700e-19
2.002200371815584658e+05 1.141223312774387743e-19
2.221946860939523904e+05 9.269061106018916500e-20
2.465811075822604180e+05 7.523424100119154807e-20
2.736439997074671555e+05 6.103790850030276767e-20
3.036771118035460822e+05 4.950513140343077756e-20
3.370064329271928291e+05 4.013212798681812275e-20
3.739937302478798083e+05 3.252297242805479936e-20
4.150404757850476308e+05 2.634078616170444923e-20
4.605922041145108524e+05 2.132363003165609397e-20
5.111433483440171112e+05 1.725362176402903883e-20
5.672426068491977639e+05 1.395103894048662441e-20
6.294988990221888525e+05 1.127396128014596686e-20
6.985879746785250027e+05 9.106387420036688265e-21
7.752597488629464060e+05 7.350792891780558670e-21
8.603464416684507160e+05 5.928633406762924471e-21
9.547716114208066138e+05 4.778645064172494831e-21
1.059560179277617019e+06 3.848854229199379918e-21
1.175849554052158026e+06 3.097428418569613236e-21
1.304901978014401859e+06 2.490754522766344715e-21
1.448118227674532915e+06 2.001267803345598085e-21
1.607052818261638284e+06 1.606456006283147972e-21
1.783430876931909472e+06 1.288422192753894880e-21
1.979166867853557458e+06 1.032136238850227032e-21
2.196385372416546568e+06 8.261486424123081437e-22
2.437444150122222025e+06 6.605381475916677660e-22
2.704959730463137385e+06 5.275045334911726853e-22
3.001835813575591892e+06 4.208323977405515814e-22
3.331294787934676744e+06 3.352726356858734844e-22
3.696912707195031922e+06 2.668239315439994633e-22
4.102658105827190448e+06 2.120648176449137558e-22
4.552935074866947718e+06 1.683081109963267473e-22
5.052631065335679799e+06 1.334013797618590741e-22
5.607169938205458224e+06 1.055876659254894131e-22
6.222570836730230600e+06 8.343799776019938262e-23
6.905513520162330940e+06 6.583643864167607015e-23
7.663410868007462472e+06 5.186680210466268759e-23
8.504489341802684590e+06 4.079346416094698776e-23
9.437878277775391936e+06 3.202753682926107151e-23
1.047370897959450819e+07 2.510119154760920296e-23
1.162322468679854274e+07 1.963781151427391050e-23
1.289890261253307760e+07 1.533404473762085397e-23
1.431458937523478456e+07 1.194778761911294671e-23
1.588565129428052530e+07 9.292245161671006245e-24
1.762914118095947802e+07 7.210974871128477407e-24
1.956398343517064676e+07 5.584018398083628367e-24
2.171117945694505423e+07 4.314045808850555546e-24
2.409403560239527002e+07 3.325547675703492767e-24
2.673841615839949250e+07 2.557001027196089418e-24
2.967302408188872784e+07 1.960882641039468024e-24
3.292971255097155273e+07 1.499930241827835189e-24
3.654383070957254618e+07 1.144012717921484573e-24
4.055460735840827972e+07 8.701778130274771039e-25
4.500557675700496882e+07 6.598796962342125164e-25
4.994505115855139494e+07 4.987281213252043459e-25
5.542664520663107187e+07 3.756608993572670463e-25
6.150985788580504060e+07 2.819733664290297809e-25
6.826071834272393584e+07 2.107945335657090089e-25
7.575250258771920204e+07 1.568890379536991287e-25
8.406652885618332028e+07 1.162621235963937697e-25
9.329304026284696162e+07 8.566782841490367365e-26
1.035321843295663744e+08 6.279287759435651223e-26
1.148951000187308788e+08 4.572044574494986782e-26
1.275051240713012964e+08 3.303804022156205631e-26
1.414991297434575856e+08 2.366497122505374040e-26
1.570290124729377627e+08 1.677355773292904910e-26
1.742633386009651124e+08 1.172489594674623316e-26
1.933891750455232263e+08 8.081426703156078810e-27
2.146141197858406007e+08 5.463450267426177821e-27
2.381685551976160705e+08 3.614351062987365095e-27
2.643081486974108517e+08 2.327450221519026436e-27
2.933166278390048146e+08 1.446072746808737756e-27
3.255088599835056663e+08 8.573303459480319685e-28
3.612342699709430337e+08 4.758428954998813465e-28
4.008806328898465633e+08 2.389408503710733916e-28
4.448782831127585173e+08 1.015666128015440323e-28
4.937047852839003801e+08 3.147902459029126077e-29
5.478901179593944550e+08 4.909617288028932516e-30
6.080224261649426222e+08 2.968679545275403393e-32
6.747544053110699654e+08 4.473574433669333796e-61
