1.000000000000000000e+02 1.486722571394961433e-15
1.109752496412072134e+02 1.291299231917666271e-15
1.231550603292826196e+02 1.121307848575763567e-15
1.366716356462005990e+02 9.735992712722157202e-16
1.516716888470922413e+02 8.447716006686800434e-16
1.683180353330956791e+02 7.323529212459581971e-16
1.867913599020782840e+02 6.345430117879181402e-16
2.072921779595371845e+02 5.491528551577775434e-16
2.300430119772916839e+02 4.748828571164951878e-16
2.552908068239516410e+02 4.101024495528038747e-16
2.833096101839323637e+02 3.537224836876293075e-16
3.144035471591500368e+02 3.046510451229788195e-16
3.489101213406774491e+02 2.620326947954588176e-16
3.872038781812557318e+02 2.249999879799126628e-16
4.297004704320843871e+02 1.928545672728026447e-16
4.768611697714468960e+02 1.650532867546559307e-16
5.291978735958442712e+02 1.410238751537032753e-16
5.872786613189482523e+02 1.202247460982889011e-16
6.517339604882420190e+02 1.023308564804259223e-16
7.232633896483533817e+02 8.694664999016336007e-17
8.026433522257173081e+02 7.376483675832150029e-17
8.907354638610439679e+02 6.247593988030038887e-17
9.884959046625587007e+02 5.287208643549392749e-17
1.096985797892383971e+03 4.470321858517119084e-17
1.217382727739662187e+03 3.779311256461040796e-17
1.350993521198027793e+03 3.196044672707444149e-17
1.499268432786045423e+03 2.705963497717426071e-17
1.663816886076128640e+03 2.293937275496482287e-17
1.846424942895544291e+03 1.948331514011230842e-17
2.049074689815845886e+03 1.661945160087097049e-17
2.273965752357927613e+03 1.411751742356083479e-17
2.523539170434765765e+03 1.203826961963854664e-17
2.800503894183631019e+03 1.026725424553126056e-17
3.107866187782013640e+03 8.754086585894877706e-18
3.448962260405759935e+03 7.461442028886780312e-18
3.827494478516314757e+03 6.356943236273471775e-18
4.247571552536898707e+03 5.407356612073716739e-18
4.713753134116724141e+03 4.599518041953694219e-18
5.231099308056262998e+03 3.907484263187907554e-18
5.805225516094896193e+03 3.315535546205873344e-18
6.442363508721369726e+03 2.812397597107014651e-18
7.149428986597576113e+03 2.382518838724411989e-18
7.934096665797491369e+03 2.017123588107284326e-18
8.804883581643463913e+03 1.705576685254253324e-18
9.771241535346502133e+03 1.441365869727700902e-18
1.084365968689610963e+04 1.217076036981402520e-18
1.203377840777589154e+04 1.026849035619491108e-18
1.335451562929898682e+04 8.658818975012517357e-19
1.482020705798858762e+04 7.296937467250155680e-19
1.644676177994664249e+04 6.144214657984090794e-19
1.825183494319044257e+04 5.170651763692344260e-19
2.025501939230666540e+04 4.348106261191248638e-19
2.247805833548725059e+04 3.654127048806366012e-19
2.494508135230316839e+04 3.068205089193988578e-19
2.768286630392066581e+04 2.574818090666517636e-19
3.072112998861759115e+04 2.158639505117588069e-19
3.409285069746814406e+04 1.808260841980970648e-19
3.783462617131928710e+04 1.513246726177167390e-19
4.198707084443910571e+04 1.264950353617077820e-19
4.659525668664683326e+04 1.056610891883319911e-19
5.170920242896761192e+04 8.812940248269181024e-20
5.738441648302398244e+04 7.344548032943791008e-20
6.368249944718585903e+04 6.110736406186666569e-20
7.067181273927491566e+04 5.079045331664313540e-20
7.842822061337680498e+04 4.213829545682686516e-20
8.703591361485165544e+04 3.492164467025348709e-20
9.658832241158708348e+04 2.888513350404320985e-20
1.071891319205127511e+05 2.385920036139288725e-20
1.189534067370319535e+05 1.966887449533008685e-20
1.320088400831418112e+05 1.618497276194171187e-20
1.464971398307286145e+05 1.329468641164365306e-20
1.625755666443794908e+05 1.089867334337524715e-20
1.804186409392071655e+05 8.919591452728964747e-21
2.002200371815584658e+05 7.285077851492804859e-21
2.221946860939523904e+05 5.940502104626210197e-21
2.465811075822604180e+05 4.834355563718911580e-21
2.736439997074671555e+05 3.927661047840627597e-21
3.036771118035460822e+05 3.184570458917127380e-21
3.370064329271928291e+05 2.577264743444144805e-21
3.739937302478798083e+05 2.081604780209243838e-21
4.150404757850476308e+05 1.677374768931029149e-21
4.605922041145108524e+05 1.348997141409040201e-21
5.111433483440171112e+05 1.082305455879150565e-21
5.672426068491977639e+05 8.663235992803697727e-22
6.294988990221888525e+05 6.919133685545330125e-22
6.985879746785250027e+05 5.511306795886612789e-22
7.752597488629464060e+05 4.378643713447390414e-22
8.603464416684507160e+05 3.471168201554448137e-22
9.547716114208066138e+05 2.743181399298573871e-22
1.059560179277617019e+06 2.162295595077199202e-22
1.175849554052158026e+06 1.700057442349840342e-22
1.304901978014401859e+06 1.332674129565681034e-22
1.448118227674532915e+06 1.041767390016757614e-22
1.607052818261638284e+06 8.120135543849311454e-23
1.783430876931909472e+06 6.310357830736870906e-23
1.979166867853557458e+06 4.890168148888940836e-23
2.196385372416546568e+06 3.777386316450000967e-23
2.437444150122222025e+06 2.909708565291451114e-23
2.704959730463137385e+06 2.233690575784754398e-23
3.001835813575591892e+06 1.709775883944329706e-23
3.331294787934676744e+06 1.304129097996164904e-23
3.696912707195031922e+06 9.916915814993805136e-24
4.102658105827190448e+06 7.513554760158845328e-24
4.552935074866947718e+06 5.673162654859591818e-24
5.052631065335679799e+06 4.267005564220687393e-24
5.607169938205458224e+06 3.196910177998103575e-24
6.222570836730230600e+06 2.385200989391570223e-24
6.905513520162330940e+06 1.770908018023597617e-24
7.663410868007462472e+06 1.308993682661193738e-24
8.504489341802684590e+06 9.622042155847891576e-25
9.437878277775391936e+06 7.030697535836673437e-25
1.047370897959450819e+07 5.105191998904614704e-25
1.162322468679854274e+07 3.680252860403484618e-25
1.289890261253307760e+07 2.632162637135427363e-25
1.431458937523478456e+07 1.865652631021282984e-25
1.588565129428052530e+07 1.308848250580125997e-25
1.762914118095947802e+07 9.074507695016322576e-26
1.956398343517064676e+07 6.205675198304677080e-26
2.171117945694505423e+07 4.176057396207693100e-26
2.409403560239527002e+07 2.756041775284332579e-26
2.673841615839949250e+07 1.775102934276304452e-26
2.967302408188872784e+07 1.107973296425741536e-26
3.292971255097155273e+07 6.634516529925428907e-27
3.654383070957254618e+07 3.741972655032390219e-27
4.055460735840827972e+07 1.927005679771535597e-27
4.500557675700496882e+07 8.527985165171367639e-28
4.994505115855139494e+07 2.809606447766997073e-28
5.542664520663107187e+07 4.191983968800300639e-29
6.150985788580504060e+07 5.470202791535889229e-31
