1.000000000000000000e+02 2.386747323220933345e-15
1.109752496412072134e+02 2.022931136314732259e-15
1.231550603292826196e+02 1.712643491342602134e-15
1.366716356462005990e+02 1.447947109248176822e-15
1.516716888470922413e+02 1.222941149279636773e-15
1.683180353330956791e+02 1.031542637489332740e-15
1.867913599020782840e+02 8.694486135502289734e-16
2.072921779595371845e+02 7.322629259640952686e-16
2.300430119772916839e+02 6.164045633770202376e-16
2.552908068239516410e+02 5.187059676739759145e-16
2.833096101839323637e+02 4.364605311127977608e-16
3.144035471591500368e+02 3.672368836084983183e-16
3.489101213406774491e+02 3.105741984766343731e-16
3.872038781812557318e+02 2.601417268912072040e-16
4.297004704320843871e+02 2.190739888529161986e-16
4.768611697714468960e+02 1.845544834240589615e-16
5.291978735958442712e+02 1.555797108221225683e-16
5.872786613189482523e+02 1.311834314880560268e-16
6.517339604882420190e+02 1.106741022981423841e-16
7.232633896483533817e+02 9.340150554496827313e-17
8.026433522257173081e+02 7.884373312654303272e-17
8.907354638610439679e+02 6.656068537489807492e-17
9.884959046625587007e+02 5.619381480562680326e-17
1.096985797892383971e+03 4.743694200396014815e-17
1.217382727739662187e+03 4.004771373428859992e-17
1.350993521198027793e+03 3.379440064800414477e-17
1.499268432786045423e+03 2.851964212085673077e-17
1.663816886076128640e+03 2.405603299943175185e-17
1.846424942895544291e+03 2.028700012466199093e-17
2.049074689815845886e+03 1.710642855485555317e-17
2.273965752357927613e+03 1.442214007309154222e-17
2.523539170434765765e+03 1.215799366971402564e-17
2.800503894183631019e+03 1.024851109932264145e-17
3.107866187782013640e+03 8.638281716668981771e-18
3.448962260405759935e+03 7.281079321756607779e-18
3.827494478516314757e+03 6.136746695100302818e-18
4.247571552536898707e+03 5.171599026139202682e-18
4.713753134116724141e+03 4.357628606476146866e-18
5.231099308056262998e+03 3.671420517266247351e-18
5.805225516094896193e+03 3.092549981428565467e-18
6.442363508721369726e+03 2.604364782485960428e-18
7.149428986597576113e+03 2.192440022715198250e-18
7.934096665797491369e+03 1.845355587485814904e-18
8.804883581643463913e+03 1.552573166102404304e-18
9.771241535346502133e+03 1.305783530243891901e-18
1.084365968689610963e+04 1.097886386064138059e-18
1.203377840777589154e+04 9.227127185801767086e-19
1.335451562929898682e+04 7.749838844360682366e-19
1.482020705798858762e+04 6.506239818364540279e-19
1.644676177994664249e+04 5.459550541420243952e-19
1.825183494319044257e+04 4.578095098337588782e-19
2.025501939230666540e+04 3.836387905906409320e-19
2.247805833548725059e+04 3.212310911954737830e-19
2.494508135230316839e+04 2.687715854456108565e-19
2.768286630392066581e+04 2.246987764081603742e-19
3.072112998861759115e+04 1.876914094558043321e-19
3.409285069746814406e+04 1.566143038806909051e-19
3.783462617131928710e+04 1.305616405686509724e-19
4.198707084443910571e+04 1.087217772842740581e-19
4.659525668664683326e+04 9.044078786975935610e-20
5.170920242896761192e+04 7.513971010251754505e-20
5.738441648302398244e+04 6.236208621411729495e-20
6.368249944718585903e+04 5.169309106720156334e-20
7.067181273927491566e+04 4.279812980870337190e-20
7.842822061337680498e+04 3.539764563217969396e-20
8.703591361485165544e+04 2.924353515986679853e-20
9.658832241158708348e+04 2.413618030460604689e-20
1.071891319205127511e+05 1.989915299975251797e-20
1.189534067370319535e+05 1.639055933390558917e-20
1.320088400831418112e+05 1.348471616921825382e-20
1.464971398307286145e+05 1.108115327836074420e-20
1.625755666443794908e+05 9.095561819765303058e-21
1.804186409392071655e+05 7.455273665373353322e-21
2.002200371815584658e+05 6.102042223748123964e-21
2.221946860939523904e+05 4.986688623620142718e-21
2.465811075822604180e+05 4.068637916654495769e-21
2.736439997074671555e+05 3.313774241087779301e-21
3.036771118035460822e+05 2.694491147460074845e-21
3.370064329271928291e+05 2.186061769349308219e-21
3.739937302478798083e+05 1.769428960643164623e-21
4.150404757850476308e+05 1.428620350673863486e-21
4.605922041145108524e+05 1.150435868453431404e-21
5.111433483440171112e+05 9.246995462112108529e-22
5.672426068491977639e+05 7.408294595754977671e-22
6.294988990221888525e+05 5.915996281029351827e-22
6.985879746785250027e+05 4.706138848561284189e-22
7.752597488629464060e+05 3.735716100901265257e-22
8.603464416684507160e+05 2.952154141992753925e-22
9.547716114208066138e+05 2.324684617121106654e-22
1.059560179277617019e+06 1.823111797965942385e-22
1.175849554052158026e+06 1.424555684733082045e-22
1.304901978014401859e+06 1.107746377229859726e-22
1.448118227674532915e+06 8.573703568083859537e-23
1.607052818261638284e+06 6.605021192616278951e-23
1.783430876931909472e+06 5.061608354650119540e-23
1.979166867853557458e+06 3.859077455741651736e-23
2.196385372416546568e+06 2.921816788669738285e-23
2.437444150122222025e+06 2.197045647486950462e-23
2.704959730463137385e+06 1.638316069361934601e-23
3.001835813575591892e+06 1.211427902304546099e-23
3.331294787934676744e+06 8.848420267976142890e-24
3.696912707195031922e+06 6.370985784934888135e-24
4.102658105827190448e+06 4.510847427210259410e-24
4.552935074866947718e+06 3.126724432513300823e-24
5.052631065335679799e+06 2.111991478245184216e-24
5.607169938205458224e+06 1.381453605544376752e-24
6.222570836730230600e+06 8.693077464425668981e-25
6.905513520162330940e+06 5.207875503093430240e-25
7.663410868007462472e+06 2.946087899053124511e-25
8.504489341802684590e+06 1.555445771766932805e-25
9.437878277775391936e+06 7.597642972653434701e-26
1.047370897959450819e+07 3.419669868732868845e-26
1.162322468679854274e+07 1.414651265242255305e-26
1.289890261253307760e+07 5.293981123364716501e-27
1.431458937523478456e+07 1.700769166879350330e-27
1.588565129428052530e+07 4.433351998068036974e-28
1.762914118095947802e+07 9.126604584185501638e-29
1.956398343517064676e+07 1.418501717520439400e-29
2.171117945694505423e+07 1.567094051819987262e-30
2.409403560239527002e+07 1.129267572422910659e-31
2.673841615839949250e+07 4.601313070568412971e-33
2.967302408188872784e+07 4.589772923608893443e-35
