1.000000000000000000e+02 1.356067461115321316e-14
1.109752496412072134e+02 1.103716767194096688e-14
1.231550603292826196e+02 8.983106865258504904e-15
1.366716356462005990e+02 7.354614483672504662e-15
1.516716888470922413e+02 6.014069743337990344e-15
1.683180353330956791e+02 4.934480470280043630e-15
1.867913599020782840e+02 4.037255461212341636e-15
2.072921779595371845e+02 3.301109715154193281e-15
2.300430119772916839e+02 2.688198676818777607e-15
2.552908068239516410e+02 2.178849852778920629e-15
2.833096101839323637e+02 1.755284853329269231e-15
3.144035471591500368e+02 1.408231608299599190e-15
3.489101213406774491e+02 1.121607268435204065e-15
3.872038781812557318e+02 8.874918354321090288e-16
4.297004704320843871e+02 6.984360059404199141e-16
4.768611697714468960e+02 5.466577218135468562e-16
5.291978735958442712e+02 4.259107385133354842e-16
5.872786613189482523e+02 3.306625513199869182e-16
6.517339604882420190e+02 2.564969948928776446e-16
7.232633896483533817e+02 1.992891968929934752e-16
8.026433522257173081e+02 1.554553708488359647e-16
8.907354638610439679e+02 1.221228374322474311e-16
9.884959046625587007e+02 9.695251017023505610e-17
1.096985797892383971e+03 7.796582686271460054e-17
1.217382727739662187e+03 6.360825401771214452e-17
1.350993521198027793e+03 5.266559110446131946e-17
1.499268432786045423e+03 4.424456389347419720e-17
1.663816886076128640e+03 3.761906775465127368e-17
1.846424942895544291e+03 3.230831098239972293e-17
2.049074689815845886e+03 2.799423251757335771e-17
2.273965752357927613e+03 2.434569621065091749e-17
2.523539170434765765e+03 2.124850671049667006e-17
2.800503894183631019e+03 1.853697201166835658e-17
3.107866187782013640e+03 1.619080218760006646e-17
3.448962260405759935e+03 1.410920341611367710e-17
3.827494478516314757e+03 1.224940525748394481e-17
4.247571552536898707e+03 1.059909242494648917e-17
4.713753134116724141e+03 9.137617960628725950e-18
5.231099308056262998e+03 7.833897513803787058e-18
5.805225516094896193e+03 6.682510591931227501e-18
6.442363508721369726e+03 5.663472840677436908e-18
7.149428986597576113e+03 4.761308931216954783e-18
7.934096665797491369e+03 3.975136208378335237e-18
8.804883581643463913e+03 3.290950468288138614e-18
9.771241535346502133e+03 2.698632907148748883e-18
1.084365968689610963e+04 2.194201506120571354e-18
1.203377840777589154e+04 1.765760767928456597e-18
1.335451562929898682e+04 1.397833258498025413e-18
1.482020705798858762e+04 1.091387947065318116e-18
1.644676177994664249e+04 8.403991319498040197e-19
1.825183494319044257e+04 6.379098426979675575e-19
2.025501939230666540e+04 4.768296851091342802e-19
2.247805833548725059e+04 3.504305540710587214e-19
2.494508135230316839e+04 2.509723422833295479e-19
2.768286630392066581e+04 1.762442964717071808e-19
3.072112998861759115e+04 1.210399875424151539e-19
3.409285069746814406e+04 8.138471033262796805e-20
3.783462617131928710e+04 5.358391871559659385e-20
4.198707084443910571e+04 3.454521714443789963e-20
4.659525668664683326e+04 2.189329256167392950e-20
5.170920242896761192e+04 1.361025457509586920e-20
5.738441648302398244e+04 8.264846822048088554e-21
6.368249944718585903e+04 4.827063313672780707e-21
7.067181273927491566e+04 2.719303789795203111e-21
7.842822061337680498e+04 1.485416732760993217e-21
8.703591361485165544e+04 8.308993416203643213e-22
9.658832241158708348e+04 5.101004156317389042e-22
1.071891319205127511e+05 3.507815892841551424e-22
1.189534067370319535e+05 2.626635417881681516e-22
1.320088400831418112e+05 2.059838549135221693e-22
1.464971398307286145e+05 1.647852281213954449e-22
1.625755666443794908e+05 1.327260425565456727e-22
1.804186409392071655e+05 1.070952254621908195e-22
2.002200371815584658e+05 8.640445854833580976e-23
2.221946860939523904e+05 6.966554735042016802e-23
2.465811075822604180e+05 5.613182730538329809e-23
2.736439997074671555e+05 4.518207452983142743e-23
3.036771118035460822e+05 3.634087715970539722e-23
3.370064329271928291e+05 2.920212969199271863e-23
3.739937302478798083e+05 2.344327899560857251e-23
4.150404757850476308e+05 1.880284815993341514e-23
4.605922041145108524e+05 1.506422382336048780e-23
5.111433483440171112e+05 1.205586639426130864e-23
5.672426068491977639e+05 9.637359713329300919e-24
6.294988990221888525e+05 7.695628757944788641e-24
6.985879746785250027e+05 6.137271861231873333e-24
7.752597488629464060e+05 4.887962045209373249e-24
8.603464416684507160e+05 3.888187678454070005e-24
9.547716114208066138e+05 3.088394305877676287e-24
1.059560179277617019e+06 2.449586878509730354e-24
1.175849554052158026e+06 1.940124033786337619e-24
1.304901978014401859e+06 1.533916961237735709e-24
1.448118227674532915e+06 1.210866263228401091e-24
1.607052818261638284e+06 9.542750759508602933e-25
1.783430876931909472e+06 7.505397413743678685e-25
1.979166867853557458e+06 5.892781592695145234e-25
2.196385372416546568e+06 4.616511018268616361e-25
2.437444150122222025e+06 3.609068620560278174e-25
2.704959730463137385e+06 2.815008134584397209e-25
3.001835813575591892e+06 2.190555050030863113e-25
3.331294787934676744e+06 1.700045223642418553e-25
3.696912707195031922e+06 1.315672404088730266e-25
4.102658105827190448e+06 1.015462054728422810e-25
4.552935074866947718e+06 7.811290990269103609e-26
5.052631065335679799e+06 5.989066032263017284e-26
5.607169938205458224e+06 4.574839806472437654e-26
6.222570836730230600e+06 3.480946863680273589e-26
6.905513520162330940e+06 2.636742093231853428e-26
7.663410868007462472e+06 1.988580168641079173e-26
8.504489341802684590e+06 1.492157976160379573e-26
9.437878277775391936e+06 1.113009053549295714e-26
1.047370897959450819e+07 8.248851538162605954e-27
1.162322468679854274e+07 6.075186652503243644e-27
1.289890261253307760e+07 4.437096650941289224e-27
1.431458937523478456e+07 3.213031965748065980e-27
1.588565129428052530e+07 2.303470887304393883e-27
1.762914118095947802e+07 1.631938559371778337e-27
1.956398343517064676e+07 1.141750310865906198e-27
2.171117945694505423e+07 7.864762373265319395e-28
2.409403560239527002e+07 5.324827262866303587e-28
2.673841615839949250e+07 3.532012088157662410e-28
2.967302408188872784e+07 2.288337466782668326e-28
3.292971255097155273e+07 1.442663243463914649e-28
3.654383070957254618e+07 8.814959441785541651e-29
4.055460735840827972e+07 5.199797983403954269e-29
4.500557675700496882e+07 2.951249154679475003e-29
4.994505115855139494e+07 1.606132230394199777e-29
5.542664520663107187e+07 8.313695227499067279e-30
6.150985788580504060e+07 3.981567173168858284e-30
6.826071834272393584e+07 1.616275504068076179e-30
7.575250258771920204e+07 4.294772449529324026e-31
8.406652885618332028e+07 2.389674031622886981e-32
