1.000000000000000000e+02 1.125610788023522289e-13
1.109752496412072134e+02 9.779581638501094178e-14
1.231550603292826196e+02 8.491441304697201763e-14
1.366716356462005990e+02 7.373391263424667432e-14
1.516716888470922413e+02 6.402235803967206069e-14
1.683180353330956791e+02 5.559788916463323808e-14
1.867913599020782840e+02 4.826510110960753133e-14
2.072921779595371845e+02 4.189423380429375736e-14
2.300430119772916839e+02 3.638067802904655559e-14
2.552908068239516410e+02 3.156123536124810902e-14
2.833096101839323637e+02 2.738592156340974044e-14
3.144035471591500368e+02 2.374793684682305880e-14
3.489101213406774491e+02 2.058893603492397625e-14
3.872038781812557318e+02 1.782933788183890804e-14
4.297004704320843871e+02 1.543128531956548830e-14
4.768611697714468960e+02 1.333820340620987977e-14
5.291978735958442712e+02 1.151754466840231028e-14
5.872786613189482523e+02 9.936498558405141670e-15
6.517339604882420190e+02 8.554329166171873049e-15
7.232633896483533817e+02 7.359512119537144505e-15
8.026433522257173081e+02 6.317830033303812922e-15
8.907354638610439679e+02 5.414792432604024456e-15
9.884959046625587007e+02 4.633310052082387229e-15
1.096985797892383971e+03 3.953986397259617951e-15
1.217382727739662187e+03 3.367699970932861824e-15
1.350993521198027793e+03 2.864699493660055341e-15
1.499268432786045423e+03 2.429571573284955124e-15
1.663816886076128640e+03 2.058556735599389002e-15
1.846424942895544291e+03 1.739977009524929889e-15
2.049074689815845886e+03 1.467267492002004668e-15
2.273965752357927613e+03 1.237898039086568508e-15
2.523539170434765765e+03 1.043069418064946596e-15
2.800503894183631019e+03 8.796404057763690536e-16
3.107866187782013640e+03 7.412233058848933204e-16
3.448962260405759935e+03 6.262075291492259621e-16
3.827494478516314757e+03 5.295915189728024383e-16
4.247571552536898707e+03 4.463142151012693078e-16
4.713753134116724141e+03 3.761408773510905964e-16
5.231099308056262998e+03 3.163392514993597857e-16
5.805225516094896193e+03 2.653640468369566385e-16
6.442363508721369726e+03 2.210337225174321592e-16
7.149428986597576113e+03 1.833003020511190745e-16
7.934096665797491369e+03 1.513400620427948793e-16
8.804883581643463913e+03 1.238269539592220233e-16
9.771241535346502133e+03 1.010686623470072833e-16
1.084365968689610963e+04 8.150275756467323492e-17
1.203377840777589154e+04 6.539083603641392382e-17
1.335451562929898682e+04 5.220128378834036519e-17
1.482020705798858762e+04 4.108720342982236560e-17
1.644676177994664249e+04 3.228704398482690545e-17
1.825183494319044257e+04 2.512755417661556858e-17
2.025501939230666540e+04 1.936625238639903226e-17
2.247805833548725059e+04 1.490541702783694791e-17
2.494508135230316839e+04 1.133694891023454932e-17
2.768286630392066581e+04 8.588258995670675078e-18
3.072112998861759115e+04 6.484475485199771556e-18
3.409285069746814406e+04 4.876980502462238087e-18
3.783462617131928710e+04 3.657825247144272196e-18
4.198707084443910571e+04 2.746772933605947140e-18
4.659525668664683326e+04 2.066301090570455417e-18
5.170920242896761192e+04 1.558584654662762132e-18
5.738441648302398244e+04 1.183421096037412987e-18
6.368249944718585903e+04 9.043970289071552699e-19
7.067181273927491566e+04 6.971354403385837200e-19
7.842822061337680498e+04 5.416772131914304659e-19
8.703591361485165544e+04 4.245336369557697931e-19
9.658832241158708348e+04 3.349136431344997706e-19
1.071891319205127511e+05 2.653652816367928892e-19
1.189534067370319535e+05 2.105945540850841919e-19
1.320088400831418112e+05 1.668505656412688168e-19
1.464971398307286145e+05 1.315413589697520954e-19
1.625755666443794908e+05 1.026406405632971250e-19
1.804186409392071655e+05 7.895396915321477290e-20
2.002200371815584658e+05 5.958284291158006858e-20
2.221946860939523904e+05 4.392501926936788836e-20
2.465811075822604180e+05 3.145848426572484306e-20
2.736439997074671555e+05 2.186837777447789246e-20
3.036771118035460822e+05 1.475100567468937600e-20
3.370064329271928291e+05 9.673642943286789641e-21
3.739937302478798083e+05 6.186783194320469957e-21
4.150404757850476308e+05 3.878233517140810711e-21
4.605922041145108524e+05 2.398117064157904191e-21
5.111433483440171112e+05 1.484429451067879075e-21
5.672426068491977639e+05 9.389367581329037799e-22
6.294988990221888525e+05 6.183834786402497429e-22
6.985879746785250027e+05 4.244030659361309736e-22
7.752597488629464060e+05 2.996853929917489837e-22
8.603464416684507160e+05 2.154073531320061269e-22
9.547716114208066138e+05 1.562447315004096834e-22
1.059560179277617019e+06 1.138814766020626997e-22
1.175849554052158026e+06 8.328902495891852748e-23
1.304901978014401859e+06 6.105031202265979146e-23
1.448118227674532915e+06 4.481854084412686216e-23
1.607052818261638284e+06 3.293345801612825208e-23
1.783430876931909472e+06 2.421197703683585552e-23
1.979166867853557458e+06 1.780477342110286233e-23
2.196385372416546568e+06 1.309138221440606646e-23
2.437444150122222025e+06 9.623524805878650356e-24
2.704959730463137385e+06 7.067872004724890199e-24
3.001835813575591892e+06 5.187641999414373703e-24
3.331294787934676744e+06 3.804513874237151444e-24
3.696912707195031922e+06 2.786703842530500817e-24
4.102658105827190448e+06 2.038806788046255707e-24
4.552935074866947718e+06 1.489721405347186748e-24
5.052631065335679799e+06 1.086827812823040436e-24
5.607169938205458224e+06 7.917268004818620601e-25
6.222570836730230600e+06 5.757135758273288847e-25
6.905513520162330940e+06 4.178917547198489806e-25
7.663410868007462472e+06 3.028048430266004017e-25
8.504489341802684590e+06 2.189438134895435970e-25
9.437878277775391936e+06 1.579692532332595299e-25
1.047370897959450819e+07 1.137198290277602299e-25
1.162322468679854274e+07 8.168394339255766001e-26
1.289890261253307760e+07 5.853273945629422127e-26
1.431458937523478456e+07 4.183935178692426401e-26
1.588565129428052530e+07 2.981952044437965065e-26
1.762914118095947802e+07 2.119606129888851149e-26
1.956398343517064676e+07 1.502025045977821012e-26
2.171117945694505423e+07 1.060917521568602849e-26
2.409403560239527002e+07 7.469425166139841124e-27
2.673841615839949250e+07 5.239060028345661990e-27
2.967302408188872784e+07 3.660366527987525451e-27
3.292971255097155273e+07 2.546312031577297245e-27
3.654383070957254618e+07 1.762973775471944716e-27
4.055460735840827972e+07 1.214228632083689627e-27
4.500557675700496882e+07 8.315678685488243945e-28
4.994505115855139494e+07 5.657679557013207048e-28
5.542664520663107187e+07 3.820981722921458343e-28
6.150985788580504060e+07 2.556957481053300593e-28
6.826071834272393584e+07 1.694438376007869169e-28
7.575250258771920204e+07 1.109121275878379487e-28
8.406652885618332028e+07 7.159353379124061207e-29
9.329304026284696162e+07 4.534761202593664254e-29
1.035321843295663744e+08 2.813422331543283032e-29
1.148951000187308788e+08 1.696720979360559554e-29
1.275051240713012964e+08 9.856467027728701844e-30
1.414991297434575856e+08 5.455315970870336349e-30
1.570290124729377627e+08 2.819938921434712857e-30
1.742633386009651124e+08 1.310291975241921206e-30
1.933891750455232263e+08 5.027680674843464136e-31
2.146141197858406007e+08 1.093506935410673210e-31
2.381685551976160705e+08 4.157302577828730919e-39
