1.000000000000000000e+02 7.760376034845896828e-15
1.109752496412072134e+02 6.716848613948178355e-15
1.231550603292826196e+02 5.805873681946925221e-15
1.366716356462005990e+02 5.014998121878206803e-15
1.516716888470922413e+02 4.326029226167445461e-15
1.683180353330956791e+02 3.729428977566822953e-15
1.867913599020782840e+02 3.210778148299198158e-15
2.072921779595371845e+02 2.762768087977137070e-15
2.300430119772916839e+02 2.374283180414458267e-15
2.552908068239516410e+02 2.039142097398199724e-15
2.833096101839323637e+02 1.749618048188453285e-15
3.144035471591500368e+02 1.500264152249367933e-15
3.489101213406774491e+02 1.285241296213248073e-15
3.872038781812557318e+02 1.100555057087143514e-15
4.297004704320843871e+02 9.416682192737323486e-16
4.768611697714468960e+02 8.054106411121875668e-16
5.291978735958442712e+02 6.884528368777442073e-16
5.872786613189482523e+02 5.883024320014656152e-16
6.517339604882420190e+02 5.024600721716374082e-16
7.232633896483533817e+02 4.290479980427943391e-16
8.026433522257173081e+02 3.662393955747189146e-16
8.907354638610439679e+02 3.125707444585150108e-16
9.884959046625587007e+02 2.666752508301662478e-16
1.096985797892383971e+03 2.275011706010461747e-16
1.217382727739662187e+03 1.940257981156782886e-16
1.350993521198027793e+03 1.654431434498924214e-16
1.499268432786045423e+03 1.410395497212159174e-16
1.663816886076128640e+03 1.202185970610743807e-16
1.846424942895544291e+03 1.024398557142937252e-16
2.049074689815845886e+03 8.727684326882666016e-17
2.273965752357927613e+03 7.434536853900206544e-17
2.523539170434765765e+03 6.331668757603314177e-17
2.800503894183631019e+03 5.390926291389075211e-17
3.107866187782013640e+03 4.588939781935036546e-17
3.448962260405759935e+03 3.905797010373354090e-17
3.827494478516314757e+03 3.323458910966310846e-17
4.247571552536898707e+03 2.827332258847483137e-17
4.713753134116724141e+03 2.404873421800978401e-17
5.231099308056262998e+03 2.045218114809088684e-17
5.805225516094896193e+03 1.739022303850775326e-17
6.442363508721369726e+03 1.478555694731691083e-17
7.149428986597576113e+03 1.256823517827389687e-17
7.934096665797491369e+03 1.068143420099983541e-17
8.804883581643463913e+03 9.076627143559465765e-18
9.771241535346502133e+03 7.711224439066094730e-18
1.084365968689610963e+04 6.550253137892395067e-18
1.203377840777589154e+04 5.563625582819825616e-18
1.335451562929898682e+04 4.724406772014850914e-18
1.482020705798858762e+04 4.011032415399885644e-18
1.644676177994664249e+04 3.404917385734589698e-18
1.825183494319044257e+04 2.889784423555325436e-18
2.025501939230666540e+04 2.451846602617166211e-18
2.247805833548725059e+04 2.080115977250848955e-18
2.494508135230316839e+04 1.764164404878962746e-18
2.768286630392066581e+04 1.495820211134902723e-18
3.072112998861759115e+04 1.268008426841809255e-18
3.409285069746814406e+04 1.074648939761310361e-18
3.783462617131928710e+04 9.104114328448502226e-19
4.198707084443910571e+04 7.710823276083255422e-19
4.659525668664683326e+04 6.528740263106350944e-19
5.170920242896761192e+04 5.525737697873618537e-19
5.738441648302398244e+04 4.675777725545375566e-19
6.368249944718585903e+04 3.954938506384042077e-19
7.067181273927491566e+04 3.344104098468344592e-19
7.842822061337680498e+04 2.826402078167288423e-19
8.703591361485165544e+04 2.387904026707772542e-19
9.658832241158708348e+04 2.016665994276799362e-19
1.071891319205127511e+05 1.702425426173250512e-19
1.189534067370319535e+05 1.436587975441683242e-19
1.320088400831418112e+05 1.211703150269543762e-19
1.464971398307286145e+05 1.021586346464366078e-19
1.625755666443794908e+05 8.609684902676301562e-20
1.804186409392071655e+05 7.252951158270554112e-20
2.002200371815584658e+05 6.107186533100100372e-20
2.221946860939523904e+05 5.140519981036985210e-20
2.465811075822604180e+05 4.324225986332637228e-20
2.736439997074671555e+05 3.636353156880069990e-20
3.036771118035460822e+05 3.056401218674459658e-20
3.370064329271928291e+05 2.567602245008862789e-20
3.739937302478798083e+05 2.155663520494045182e-20
4.150404757850476308e+05 1.809029922189912122e-20
4.605922041145108524e+05 1.517337268292772222e-20
5.111433483440171112e+05 1.271748027495759587e-20
5.672426068491977639e+05 1.065364173115182358e-20
6.294988990221888525e+05 8.918427243584935852e-21
6.985879746785250027e+05 7.461834571249853645e-21
7.752597488629464060e+05 6.238501547805844333e-21
8.603464416684507160e+05 5.211801724860194582e-21
9.547716114208066138e+05 4.351296628473674457e-21
1.059560179277617019e+06 3.629920254705669192e-21
1.175849554052158026e+06 3.025926168058631672e-21
1.304901978014401859e+06 2.520334268377974636e-21
1.448118227674532915e+06 2.097363578926235702e-21
1.607052818261638284e+06 1.743963144785208309e-21
1.783430876931909472e+06 1.448655793487398543e-21
1.979166867853557458e+06 1.202367618326687869e-21
2.196385372416546568e+06 9.968110484852763621e-22
2.437444150122222025e+06 8.256561495456988044e-22
2.704959730463137385e+06 6.831440207619737874e-22
3.001835813575591892e+06 5.646832025535187183e-22
3.331294787934676744e+06 4.661688602433730055e-22
3.696912707195031922e+06 3.844199435216885023e-22
4.102658105827190448e+06 3.165923327983607810e-22
4.552935074866947718e+06 2.603898765723815238e-22
5.052631065335679799e+06 2.138951726821897915e-22
5.607169938205458224e+06 1.754367389264064281e-22
6.222570836730230600e+06 1.436977095296806423e-22
6.905513520162330940e+06 1.175079514472149161e-22
7.663410868007462472e+06 9.593387472370530308e-23
8.504489341802684590e+06 7.820154256115555384e-23
9.437878277775391936e+06 6.362326895381615058e-23
1.047370897959450819e+07 5.167200492677055495e-23
1.162322468679854274e+07 4.188231026803661503e-23
1.289890261253307760e+07 3.387536550863959533e-23
1.431458937523478456e+07 2.733699740461828579e-23
1.588565129428052530e+07 2.200475064392381342e-23
1.762914118095947802e+07 1.767060266541944267e-23
1.956398343517064676e+07 1.414508189817926390e-23
2.171117945694505423e+07 1.128519084609125376e-23
2.409403560239527002e+07 8.970919559356809648e-24
2.673841615839949250e+07 7.109742428923859463e-24
2.967302408188872784e+07 5.607880653408137546e-24
3.292971255097155273e+07 4.401811947558351638e-24
3.654383070957254618e+07 3.432480019492153540e-24
4.055460735840827972e+07 2.661629274943159926e-24
4.500557675700496882e+07 2.048591724280542310e-24
4.994505115855139494e+07 1.562332306178267842e-24
5.542664520663107187e+07 1.179702096301344636e-24
6.150985788580504060e+07 8.810651465728368590e-25
6.826071834272393584e+07 6.472629917592836780e-25
7.575250258771920204e+07 4.675111036008733188e-25
8.406652885618332028e+07 3.306600501826239788e-25
9.329304026284696162e+07 2.276829066543234716e-25
1.035321843295663744e+08 1.515293005755211624e-25
1.148951000187308788e+08 9.654759712300501693e-26
1.275051240713012964e+08 5.811027038467750138e-26
1.414991297434575856e+08 3.241951265050070603e-26
1.570290124729377627e+08 1.623244229861408537e-26
1.742633386009651124e+08 6.961445802277572472e-27
1.933891750455232263e+08 2.370501701438578669e-27
2.146141197858406007e+08 6.079610864483732118e-28
2.381685551976160705e+08 1.050418096657511474e-28
2.643081486974108517e+08 1.223011880809054448e-31
2.933166278390048146e+08 1.940058109003699155e-39
3.255088599835056663e+08 1.055640098412581232e-68
