1.000000000000000000e+02 5.714425839154705887e-13
1.109752496412072134e+02 5.070658738148286248e-13
1.231550603292826196e+02 4.497518982422438876e-13
1.366716356462005990e+02 3.987133526303918778e-13
1.516716888470922413e+02 3.532861989264688852e-13
1.683180353330956791e+02 3.128685674895693451e-13
1.867913599020782840e+02 2.769264252903421808e-13
2.072921779595371845e+02 2.449554945795246498e-13
2.300430119772916839e+02 2.165609720561043327e-13
2.552908068239516410e+02 1.913057001823679668e-13
2.833096101839323637e+02 1.689191426753634773e-13
3.144035471591500368e+02 1.490065720048237892e-13
3.489101213406774491e+02 1.313880215392611296e-13
3.872038781812557318e+02 1.157242688684051705e-13
4.297004704320843871e+02 1.018804346339356928e-13
4.768611697714468960e+02 8.958857651185741308e-14
5.291978735958442712e+02 7.873290226847987674e-14
5.872786613189482523e+02 6.911325749277667727e-14
6.517339604882420190e+02 6.062647217116646538e-14
7.232633896483533817e+02 5.312043769772672872e-14
8.026433522257173081e+02 4.650024654121643027e-14
8.907354638610439679e+02 4.066171951154558211e-14
9.884959046625587007e+02 3.551284854669544733e-14
1.096985797892383971e+03 3.098944588196749586e-14
1.217382727739662187e+03 2.699995809981431139e-14
1.350993521198027793e+03 2.350564174880593237e-14
1.499268432786045423e+03 2.042728320854749517e-14
1.663816886076128640e+03 1.773791642867604524e-14
1.846424942895544291e+03 1.537465136814628299e-14
2.049074689815845886e+03 1.331590815083653355e-14
2.273965752357927613e+03 1.151139465517762173e-14
2.523539170434765765e+03 9.941639202424035168e-15
2.800503894183631019e+03 8.571764538791712251e-15
3.107866187782013640e+03 7.381658825146413708e-15
3.448962260405759935e+03 6.347102857254869373e-15
3.827494478516314757e+03 5.450206443086986781e-15
4.247571552536898707e+03 4.675423340881786298e-15
4.713753134116724141e+03 4.002590551648960016e-15
5.231099308056262998e+03 3.424165590462880889e-15
5.805225516094896193e+03 2.924799895519838172e-15
6.442363508721369726e+03 2.495548540888065647e-15
7.149428986597576113e+03 2.126280599874119297e-15
7.934096665797491369e+03 1.809894691103063666e-15
8.804883581643463913e+03 1.538625528933640836e-15
9.771241535346502133e+03 1.306777721498501561e-15
1.084365968689610963e+04 1.108406643675642377e-15
1.203377840777589154e+04 9.391618629644396099e-16
1.335451562929898682e+04 7.948007351219033493e-16
1.482020705798858762e+04 6.719527251514235324e-16
1.644676177994664249e+04 5.673374354447501478e-16
1.825183494319044257e+04 4.785518470859114478e-16
2.025501939230666540e+04 4.030448325751819993e-16
2.247805833548725059e+04 3.391083871591856094e-16
2.494508135230316839e+04 2.848947052921072273e-16
2.768286630392066581e+04 2.389917356228810677e-16
3.072112998861759115e+04 2.003045226737887888e-16
3.409285069746814406e+04 1.675653348511077117e-16
3.783462617131928710e+04 1.399733938126919741e-16
4.198707084443910571e+04 1.168139586463561717e-16
4.659525668664683326e+04 9.730184995082428285e-17
5.170920242896761192e+04 8.093679144950668300e-17
5.738441648302398244e+04 6.725742823297980032e-17
6.368249944718585903e+04 5.578726010130500285e-17
7.067181273927491566e+04 4.622743615993223205e-17
7.842822061337680498e+04 3.825973887398324917e-17
8.703591361485165544e+04 3.162655390642349386e-17
9.658832241158708348e+04 2.611003084919417489e-17
1.071891319205127511e+05 2.153519018775239089e-17
1.189534067370319535e+05 1.774448176099584653e-17
1.320088400831418112e+05 1.460685979165569963e-17
1.464971398307286145e+05 1.201186224535405795e-17
1.625755666443794908e+05 9.869497265994572335e-18
1.804186409392071655e+05 8.102042989635769312e-18
2.002200371815584658e+05 6.644684716139919716e-18
2.221946860939523904e+05 5.445375059596886201e-18
2.465811075822604180e+05 4.457949228304820777e-18
2.736439997074671555e+05 3.646003224782045145e-18
3.036771118035460822e+05 2.978966659905657560e-18
3.370064329271928291e+05 2.431299725515699267e-18
3.739937302478798083e+05 1.981998204179638721e-18
4.150404757850476308e+05 1.613785786018932544e-18
4.605922041145108524e+05 1.312162344496521336e-18
5.111433483440171112e+05 1.065390019402711505e-18
5.672426068491977639e+05 8.638024317105101840e-19
6.294988990221888525e+05 6.992551301181812238e-19
6.985879746785250027e+05 5.652086182958779348e-19
7.752597488629464060e+05 4.562692953211575745e-19
8.603464416684507160e+05 3.678447969219221960e-19
9.547716114208066138e+05 2.962064404566667039e-19
1.059560179277617019e+06 2.382179854260553413e-19
1.175849554052158026e+06 1.913952933469413517e-19
1.304901978014401859e+06 1.536107527100308611e-19
1.448118227674532915e+06 1.231232961356201910e-19
1.607052818261638284e+06 9.860047874689495022e-20
1.783430876931909472e+06 7.886330978149000568e-20
1.979166867853557458e+06 6.299613629936792047e-20
2.196385372416546568e+06 5.026326549999622983e-20
2.437444150122222025e+06 4.004710105250601701e-20
2.704959730463137385e+06 3.186281943687289799e-20
3.001835813575591892e+06 2.531521012772340365e-20
3.331294787934676744e+06 2.008227200752095350e-20
3.696912707195031922e+06 1.590498515785802472e-20
4.102658105827190448e+06 1.257472145540660956e-20
4.552935074866947718e+06 9.925962019451805826e-21
5.052631065335679799e+06 7.819365449588995410e-21
5.607169938205458224e+06 6.147453179034337463e-21
6.222570836730230600e+06 4.824040693576227973e-21
6.905513520162330940e+06 3.777838571999222405e-21
7.663410868007462472e+06 2.951097416189119456e-21
8.504489341802684590e+06 2.300269676747777057e-21
9.437878277775391936e+06 1.788556506700995346e-21
1.047370897959450819e+07 1.386688223634061666e-21
1.162322468679854274e+07 1.072883081866924597e-21
1.289890261253307760e+07 8.275930343178443711e-22
1.431458937523478456e+07 6.363869120052275618e-22
1.588565129428052530e+07 4.879027425492553615e-22
1.762914118095947802e+07 3.729012892078341659e-22
1.956398343517064676e+07 2.840488015703782815e-22
2.171117945694505423e+07 2.156584540100908395e-22
2.409403560239527002e+07 1.631883105986137641e-22
2.673841615839949250e+07 1.230887241199566702e-22
2.967302408188872784e+07 9.252892791568037734e-23
3.292971255097155273e+07 6.932756887926665950e-23
3.654383070957254618e+07 5.176932342815533035e-23
4.055460735840827972e+07 3.852448915017464689e-23
4.500557675700496882e+07 2.854571390648288867e-23
4.994505115855139494e+07 2.108682371975332969e-23
5.542664520663107187e+07 1.552595739529806447e-23
6.150985788580504060e+07 1.139855494529480209e-23
6.826071834272393584e+07 8.329964915576510979e-24
7.575250258771920204e+07 6.056533285985293436e-24
8.406652885618332028e+07 4.381294703622927929e-24
9.329304026284696162e+07 3.153298730796508677e-24
1.035321843295663744e+08 2.254597903403027270e-24
1.148951000187308788e+08 1.588309653810877091e-24
1.275051240713012964e+08 1.097013120029967217e-24
1.414991297434575856e+08 7.412013075576543407e-25
1.570290124729377627e+08 4.874589973094952157e-25
1.742633386009651124e+08 3.086073516251004314e-25
1.933891750455232263e+08 1.846832490438775922e-25
2.146141197858406007e+08 1.015109386087340472e-25
2.381685551976160705e+08 4.923521213490929089e-26
2.643081486974108517e+08 1.943479063051973885e-26
2.933166278390048146e+08 5.268391675870810129e-27
3.255088599835056663e+08 8.240476339811069867e-28
3.612342699709430337e+08 7.595350117828924914e-29
4.008806328898465633e+08 3.813987704234804742e-30
4.448782831127585173e+08 9.294319670079543605e-32
4.937047852839003801e+08 5.960208541038084448e-34
