1.000000000000000000e+02 2.222387672504389847e-15
1.109752496412072134e+02 1.767110842878672443e-15
1.231550603292826196e+02 1.395586688722652232e-15
1.366716356462005990e+02 1.094931282470038265e-15
1.516716888470922413e+02 8.533900252560098621e-16
1.683180353330956791e+02 6.615293932529406506e-16
1.867913599020782840e+02 5.100265784599947645e-16
2.072921779595371845e+02 3.913610169305725662e-16
2.300430119772916839e+02 2.983550488319765859e-16
2.552908068239516410e+02 2.266726868641766831e-16
2.833096101839323637e+02 1.722220299033194215e-16
3.144035471591500368e+02 1.306917051425506152e-16
3.489101213406774491e+02 9.936764462445574568e-17
3.872038781812557318e+02 7.576079960210289949e-17
4.297004704320843871e+02 5.802656497805427708e-17
4.768611697714468960e+02 4.473619459696781596e-17
5.291978735958442712e+02 3.472607450635719564e-17
5.872786613189482523e+02 2.716580116390048571e-17
6.517339604882420190e+02 2.140167827674100046e-17
7.232633896483533817e+02 1.696387431020847293e-17
8.026433522257173081e+02 1.351047253340140554e-17
8.907354638610439679e+02 1.079256237789605354e-17
9.884959046625587007e+02 8.630311726380450115e-18
1.096985797892383971e+03 6.895205669858629933e-18
1.217382727739662187e+03 5.492824729155178357e-18
1.350993521198027793e+03 4.354529727848845038e-18
1.499268432786045423e+03 3.428417850825430099e-18
1.663816886076128640e+03 2.675423292536004632e-18
1.846424942895544291e+03 2.065430654603738110e-18
2.049074689815845886e+03 1.574749262672125244e-18
2.273965752357927613e+03 1.183654957485116046e-18
2.523539170434765765e+03 8.763386135129587187e-19
2.800503894183631019e+03 6.390076466895878425e-19
3.107866187782013640e+03 4.600882803206459264e-19
3.448962260405759935e+03 3.290858770380203251e-19
3.827494478516314757e+03 2.361330616050472002e-19
4.247571552536898707e+03 1.720118184907284151e-19
4.713753134116724141e+03 1.285474642377611848e-19
5.231099308056262998e+03 9.896845266730625741e-20
5.805225516094896193e+03 7.817456126251867123e-20
6.442363508721369726e+03 6.280771933464416701e-20
7.149428986597576113e+03 5.093781456484358563e-20
7.934096665797491369e+03 4.151286206712192488e-20
8.804883581643463913e+03 3.390331437948412334e-20
9.771241535346502133e+03 2.770788113795182315e-20
1.084365968689610963e+04 2.264339625309277274e-20
1.203377840777589154e+04 1.849428947008412852e-20
1.335451562929898682e+04 1.509358552802195318e-20
1.482020705798858762e+04 1.230752083610176412e-20
1.644676177994664249e+04 1.002473636689631210e-20
1.825183494319044257e+04 8.158038520722167060e-21
2.025501939230666540e+04 6.630038342170314181e-21
2.247805833548725059e+04 5.382570298837379012e-21
2.494508135230316839e+04 4.363719509431740709e-21
2.768286630392066581e+04 3.533186951514213692e-21
3.072112998861759115e+04 2.856604407504569867e-21
3.409285069746814406e+04 2.305889988922818201e-21
3.783462617131928710e+04 1.858122479771346278e-21
4.198707084443910571e+04 1.494825180876164129e-21
4.659525668664683326e+04 1.200066825226283697e-21
5.170920242896761192e+04 9.617062868656034967e-22
5.738441648302398244e+04 7.688764085798505753e-22
6.368249944718585903e+04 6.133880858918013949e-22
7.067181273927491566e+04 4.880682256259743481e-22
7.842822061337680498e+04 3.874393655672142176e-22
8.703591361485165544e+04 3.066127391605535713e-22
9.658832241158708348e+04 2.420534283775211073e-22
1.071891319205127511e+05 1.904410408427308527e-22
1.189534067370319535e+05 1.494345625880655465e-22
1.320088400831418112e+05 1.168637050922896633e-22
1.464971398307286145e+05 9.112318812215183418e-23
1.625755666443794908e+05 7.080873601427409687e-23
1.804186409392071655e+05 5.485777028899017741e-23
2.002200371815584658e+05 4.233942102067824067e-23
2.221946860939523904e+05 3.257614887608415039e-23
2.465811075822604180e+05 2.495164538784541082e-23
2.736439997074671555e+05 1.904546060330688066e-23
3.036771118035460822e+05 1.447645160705296407e-23
3.370064329271928291e+05 1.094869039208668807e-23
3.739937302478798083e+05 8.253233131065272897e-24
4.150404757850476308e+05 6.181761609491892424e-24
4.605922041145108524e+05 4.615504290179076811e-24
5.111433483440171112e+05 3.424346161324434919e-24
5.672426068491977639e+05 2.529156420804876345e-24
6.294988990221888525e+05 1.859323252326578689e-24
6.985879746785250027e+05 1.359693111160481801e-24
7.752597488629464060e+05 9.896240897491737021e-25
8.603464416684507160e+05 7.171278022344732447e-25
9.547716114208066138e+05 5.169656372096463130e-25
1.059560179277617019e+06 3.711032819664594318e-25
1.175849554052158026e+06 2.652472157259120554e-25
1.304901978014401859e+06 1.886513105288158424e-25
1.448118227674532915e+06 1.334626743552652720e-25
1.607052818261638284e+06 9.383480461049189919e-26
1.783430876931909472e+06 6.549766006581987951e-26
1.979166867853557458e+06 4.529524840386062282e-26
2.196385372416546568e+06 3.099396886873800776e-26
2.437444150122222025e+06 2.092434377255228451e-26
2.704959730463137385e+06 1.384125431312261488e-26
3.001835813575591892e+06 8.985663174029439587e-27
3.331294787934676744e+06 5.687895394729313255e-27
3.696912707195031922e+06 3.493097266033983666e-27
4.102658105827190448e+06 2.069670105044490682e-27
4.552935074866947718e+06 1.175629222174284758e-27
5.052631065335679799e+06 6.358540687059387259e-28
5.607169938205458224e+06 3.257626113958353303e-28
6.222570836730230600e+06 1.577437733445711738e-28
6.905513520162330940e+06 7.188902783633222821e-29
7.663410868007462472e+06 3.064225457906000916e-29
8.504489341802684590e+06 1.184004005747584052e-29
9.437878277775391936e+06 3.933382100161661386e-30
1.047370897959450819e+07 1.089741926399984446e-30
1.162322468679854274e+07 2.471718777387310065e-31
1.289890261253307760e+07 4.482900197387386192e-32
1.431458937523478456e+07 6.359597412417881991e-33
1.588565129428052530e+07 6.914749345376056882e-34
1.762914118095947802e+07 5.648999140709533515e-35
1.956398343517064676e+07 3.396580414861791610e-36
2.171117945694505423e+07 1.469350429320019603e-37
2.409403560239527002e+07 4.456671041371302914e-39
2.673841615839949250e+07 9.191139983096321470e-41
2.967302408188872784e+07 1.251352561298790235e-42
3.292971255097155273e+07 1.084139288764077993e-44
3.654383070957254618e+07 5.716764568695338034e-47
4.055460735840827972e+07 1.740933622883384380e-49
4.500557675700496882e+07 2.874234421057338063e-52
4.994505115855139494e+07 2.382576639956580373e-55
5.542664520663107187e+07 9.038216085015743676e-59
6.150985788580504060e+07 1.401191025041733221e-62
6.826071834272393584e+07 7.737087797400192827e-67
7.575250258771920204e+07 1.275783868287012659e-71
8.406652885618332028e+07 4.976924910600724579e-77
9.329304026284696162e+07 3.290626717024387023e-83
1.035321843295663744e+08 1.510912068777206349e-90
