1.000000000000000000e+02 9.056855674640244914e-15
1.109752496412072134e+02 7.380581205760909488e-15
1.231550603292826196e+02 6.031192066642967427e-15
1.366716356462005990e+02 4.939701416249927939e-15
1.516716888470922413e+02 4.055148452878136843e-15
1.683180353330956791e+02 3.331476297717883507e-15
1.867913599020782840e+02 2.737613464926695587e-15
2.072921779595371845e+02 2.251353341747156097e-15
2.300430119772916839e+02 1.850631444045349320e-15
2.552908068239516410e+02 1.518179644967510384e-15
2.833096101839323637e+02 1.244740461444831194e-15
3.144035471591500368e+02 1.019727113476008919e-15
3.489101213406774491e+02 8.339106004419520906e-16
3.872038781812557318e+02 6.806475801194719666e-16
4.297004704320843871e+02 5.546086593920669052e-16
4.768611697714468960e+02 4.510758639594498480e-16
5.291978735958442712e+02 3.666436951183331818e-16
5.872786613189482523e+02 2.980154713505517469e-16
6.517339604882420190e+02 2.421357799764286850e-16
7.232633896483533817e+02 1.964913178326529293e-16
8.026433522257173081e+02 1.595339703169992691e-16
8.907354638610439679e+02 1.296591967287750094e-16
9.884959046625587007e+02 1.054980930810937392e-16
1.096985797892383971e+03 8.591601273359708638e-17
1.217382727739662187e+03 6.998227770008658322e-17
1.350993521198027793e+03 5.709004312869971958e-17
1.499268432786045423e+03 4.658468073564027985e-17
1.663816886076128640e+03 3.797710514343412276e-17
1.846424942895544291e+03 3.091077226782077200e-17
2.049074689815845886e+03 2.512180832423542815e-17
2.273965752357927613e+03 2.033869441174991931e-17
2.523539170434765765e+03 1.637729912631423739e-17
2.800503894183631019e+03 1.311834274946673241e-17
3.107866187782013640e+03 1.041046169368920421e-17
3.448962260405759935e+03 8.186489629484591993e-18
3.827494478516314757e+03 6.360646309108568811e-18
4.247571552536898707e+03 4.873814446501196827e-18
4.713753134116724141e+03 3.673791088377394740e-18
5.231099308056262998e+03 2.716686665676467552e-18
5.805225516094896193e+03 1.965852009018470498e-18
6.442363508721369726e+03 1.390899506810347613e-18
7.149428986597576113e+03 9.596810944876258915e-19
7.934096665797491369e+03 6.499330241445834648e-19
8.804883581643463913e+03 4.355788042272415506e-19
9.771241535346502133e+03 2.928986151652278523e-19
1.084365968689610963e+04 2.007341049388072140e-19
1.203377840777589154e+04 1.419744474478284477e-19
1.335451562929898682e+04 1.038350031004763257e-19
1.482020705798858762e+04 7.781972008819394936e-20
1.644676177994664249e+04 5.906759282868258038e-20
1.825183494319044257e+04 4.508683120402393160e-20
2.025501939230666540e+04 3.462723606238469329e-20
2.247805833548725059e+04 2.690270589762488347e-20
2.494508135230316839e+04 2.116948432598253525e-20
2.768286630392066581e+04 1.681562682370129256e-20
3.072112998861759115e+04 1.341249308799596512e-20
3.409285069746814406e+04 1.071003727457595245e-20
3.783462617131928710e+04 8.551774304721995121e-21
4.198707084443910571e+04 6.825062598715787680e-21
4.659525668664683326e+04 5.443656547625840945e-21
5.170920242896761192e+04 4.339271017325988008e-21
5.738441648302398244e+04 3.456543356871874530e-21
6.368249944718585903e+04 2.751796049615270932e-21
7.067181273927491566e+04 2.189373333984804178e-21
7.842822061337680498e+04 1.740720053119991428e-21
8.703591361485165544e+04 1.383010596646251819e-21
9.658832241158708348e+04 1.098092458122788070e-21
1.071891319205127511e+05 8.713694080402286972e-22
1.189534067370319535e+05 6.909874006836393189e-22
1.320088400831418112e+05 5.475653321906063634e-22
1.464971398307286145e+05 4.336607312983690270e-22
1.625755666443794908e+05 3.432385267769222180e-22
1.804186409392071655e+05 2.715365462659212329e-22
2.002200371815584658e+05 2.146709057030428957e-22
2.221946860939523904e+05 1.696175399547189800e-22
2.465811075822604180e+05 1.339478313109113214e-22
2.736439997074671555e+05 1.057074288180943791e-22
3.036771118035460822e+05 8.337071525505631871e-23
3.370064329271928291e+05 6.570778808953393312e-23
3.739937302478798083e+05 5.175194656972155250e-23
4.150404757850476308e+05 4.072855357279595397e-23
4.605922041145108524e+05 3.202946816533930178e-23
5.111433483440171112e+05 2.516889529489031248e-23
5.672426068491977639e+05 1.976127108008597300e-23
6.294988990221888525e+05 1.550118207681865947e-23
6.985879746785250027e+05 1.214871487864969379e-23
7.752597488629464060e+05 9.512383162609188706e-24
8.603464416684507160e+05 7.440948484188066437e-24
9.547716114208066138e+05 5.814434450078650040e-24
1.059560179277617019e+06 4.538311180059542595e-24
1.175849554052158026e+06 3.538168558750476756e-24
1.304901978014401859e+06 2.755174162259382302e-24
1.448118227674532915e+06 2.142610295273687182e-24
1.607052818261638284e+06 1.664127703637208649e-24
1.783430876931909472e+06 1.290594080782472564e-24
1.979166867853557458e+06 9.995686238573798000e-25
2.196385372416546568e+06 7.728216704285754615e-25
2.437444150122222025e+06 5.965463766574344474e-25
2.704959730463137385e+06 4.596383744757885622e-25
3.001835813575591892e+06 3.535161772654869916e-25
3.331294787934676744e+06 2.713952445041146612e-25
3.696912707195031922e+06 2.079114913512588212e-25
4.102658105827190448e+06 1.589226472372636651e-25
4.552935074866947718e+06 1.211723071071830941e-25
5.052631065335679799e+06 9.215784280155924805e-26
5.607169938205458224e+06 6.990630117244972483e-26
6.222570836730230600e+06 5.287432028532482290e-26
6.905513520162330940e+06 3.986109561461822197e-26
7.663410868007462472e+06 2.994851051804829196e-26
8.504489341802684590e+06 2.241780241576817945e-26
9.437878277775391936e+06 1.671433229047540048e-26
1.047370897959450819e+07 1.240994637877361444e-26
1.162322468679854274e+07 9.168301212237781975e-27
1.289890261253307760e+07 6.736527610137422035e-27
1.431458937523478456e+07 4.923469446081006480e-27
1.588565129428052530e+07 3.574175465368512740e-27
1.762914118095947802e+07 2.576204176922296516e-27
1.956398343517064676e+07 1.841800764411394262e-27
2.171117945694505423e+07 1.304789878276769157e-27
2.409403560239527002e+07 9.150490768247739066e-28
2.673841615839949250e+07 6.339485167797102708e-28
2.967302408188872784e+07 4.332508346699959941e-28
3.292971255097155273e+07 2.913355551721375536e-28
3.654383070957254618e+07 1.921959104757343590e-28
4.055460735840827972e+07 1.238911577675072849e-28
4.500557675700496882e+07 7.762628646144175796e-29
4.994505115855139494e+07 4.694435910162388116e-29
5.542664520663107187e+07 2.710766943491863703e-29
6.150985788580504060e+07 1.470522545989502766e-29
6.826071834272393584e+07 7.304284158703508644e-30
7.575250258771920204e+07 3.161887969466482728e-30
8.406652885618332028e+07 1.073776655239081662e-30
9.329304026284696162e+07 2.098568865453161527e-31
1.035321843295663744e+08 3.825476289072321944e-33
