1.000000000000000000e+02 1.593371412650164492e-16
1.109752496412072134e+02 1.324325009848383179e-16
1.231550603292826196e+02 1.107148003872586982e-16
1.366716356462005990e+02 9.303189273719815760e-17
1.516716888470922413e+02 7.854519312257267950e-17
1.683180353330956791e+02 6.642636988325231040e-17
1.867913599020782840e+02 5.628202472370480058e-17
2.072921779595371845e+02 4.772769337179485413e-17
2.300430119772916839e+02 4.047004372137627392e-17
2.552908068239516410e+02 3.425685224099948735e-17
2.833096101839323637e+02 2.894000244383964980e-17
3.144035471591500368e+02 2.439164223589422279e-17
3.489101213406774491e+02 2.048688079584464971e-17
3.872038781812557318e+02 1.714175562656205037e-17
4.297004704320843871e+02 1.427767753746552824e-17
4.768611697714468960e+02 1.182758355216182317e-17
5.291978735958442712e+02 9.740236113291811448e-18
5.872786613189482523e+02 7.965834843764856913e-18
6.517339604882420190e+02 6.465920951490932422e-18
7.232633896483533817e+02 5.201931100958351162e-18
8.026433522257173081e+02 4.145238994585184339e-18
8.907354638610439679e+02 3.268571713163315352e-18
9.884959046625587007e+02 2.546598123496157963e-18
1.096985797892383971e+03 1.959415449478770630e-18
1.217382727739662187e+03 1.489082840835575036e-18
1.350993521198027793e+03 1.118230744368699827e-18
1.499268432786045423e+03 8.325158699933422627e-19
1.663816886076128640e+03 6.175143070385311909e-19
1.846424942895544291e+03 4.603575338572727792e-19
2.049074689815845886e+03 3.478871446392486567e-19
2.273965752357927613e+03 2.688630086422889257e-19
2.523539170434765765e+03 2.130536083050136911e-19
2.800503894183631019e+03 1.727124656066409949e-19
3.107866187782013640e+03 1.422124744266379279e-19
3.448962260405759935e+03 1.182124463526980881e-19
3.827494478516314757e+03 9.879505398174200955e-20
4.247571552536898707e+03 8.277696645322135660e-20
4.713753134116724141e+03 6.945822176852181272e-20
5.231099308056262998e+03 5.829966221998788834e-20
5.805225516094896193e+03 4.895059670517096780e-20
6.442363508721369726e+03 4.109530867542584364e-20
7.149428986597576113e+03 3.449853923561464936e-20
7.934096665797491369e+03 2.895531180801985754e-20
8.804883581643463913e+03 2.429994003150633865e-20
9.771241535346502133e+03 2.038692345619962976e-20
1.084365968689610963e+04 1.710117979440976229e-20
1.203377840777589154e+04 1.434183728084141974e-20
1.335451562929898682e+04 1.202305062386218756e-20
1.482020705798858762e+04 1.007713730768230997e-20
1.644676177994664249e+04 8.442691868682554449e-21
1.825183494319044257e+04 7.071561720187519042e-21
2.025501939230666540e+04 5.920208836599141980e-21
2.247805833548725059e+04 4.954708711919132042e-21
2.494508135230316839e+04 4.144285474592874151e-21
2.768286630392066581e+04 3.465042656294826998e-21
3.072112998861759115e+04 2.895471405570111420e-21
3.409285069746814406e+04 2.418148459511384946e-21
3.783462617131928710e+04 2.018287948979141274e-21
4.198707084443910571e+04 1.683412560081613020e-21
4.659525668664683326e+04 1.403195886227484831e-21
5.170920242896761192e+04 1.168742915882876161e-21
5.738441648302398244e+04 9.727629681074834387e-22
6.368249944718585903e+04 8.089276702735393649e-22
7.067181273927491566e+04 6.720881964628721814e-22
7.842822061337680498e+04 5.579498080958011942e-22
8.703591361485165544e+04 4.627979897029850864e-22
9.658832241158708348e+04 3.835292582127037469e-22
1.071891319205127511e+05 3.175213627282211036e-22
1.189534067370319535e+05 2.626466293559416732e-22
1.320088400831418112e+05 2.170412724868674506e-22
1.464971398307286145e+05 1.791377946786141796e-22
1.625755666443794908e+05 1.476756966368695898e-22
1.804186409392071655e+05 1.215931449679990408e-22
2.002200371815584658e+05 9.996600469258250438e-23
2.221946860939523904e+05 8.208148594916446082e-23
2.465811075822604180e+05 6.729602561407438190e-23
2.736439997074671555e+05 5.507476165199143357e-23
3.036771118035460822e+05 4.497241802491372840e-23
3.370064329271928291e+05 3.665136252474344942e-23
3.739937302478798083e+05 2.980982528006765802e-23
4.150404757850476308e+05 2.417796237276606477e-23
4.605922041145108524e+05 1.956041949173673116e-23
5.111433483440171112e+05 1.577712424014947176e-23
5.672426068491977639e+05 1.268549237152388510e-23
6.294988990221888525e+05 1.016379695399190169e-23
6.985879746785250027e+05 8.114223143889470034e-24
7.752597488629464060e+05 6.452290066952649994e-24
8.603464416684507160e+05 5.109371935992881747e-24
9.547716114208066138e+05 4.021235341642818051e-24
1.059560179277617019e+06 3.150381685924396993e-24
1.175849554052158026e+06 2.453893428521533809e-24
1.304901978014401859e+06 1.899253453564814810e-24
1.448118227674532915e+06 1.459518436074561631e-24
1.607052818261638284e+06 1.114922700557554351e-24
1.783430876931909472e+06 8.448593089983057369e-25
1.979166867853557458e+06 6.349326698854518040e-25
2.196385372416546568e+06 4.732299179933327531e-25
2.437444150122222025e+06 3.498639518740769790e-25
2.704959730463137385e+06 2.564717994279477448e-25
3.001835813575591892e+06 1.863761777493175693e-25
3.331294787934676744e+06 1.343679666332935506e-25
3.696912707195031922e+06 9.616137576538040299e-26
4.102658105827190448e+06 6.838962849225014460e-26
4.552935074866947718e+06 4.829188553516843603e-26
5.052631065335679799e+06 3.385631196667071024e-26
5.607169938205458224e+06 2.352042869713779240e-26
6.222570836730230600e+06 1.612864038887080684e-26
6.905513520162330940e+06 1.085130071605521963e-26
7.663410868007462472e+06 7.099039800172648437e-27
8.504489341802684590e+06 4.458993094674801686e-27
9.437878277775391936e+06 2.648005161565215386e-27
1.047370897959450819e+07 1.450965266455638567e-27
1.162322468679854274e+07 7.098100182883584722e-28
1.289890261253307760e+07 2.932984991795350869e-28
1.431458937523478456e+07 9.475501574632696926e-29
1.588565129428052530e+07 2.374107150737364792e-29
1.762914118095947802e+07 7.026922044015421641e-30
1.956398343517064676e+07 2.025571587825473410e-30
