1.000000000000000000e+02 1.031842829489768341e-10
1.109752496412072134e+02 8.840189068179172136e-11
1.231550603292826196e+02 7.567237588293141278e-11
1.366716356462005990e+02 6.472145295168851871e-11
1.516716888470922413e+02 5.523933980433763321e-11
1.683180353330956791e+02 4.714063258028425504e-11
1.867913599020782840e+02 4.014258925665806407e-11
2.072921779595371845e+02 3.416153028186754455e-11
2.300430119772916839e+02 2.903665743594112050e-11
2.552908068239516410e+02 2.464643273901438634e-11
2.833096101839323637e+02 2.090174312098111143e-11
3.144035471591500368e+02 1.769515200364505914e-11
3.489101213406774491e+02 1.497255921808658370e-11
3.872038781812557318e+02 1.264288003113889220e-11
4.297004704320843871e+02 1.067241145337480621e-11
4.768611697714468960e+02 8.990298464864675205e-12
5.291978735958442712e+02 7.567391459578290403e-12
5.872786613189482523e+02 6.359559225214463913e-12
6.517339604882420190e+02 5.334352047606149159e-12
7.232633896483533817e+02 4.470859026699782688e-12
8.026433522257173081e+02 3.735588974778324939e-12
8.907354638610439679e+02 3.120605462084313241e-12
9.884959046625587007e+02 2.595517467644625970e-12
1.096985797892383971e+03 2.158826778147816189e-12
1.217382727739662187e+03 1.786544930733728022e-12
1.350993521198027793e+03 1.478529328562132115e-12
1.499268432786045423e+03 1.217752772679275243e-12
1.663816886076128640e+03 1.000386127124640188e-12
1.846424942895544291e+03 8.196051638214539590e-13
2.049074689815845886e+03 6.695091173972807451e-13
2.273965752357927613e+03 5.447879310375038047e-13
2.523539170434765765e+03 4.428419064161182022e-13
2.800503894183631019e+03 3.582037999078092979e-13
3.107866187782013640e+03 2.893906407677372829e-13
3.448962260405759935e+03 2.331723022750036840e-13
3.827494478516314757e+03 1.874297279497924881e-13
4.247571552536898707e+03 1.506970694930493702e-13
4.713753134116724141e+03 1.207665397219235434e-13
5.231099308056262998e+03 9.707407361724776392e-14
5.805225516094896193e+03 7.778643256287775279e-14
6.442363508721369726e+03 6.259760327637764733e-14
7.149428986597576113e+03 5.037673878065491789e-14
7.934096665797491369e+03 4.063757117427540953e-14
8.804883581643463913e+03 3.289179652162353015e-14
9.771241535346502133e+03 2.668991696800308241e-14
1.084365968689610963e+04 2.174357686706161813e-14
1.203377840777589154e+04 1.775994647361226039e-14
1.335451562929898682e+04 1.454263043875977825e-14
1.482020705798858762e+04 1.194906043279800529e-14
1.644676177994664249e+04 9.831899489922314133e-15
1.825183494319044257e+04 8.100318545214739098e-15
2.025501939230666540e+04 6.676660657752793028e-15
2.247805833548725059e+04 5.504455867898826642e-15
2.494508135230316839e+04 4.532937477101233094e-15
2.768286630392066581e+04 3.727419305809233493e-15
3.072112998861759115e+04 3.057168299640493058e-15
3.409285069746814406e+04 2.499879743890867044e-15
3.783462617131928710e+04 2.036683127359275126e-15
4.198707084443910571e+04 1.650572478761952096e-15
4.659525668664683326e+04 1.330893175043197469e-15
5.170920242896761192e+04 1.066492224621274086e-15
5.738441648302398244e+04 8.483365617089520995e-16
6.368249944718585903e+04 6.694108055956016370e-16
7.067181273927491566e+04 5.235657563388363093e-16
7.842822061337680498e+04 4.053086303068397979e-16
8.703591361485165544e+04 3.104306288373665254e-16
9.658832241158708348e+04 2.348074563290720919e-16
1.071891319205127511e+05 1.754629841475642771e-16
1.189534067370319535e+05 1.294275390415696853e-16
1.320088400831418112e+05 9.438141947776293365e-17
1.464971398307286145e+05 6.803218329704390194e-17
1.625755666443794908e+05 4.841874619846489155e-17
1.804186409392071655e+05 3.423547983554096851e-17
2.002200371815584658e+05 2.410109149190541108e-17
2.221946860939523904e+05 1.699032624334511039e-17
2.465811075822604180e+05 1.194885425422082110e-17
2.736439997074671555e+05 8.473966698687972529e-18
3.036771118035460822e+05 6.039179785022059653e-18
3.370064329271928291e+05 4.324315458191858378e-18
3.739937302478798083e+05 3.107945843105859780e-18
4.150404757850476308e+05 2.228953097402250320e-18
4.605922041145108524e+05 1.597314526246048288e-18
5.111433483440171112e+05 1.139986323420749765e-18
5.672426068491977639e+05 8.123857030482244205e-19
6.294988990221888525e+05 5.780162342072563849e-19
6.985879746785250027e+05 4.092169526727297181e-19
7.752597488629464060e+05 2.897947272092424676e-19
8.603464416684507160e+05 2.049574432729668182e-19
9.547716114208066138e+05 1.446510352924456443e-19
1.059560179277617019e+06 1.016507614659018552e-19
1.175849554052158026e+06 7.086189869465754288e-20
1.304901978014401859e+06 4.877357038845338675e-20
1.448118227674532915e+06 3.293158606836014718e-20
1.607052818261638284e+06 2.165618225091950069e-20
1.783430876931909472e+06 1.379437311706341965e-20
1.979166867853557458e+06 8.471153416343989371e-21
2.196385372416546568e+06 5.053996014192955142e-21
2.437444150122222025e+06 3.015472712822216480e-21
2.704959730463137385e+06 1.880041054703722543e-21
3.001835813575591892e+06 1.249525277780901331e-21
3.331294787934676744e+06 8.734712087058701572e-22
3.696912707195031922e+06 6.279533212631613628e-22
4.102658105827190448e+06 4.566186053134522147e-22
4.552935074866947718e+06 3.328979921210933000e-22
5.052631065335679799e+06 2.421200379314646481e-22
5.607169938205458224e+06 1.756374133151061447e-22
6.222570836730230600e+06 1.269709062695660482e-22
6.905513520162330940e+06 9.130645604462872656e-23
7.663410868007462472e+06 6.526741311199700796e-23
8.504489341802684590e+06 4.642057735526274323e-23
9.437878277775391936e+06 3.277268654388955439e-23
1.047370897959450819e+07 2.292619390858259816e-23
1.162322468679854274e+07 1.587699440401148548e-23
1.289890261253307760e+07 1.087106062749958700e-23
1.431458937523478456e+07 7.337111965531138867e-24
1.588565129428052530e+07 4.873969895147063406e-24
1.762914118095947802e+07 3.173782600433152562e-24
1.956398343517064676e+07 2.018708165545471592e-24
2.171117945694505423e+07 1.241936990009038976e-24
2.409403560239527002e+07 7.305624363184637407e-25
2.673841615839949250e+07 4.049633575341257333e-25
2.967302408188872784e+07 2.042159938960393148e-25
3.292971255097155273e+07 8.851064077635144709e-26
3.654383070957254618e+07 2.896118503765849542e-26
4.055460735840827972e+07 5.109868041232844266e-27
4.500557675700496882e+07 3.613682806169281818e-28
4.994505115855139494e+07 2.487632746354915240e-52
5.542664520663107187e+07 9.501293660897000618e-123
