1.000000000000000000e+02 1.375222128364020024e-16
1.109752496412072134e+02 1.162388275614666421e-16
1.231550603292826196e+02 9.838827079729117646e-17
1.366716356462005990e+02 8.344696552618213982e-17
1.516716888470922413e+02 7.092338175362570996e-17
1.683180353330956791e+02 6.039823734768209163e-17
1.867913599020782840e+02 5.152493410764357219e-17
2.072921779595371845e+02 4.402349758592092756e-17
2.300430119772916839e+02 3.766745297169619215e-17
2.552908068239516410e+02 3.225532008716732191e-17
2.833096101839323637e+02 2.763361284359471967e-17
3.144035471591500368e+02 2.368204802152881114e-17
3.489101213406774491e+02 2.029208932506698329e-17
3.872038781812557318e+02 1.737924530106532123e-17
4.297004704320843871e+02 1.487065205473910221e-17
4.768611697714468960e+02 1.271019642493826839e-17
5.291978735958442712e+02 1.084919403176985134e-17
5.872786613189482523e+02 9.245023710611131990e-18
6.517339604882420190e+02 7.864599245827261411e-18
7.232633896483533817e+02 6.677695816295801588e-18
8.026433522257173081e+02 5.656926832697659914e-18
8.907354638610439679e+02 4.782384122038249001e-18
9.884959046625587007e+02 4.033195048460516172e-18
1.096985797892383971e+03 3.394500922076060760e-18
1.217382727739662187e+03 2.850550145193322655e-18
1.350993521198027793e+03 2.389307164581560316e-18
1.499268432786045423e+03 1.999257134197391849e-18
1.663816886076128640e+03 1.671028761408225256e-18
1.846424942895544291e+03 1.396093586453093468e-18
2.049074689815845886e+03 1.167163448850656940e-18
2.273965752357927613e+03 9.770507628346066452e-19
2.523539170434765765e+03 8.200768424914839003e-19
2.800503894183631019e+03 6.904777528564469302e-19
3.107866187782013640e+03 5.833450317411339273e-19
3.448962260405759935e+03 4.945030555929381539e-19
3.827494478516314757e+03 4.202549533645422089e-19
4.247571552536898707e+03 3.578214519324945926e-19
4.713753134116724141e+03 3.049718386739545092e-19
5.231099308056262998e+03 2.600627260253044297e-19
5.805225516094896193e+03 2.217578419422162937e-19
6.442363508721369726e+03 1.890633982666517535e-19
7.149428986597576113e+03 1.611282874749984856e-19
7.934096665797491369e+03 1.372906214209099651e-19
8.804883581643463913e+03 1.169265261773499870e-19
9.771241535346502133e+03 9.953520345018946347e-20
1.084365968689610963e+04 8.469746172323784822e-20
1.203377840777589154e+04 7.204918699036806963e-20
1.335451562929898682e+04 6.126119327619716361e-20
1.482020705798858762e+04 5.205791643145311507e-20
1.644676177994664249e+04 4.422219213335429898e-20
1.825183494319044257e+04 3.754772464223377340e-20
2.025501939230666540e+04 3.186622658312734449e-20
2.247805833548725059e+04 2.702994931533821610e-20
2.494508135230316839e+04 2.291296336323471081e-20
2.768286630392066581e+04 1.941191621854102376e-20
3.072112998861759115e+04 1.643583727866249645e-20
3.409285069746814406e+04 1.390506648875999982e-20
3.783462617131928710e+04 1.175479392088142837e-20
4.198707084443910571e+04 9.929888061656677073e-21
4.659525668664683326e+04 8.379646235244164159e-21
5.170920242896761192e+04 7.064517407340631697e-21
5.738441648302398244e+04 5.949920186033439811e-21
6.368249944718585903e+04 5.005408451342200671e-21
7.067181273927491566e+04 4.205377683225425375e-21
7.842822061337680498e+04 3.528644815874204992e-21
8.703591361485165544e+04 2.956388444931279666e-21
9.658832241158708348e+04 2.473200399379194725e-21
1.071891319205127511e+05 2.064946639046234206e-21
1.189534067370319535e+05 1.720983973732172156e-21
1.320088400831418112e+05 1.431515271085883345e-21
1.464971398307286145e+05 1.188135642290608110e-21
1.625755666443794908e+05 9.837871763274058035e-22
1.804186409392071655e+05 8.123889379882185130e-22
2.002200371815584658e+05 6.690411213356977591e-22
2.221946860939523904e+05 5.494416520467815050e-22
2.465811075822604180e+05 4.498165906663174199e-22
2.736439997074671555e+05 3.669238352748981149e-22
3.036771118035460822e+05 2.983064958720404632e-22
3.370064329271928291e+05 2.415479543296672567e-22
3.739937302478798083e+05 1.947813249079723218e-22
4.150404757850476308e+05 1.563941562269651260e-22
4.605922041145108524e+05 1.249560198975945143e-22
5.111433483440171112e+05 9.930493019504853852e-23
5.672426068491977639e+05 7.849688148645052790e-23
6.294988990221888525e+05 6.170263548799827518e-23
6.985879746785250027e+05 4.824657382960686958e-23
7.752597488629464060e+05 3.750580909604211991e-23
8.603464416684507160e+05 2.899733924133758067e-23
9.547716114208066138e+05 2.230492713732636582e-23
1.059560179277617019e+06 1.706884360979966970e-23
1.175849554052158026e+06 1.300311248254606608e-23
1.304901978014401859e+06 9.872963829605639514e-24
1.448118227674532915e+06 7.474425490687663413e-24
1.607052818261638284e+06 5.647119144413157813e-24
1.783430876931909472e+06 4.264561573356610455e-24
1.979166867853557458e+06 3.213489075355221121e-24
2.196385372416546568e+06 2.418312262797163931e-24
2.437444150122222025e+06 1.813984454788601045e-24
2.704959730463137385e+06 1.352350538428036330e-24
3.001835813575591892e+06 9.985830459666365403e-25
3.331294787934676744e+06 7.272769880790547763e-25
3.696912707195031922e+06 5.198133373487127858e-25
4.102658105827190448e+06 3.621619597717209121e-25
4.552935074866947718e+06 2.441541839087236132e-25
5.052631065335679799e+06 1.577531237629212974e-25
5.607169938205458224e+06 9.642143753522341401e-26
6.222570836730230600e+06 5.455571300075276866e-26
6.905513520162330940e+06 2.781760854972814910e-26
7.663410868007462472e+06 1.222065053475986789e-26
8.504489341802684590e+06 4.402157378656871618e-27
9.437878277775391936e+06 1.344310004157662409e-27
1.047370897959450819e+07 4.775666561113432834e-28
1.162322468679854274e+07 1.730833077719810281e-28
