1.000000000000000000e+02 7.502679549916757030e-17
1.109752496412072134e+02 6.507570739636879555e-17
1.231550603292826196e+02 5.637935375816026964e-17
1.366716356462005990e+02 4.878889204384918328e-17
1.516716888470922413e+02 4.219173144375534784e-17
1.683180353330956791e+02 3.644884300852407536e-17
1.867913599020782840e+02 3.145751815331224310e-17
2.072921779595371845e+02 2.711942348866912629e-17
2.300430119772916839e+02 2.336551740788888842e-17
2.552908068239516410e+02 2.011627585716072243e-17
2.833096101839323637e+02 1.730942113134530555e-17
3.144035471591500368e+02 1.488748590147937516e-17
3.489101213406774491e+02 1.279637096076889587e-17
3.872038781812557318e+02 1.099526965029826844e-17
4.297004704320843871e+02 9.442605442611002910e-18
4.768611697714468960e+02 8.107429390983032035e-18
5.291978735958442712e+02 6.956710322418609124e-18
5.872786613189482523e+02 5.967173303817848631e-18
6.517339604882420190e+02 5.114664764231870499e-18
7.232633896483533817e+02 4.382038570483999223e-18
8.026433522257173081e+02 3.751956017664825562e-18
8.907354638610439679e+02 3.209536715418519526e-18
9.884959046625587007e+02 2.743021963303759946e-18
1.096985797892383971e+03 2.341686316630168964e-18
1.217382727739662187e+03 1.996539708624212372e-18
1.350993521198027793e+03 1.699805906944520628e-18
1.499268432786045423e+03 1.444831446257018347e-18
1.663816886076128640e+03 1.225758015155943294e-18
1.846424942895544291e+03 1.037520676823576037e-18
2.049074689815845886e+03 8.762978743905922272e-19
2.273965752357927613e+03 7.383941457975884495e-19
2.523539170434765765e+03 6.207183972337053444e-19
2.800503894183631019e+03 5.205158957669768152e-19
3.107866187782013640e+03 4.356348525404355732e-19
3.448962260405759935e+03 3.640249105090472411e-19
3.827494478516314757e+03 3.040649574186334321e-19
4.247571552536898707e+03 2.541520277501305615e-19
4.713753134116724141e+03 2.129041857540147619e-19
5.231099308056262998e+03 1.790095280495469764e-19
5.805225516094896193e+03 1.510369346049766824e-19
6.442363508721369726e+03 1.279264495151744462e-19
7.149428986597576113e+03 1.085994779524167710e-19
7.934096665797491369e+03 9.230132248219510220e-20
8.804883581643463913e+03 7.844755093988853889e-20
9.771241535346502133e+03 6.664966507961306364e-20
1.084365968689610963e+04 5.659199890899248310e-20
1.203377840777589154e+04 4.801875290417803655e-20
1.335451562929898682e+04 4.071593587088333906e-20
1.482020705798858762e+04 3.449921286170402409e-20
1.644676177994664249e+04 2.921041992552392319e-20
1.825183494319044257e+04 2.471334237495724825e-20
2.025501939230666540e+04 2.089379569055850055e-20
2.247805833548725059e+04 1.764989961291615863e-20
2.494508135230316839e+04 1.489792015617335685e-20
2.768286630392066581e+04 1.256397241853563024e-20
3.072112998861759115e+04 1.058622201865198024e-20
3.409285069746814406e+04 8.910732779368820322e-21
3.783462617131928710e+04 7.492681237934694240e-21
4.198707084443910571e+04 6.293079217193110075e-21
4.659525668664683326e+04 5.278818042452466500e-21
5.170920242896761192e+04 4.422021302888920338e-21
5.738441648302398244e+04 3.699095552982960749e-21
6.368249944718585903e+04 3.089400604557227918e-21
7.067181273927491566e+04 2.575887256594830976e-21
7.842822061337680498e+04 2.143772921099284857e-21
8.703591361485165544e+04 1.780065252428902935e-21
9.658832241158708348e+04 1.475030054061219007e-21
1.071891319205127511e+05 1.219533949409353732e-21
1.189534067370319535e+05 1.005833808405848260e-21
1.320088400831418112e+05 8.272230165238911094e-22
1.464971398307286145e+05 6.783620522222885154e-22
1.625755666443794908e+05 5.546646405775190542e-22
1.804186409392071655e+05 4.521122577999209515e-22
2.002200371815584658e+05 3.672211403596914430e-22
2.221946860939523904e+05 2.971943801776177616e-22
2.465811075822604180e+05 2.396873676644517862e-22
2.736439997074671555e+05 1.925677350212615778e-22
3.036771118035460822e+05 1.541548508522703657e-22
3.370064329271928291e+05 1.229568978806739559e-22
3.739937302478798083e+05 9.766634829831809523e-23
4.150404757850476308e+05 7.728458702512002393e-23
4.605922041145108524e+05 6.094838613083099030e-23
5.111433483440171112e+05 4.792288669832788914e-23
5.672426068491977639e+05 3.757462700282191744e-23
6.294988990221888525e+05 2.938875420336491918e-23
6.985879746785250027e+05 2.293723011271013539e-23
7.752597488629464060e+05 1.786741078145348904e-23
8.603464416684507160e+05 1.388953993607639496e-23
9.547716114208066138e+05 1.077559376258105522e-23
1.059560179277617019e+06 8.336886963588498529e-24
1.175849554052158026e+06 6.425127733481444165e-24
1.304901978014401859e+06 4.932786715216298431e-24
1.448118227674532915e+06 3.756180868750985504e-24
1.607052818261638284e+06 2.834858558628341367e-24
1.783430876931909472e+06 2.115259150680853935e-24
1.979166867853557458e+06 1.554530851401025865e-24
2.196385372416546568e+06 1.121423857048822062e-24
2.437444150122222025e+06 7.908444024439216641e-25
2.704959730463137385e+06 5.429827234302457764e-25
3.001835813575591892e+06 3.602902789304305913e-25
3.331294787934676744e+06 2.292967792521936075e-25
3.696912707195031922e+06 1.384969998513780377e-25
4.102658105827190448e+06 7.840776199108901056e-26
4.552935074866947718e+06 4.086022063522878252e-26
5.052631065335679799e+06 1.943783471614290775e-26
5.607169938205458224e+06 8.537572647167393836e-27
6.222570836730230600e+06 3.718056950530806605e-27
6.905513520162330940e+06 1.734359862615326606e-27
7.663410868007462472e+06 7.559671116533925772e-28
8.504489341802684590e+06 1.958867520957529464e-28
