1.000000000000000000e+02 8.784941509599715850e-16
1.109752496412072134e+02 7.760702494709877678e-16
1.231550603292826196e+02 6.854806886012354490e-16
1.366716356462005990e+02 6.049390649131051918e-16
1.516716888470922413e+02 5.337261534020854204e-16
1.683180353330956791e+02 4.704202692645949826e-16
1.867913599020782840e+02 4.144916744134468624e-16
2.072921779595371845e+02 3.647586305173907294e-16
2.300430119772916839e+02 3.209224465498199481e-16
2.552908068239516410e+02 2.819676360515838376e-16
2.833096101839323637e+02 2.476485427615274144e-16
3.144035471591500368e+02 2.172183406149094440e-16
3.489101213406774491e+02 1.904267595378078123e-16
3.872038781812557318e+02 1.667212392834159843e-16
4.297004704320843871e+02 1.458803896283800469e-16
4.768611697714468960e+02 1.274871647862123537e-16
5.291978735958442712e+02 1.113224851740436439e-16
5.872786613189482523e+02 9.710851400603085698e-17
6.517339604882420190e+02 8.462000776787908722e-17
7.232633896483533817e+02 7.368192213617377120e-17
8.026433522257173081e+02 6.408300991535289367e-17
8.907354638610439679e+02 5.568189612183147937e-17
9.884959046625587007e+02 4.832997484397258131e-17
1.096985797892383971e+03 4.191390546336902476e-17
1.217382727739662187e+03 3.629682331945226389e-17
1.350993521198027793e+03 3.140855412803409275e-17
1.499268432786045423e+03 2.713940665170597291e-17
1.663816886076128640e+03 2.342661921661465312e-17
1.846424942895544291e+03 2.020110363395029823e-17
2.049074689815845886e+03 1.738655036434188265e-17
2.273965752357927613e+03 1.494957822042606650e-17
2.523539170434765765e+03 1.283819371130342011e-17
2.800503894183631019e+03 1.100077255667732296e-17
3.107866187782013640e+03 9.417145610085939032e-18
3.448962260405759935e+03 8.045455160854964409e-18
3.827494478516314757e+03 6.860071507613115795e-18
4.247571552536898707e+03 5.841733567198009288e-18
4.713753134116724141e+03 4.963799680603535089e-18
5.231099308056262998e+03 4.208954591606862012e-18
5.805225516094896193e+03 3.563106938240483007e-18
6.442363508721369726e+03 3.010155554733894925e-18
7.149428986597576113e+03 2.538034210195965876e-18
7.934096665797491369e+03 2.137616188372238443e-18
8.804883581643463913e+03 1.795419037663404393e-18
9.771241535346502133e+03 1.506404876613044002e-18
1.084365968689610963e+04 1.261546514376369478e-18
1.203377840777589154e+04 1.055019142842212396e-18
1.335451562929898682e+04 8.809734510259496142e-19
1.482020705798858762e+04 7.346711267373332227e-19
1.644676177994664249e+04 6.118447425111531494e-19
1.825183494319044257e+04 5.088746647363560217e-19
2.025501939230666540e+04 4.227267981900290222e-19
2.247805833548725059e+04 3.507292927952371775e-19
2.494508135230316839e+04 2.906394484605808228e-19
2.768286630392066581e+04 2.404895868917871730e-19
3.072112998861759115e+04 1.987818028636795539e-19
3.409285069746814406e+04 1.640179493778623855e-19
3.783462617131928710e+04 1.351662804061541610e-19
4.198707084443910571e+04 1.111741605211284681e-19
4.659525668664683326e+04 9.133344115471124749e-20
5.170920242896761192e+04 7.483894930978117473e-20
5.738441648302398244e+04 6.124352923666371456e-20
6.368249944718585903e+04 4.997222400685537786e-20
7.067181273927491566e+04 4.069524081317447391e-20
7.842822061337680498e+04 3.303407820698113093e-20
8.703591361485165544e+04 2.673823553245878373e-20
9.658832241158708348e+04 2.157181318155206732e-20
1.071891319205127511e+05 1.732356649338574131e-20
1.189534067370319535e+05 1.386147518228756844e-20
1.320088400831418112e+05 1.103196727462833626e-20
1.464971398307286145e+05 8.731545325575350585e-21
1.625755666443794908e+05 6.873550627611839464e-21
1.804186409392071655e+05 5.367327545113230492e-21
2.002200371815584658e+05 4.166445216023663432e-21
2.221946860939523904e+05 3.207531136106551757e-21
2.465811075822604180e+05 2.449526579903944700e-21
2.736439997074671555e+05 1.856350855632180503e-21
3.036771118035460822e+05 1.393544592862321546e-21
3.370064329271928291e+05 1.036015991793401555e-21
3.739937302478798083e+05 7.633576817641606426e-22
4.150404757850476308e+05 5.563253309240288889e-22
4.605922041145108524e+05 4.008868564384911865e-22
5.111433483440171112e+05 2.855333464278598282e-22
5.672426068491977639e+05 2.009129444958215837e-22
6.294988990221888525e+05 1.396384362453626089e-22
6.985879746785250027e+05 9.600779263383720263e-23
7.752597488629464060e+05 6.527619762242701363e-23
8.603464416684507160e+05 4.394678297518994332e-23
9.547716114208066138e+05 2.935400566828139171e-23
1.059560179277617019e+06 1.946863759671394434e-23
1.175849554052158026e+06 1.282109379060051582e-23
1.304901978014401859e+06 8.365684970104113293e-24
1.448118227674532915e+06 5.380540140424116572e-24
1.607052818261638284e+06 3.379926956745034539e-24
1.783430876931909472e+06 2.045347483042039509e-24
1.979166867853557458e+06 1.169057421567265381e-24
2.196385372416546568e+06 6.143332298480471524e-25
2.437444150122222025e+06 2.861328396492148353e-25
2.704959730463137385e+06 1.133937818815835887e-25
3.001835813575591892e+06 3.780376166607200931e-26
3.331294787934676744e+06 1.074921384694589839e-26
3.696912707195031922e+06 2.602655085339417678e-27
4.102658105827190448e+06 5.329422872748173933e-28
4.552935074866947718e+06 9.165844239381273206e-29
5.052631065335679799e+06 1.314893501958143324e-29
5.607169938205458224e+06 1.562139901316623675e-30
6.222570836730230600e+06 1.524798930920176742e-31
6.905513520162330940e+06 1.211698076633042574e-32
7.663410868007462472e+06 7.760004497136033223e-34
8.504489341802684590e+06 3.960987974121030070e-35
9.437878277775391936e+06 1.590672077869850450e-36
1.047370897959450819e+07 4.962536998699418142e-38
1.162322468679854274e+07 1.185185624388606033e-39
1.289890261253307760e+07 2.129060847484732940e-41
1.431458937523478456e+07 2.820417547863620660e-43
1.588565129428052530e+07 2.690889280807255469e-45
1.762914118095947802e+07 1.797606924826060263e-47
1.956398343517064676e+07 8.137147757608153140e-50
2.171117945694505423e+07 2.403248066826758282e-52
2.409403560239527002e+07 4.427870562078935736e-55
2.673841615839949250e+07 4.792311557965844706e-58
2.967302408188872784e+07 2.867987280425322408e-61
3.292971255097155273e+07 8.945896003706689057e-65
3.654383070957254618e+07 1.341944195228829445e-68
4.055460735840827972e+07 8.812591251599073831e-73
4.500557675700496882e+07 2.261849768524300049e-77
4.994505115855139494e+07 1.972377315934584591e-82
5.542664520663107187e+07 4.920914399598080159e-88
6.150985788580504060e+07 2.830927418566027536e-94
6.826071834272393584e+07 2.650619892863673275e-101
7.575250258771920204e+07 9.142387363155496985e-111
