1.000000000000000000e+02 6.461759355208232481e-16
1.109752496412072134e+02 5.208773549260995877e-16
1.231550603292826196e+02 4.157871918727335636e-16
1.366716356462005990e+02 3.308047967327453000e-16
1.516716888470922413e+02 2.614009764005214048e-16
1.683180353330956791e+02 2.054367348256031301e-16
1.867913599020782840e+02 1.601625659085542822e-16
2.072921779595371845e+02 1.250657656574975955e-16
2.300430119772916839e+02 9.757884622292146014e-17
2.552908068239516410e+02 7.613335315171214105e-17
2.833096101839323637e+02 5.998896420564952616e-17
3.144035471591500368e+02 4.739568716807781660e-17
3.489101213406774491e+02 3.792775144196809223e-17
3.872038781812557318e+02 3.075503897161698597e-17
4.297004704320843871e+02 2.527498969376595632e-17
4.768611697714468960e+02 2.107921449422844184e-17
5.291978735958442712e+02 1.781751800086806113e-17
5.872786613189482523e+02 1.523658839048032480e-17
6.517339604882420190e+02 1.314698929770573817e-17
7.232633896483533817e+02 1.142350818961938486e-17
8.026433522257173081e+02 9.966004232159046864e-18
8.907354638610439679e+02 8.716610390216018719e-18
9.884959046625587007e+02 7.627460430117342768e-18
1.096985797892383971e+03 6.667592628241917682e-18
1.217382727739662187e+03 5.817117702505373342e-18
1.350993521198027793e+03 5.061774324003596337e-18
1.499268432786045423e+03 4.392108511428689777e-18
1.663816886076128640e+03 3.793447516835079128e-18
1.846424942895544291e+03 3.260791640538445604e-18
2.049074689815845886e+03 2.787905264531901546e-18
2.273965752357927613e+03 2.372118803855304401e-18
2.523539170434765765e+03 2.008599649768439610e-18
2.800503894183631019e+03 1.686840228979323362e-18
3.107866187782013640e+03 1.404364234833155837e-18
3.448962260405759935e+03 1.161307139915432751e-18
3.827494478516314757e+03 9.528233760050629088e-19
4.247571552536898707e+03 7.740727472193778810e-19
4.713753134116724141e+03 6.225707439774666415e-19
5.231099308056262998e+03 4.949572404400574226e-19
5.805225516094896193e+03 3.890588948954139428e-19
6.442363508721369726e+03 3.016405494139998766e-19
7.149428986597576113e+03 2.309254365221661882e-19
7.934096665797491369e+03 1.741512300524042929e-19
8.804883581643463913e+03 1.290837023365150243e-19
9.771241535346502133e+03 9.445779867601046012e-20
1.084365968689610963e+04 6.780269041685914241e-20
1.203377840777589154e+04 4.802092745297074172e-20
1.335451562929898682e+04 3.357099613059332855e-20
1.482020705798858762e+04 2.324373294520808303e-20
1.644676177994664249e+04 1.601535343495358362e-20
1.825183494319044257e+04 1.104446777241224139e-20
2.025501939230666540e+04 7.670415434277025721e-21
2.247805833548725059e+04 5.386028149669459838e-21
2.494508135230316839e+04 3.827728359120450404e-21
2.768286630392066581e+04 2.743401978542361908e-21
3.072112998861759115e+04 1.970235736125736050e-21
3.409285069746814406e+04 1.412430712556286451e-21
3.783462617131928710e+04 1.009229067095675212e-21
4.198707084443910571e+04 7.228426947888989091e-22
4.659525668664683326e+04 5.261068725872548598e-22
5.170920242896761192e+04 3.932052192221279124e-22
5.738441648302398244e+04 3.019687327596412070e-22
6.368249944718585903e+04 2.353727155276497784e-22
7.067181273927491566e+04 1.841874818285528422e-22
7.842822061337680498e+04 1.437501293797470326e-22
8.703591361485165544e+04 1.119265778073456954e-22
9.658832241158708348e+04 8.630197670456604907e-23
1.071891319205127511e+05 6.617530051629422497e-23
1.189534067370319535e+05 5.035329992672847272e-23
1.320088400831418112e+05 3.805586537775640073e-23
1.464971398307286145e+05 2.860902409422774294e-23
1.625755666443794908e+05 2.136240048589243887e-23
1.804186409392071655e+05 1.587175381526540646e-23
2.002200371815584658e+05 1.175084235504663882e-23
2.221946860939523904e+05 8.654834203482757867e-24
2.465811075822604180e+05 6.346695268481349872e-24
2.736439997074671555e+05 4.643263304057452179e-24
3.036771118035460822e+05 3.386122178981722765e-24
3.370064329271928291e+05 2.456892963831464805e-24
3.739937302478798083e+05 1.777430449043555664e-24
4.150404757850476308e+05 1.280432041470975595e-24
4.605922041145108524e+05 9.162032642594943815e-25
5.111433483440171112e+05 6.498285968624883885e-25
5.672426068491977639e+05 4.558609892003566232e-25
6.294988990221888525e+05 3.151466311587430547e-25
6.985879746785250027e+05 2.134242422607409206e-25
7.752597488629464060e+05 1.406927051836750272e-25
8.603464416684507160e+05 8.950496528832608933e-26
9.547716114208066138e+05 5.440766999812808243e-26
1.059560179277617019e+06 3.096492266140918613e-26
1.175849554052158026e+06 1.628601320961439382e-26
1.304901978014401859e+06 7.725612584871355256e-27
1.448118227674532915e+06 3.230288401905041587e-27
1.607052818261638284e+06 1.185218010831926994e-27
1.783430876931909472e+06 3.849110025513097795e-28
1.979166867853557458e+06 1.104700797441260698e-28
2.196385372416546568e+06 2.781809694317049741e-29
2.437444150122222025e+06 6.087712574294225697e-30
2.704959730463137385e+06 1.146670780929592796e-30
3.001835813575591892e+06 1.842568283374872346e-31
3.331294787934676744e+06 2.500741996571530064e-32
3.696912707195031922e+06 2.842156058988842765e-33
4.102658105827190448e+06 2.675930379247826548e-34
4.552935074866947718e+06 2.063868210727696690e-35
5.052631065335679799e+06 1.288755028242789574e-36
5.607169938205458224e+06 6.449295803331932320e-38
6.222570836730230600e+06 2.553075522672214335e-39
6.905513520162330940e+06 7.878476514464373435e-41
7.663410868007462472e+06 1.863835561349861512e-42
8.504489341802684590e+06 3.315234488808946331e-44
9.437878277775391936e+06 4.332910687994350432e-46
1.047370897959450819e+07 4.033130651600729092e-48
1.162322468679854274e+07 2.617228037556238201e-50
1.289890261253307760e+07 1.137065685002438831e-52
1.431458937523478456e+07 3.119509848151979009e-55
1.588565129428052530e+07 4.928181983210482258e-58
1.762914118095947802e+07 3.777146644759968781e-61
1.956398343517064676e+07 3.426095917148082383e-65
