1.000000000000000000e+02 1.167961602571004892e-12
1.109752496412072134e+02 1.016356003666644305e-12
1.231550603292826196e+02 8.836996143050001238e-13
1.366716356462005990e+02 7.682626153580822816e-13
1.516716888470922413e+02 6.663595485390024846e-13
1.683180353330956791e+02 5.778663139511985503e-13
1.867913599020782840e+02 5.005474707942827514e-13
2.072921779595371845e+02 4.328164411352975675e-13
2.300430119772916839e+02 3.743584218510187598e-13
2.552908068239516410e+02 3.227860688822613871e-13
2.833096101839323637e+02 2.783006736521311249e-13
3.144035471591500368e+02 2.397548420636695189e-13
3.489101213406774491e+02 2.059523918587388866e-13
3.872038781812557318e+02 1.768576881028729933e-13
4.297004704320843871e+02 1.516097906526363623e-13
4.768611697714468960e+02 1.297456108404799973e-13
5.291978735958442712e+02 1.109425132764453995e-13
5.872786613189482523e+02 9.463522014730416437e-14
6.517339604882420190e+02 8.055357733916473929e-14
7.232633896483533817e+02 6.853773075359200298e-14
8.026433522257173081e+02 5.813405755595379582e-14
8.907354638610439679e+02 4.926328648421793640e-14
9.884959046625587007e+02 4.162322203440198186e-14
1.096985797892383971e+03 3.510304196030182902e-14
1.217382727739662187e+03 2.952901956916210945e-14
1.350993521198027793e+03 2.480072580575909260e-14
1.499268432786045423e+03 2.075036561351408067e-14
1.663816886076128640e+03 1.733868913480062200e-14
1.846424942895544291e+03 1.443318765626710248e-14
2.049074689815845886e+03 1.198155465273512982e-14
2.273965752357927613e+03 9.923961846442967902e-15
2.523539170434765765e+03 8.186360896751233938e-15
2.800503894183631019e+03 6.727442810405475889e-15
3.107866187782013640e+03 5.510639297474937567e-15
3.448962260405759935e+03 4.499097928126849443e-15
3.827494478516314757e+03 3.661051606183533841e-15
4.247571552536898707e+03 2.963451981851819916e-15
4.713753134116724141e+03 2.384323251921732086e-15
5.231099308056262998e+03 1.910749932871040874e-15
5.805225516094896193e+03 1.526219402877384241e-15
6.442363508721369726e+03 1.210011691852769411e-15
7.149428986597576113e+03 9.555066092018264327e-16
7.934096665797491369e+03 7.484535744580994074e-16
8.804883581643463913e+03 5.824984411186752520e-16
9.771241535346502133e+03 4.505339794048058468e-16
1.084365968689610963e+04 3.456809422785525506e-16
1.203377840777589154e+04 2.628345614251483613e-16
1.335451562929898682e+04 1.982073404094586038e-16
1.482020705798858762e+04 1.481378215542869718e-16
1.644676177994664249e+04 1.095944508797148631e-16
1.825183494319044257e+04 8.017223521508172628e-17
2.025501939230666540e+04 5.793063627727039932e-17
2.247805833548725059e+04 4.125734932209569704e-17
2.494508135230316839e+04 2.908917022889908196e-17
2.768286630392066581e+04 2.017231408913572736e-17
3.072112998861759115e+04 1.377267058491671380e-17
3.409285069746814406e+04 9.251937295811282044e-18
3.783462617131928710e+04 6.110173717091394061e-18
4.198707084443910571e+04 3.953269632876310050e-18
4.659525668664683326e+04 2.523611609233889991e-18
5.170920242896761192e+04 1.586812623139999937e-18
5.738441648302398244e+04 9.795390609507946294e-19
6.368249944718585903e+04 5.987299538152135019e-19
7.067181273927491566e+04 3.564625594767406257e-19
7.842822061337680498e+04 2.075338407303604844e-19
8.703591361485165544e+04 1.170567029106759791e-19
9.658832241158708348e+04 6.398223572464733681e-20
1.071891319205127511e+05 3.092213379980194470e-20
1.189534067370319535e+05 1.359088691874592449e-20
1.320088400831418112e+05 5.155560232993433861e-21
1.464971398307286145e+05 1.732393843617587270e-21
1.625755666443794908e+05 6.400101724404221616e-22
1.804186409392071655e+05 3.403700191947336745e-22
2.002200371815584658e+05 2.312651524126058119e-22
2.221946860939523904e+05 1.663009033819273655e-22
2.465811075822604180e+05 1.206476281031359196e-22
2.736439997074671555e+05 8.765935573868350151e-23
3.036771118035460822e+05 6.374929713852254174e-23
3.370064329271928291e+05 4.639673279317188065e-23
3.739937302478798083e+05 3.377324630216154793e-23
4.150404757850476308e+05 2.458872933375768990e-23
4.605922041145108524e+05 1.790029642251698555e-23
5.111433483440171112e+05 1.302773438149380129e-23
5.672426068491977639e+05 9.477692365343823182e-24
6.294988990221888525e+05 6.891817527301764899e-24
6.985879746785250027e+05 5.008125087808979284e-24
7.752597488629464060e+05 3.636374817388015379e-24
8.603464416684507160e+05 2.638276134974542084e-24
9.547716114208066138e+05 1.912319494917361285e-24
1.059560179277617019e+06 1.384311658144327588e-24
1.175849554052158026e+06 1.000925216496896636e-24
1.304901978014401859e+06 7.227563745647679219e-25
1.448118227674532915e+06 5.212090447298562760e-25
1.607052818261638284e+06 3.752480292196937750e-25
1.783430876931909472e+06 2.697028248671581210e-25
1.979166867853557458e+06 1.934927151635124942e-25
2.196385372416546568e+06 1.385479728505331785e-25
2.437444150122222025e+06 9.898963427972806531e-26
2.704959730463137385e+06 7.055183597293595171e-26
3.001835813575591892e+06 5.015334691728173708e-26
3.331294787934676744e+06 3.555329632657646216e-26
3.696912707195031922e+06 2.512607647739089882e-26
4.102658105827190448e+06 1.769395860599592256e-26
4.552935074866947718e+06 1.241093681939185384e-26
5.052631065335679799e+06 8.667967622835748423e-27
5.607169938205458224e+06 6.022626667034047107e-27
6.222570836730230600e+06 4.161481178892195232e-27
6.905513520162330940e+06 2.856570860017476148e-27
7.663410868007462472e+06 1.946103987481835368e-27
8.504489341802684590e+06 1.314256998615005512e-27
9.437878277775391936e+06 8.783799011376213159e-28
1.047370897959450819e+07 5.797917962807987532e-28
1.162322468679854274e+07 3.770463319383131715e-28
1.289890261253307760e+07 2.407072848212660496e-28
1.431458937523478456e+07 1.501490394942895910e-28
1.588565129428052530e+07 9.091196749693197208e-29
1.762914118095947802e+07 5.290209595717769402e-29
1.956398343517064676e+07 2.912877420512334591e-29
2.171117945694505423e+07 1.478489160671469468e-29
2.409403560239527002e+07 6.575135524627474477e-30
2.673841615839949250e+07 2.273148379775695542e-30
2.967302408188872784e+07 3.903507862482367166e-31
