1.000000000000000000e+02 1.419306082887175395e-16
1.109752496412072134e+02 1.221081113446488587e-16
1.231550603292826196e+02 1.048832074623606528e-16
1.366716356462005990e+02 8.997249547897138658e-17
1.516716888470922413e+02 7.707038478947130894e-17
1.683180353330956791e+02 6.592573856591049124e-17
1.867913599020782840e+02 5.631899657877719992e-17
2.072921779595371845e+02 4.805360596910972764e-17
2.300430119772916839e+02 4.095356795700745128e-17
2.552908068239516410e+02 3.486199282417271895e-17
2.833096101839323637e+02 2.964861318466727746e-17
3.144035471591500368e+02 2.519335249290892894e-17
3.489101213406774491e+02 2.139035666662990906e-17
3.872038781812557318e+02 1.814834418276033711e-17
4.297004704320843871e+02 1.538895411656174959e-17
4.768611697714468960e+02 1.303995236891994999e-17
5.291978735958442712e+02 1.104693250053534811e-17
5.872786613189482523e+02 9.350775750570822771e-18
6.517339604882420190e+02 7.914294072447146833e-18
7.232633896483533817e+02 6.693715353702500515e-18
8.026433522257173081e+02 5.659791154842938165e-18
8.907354638610439679e+02 4.782952725678799919e-18
9.884959046625587007e+02 4.039711397732264008e-18
1.096985797892383971e+03 3.410546547592026657e-18
1.217382727739662187e+03 2.877167004676154746e-18
1.350993521198027793e+03 2.426090909739874036e-18
1.499268432786045423e+03 2.043991006132636097e-18
1.663816886076128640e+03 1.721005897445238193e-18
1.846424942895544291e+03 1.448085954660492685e-18
2.049074689815845886e+03 1.217441329592937681e-18
2.273965752357927613e+03 1.022833560617815768e-18
2.523539170434765765e+03 8.586533285386307118e-19
2.800503894183631019e+03 7.204483949749927402e-19
3.107866187782013640e+03 6.039336226271076223e-19
3.448962260405759935e+03 5.060404906251717175e-19
3.827494478516314757e+03 4.238018360952312714e-19
4.247571552536898707e+03 3.546824390899743183e-19
4.713753134116724141e+03 2.967745296815010769e-19
5.231099308056262998e+03 2.482082400469765524e-19
5.805225516094896193e+03 2.075447115875035220e-19
6.442363508721369726e+03 1.735034146430472071e-19
7.149428986597576113e+03 1.450305099238643004e-19
7.934096665797491369e+03 1.212159956870136375e-19
8.804883581643463913e+03 1.013023117459056161e-19
9.771241535346502133e+03 8.464841839428803844e-20
1.084365968689610963e+04 7.072673276848759179e-20
1.203377840777589154e+04 5.909036633461386098e-20
1.335451562929898682e+04 4.936201886436227208e-20
1.482020705798858762e+04 4.123035968849781277e-20
1.644676177994664249e+04 3.443321447134530401e-20
1.825183494319044257e+04 2.874829457462777503e-20
2.025501939230666540e+04 2.399374883618815573e-20
2.247805833548725059e+04 2.001610468565023393e-20
2.494508135230316839e+04 1.669068178899415592e-20
2.768286630392066581e+04 1.391027351147826338e-20
3.072112998861759115e+04 1.158472389233797648e-20
3.409285069746814406e+04 9.639904791600572418e-21
3.783462617131928710e+04 8.015871468869538253e-21
4.198707084443910571e+04 6.658677050197849385e-21
4.659525668664683326e+04 5.524842256426756659e-21
5.170920242896761192e+04 4.578996216291305381e-21
5.738441648302398244e+04 3.787361315898772495e-21
6.368249944718585903e+04 3.131707332711558415e-21
7.067181273927491566e+04 2.584493994824716764e-21
7.842822061337680498e+04 2.129220522019055140e-21
8.703591361485165544e+04 1.751140169427509902e-21
9.658832241158708348e+04 1.437659708652350739e-21
1.071891319205127511e+05 1.178167702365504249e-21
1.189534067370319535e+05 9.639223701469982066e-22
1.320088400831418112e+05 7.872105072701281412e-22
1.464971398307286145e+05 6.417557968030144547e-22
1.625755666443794908e+05 5.221469497966718803e-22
1.804186409392071655e+05 4.241418306337236711e-22
2.002200371815584658e+05 3.437657469769887435e-22
2.221946860939523904e+05 2.780201642052771937e-22
2.465811075822604180e+05 2.244357616972989146e-22
2.736439997074671555e+05 1.806746376755102990e-22
3.036771118035460822e+05 1.450432857416710547e-22
3.370064329271928291e+05 1.161968626620097259e-22
3.739937302478798083e+05 9.280472617727652121e-23
4.150404757850476308e+05 7.391769555121944531e-23
4.605922041145108524e+05 5.868153892707952344e-23
5.111433483440171112e+05 4.643448568851442657e-23
5.672426068491977639e+05 3.659764619002684950e-23
6.294988990221888525e+05 2.874088157761735053e-23
6.985879746785250027e+05 2.247909869965799046e-23
7.752597488629464060e+05 1.751467809991769383e-23
8.603464416684507160e+05 1.358629485002375203e-23
9.547716114208066138e+05 1.049647475824095940e-23
1.059560179277617019e+06 8.073998512162061951e-24
1.175849554052158026e+06 6.183667710228321265e-24
1.304901978014401859e+06 4.718320763149076688e-24
1.448118227674532915e+06 3.580681570797829312e-24
1.607052818261638284e+06 2.709674420803192906e-24
1.783430876931909472e+06 2.041961170671432301e-24
1.979166867853557458e+06 1.533488815218016739e-24
2.196385372416546568e+06 1.145917934803853744e-24
2.437444150122222025e+06 8.531227293430062050e-25
2.704959730463137385e+06 6.299867067774076493e-25
3.001835813575591892e+06 4.613746403091285156e-25
3.331294787934676744e+06 3.338774297334594738e-25
3.696912707195031922e+06 2.377015893558054696e-25
4.102658105827190448e+06 1.655359683597072823e-25
4.552935074866947718e+06 1.123163362673423251e-25
5.052631065335679799e+06 7.373454473622063077e-26
5.607169938205458224e+06 4.637185613992290967e-26
6.222570836730230600e+06 2.760611513988080267e-26
6.905513520162330940e+06 1.526620437181357255e-26
7.663410868007462472e+06 7.651767657518354962e-27
8.504489341802684590e+06 3.374764018193349348e-27
9.437878277775391936e+06 1.291514940323362206e-27
1.047370897959450819e+07 4.626786556254464227e-28
1.162322468679854274e+07 1.703482410692658272e-28
1.289890261253307760e+07 3.544801900779270815e-29
