1.000000000000000000e+02 9.894081663727827980e-12
1.109752496412072134e+02 8.438871152988860255e-12
1.231550603292826196e+02 7.189689744370601430e-12
1.366716356462005990e+02 6.112613329063946471e-12
1.516716888470922413e+02 5.189717955249019830e-12
1.683180353330956791e+02 4.398052951584240212e-12
1.867913599020782840e+02 3.718553310722413135e-12
2.072921779595371845e+02 3.139626859045554244e-12
2.300430119772916839e+02 2.644262118375860408e-12
2.552908068239516410e+02 2.222015044186563979e-12
2.833096101839323637e+02 1.865033070126234805e-12
3.144035471591500368e+02 1.559543438769985987e-12
3.489101213406774491e+02 1.304149273936416618e-12
3.872038781812557318e+02 1.085454261868323628e-12
4.297004704320843871e+02 9.044363263569574128e-13
4.768611697714468960e+02 7.496010628484713044e-13
5.291978735958442712e+02 6.224867985696656559e-13
5.872786613189482523e+02 5.140443169466091092e-13
6.517339604882420190e+02 4.256252695699262931e-13
7.232633896483533817e+02 3.504902907542426996e-13
8.026433522257173081e+02 2.894855355013273796e-13
8.907354638610439679e+02 2.380390555723249362e-13
9.884959046625587007e+02 1.962199688585630157e-13
1.096985797892383971e+03 1.612391420029191570e-13
1.217382727739662187e+03 1.327925395721361881e-13
1.350993521198027793e+03 1.089933558555865028e-13
1.499268432786045423e+03 8.949348152394009854e-14
1.663816886076128640e+03 7.348323374682039794e-14
1.846424942895544291e+03 6.017562037202090401e-14
2.049074689815845886e+03 4.927671909881200695e-14
2.273965752357927613e+03 4.022992185476558684e-14
2.523539170434765765e+03 3.278262302252793756e-14
2.800503894183631019e+03 2.662003734918921729e-14
3.107866187782013640e+03 2.155182482576576852e-14
3.448962260405759935e+03 1.738365343114876858e-14
3.827494478516314757e+03 1.395614196491390772e-14
4.247571552536898707e+03 1.115891302988100661e-14
4.713753134116724141e+03 8.870447885071877841e-15
5.231099308056262998e+03 7.022509036530977042e-15
5.805225516094896193e+03 5.531962154093592973e-15
6.442363508721369726e+03 4.337309825717344649e-15
7.149428986597576113e+03 3.387813426771259659e-15
7.934096665797491369e+03 2.633321436444312908e-15
8.804883581643463913e+03 2.038253992024916023e-15
9.771241535346502133e+03 1.580830310688691383e-15
1.084365968689610963e+04 1.220629202268243535e-15
1.203377840777589154e+04 9.496092752783809225e-16
1.335451562929898682e+04 7.362017863531820061e-16
1.482020705798858762e+04 5.744616269475577235e-16
1.644676177994664249e+04 4.520801961796071862e-16
1.825183494319044257e+04 3.568773859831182191e-16
2.025501939230666540e+04 2.842509293603934657e-16
2.247805833548725059e+04 2.281799467785894156e-16
2.494508135230316839e+04 1.844894293952948227e-16
2.768286630392066581e+04 1.499088064143608186e-16
3.072112998861759115e+04 1.220686129951090553e-16
3.409285069746814406e+04 1.004633604501517126e-16
3.783462617131928710e+04 8.245652916447327250e-17
4.198707084443910571e+04 6.772387317609815627e-17
4.659525668664683326e+04 5.557197759100710859e-17
5.170920242896761192e+04 4.553401461404132355e-17
5.738441648302398244e+04 3.717694262753746272e-17
6.368249944718585903e+04 3.018735318971600323e-17
7.067181273927491566e+04 2.438983834537823041e-17
7.842822061337680498e+04 1.957821000246128384e-17
8.703591361485165544e+04 1.559211552189557068e-17
9.658832241158708348e+04 1.230060239862946796e-17
1.071891319205127511e+05 9.599620990326982855e-18
1.189534067370319535e+05 7.388603685557720208e-18
1.320088400831418112e+05 5.596737044269649191e-18
1.464971398307286145e+05 4.172493979706524503e-18
1.625755666443794908e+05 3.049622781905413829e-18
1.804186409392071655e+05 2.181498090063540152e-18
2.002200371815584658e+05 1.529173468805753475e-18
2.221946860939523904e+05 1.052033977605102132e-18
2.465811075822604180e+05 7.164299349946285326e-19
2.736439997074671555e+05 4.909538360964484601e-19
3.036771118035460822e+05 3.442771838916364786e-19
3.370064329271928291e+05 2.512108943445999853e-19
3.739937302478798083e+05 1.911386658059277628e-19
4.150404757850476308e+05 1.503298847832738456e-19
4.605922041145108524e+05 1.208664036290748581e-19
5.111433483440171112e+05 9.822294996390725241e-20
5.672426068491977639e+05 8.022620988170361732e-20
6.294988990221888525e+05 6.557635300015977142e-20
6.985879746785250027e+05 5.359037366802327171e-20
7.752597488629464060e+05 4.372086121998997023e-20
8.603464416684507160e+05 3.560254995101540983e-20
9.547716114208066138e+05 2.892800041660475658e-20
1.059560179277617019e+06 2.345864968686576113e-20
1.175849554052158026e+06 1.896971501463637890e-20
1.304901978014401859e+06 1.531038039342815031e-20
1.448118227674532915e+06 1.231976902075317165e-20
1.607052818261638284e+06 9.885758735678920946e-21
1.783430876931909472e+06 7.909663610946762735e-21
1.979166867853557458e+06 6.305213181790045049e-21
2.196385372416546568e+06 5.011007907269243418e-21
2.437444150122222025e+06 3.965096093622282713e-21
2.704959730463137385e+06 3.126332199186411382e-21
3.001835813575591892e+06 2.454546571443586648e-21
3.331294787934676744e+06 1.914605700938969537e-21
3.696912707195031922e+06 1.490204116679922458e-21
4.102658105827190448e+06 1.150415315734309003e-21
4.552935074866947718e+06 8.837182534145741233e-22
5.052631065335679799e+06 6.745114710369111583e-22
5.607169938205458224e+06 5.111401254479950990e-22
6.222570836730230600e+06 3.844065937728068054e-22
6.905513520162330940e+06 2.868760545615325806e-22
7.663410868007462472e+06 2.122303424573757269e-22
8.504489341802684590e+06 1.554316201811353649e-22
9.437878277775391936e+06 1.126962984771128459e-22
1.047370897959450819e+07 8.080924788204152613e-23
1.162322468679854274e+07 5.717630824496671843e-23
1.289890261253307760e+07 3.988415311300839290e-23
1.431458937523478456e+07 2.737418998813714471e-23
1.588565129428052530e+07 1.843193950710379436e-23
1.762914118095947802e+07 1.205697210264178114e-23
1.956398343517064676e+07 7.697663868986467739e-24
2.171117945694505423e+07 4.740555790944518365e-24
2.409403560239527002e+07 2.731663082021772393e-24
2.673841615839949250e+07 1.479842219723064506e-24
2.967302408188872784e+07 7.380597208099738917e-25
3.292971255097155273e+07 3.301676777654535308e-25
3.654383070957254618e+07 1.309640363366070262e-25
4.055460735840827972e+07 4.560752817301058973e-26
4.500557675700496882e+07 1.377029532481863760e-26
4.994505115855139494e+07 3.555224086972254003e-27
5.542664520663107187e+07 7.715300903965987854e-28
6.150985788580504060e+07 1.387405972341363159e-28
6.826071834272393584e+07 2.030168078445146286e-29
7.575250258771920204e+07 2.375422975722540302e-30
8.406652885618332028e+07 2.182616960690615442e-31
9.329304026284696162e+07 1.545243992389606782e-32
1.035321843295663744e+08 8.242930096433427995e-34
1.148951000187308788e+08 3.221337409541283895e-35
1.275051240713012964e+08 8.916298103767175788e-37
1.414991297434575856e+08 1.680106903269935097e-38
1.570290124729377627e+08 2.067489985126007908e-40
1.742633386009651124e+08 1.582421480134129139e-42
1.933891750455232263e+08 7.104449000132005585e-45
2.146141197858406007e+08 1.733422580026260841e-47
2.381685551976160705e+08 2.070700736960824599e-50
2.643081486974108517e+08 1.031939031886809706e-53
2.933166278390048146e+08 1.044119780937819344e-57
3.255088599835056663e+08 8.782425755236753633e-111
