1.000000000000000000e+02 1.447575098486037312e-12
1.109752496412072134e+02 1.210859148380948105e-12
1.231550603292826196e+02 1.009270333966186471e-12
1.366716356462005990e+02 8.410377826486135298e-13
1.516716888470922413e+02 6.980713389167899831e-13
1.683180353330956791e+02 5.797743588176864107e-13
1.867913599020782840e+02 4.793865918481894846e-13
2.072921779595371845e+02 3.971122994158630411e-13
2.300430119772916839e+02 3.273513387440294351e-13
2.552908068239516410e+02 2.705680194504807609e-13
2.833096101839323637e+02 2.225724891721862018e-13
3.144035471591500368e+02 1.835076779516054349e-13
3.489101213406774491e+02 1.506901083002773846e-13
3.872038781812557318e+02 1.239530325020852288e-13
4.297004704320843871e+02 1.016360219750434004e-13
4.768611697714468960e+02 8.334905741565422405e-14
5.291978735958442712e+02 6.820604138917956099e-14
5.872786613189482523e+02 5.571191777843187259e-14
6.517339604882420190e+02 4.541789094253062944e-14
7.232633896483533817e+02 3.693395178702391518e-14
8.026433522257173081e+02 2.993805433997013355e-14
8.907354638610439679e+02 2.419340348324020673e-14
9.884959046625587007e+02 1.947477371195279839e-14
1.096985797892383971e+03 1.561051139928973672e-14
1.217382727739662187e+03 1.246546343301751503e-14
1.350993521198027793e+03 9.902880827014358243e-15
1.499268432786045423e+03 7.834642356280396400e-15
1.663816886076128640e+03 6.177400780233627087e-15
1.846424942895544291e+03 4.844723607379245220e-15
2.049074689815845886e+03 3.787102166471337559e-15
2.273965752357927613e+03 2.952399123867343821e-15
2.523539170434765765e+03 2.297810742272803349e-15
2.800503894183631019e+03 1.786091087427586513e-15
3.107866187782013640e+03 1.389239200273300087e-15
3.448962260405759935e+03 1.083176830097481672e-15
3.827494478516314757e+03 8.465599007734761578e-16
4.247571552536898707e+03 6.654577216210814380e-16
4.713753134116724141e+03 5.262692860531533696e-16
5.231099308056262998e+03 4.195521520287806344e-16
5.805225516094896193e+03 3.364227472342689009e-16
6.442363508721369726e+03 2.721686034087242751e-16
7.149428986597576113e+03 2.218575689188630121e-16
7.934096665797491369e+03 1.817596990058251009e-16
8.804883581643463913e+03 1.498953366711752844e-16
9.771241535346502133e+03 1.239571736573730005e-16
1.084365968689610963e+04 1.028386285270917205e-16
1.203377840777589154e+04 8.540924192929212401e-17
1.335451562929898682e+04 7.095368802466840606e-17
1.482020705798858762e+04 5.891437360627406047e-17
1.644676177994664249e+04 4.879646256919444255e-17
1.825183494319044257e+04 4.033459937503414715e-17
2.025501939230666540e+04 3.322559954369566429e-17
2.247805833548725059e+04 2.728730847191810571e-17
2.494508135230316839e+04 2.229725042966117991e-17
2.768286630392066581e+04 1.810724597582054824e-17
3.072112998861759115e+04 1.460405532974215700e-17
3.409285069746814406e+04 1.171650162481525882e-17
3.783462617131928710e+04 9.335469972396025269e-18
4.198707084443910571e+04 7.361930889959517789e-18
4.659525668664683326e+04 5.739960893210206035e-18
5.170920242896761192e+04 4.424189840638228978e-18
5.738441648302398244e+04 3.369515490787035432e-18
6.368249944718585903e+04 2.531565122523785220e-18
7.067181273927491566e+04 1.872050892922730779e-18
7.842822061337680498e+04 1.358696081977985550e-18
8.703591361485165544e+04 9.655669957350531928e-19
9.658832241158708348e+04 6.712472796597708338e-19
1.071891319205127511e+05 4.570051744321763134e-19
1.189534067370319535e+05 3.045936449108877498e-19
1.320088400831418112e+05 1.998641576327955644e-19
1.464971398307286145e+05 1.303512590290784748e-19
1.625755666443794908e+05 8.560687658178562192e-20
1.804186409392071655e+05 5.768847224700280440e-20
2.002200371815584658e+05 4.051475617025588511e-20
2.221946860939523904e+05 2.981971673567948214e-20
2.465811075822604180e+05 2.279390792672205784e-20
2.736439997074671555e+05 1.786963225720476794e-20
3.036771118035460822e+05 1.420666773308265223e-20
3.370064329271928291e+05 1.137479470221062948e-20
3.739937302478798083e+05 9.134290572795757542e-21
4.150404757850476308e+05 7.338929630107635254e-21
4.605922041145108524e+05 5.895389025595264849e-21
5.111433483440171112e+05 4.731879685121523886e-21
5.672426068491977639e+05 3.795094685641900690e-21
6.294988990221888525e+05 3.041726223943981714e-21
6.985879746785250027e+05 2.435959295846949028e-21
7.752597488629464060e+05 1.949058482624288664e-21
8.603464416684507160e+05 1.558493494154248699e-21
9.547716114208066138e+05 1.244854367296694122e-21
1.059560179277617019e+06 9.933930730731030525e-22
1.175849554052158026e+06 7.919976310529501096e-22
1.304901978014401859e+06 6.307099061799222476e-22
1.448118227674532915e+06 5.017689732853043720e-22
1.607052818261638284e+06 3.986821859578566121e-22
1.783430876931909472e+06 3.164190024036501090e-22
1.979166867853557458e+06 2.508031635329373487e-22
2.196385372416546568e+06 1.985245226246927505e-22
2.437444150122222025e+06 1.569328406969288289e-22
2.704959730463137385e+06 1.238643406635334974e-22
3.001835813575591892e+06 9.762473511154811487e-23
3.331294787934676744e+06 7.681760618875378276e-23
3.696912707195031922e+06 6.034659686332997288e-23
4.102658105827190448e+06 4.732088782922147154e-23
4.552935074866947718e+06 3.704346480300603189e-23
5.052631065335679799e+06 2.894092731908636977e-23
5.607169938205458224e+06 2.256341022255651549e-23
6.222570836730230600e+06 1.755388438851604107e-23
6.905513520162330940e+06 1.362676361626915235e-23
7.663410868007462472e+06 1.055381998378405756e-23
8.504489341802684590e+06 8.153702383572630841e-24
9.437878277775391936e+06 6.282095840100777687e-24
1.047370897959450819e+07 4.826291474626297694e-24
1.162322468679854274e+07 3.696858004123572539e-24
1.289890261253307760e+07 2.822979108347661432e-24
1.431458937523478456e+07 2.148057469425876023e-24
1.588565129428052530e+07 1.628334300181323344e-24
1.762914118095947802e+07 1.229501485905521595e-24
1.956398343517064676e+07 9.245253562711198542e-25
2.171117945694505423e+07 6.917679284854474008e-25
2.409403560239527002e+07 5.147183450864924026e-25
2.673841615839949250e+07 3.813693389534654805e-25
2.967302408188872784e+07 2.802445801298034244e-25
3.292971255097155273e+07 2.045552934120113065e-25
3.654383070957254618e+07 1.482103737853471708e-25
4.055460735840827972e+07 1.064242682173986321e-25
4.500557675700496882e+07 7.562387884527118069e-26
4.994505115855139494e+07 5.309930659170042427e-26
5.542664520663107187e+07 3.677595373980784424e-26
6.150985788580504060e+07 2.505167706953421317e-26
6.826071834272393584e+07 1.673752658817684381e-26
7.575250258771920204e+07 1.092305106993381865e-26
8.406652885618332028e+07 6.929896904849632296e-27
9.329304026284696162e+07 4.243606827962993885e-27
1.035321843295663744e+08 2.485288272933219517e-27
1.148951000187308788e+08 1.372328569381290444e-27
1.275051240713012964e+08 7.003356499158542468e-28
1.414991297434575856e+08 3.204380320705293395e-28
1.570290124729377627e+08 1.237450353533906612e-28
1.742633386009651124e+08 3.216475764346543678e-29
1.933891750455232263e+08 7.267411050962434738e-31
2.146141197858406007e+08 2.767056364807980533e-38
2.381685551976160705e+08 2.690203302786319471e-102
