1.000000000000000000e+02 2.167312408015781043e-16
1.109752496412072134e+02 1.863219488520135275e-16
1.231550603292826196e+02 1.602606096409229686e-16
1.366716356462005990e+02 1.379046965573240863e-16
1.516716888470922413e+02 1.187048174931202271e-16
1.683180353330956791e+02 1.022013742666134089e-16
1.867913599020782840e+02 8.799760174282421110e-17
2.072921779595371845e+02 7.576816742348105296e-17
2.300430119772916839e+02 6.521790656982645689e-17
2.552908068239516410e+02 5.611374692159835092e-17
2.833096101839323637e+02 4.826372893426815858e-17
3.144035471591500368e+02 4.149060357202835087e-17
3.489101213406774491e+02 3.564314634533419055e-17
3.872038781812557318e+02 3.059904435502487706e-17
4.297004704320843871e+02 2.625101864085205853e-17
4.768611697714468960e+02 2.250188917141907066e-17
5.291978735958442712e+02 1.927013047948323948e-17
5.872786613189482523e+02 1.648785059796109870e-17
6.517339604882420190e+02 1.409466409062915875e-17
7.232633896483533817e+02 1.203280381982360148e-17
8.026433522257173081e+02 1.026272293661411996e-17
8.907354638610439679e+02 8.743113692032174105e-18
9.884959046625587007e+02 7.440356807357905424e-18
1.096985797892383971e+03 6.323795520841257616e-18
1.217382727739662187e+03 5.370260885962619995e-18
1.350993521198027793e+03 4.556334939324439949e-18
1.499268432786045423e+03 3.863598303134648100e-18
1.663816886076128640e+03 3.274568846092738581e-18
1.846424942895544291e+03 2.775412630649803391e-18
2.049074689815845886e+03 2.352354155430670102e-18
2.273965752357927613e+03 1.994781587141964157e-18
2.523539170434765765e+03 1.692653444065402120e-18
2.800503894183631019e+03 1.436326213526147941e-18
3.107866187782013640e+03 1.219484857578494177e-18
3.448962260405759935e+03 1.035171867211675802e-18
3.827494478516314757e+03 8.787467889867987087e-19
4.247571552536898707e+03 7.457246318356633075e-19
4.713753134116724141e+03 6.326495328920265388e-19
5.231099308056262998e+03 5.365999588559769740e-19
5.805225516094896193e+03 4.549978562534803313e-19
6.442363508721369726e+03 3.857203924104245769e-19
7.149428986597576113e+03 3.268726106205475062e-19
7.934096665797491369e+03 2.769547261188895915e-19
8.804883581643463913e+03 2.345694845647670130e-19
9.771241535346502133e+03 1.986208982460397069e-19
1.084365968689610963e+04 1.681186994480408519e-19
1.203377840777589154e+04 1.422529707911708505e-19
1.335451562929898682e+04 1.203227698431079012e-19
1.482020705798858762e+04 1.017305501944324581e-19
1.644676177994664249e+04 8.597652390332027403e-20
1.825183494319044257e+04 7.262705080357752999e-20
2.025501939230666540e+04 6.132786061056363830e-20
2.247805833548725059e+04 5.175910985271228892e-20
2.494508135230316839e+04 4.366515839415378254e-20
2.768286630392066581e+04 3.681824512877915349e-20
3.072112998861759115e+04 3.102847868326137577e-20
3.409285069746814406e+04 2.613797003690368441e-20
3.783462617131928710e+04 2.200720121470704237e-20
4.198707084443910571e+04 1.851919427110106153e-20
4.659525668664683326e+04 1.557521146410247649e-20
5.170920242896761192e+04 1.309306464320485797e-20
5.738441648302398244e+04 1.099995140207181202e-20
6.368249944718585903e+04 9.235927924845237382e-21
7.067181273927491566e+04 7.749953988909672415e-21
7.842822061337680498e+04 6.498132087323137503e-21
8.703591361485165544e+04 5.444660825009407281e-21
9.658832241158708348e+04 4.558153721734032387e-21
1.071891319205127511e+05 3.812422920283588171e-21
1.189534067370319535e+05 3.185796449369186134e-21
1.320088400831418112e+05 2.659162339521706185e-21
1.464971398307286145e+05 2.216829806372338778e-21
1.625755666443794908e+05 1.845775728852175832e-21
1.804186409392071655e+05 1.534437303602841892e-21
2.002200371815584658e+05 1.273707666289932740e-21
2.221946860939523904e+05 1.055407997260019347e-21
2.465811075822604180e+05 8.727729663072371533e-22
2.736439997074671555e+05 7.203207970753139290e-22
3.036771118035460822e+05 5.931306631309099293e-22
3.370064329271928291e+05 4.871263969115083105e-22
3.739937302478798083e+05 3.991047778719311805e-22
4.150404757850476308e+05 3.258716869451598128e-22
4.605922041145108524e+05 2.651863300910207396e-22
5.111433483440171112e+05 2.150503302392073508e-22
5.672426068491977639e+05 1.737310934589836305e-22
6.294988990221888525e+05 1.397176252361902788e-22
6.985879746785250027e+05 1.118262337359387237e-22
7.752597488629464060e+05 8.902005149286041628e-23
8.603464416684507160e+05 7.045408828644126739e-23
9.547716114208066138e+05 5.540263546437907988e-23
1.059560179277617019e+06 4.327114111973374425e-23
1.175849554052158026e+06 3.356130169915788226e-23
1.304901978014401859e+06 2.580790365906826585e-23
1.448118227674532915e+06 1.967593670119184515e-23
1.607052818261638284e+06 1.486570729497524525e-23
1.783430876931909472e+06 1.112956759652226621e-23
1.979166867853557458e+06 8.246423592921737905e-24
2.196385372416546568e+06 6.069906909002210117e-24
2.437444150122222025e+06 4.429883307340317992e-24
2.704959730463137385e+06 3.213201157184021074e-24
3.001835813575591892e+06 2.321892981087140571e-24
3.331294787934676744e+06 1.676830276905743336e-24
3.696912707195031922e+06 1.212514489672237252e-24
4.102658105827190448e+06 8.787651932433027420e-25
4.552935074866947718e+06 6.383697941218216372e-25
5.052631065335679799e+06 4.637141958056525614e-25
5.607169938205458224e+06 3.344755634951067402e-25
6.222570836730230600e+06 2.377602927018959384e-25
6.905513520162330940e+06 1.649877155542625872e-25
7.663410868007462472e+06 1.104492305683555848e-25
8.504489341802684590e+06 7.024923746732713039e-26
9.437878277775391936e+06 4.152324152873356762e-26
1.047370897959450819e+07 2.202058747568080934e-26
1.162322468679854274e+07 9.916089272967664242e-27
1.289890261253307760e+07 3.486970474604941978e-27
1.431458937523478456e+07 9.438064620616602253e-28
1.588565129428052530e+07 2.783175820387302759e-28
1.762914118095947802e+07 4.239180342442626244e-29
