1.000000000000000000e+02 1.663074373646374112e-14
1.109752496412072134e+02 1.458819371419030865e-14
1.231550603292826196e+02 1.277128829870384199e-14
1.366716356462005990e+02 1.115768744837552846e-14
1.516716888470922413e+02 9.725179602828511326e-15
1.683180353330956791e+02 8.451015646543727236e-15
1.867913599020782840e+02 7.325540676169107036e-15
2.072921779595371845e+02 6.325729343314548645e-15
2.300430119772916839e+02 5.444766181909714927e-15
2.552908068239516410e+02 4.670040330761352924e-15
2.833096101839323637e+02 3.990908437804263537e-15
3.144035471591500368e+02 3.398541493541286463e-15
3.489101213406774491e+02 2.881885427365288995e-15
3.872038781812557318e+02 2.431230474997034060e-15
4.297004704320843871e+02 2.042331572485716007e-15
4.768611697714468960e+02 1.709209410065909060e-15
5.291978735958442712e+02 1.424125419241001785e-15
5.872786613189482523e+02 1.181237421220441887e-15
6.517339604882420190e+02 9.756612835062643912e-16
7.232633896483533817e+02 8.026700218475428886e-16
8.026433522257173081e+02 6.578860586160591559e-16
8.907354638610439679e+02 5.373899645859388896e-16
9.884959046625587007e+02 4.374207073160201705e-16
1.096985797892383971e+03 3.548053487743100209e-16
1.217382727739662187e+03 2.874851673641083019e-16
1.350993521198027793e+03 2.329117540941652237e-16
1.499268432786045423e+03 1.885732120526700772e-16
1.663816886076128640e+03 1.527722756707794965e-16
1.846424942895544291e+03 1.238250024080726780e-16
2.049074689815845886e+03 1.004627969031833735e-16
2.273965752357927613e+03 8.153921133435777392e-17
2.523539170434765765e+03 6.614867516929013401e-17
2.800503894183631019e+03 5.359688808101318144e-17
3.107866187782013640e+03 4.332566704556948047e-17
3.448962260405759935e+03 3.481179511715684769e-17
3.827494478516314757e+03 2.774178832223146921e-17
4.247571552536898707e+03 2.185950751618370496e-17
4.713753134116724141e+03 1.698208365361878477e-17
5.231099308056262998e+03 1.294405184442672470e-17
5.805225516094896193e+03 9.637602590817603800e-18
6.442363508721369726e+03 6.968120692485369552e-18
7.149428986597576113e+03 4.859496130405620042e-18
7.934096665797491369e+03 3.241946372745698954e-18
8.804883581643463913e+03 2.055220428073453833e-18
9.771241535346502133e+03 1.234438879906268445e-18
1.084365968689610963e+04 7.106318348666509277e-19
1.203377840777589154e+04 4.033781283166006689e-19
1.335451562929898682e+04 2.365672188048607650e-19
1.482020705798858762e+04 1.502548408316871286e-19
1.644676177994664249e+04 1.050018988306211884e-19
1.825183494319044257e+04 7.945649449158923580e-20
2.025501939230666540e+04 6.317326514258458832e-20
2.247805833548725059e+04 5.149930900901449560e-20
2.494508135230316839e+04 4.242387349022667876e-20
2.768286630392066581e+04 3.507968168443612793e-20
3.072112998861759115e+04 2.901113683794643387e-20
3.409285069746814406e+04 2.396949076088205488e-20
3.783462617131928710e+04 1.977948942939681976e-20
4.198707084443910571e+04 1.629517614632776794e-20
4.659525668664683326e+04 1.340218532378234030e-20
5.170920242896761192e+04 1.100417612663637700e-20
5.738441648302398244e+04 9.018842346834837380e-21
6.368249944718585903e+04 7.378752756797701841e-21
7.067181273927491566e+04 6.027750959746723957e-21
7.842822061337680498e+04 4.911558482387473179e-21
8.703591361485165544e+04 3.993891117428845958e-21
9.658832241158708348e+04 3.239835007624284258e-21
1.071891319205127511e+05 2.621343068767886744e-21
1.189534067370319535e+05 2.113609744089146018e-21
1.320088400831418112e+05 1.699699734565681638e-21
1.464971398307286145e+05 1.361092177812062930e-21
1.625755666443794908e+05 1.085953124096547414e-21
1.804186409392071655e+05 8.631219749115456387e-22
2.002200371815584658e+05 6.825251999342690920e-22
2.221946860939523904e+05 5.375569712666425414e-22
2.465811075822604180e+05 4.211351969273370776e-22
2.736439997074671555e+05 3.284491774732162970e-22
3.036771118035460822e+05 2.548656541674221698e-22
3.370064329271928291e+05 1.967110787072870694e-22
3.739937302478798083e+05 1.511770615003976705e-22
4.150404757850476308e+05 1.156719820725465350e-22
4.605922041145108524e+05 8.807256382404073327e-23
5.111433483440171112e+05 6.674477093681088725e-23
5.672426068491977639e+05 5.041020366786193232e-23
6.294988990221888525e+05 3.802701835512999268e-23
6.985879746785250027e+05 2.867222449344426984e-23
7.752597488629464060e+05 2.156766406135713362e-23
8.603464416684507160e+05 1.617802648869594125e-23
9.547716114208066138e+05 1.210176368371096064e-23
1.059560179277617019e+06 9.025118378187657389e-24
1.175849554052158026e+06 6.701937228399770286e-24
1.304901978014401859e+06 4.955507370144850988e-24
1.448118227674532915e+06 3.648563605028441849e-24
1.607052818261638284e+06 2.676789911284888510e-24
1.783430876931909472e+06 1.960394677469263535e-24
1.979166867853557458e+06 1.436236060681954995e-24
2.196385372416546568e+06 1.054172723538957876e-24
2.437444150122222025e+06 7.755752448009111299e-25
2.704959730463137385e+06 5.718618622076478217e-25
3.001835813575591892e+06 4.221279962750403123e-25
3.331294787934676744e+06 3.116956255055324872e-25
3.696912707195031922e+06 2.299852958407598196e-25
4.102658105827190448e+06 1.694498207061489119e-25
4.552935074866947718e+06 1.245717102753492978e-25
5.052631065335679799e+06 9.130599467958508811e-26
5.607169938205458224e+06 6.667439034678306975e-26
6.222570836730230600e+06 4.846908111717002973e-26
6.905513520162330940e+06 3.505549892090305264e-26
7.663410868007462472e+06 2.520125031358540638e-26
8.504489341802684590e+06 1.799532613732557331e-26
9.437878277775391936e+06 1.274707039942846942e-26
1.047370897959450819e+07 8.948289399396486238e-27
1.162322468679854274e+07 6.216962025876624254e-27
1.289890261253307760e+07 4.266321268149079150e-27
1.431458937523478456e+07 2.885655846800786008e-27
1.588565129428052530e+07 1.918841023650369701e-27
1.762914118095947802e+07 1.249001153140787663e-27
1.956398343517064676e+07 7.911920351517048528e-28
2.171117945694505423e+07 4.834962592358038428e-28
2.409403560239527002e+07 2.809597924456765157e-28
2.673841615839949250e+07 1.514958044795094977e-28
2.967302408188872784e+07 7.257464349908506652e-29
3.292971255097155273e+07 2.808652525567461487e-29
3.654383070957254618e+07 6.796975936498395596e-30
4.055460735840827972e+07 4.565812136490838730e-31
