1.000000000000000000e+02 1.239306300415056555e-11
1.109752496412072134e+02 9.974650259516578708e-12
1.231550603292826196e+02 8.024102041742276625e-12
1.366716356462005990e+02 6.457967283390685711e-12
1.516716888470922413e+02 5.210933904873508377e-12
1.683180353330956791e+02 4.221902977066220546e-12
1.867913599020782840e+02 3.439056219416290073e-12
2.072921779595371845e+02 2.820834669537221767e-12
2.300430119772916839e+02 2.332451075660500929e-12
2.552908068239516410e+02 1.945303615827696174e-12
2.833096101839323637e+02 1.636487175285952876e-12
3.144035471591500368e+02 1.387563551240997733e-12
3.489101213406774491e+02 1.185169288348481604e-12
3.872038781812557318e+02 1.018821014442862348e-12
4.297004704320843871e+02 8.789935558582658682e-13
4.768611697714468960e+02 7.616419117775174786e-13
5.291978735958442712e+02 6.615544382143359712e-13
5.872786613189482523e+02 5.749481245317505610e-13
6.517339604882420190e+02 4.998862122304562890e-13
7.232633896483533817e+02 4.352232333060862401e-13
8.026433522257173081e+02 3.773734768343740564e-13
8.907354638610439679e+02 3.271517348509515314e-13
9.884959046625587007e+02 2.830574768032467318e-13
1.096985797892383971e+03 2.440587785277800831e-13
1.217382727739662187e+03 2.096641106246639046e-13
1.350993521198027793e+03 1.793734323140173143e-13
1.499268432786045423e+03 1.530636597635973986e-13
1.663816886076128640e+03 1.298119220996308342e-13
1.846424942895544291e+03 1.093701771135962401e-13
2.049074689815845886e+03 9.182631191876789376e-14
2.273965752357927613e+03 7.654833199770739035e-14
2.523539170434765765e+03 6.343828154891527284e-14
2.800503894183631019e+03 5.201703100819716107e-14
3.107866187782013640e+03 4.246748129543062431e-14
3.448962260405759935e+03 3.445525729297818914e-14
3.827494478516314757e+03 2.757839967390151699e-14
4.247571552536898707e+03 2.192609650146929455e-14
4.713753134116724141e+03 1.732531773144812072e-14
5.231099308056262998e+03 1.352081923888547800e-14
5.805225516094896193e+03 1.044835082723792908e-14
6.442363508721369726e+03 8.051994613941358990e-15
7.149428986597576113e+03 6.136247521175473668e-15
7.934096665797491369e+03 4.632468051288338908e-15
8.804883581643463913e+03 3.498590342631988120e-15
9.771241535346502133e+03 2.626156491406504975e-15
1.084365968689610963e+04 1.961219149708302609e-15
1.203377840777589154e+04 1.462104136295984554e-15
1.335451562929898682e+04 1.082887025035551865e-15
1.482020705798858762e+04 7.966444533957998270e-16
1.644676177994664249e+04 5.778951099321150441e-16
1.825183494319044257e+04 4.107389151958081377e-16
2.025501939230666540e+04 2.838218055420893042e-16
2.247805833548725059e+04 1.889413525721591754e-16
2.494508135230316839e+04 1.204314615976074161e-16
2.768286630392066581e+04 7.317839539355578431e-17
3.072112998861759115e+04 4.307264725186234839e-17
3.409285069746814406e+04 2.538217573731968449e-17
3.783462617131928710e+04 1.553653034340822166e-17
4.198707084443910571e+04 9.997145278100595553e-18
4.659525668664683326e+04 6.699584282941022327e-18
5.170920242896761192e+04 4.609760577095165902e-18
5.738441648302398244e+04 3.238064763663157162e-18
6.368249944718585903e+04 2.323867022270230858e-18
7.067181273927491566e+04 1.715021756087332513e-18
7.842822061337680498e+04 1.294614913338565354e-18
8.703591361485165544e+04 9.891725598415280719e-19
9.658832241158708348e+04 7.586765447338133152e-19
1.071891319205127511e+05 5.819890396148098438e-19
1.189534067370319535e+05 4.456120971173232443e-19
1.320088400831418112e+05 3.404421313068168650e-19
1.464971398307286145e+05 2.595167099470467706e-19
1.625755666443794908e+05 1.973974386373554050e-19
1.804186409392071655e+05 1.498248979990522780e-19
2.002200371815584658e+05 1.134431293905709465e-19
2.221946860939523904e+05 8.567650218547191635e-20
2.465811075822604180e+05 6.452984720188670015e-20
2.736439997074671555e+05 4.846993521256504870e-20
3.036771118035460822e+05 3.628904920344916845e-20
3.370064329271928291e+05 2.708852538529368730e-20
3.739937302478798083e+05 2.015346100982901775e-20
4.150404757850476308e+05 1.494117809820446352e-20
4.605922041145108524e+05 1.103720625572481086e-20
5.111433483440171112e+05 8.122058651897041368e-21
5.672426068491977639e+05 5.952535750079881673e-21
6.294988990221888525e+05 4.344028415507697116e-21
6.985879746785250027e+05 3.156231996533194749e-21
7.752597488629464060e+05 2.281753691200029841e-21
8.603464416684507160e+05 1.641329597210891083e-21
9.547716114208066138e+05 1.174406936712209484e-21
1.059560179277617019e+06 8.348713946153880588e-22
1.175849554052158026e+06 5.897592645258925028e-22
1.304901978014401859e+06 4.135963100604531289e-22
1.448118227674532915e+06 2.877760666339672488e-22
1.607052818261638284e+06 1.984454786586348051e-22
1.783430876931909472e+06 1.354423620616282631e-22
1.979166867853557458e+06 9.140350566173499552e-23
2.196385372416546568e+06 6.095565635717027868e-23
2.437444150122222025e+06 3.990823998199033561e-23
2.704959730463137385e+06 2.570726868367437083e-23
3.001835813575591892e+06 1.621751716630399725e-23
3.331294787934676744e+06 9.983983942274445303e-24
3.696912707195031922e+06 5.974266125985707951e-24
4.102658105827190448e+06 3.458636157293994722e-24
4.552935074866947718e+06 1.928335827940599897e-24
5.052631065335679799e+06 1.030254737777726476e-24
5.607169938205458224e+06 5.241241399138347722e-25
6.222570836730230600e+06 2.515775581700991582e-25
6.905513520162330940e+06 1.119076482299521828e-25
7.663410868007462472e+06 4.520594423602710282e-26
8.504489341802684590e+06 1.634255755352396672e-26
9.437878277775391936e+06 5.254461078953991525e-27
1.047370897959450819e+07 1.483954527163355799e-27
1.162322468679854274e+07 3.635001530192700338e-28
1.289890261253307760e+07 7.664891205966884630e-29
1.431458937523478456e+07 1.360777574550172210e-29
1.588565129428052530e+07 2.034445303908015873e-30
1.762914118095947802e+07 2.520780544434950340e-31
1.956398343517064676e+07 2.558637536867555471e-32
2.171117945694505423e+07 2.099353681107831520e-33
2.409403560239527002e+07 1.372617234869431685e-34
2.673841615839949250e+07 7.036030370319368869e-36
2.967302408188872784e+07 2.774628882310468796e-37
3.292971255097155273e+07 8.211176907564595850e-39
3.654383070957254618e+07 1.777715432426553392e-40
4.055460735840827972e+07 2.744052494315750593e-42
4.500557675700496882e+07 2.945496694726116895e-44
4.994505115855139494e+07 2.101123870023881020e-46
5.542664520663107187e+07 9.711661054234700178e-49
6.150985788580504060e+07 2.774913148638327002e-51
6.826071834272393584e+07 4.665733435929321547e-54
7.575250258771920204e+07 4.367478798779031700e-57
8.406652885618332028e+07 2.142260834277076538e-60
9.329304026284696162e+07 5.154492497423362521e-64
1.035321843295663744e+08 5.662769752848335539e-68
1.148951000187308788e+08 2.624928863171177498e-72
1.275051240713012964e+08 4.698275100348115814e-77
1.414991297434575856e+08 2.938895806646763528e-82
1.570290124729377627e+08 6.899316302155512555e-88
1.742633386009651124e+08 2.142023114231651321e-93
1.933891750455232263e+08 3.975035787162294903e-101
2.146141197858406007e+08 6.575105570479970177e-109
2.381685551976160705e+08 1.625372934673656161e-117
