1.000000000000000000e+02 3.716007196303234919e-17
1.109752496412072134e+02 2.951718343382650152e-17
1.231550603292826196e+02 2.333292362104300235e-17
1.366716356462005990e+02 1.840489522791981967e-17
1.516716888470922413e+02 1.450425517627602247e-17
1.683180353330956791e+02 1.141459848025327010e-17
1.867913599020782840e+02 9.007995059844771950e-18
2.072921779595371845e+02 7.116446108170808289e-18
2.300430119772916839e+02 5.645138039507973026e-18
2.552908068239516410e+02 4.516829281123023746e-18
2.833096101839323637e+02 3.632457237332783778e-18
3.144035471591500368e+02 2.952850366571855981e-18
3.489101213406774491e+02 2.421037851670754004e-18
3.872038781812557318e+02 2.005002263148039251e-18
4.297004704320843871e+02 1.675971878747138254e-18
4.768611697714468960e+02 1.412049931309975514e-18
5.291978735958442712e+02 1.198223661542769379e-18
5.872786613189482523e+02 1.022362150566790354e-18
6.517339604882420190e+02 8.756554901781145909e-19
7.232633896483533817e+02 7.521282928616302371e-19
8.026433522257173081e+02 6.472701800490503705e-19
8.907354638610439679e+02 5.572464082089135484e-19
9.884959046625587007e+02 4.795530475847775152e-19
1.096985797892383971e+03 4.125426854413530479e-19
1.217382727739662187e+03 3.543315540949410014e-19
1.350993521198027793e+03 3.037114182621721438e-19
1.499268432786045423e+03 2.598085235353334113e-19
1.663816886076128640e+03 2.216986763484349439e-19
1.846424942895544291e+03 1.886419434949527980e-19
2.049074689815845886e+03 1.599876375587664235e-19
2.273965752357927613e+03 1.353027427806899730e-19
2.523539170434765765e+03 1.138792742604229954e-19
2.800503894183631019e+03 9.555282440192736945e-20
3.107866187782013640e+03 7.980643079361039316e-20
3.448962260405759935e+03 6.637709439446941306e-20
3.827494478516314757e+03 5.496025099657189406e-20
4.247571552536898707e+03 4.526991084799834088e-20
4.713753134116724141e+03 3.711031077805324738e-20
5.231099308056262998e+03 3.028110615505594067e-20
5.805225516094896193e+03 2.459747635571888657e-20
6.442363508721369726e+03 1.989192538576429548e-20
7.149428986597576113e+03 1.601961164621059049e-20
7.934096665797491369e+03 1.285262173608299695e-20
8.804883581643463913e+03 1.028242448012432496e-20
9.771241535346502133e+03 8.215366001910691644e-21
1.084365968689610963e+04 6.561045205446315833e-21
1.203377840777589154e+04 5.247954387335821422e-21
1.335451562929898682e+04 4.209016204634003643e-21
1.482020705798858762e+04 3.386682050207356641e-21
1.644676177994664249e+04 2.737031518073230557e-21
1.825183494319044257e+04 2.223167695825255236e-21
2.025501939230666540e+04 1.814624744622923575e-21
2.247805833548725059e+04 1.487804813663681253e-21
2.494508135230316839e+04 1.224363084334691191e-21
2.768286630392066581e+04 1.010143146682011546e-21
3.072112998861759115e+04 8.351490448757492001e-22
3.409285069746814406e+04 6.909542080530713052e-22
3.783462617131928710e+04 5.720754931390540830e-22
4.198707084443910571e+04 4.737708263260769709e-22
4.659525668664683326e+04 3.921738125793796192e-22
5.170920242896761192e+04 3.243528712264196410e-22
5.738441648302398244e+04 2.678045376590476998e-22
6.368249944718585903e+04 2.206327553046591704e-22
7.067181273927491566e+04 1.812196540170344363e-22
7.842822061337680498e+04 1.483658303739449612e-22
8.703591361485165544e+04 1.209955273969863396e-22
9.658832241158708348e+04 9.834115123826754891e-23
1.071891319205127511e+05 7.958380196929566341e-23
1.189534067370319535e+05 6.408781417478903649e-23
1.320088400831418112e+05 5.136077063037079862e-23
1.464971398307286145e+05 4.095623270525318959e-23
1.625755666443794908e+05 3.247147166347492359e-23
1.804186409392071655e+05 2.558664167720378883e-23
2.002200371815584658e+05 2.004057153535451156e-23
2.221946860939523904e+05 1.559327252931880272e-23
2.465811075822604180e+05 1.204884074097502490e-23
2.736439997074671555e+05 9.248405257786221495e-24
3.036771118035460822e+05 7.044991200986625996e-24
3.370064329271928291e+05 5.325462997491772142e-24
3.739937302478798083e+05 3.997974702594068070e-24
4.150404757850476308e+05 2.985586599404804566e-24
4.605922041145108524e+05 2.219359691876943810e-24
5.111433483440171112e+05 1.644257002980371659e-24
5.672426068491977639e+05 1.216950934605735494e-24
6.294988990221888525e+05 9.012743530606032260e-25
6.985879746785250027e+05 6.689458246879191539e-25
7.752597488629464060e+05 4.981561496850465018e-25
8.603464416684507160e+05 3.723256799517901822e-25
9.547716114208066138e+05 2.788138401533767084e-25
1.059560179277617019e+06 2.089864143601393421e-25
1.175849554052158026e+06 1.560842427487325063e-25
1.304901978014401859e+06 1.156079921468308256e-25
1.448118227674532915e+06 8.469825472881887191e-26
1.607052818261638284e+06 6.103143078520194940e-26
1.783430876931909472e+06 4.305656295295623095e-26
1.979166867853557458e+06 2.959480701575722432e-26
2.196385372416546568e+06 1.973740129627302108e-26
2.437444150122222025e+06 1.266980825189304055e-26
2.704959730463137385e+06 7.770279254051174421e-27
3.001835813575591892e+06 4.516343784388742087e-27
3.331294787934676744e+06 2.467948736868593376e-27
3.696912707195031922e+06 1.266406640662416456e-27
4.102658105827190448e+06 6.238123455051369954e-28
4.552935074866947718e+06 3.119604905991477148e-28
5.052631065335679799e+06 1.679623174852250876e-28
5.607169938205458224e+06 9.322643198274483051e-29
6.222570836730230600e+06 4.569068720709696120e-29
6.905513520162330940e+06 1.444035007599340240e-29
