1.000000000000000000e+02 2.115843706034735291e-11
1.109752496412072134e+02 1.851164299724964161e-11
1.231550603292826196e+02 1.618887581379649856e-11
1.366716356462005990e+02 1.415001109111587265e-11
1.516716888470922413e+02 1.236397895917427733e-11
1.683180353330956791e+02 1.079714617396249469e-11
1.867913599020782840e+02 9.424954645083599120e-12
2.072921779595371845e+02 8.222951602255700053e-12
2.300430119772916839e+02 7.170695236828671653e-12
2.552908068239516410e+02 6.249792968054842408e-12
2.833096101839323637e+02 5.444168872508838524e-12
3.144035471591500368e+02 4.739848840960127177e-12
3.489101213406774491e+02 4.124304067700425167e-12
3.872038781812557318e+02 3.586573957957070761e-12
4.297004704320843871e+02 3.117366057659652704e-12
4.768611697714468960e+02 2.707633588915187177e-12
5.291978735958442712e+02 2.350518680011390950e-12
5.872786613189482523e+02 2.039093978441078841e-12
6.517339604882420190e+02 1.767692205219805894e-12
7.232633896483533817e+02 1.531359090241875456e-12
8.026433522257173081e+02 1.325795586152770313e-12
8.907354638610439679e+02 1.146825665768861464e-12
9.884959046625587007e+02 9.981253498000881069e-13
1.096985797892383971e+03 8.562874329754600958e-13
1.217382727739662187e+03 7.391833839279824099e-13
1.350993521198027793e+03 6.373477330004515096e-13
1.499268432786045423e+03 5.492597482620318189e-13
1.663816886076128640e+03 4.727524949079552213e-13
1.846424942895544291e+03 4.066627650977293968e-13
2.049074689815845886e+03 3.494307546212651057e-13
2.273965752357927613e+03 3.000196841042896829e-13
2.523539170434765765e+03 2.573057661894239146e-13
2.800503894183631019e+03 2.204688354335334497e-13
3.107866187782013640e+03 1.887244650261743293e-13
3.448962260405759935e+03 1.613726480154329980e-13
3.827494478516314757e+03 1.378323915218231426e-13
4.247571552536898707e+03 1.176082023039985422e-13
4.713753134116724141e+03 1.002396139026611567e-13
5.231099308056262998e+03 8.534327030115365582e-14
5.805225516094896193e+03 7.257449586780768632e-14
6.442363508721369726e+03 6.164922064806721605e-14
7.149428986597576113e+03 5.230775168242605111e-14
7.934096665797491369e+03 4.432887515857461619e-14
8.804883581643463913e+03 3.752676673096395528e-14
9.771241535346502133e+03 3.173397389909551270e-14
1.084365968689610963e+04 2.679894651702471681e-14
1.203377840777589154e+04 2.260796672786471705e-14
1.335451562929898682e+04 1.904558419492790972e-14
1.482020705798858762e+04 1.602883656731158903e-14
1.644676177994664249e+04 1.347280278349887129e-14
1.825183494319044257e+04 1.130980279281578100e-14
2.025501939230666540e+04 9.483573111725631483e-15
2.247805833548725059e+04 7.941954363110821317e-15
2.494508135230316839e+04 6.642636677711639948e-15
2.768286630392066581e+04 5.550113753501148392e-15
3.072112998861759115e+04 4.630431866282086173e-15
3.409285069746814406e+04 3.857322927904853669e-15
3.783462617131928710e+04 3.210286498642366228e-15
4.198707084443910571e+04 2.666695241029236480e-15
4.659525668664683326e+04 2.212174660263935268e-15
5.170920242896761192e+04 1.832776038518288574e-15
5.738441648302398244e+04 1.515183056053415017e-15
6.368249944718585903e+04 1.251033212814803179e-15
7.067181273927491566e+04 1.030597781576369336e-15
7.842822061337680498e+04 8.480634922480137482e-16
8.703591361485165544e+04 6.961815563369311110e-16
9.658832241158708348e+04 5.706151343772657855e-16
1.071891319205127511e+05 4.666048627957789997e-16
1.189534067370319535e+05 3.805106365306703777e-16
1.320088400831418112e+05 3.097286888506788122e-16
1.464971398307286145e+05 2.514793956456050532e-16
1.625755666443794908e+05 2.037114258879738831e-16
1.804186409392071655e+05 1.645594958335157553e-16
2.002200371815584658e+05 1.325928308414185749e-16
2.221946860939523904e+05 1.065430654015536862e-16
2.465811075822604180e+05 8.534237724922339923e-17
2.736439997074671555e+05 6.818818576206271955e-17
3.036771118035460822e+05 5.427391024732197954e-17
3.370064329271928291e+05 4.308512406119455608e-17
3.739937302478798083e+05 3.408030930664831202e-17
4.150404757850476308e+05 2.686445546053720548e-17
4.605922041145108524e+05 2.110035770490744035e-17
5.111433483440171112e+05 1.650960018200711006e-17
5.672426068491977639e+05 1.286809964194144787e-17
6.294988990221888525e+05 9.985749040044781184e-18
6.985879746785250027e+05 7.722945743376503078e-18
7.752597488629464060e+05 5.937966604350490972e-18
8.603464416684507160e+05 4.554528614525696724e-18
9.547716114208066138e+05 3.469339254077565207e-18
1.059560179277617019e+06 2.631698872316656501e-18
1.175849554052158026e+06 1.985888814443004983e-18
1.304901978014401859e+06 1.490833355435518154e-18
1.448118227674532915e+06 1.112508012123351515e-18
1.607052818261638284e+06 8.248496813332547908e-19
1.783430876931909472e+06 6.072515550437684722e-19
1.979166867853557458e+06 4.435085259315707613e-19
2.196385372416546568e+06 3.209714599989581519e-19
2.437444150122222025e+06 2.297761897728845332e-19
2.704959730463137385e+06 1.624408909385194812e-19
3.001835813575591892e+06 1.130730219385681644e-19
3.331294787934676744e+06 7.732232734137306967e-20
3.696912707195031922e+06 5.175086813583923815e-20
4.102658105827190448e+06 3.376011484364350150e-20
4.552935074866947718e+06 2.135514123098235129e-20
5.052631065335679799e+06 1.301184203122173684e-20
5.607169938205458224e+06 7.601064640896057649e-21
6.222570836730230600e+06 4.217065136712050394e-21
6.905513520162330940e+06 2.209056228581213565e-21
7.663410868007462472e+06 1.092926967222729744e-21
8.504489341802684590e+06 4.973678769562316950e-22
9.437878277775391936e+06 2.095914610178456851e-22
1.047370897959450819e+07 7.936762455238507950e-23
1.162322468679854274e+07 2.650613756353221195e-23
1.289890261253307760e+07 7.725351117724046305e-24
1.431458937523478456e+07 1.939425882640936227e-24
1.588565129428052530e+07 4.123971036371408809e-25
1.762914118095947802e+07 7.312229464237250474e-26
1.956398343517064676e+07 1.064544127714213053e-26
2.171117945694505423e+07 1.253107112989819847e-27
2.409403560239527002e+07 1.174224670494916401e-28
2.673841615839949250e+07 8.614709953811887044e-30
2.967302408188872784e+07 4.860659151547632801e-31
3.292971255097155273e+07 2.068920996185624666e-32
3.654383070957254618e+07 6.503818260630386525e-34
4.055460735840827972e+07 1.474103322167452610e-35
4.500557675700496882e+07 2.340383757028718440e-37
4.994505115855139494e+07 2.519083199588024526e-39
5.542664520663107187e+07 1.770151825899958516e-41
6.150985788580504060e+07 7.788185987406950685e-44
6.826071834272393584e+07 2.047602113046356559e-46
7.575250258771920204e+07 3.038332276658031500e-49
8.406652885618332028e+07 2.360722698214161909e-52
9.329304026284696162e+07 8.966318852605464618e-56
1.035321843295663744e+08 1.539639036647154891e-59
1.148951000187308788e+08 1.088885604345002186e-63
1.275051240713012964e+08 2.830350678194911030e-68
1.414991297434575856e+08 2.374219016226618618e-73
1.570290124729377627e+08 5.588597653456463079e-79
1.742633386009651124e+08 3.172731991639078670e-85
1.933891750455232263e+08 3.664005238839801543e-92
2.146141197858406007e+08 7.073533252441831533e-100
2.381685551976160705e+08 1.822144894402602308e-108
2.643081486974108517e+08 4.840040130711774111e-118
2.933166278390048146e+08 9.872814306416116499e-129
3.255088599835056663e+08 1.101283106918940671e-140
