1.000000000000000000e+02 1.147134488668241705e-12
1.109752496412072134e+02 9.677498794117796309e-13
1.231550603292826196e+02 8.194046494029816665e-13
1.366716356462005990e+02 6.958745026815857704e-13
1.516716888470922413e+02 5.923849679558438937e-13
1.683180353330956791e+02 5.050511117016953718e-13
1.867913599020782840e+02 4.311008381067747230e-13
2.072921779595371845e+02 3.681276071373418957e-13
2.300430119772916839e+02 3.144735007134091217e-13
2.552908068239516410e+02 2.683978622054887905e-13
2.833096101839323637e+02 2.289325935340527454e-13
3.144035471591500368e+02 1.951095274957482932e-13
3.489101213406774491e+02 1.661314232471820774e-13
3.872038781812557318e+02 1.412067393889826663e-13
4.297004704320843871e+02 1.198340584775138580e-13
4.768611697714468960e+02 1.015675287849292665e-13
5.291978735958442712e+02 8.589893619933307901e-14
5.872786613189482523e+02 7.251339770443771702e-14
6.517339604882420190e+02 6.113415613288930888e-14
7.232633896483533817e+02 5.136998236469996675e-14
8.026433522257173081e+02 4.309353659333717661e-14
8.907354638610439679e+02 3.608675975365991577e-14
9.884959046625587007e+02 3.012145771015523500e-14
1.096985797892383971e+03 2.509052384233665393e-14
1.217382727739662187e+03 2.084275915757551612e-14
1.350993521198027793e+03 1.727496051707503795e-14
1.499268432786045423e+03 1.427597105226234080e-14
1.663816886076128640e+03 1.176596833397882988e-14
1.846424942895544291e+03 9.670631395000137723e-15
2.049074689815845886e+03 7.930632531766379856e-15
2.273965752357927613e+03 6.483635436729570250e-15
2.523539170434765765e+03 5.282157857390381288e-15
2.800503894183631019e+03 4.290367910511287495e-15
3.107866187782013640e+03 3.476702709400160203e-15
3.448962260405759935e+03 2.807923105068283713e-15
3.827494478516314757e+03 2.260123776202203749e-15
4.247571552536898707e+03 1.807255309137718787e-15
4.713753134116724141e+03 1.439463239112697076e-15
5.231099308056262998e+03 1.141007889362701325e-15
5.805225516094896193e+03 8.980628857781628826e-16
6.442363508721369726e+03 7.010419833418744153e-16
7.149428986597576113e+03 5.421002599660428174e-16
7.934096665797491369e+03 4.145570542947317397e-16
8.804883581643463913e+03 3.127284072713606930e-16
9.771241535346502133e+03 2.321255139081451706e-16
1.084365968689610963e+04 1.688846092343427759e-16
1.203377840777589154e+04 1.199600585890275040e-16
1.335451562929898682e+04 8.280617655583123537e-17
1.482020705798858762e+04 5.529542020599501276e-17
1.644676177994664249e+04 3.563959108648941467e-17
1.825183494319044257e+04 2.212397183314658020e-17
2.025501939230666540e+04 1.338065824782444253e-17
2.247805833548725059e+04 8.043898060287020106e-18
2.494508135230316839e+04 4.996862495696463101e-18
2.768286630392066581e+04 3.317697573831578039e-18
3.072112998861759115e+04 2.368406285438255057e-18
3.409285069746814406e+04 1.786387618542483294e-18
3.783462617131928710e+04 1.393107397297831209e-18
4.198707084443910571e+04 1.105425631701444762e-18
4.659525668664683326e+04 8.827996987050724461e-19
5.170920242896761192e+04 7.062395329999065484e-19
5.738441648302398244e+04 5.641910752974023284e-19
6.368249944718585903e+04 4.495078108313345599e-19
7.067181273927491566e+04 3.569025071336985233e-19
7.842822061337680498e+04 2.824871840878459841e-19
8.703591361485165544e+04 2.227385705376238156e-19
9.658832241158708348e+04 1.751425106607673512e-19
1.071891319205127511e+05 1.370853541071727019e-19
1.189534067370319535e+05 1.069778583615887363e-19
1.320088400831418112e+05 8.307113611462261347e-20
1.464971398307286145e+05 6.426392322473789804e-20
1.625755666443794908e+05 4.949103797260034290e-20
1.804186409392071655e+05 3.790272441770473393e-20
2.002200371815584658e+05 2.892258207197731962e-20
2.221946860939523904e+05 2.188799753191654026e-20
2.465811075822604180e+05 1.650618085505101978e-20
2.736439997074671555e+05 1.233457157191278309e-20
3.036771118035460822e+05 9.162037337625749799e-21
3.370064329271928291e+05 6.759065410289062016e-21
3.739937302478798083e+05 4.927571702526276356e-21
4.150404757850476308e+05 3.578899394783759469e-21
4.605922041145108524e+05 2.561443043855599955e-21
5.111433483440171112e+05 1.819300529028468240e-21
5.672426068491977639e+05 1.284242026359332583e-21
6.294988990221888525e+05 8.911279673375725236e-22
6.985879746785250027e+05 6.136859506014798886e-22
7.752597488629464060e+05 4.191490535108068536e-22
8.603464416684507160e+05 2.820699113792930229e-22
9.547716114208066138e+05 1.882775671738367382e-22
1.059560179277617019e+06 1.243373660738099168e-22
1.175849554052158026e+06 8.116550187005168355e-23
1.304901978014401859e+06 5.224010725535555343e-23
1.448118227674532915e+06 3.303291068092217272e-23
1.607052818261638284e+06 2.039177199146261618e-23
1.783430876931909472e+06 1.219070525353261366e-23
1.979166867853557458e+06 6.967672350595152590e-24
2.196385372416546568e+06 3.740598817935029793e-24
2.437444150122222025e+06 1.842764655007644887e-24
2.704959730463137385e+06 8.114923616502468390e-25
3.001835813575591892e+06 3.153259248916440482e-25
3.331294787934676744e+06 1.080263569881963602e-25
3.696912707195031922e+06 3.243053127039810957e-26
4.102658105827190448e+06 8.451582625417577881e-27
4.552935074866947718e+06 1.892185103998682744e-27
5.052631065335679799e+06 3.610662675384639800e-28
5.607169938205458224e+06 5.810500218095321297e-29
6.222570836730230600e+06 7.811936461060721242e-30
6.905513520162330940e+06 8.676577601877277590e-31
7.663410868007462472e+06 7.869043261810837521e-32
8.504489341802684590e+06 5.754636466270599874e-33
9.437878277775391936e+06 3.345603028797477029e-34
1.047370897959450819e+07 1.522042441318359163e-35
1.162322468679854274e+07 5.324392326968513283e-37
1.289890261253307760e+07 1.405427056220685883e-38
1.431458937523478456e+07 2.745337695034569760e-40
1.588565129428052530e+07 3.895453831793534717e-42
1.762914118095947802e+07 3.952912803203978923e-44
1.956398343517064676e+07 2.827055237944768849e-46
2.171117945694505423e+07 1.402297985893265389e-48
2.409403560239527002e+07 4.734139882328735103e-51
2.673841615839949250e+07 1.049709536033748646e-53
2.967302408188872784e+07 1.419995420761796402e-56
3.292971255097155273e+07 1.065348994140451964e-59
3.654383070957254618e+07 3.931325099505747080e-63
4.055460735840827972e+07 6.123130439393950420e-67
4.500557675700496882e+07 3.359044163906164986e-71
4.994505115855139494e+07 4.896281596723263115e-76
