1.000000000000000000e+02 1.188043590366023692e-11
1.109752496412072134e+02 1.004841796387224189e-11
1.231550603292826196e+02 8.490011285838186098e-12
1.366716356462005990e+02 7.163277503157087802e-12
1.516716888470922413e+02 6.035496598908534310e-12
1.683180353330956791e+02 5.079654491247976191e-12
1.867913599020782840e+02 4.267364488135035068e-12
2.072921779595371845e+02 3.581267879748312501e-12
2.300430119772916839e+02 2.999613972415644874e-12
2.552908068239516410e+02 2.509871077857573683e-12
2.833096101839323637e+02 2.095646722048645413e-12
3.144035471591500368e+02 1.748191977539315612e-12
3.489101213406774491e+02 1.454864972013846451e-12
3.872038781812557318e+02 1.209679446672648656e-12
4.297004704320843871e+02 1.003408460642231693e-12
4.768611697714468960e+02 8.315755137124748304e-13
5.291978735958442712e+02 6.876683186252172761e-13
5.872786613189482523e+02 5.679405544596710822e-13
6.517339604882420190e+02 4.683589195948940284e-13
7.232633896483533817e+02 3.855243277908203265e-13
8.026433522257173081e+02 3.170484832543350403e-13
8.907354638610439679e+02 2.602329156182761381e-13
9.884959046625587007e+02 2.134436674711864669e-13
1.096985797892383971e+03 1.747404044443863743e-13
1.217382727739662187e+03 1.429902286667464629e-13
1.350993521198027793e+03 1.168350717922972793e-13
1.499268432786045423e+03 9.543646647414154056e-14
1.663816886076128640e+03 7.784689855309577019e-14
1.846424942895544291e+03 6.350973698773361898e-14
2.049074689815845886e+03 5.175037758638689422e-14
2.273965752357927613e+03 4.218659097837691521e-14
2.523539170434765765e+03 3.435575462699705951e-14
2.800503894183631019e+03 2.798461410927223343e-14
3.107866187782013640e+03 2.277620646917252122e-14
3.448962260405759935e+03 1.854400661578636926e-14
3.827494478516314757e+03 1.508377568218349986e-14
4.247571552536898707e+03 1.227078280788493973e-14
4.713753134116724141e+03 9.968100508037517899e-15
5.231099308056262998e+03 8.097494213178746369e-15
5.805225516094896193e+03 6.563516382450339695e-15
6.442363508721369726e+03 5.318551040832058360e-15
7.149428986597576113e+03 4.297932400268249359e-15
7.934096665797491369e+03 3.468091915834632159e-15
8.804883581643463913e+03 2.794236687940068843e-15
9.771241535346502133e+03 2.241762056604169546e-15
1.084365968689610963e+04 1.795347874683831120e-15
1.203377840777589154e+04 1.434064465903576329e-15
1.335451562929898682e+04 1.139839217118039803e-15
1.482020705798858762e+04 9.067938081914030506e-16
1.644676177994664249e+04 7.152435877696613594e-16
1.825183494319044257e+04 5.645810477368287684e-16
2.025501939230666540e+04 4.435224507932767113e-16
2.247805833548725059e+04 3.472403866995920716e-16
2.494508135230316839e+04 2.715555434017970751e-16
2.768286630392066581e+04 2.113326549357873778e-16
3.072112998861759115e+04 1.642036323171295906e-16
3.409285069746814406e+04 1.274718612678835642e-16
3.783462617131928710e+04 9.868581611300991200e-17
4.198707084443910571e+04 7.631001844517365494e-17
4.659525668664683326e+04 5.900781818538440056e-17
5.170920242896761192e+04 4.561845440192300003e-17
5.738441648302398244e+04 3.524665432487960330e-17
6.368249944718585903e+04 2.724080932934263416e-17
7.067181273927491566e+04 2.104255951892970327e-17
7.842822061337680498e+04 1.624958634377722020e-17
8.703591361485165544e+04 1.253295257759274416e-17
9.658832241158708348e+04 9.646691706598931665e-18
1.071891319205127511e+05 7.402421515529661662e-18
1.189534067370319535e+05 5.654579150056845005e-18
1.320088400831418112e+05 4.294852156310846741e-18
1.464971398307286145e+05 3.238700341415108199e-18
1.625755666443794908e+05 2.421258907977036516e-18
1.804186409392071655e+05 1.791262233099845130e-18
2.002200371815584658e+05 1.309855102403081304e-18
2.221946860939523904e+05 9.445818132633216151e-19
2.465811075822604180e+05 6.710404834408176493e-19
2.736439997074671555e+05 4.687781559107279745e-19
3.036771118035460822e+05 3.214909602721958819e-19
3.370064329271928291e+05 2.165808800520176627e-19
3.739937302478798083e+05 1.436144943805008078e-19
4.150404757850476308e+05 9.425088797975748772e-20
4.605922041145108524e+05 6.201741427750012678e-20
5.111433483440171112e+05 4.160830250919913774e-20
5.672426068491977639e+05 2.898478014451324732e-20
6.294988990221888525e+05 2.108599468979427572e-20
6.985879746785250027e+05 1.592354744371616914e-20
7.752597488629464060e+05 1.235224934810850370e-20
8.603464416684507160e+05 9.741105164690281697e-21
9.547716114208066138e+05 7.751854914897759156e-21
1.059560179277617019e+06 6.195483610569494945e-21
1.175849554052158026e+06 4.959104944551743972e-21
1.304901978014401859e+06 3.970275686574779516e-21
1.448118227674532915e+06 3.176234516070012588e-21
1.607052818261638284e+06 2.538518603470993292e-21
1.783430876931909472e+06 2.026756854808168838e-21
1.979166867853557458e+06 1.616495720109782296e-21
2.196385372416546568e+06 1.287937373493128816e-21
2.437444150122222025e+06 1.025069575025291180e-21
2.704959730463137385e+06 8.148590033111420694e-22
3.001835813575591892e+06 6.470127990463122236e-22
3.331294787934676744e+06 5.131054638206091777e-22
3.696912707195031922e+06 4.063370797905935628e-22
4.102658105827190448e+06 3.213677340814741507e-22
4.552935074866947718e+06 2.538086272849552268e-22
5.052631065335679799e+06 2.001240896537403186e-22
5.607169938205458224e+06 1.575449611487211816e-22
6.222570836730230600e+06 1.238093403003775058e-22
6.905513520162330940e+06 9.713607917983700776e-23
7.663410868007462472e+06 7.605931705199528741e-23
8.504489341802684590e+06 5.942954454988417048e-23
9.437878277775391936e+06 4.634374315347421908e-23
1.047370897959450819e+07 3.605974403041929225e-23
1.162322468679854274e+07 2.798395162072939329e-23
1.289890261253307760e+07 2.165575348680622980e-23
1.431458937523478456e+07 1.671421096218360677e-23
1.588565129428052530e+07 1.286015917400228365e-23
1.762914118095947802e+07 9.864534133711392768e-24
1.956398343517064676e+07 7.537447637153221024e-24
2.171117945694505423e+07 5.735705258762545345e-24
2.409403560239527002e+07 4.345102836235446948e-24
2.673841615839949250e+07 3.274791245147579239e-24
2.967302408188872784e+07 2.456751748604801915e-24
3.292971255097155273e+07 1.829785450287997216e-24
3.654383070957254618e+07 1.354290348426091164e-24
4.055460735840827972e+07 9.938538826463192554e-25
4.500557675700496882e+07 7.222571448670378530e-25
4.994505115855139494e+07 5.193992075534611251e-25
5.542664520663107187e+07 3.684610997986918466e-25
6.150985788580504060e+07 2.574038557713567479e-25
6.826071834272393584e+07 1.762766838730933250e-25
7.575250258771920204e+07 1.179275148901186973e-25
8.406652885618332028e+07 7.648486331034402205e-26
9.329304026284696162e+07 4.777502694143975346e-26
1.035321843295663744e+08 2.835986233322945986e-26
1.148951000187308788e+08 1.575516029536294688e-26
1.275051240713012964e+08 8.059256681222047291e-27
1.414991297434575856e+08 3.721239048342058746e-27
1.570290124729377627e+08 1.523011986525701328e-27
1.742633386009651124e+08 5.170478829346666942e-28
1.933891750455232263e+08 9.995589931970888288e-29
2.146141197858406007e+08 3.561528316454565262e-30
2.381685551976160705e+08 3.451194277522592286e-38
2.643081486974108517e+08 4.423963675628499955e-58
