1.000000000000000000e+02 1.002527877117322441e-14
1.109752496412072134e+02 8.583012138918501894e-15
1.231550603292826196e+02 7.336347152450850321e-15
1.366716356462005990e+02 6.258428326373141502e-15
1.516716888470922413e+02 5.327595463627494103e-15
1.683180353330956791e+02 4.525306513556759254e-15
1.867913599020782840e+02 3.834315839814733169e-15
2.072921779595371845e+02 3.240743137920023572e-15
2.300430119772916839e+02 2.731443588987050741e-15
2.552908068239516410e+02 2.295480817118146583e-15
2.833096101839323637e+02 1.923055067213526577e-15
3.144035471591500368e+02 1.605953175200869047e-15
3.489101213406774491e+02 1.336657151308728950e-15
3.872038781812557318e+02 1.108758597017672251e-15
4.297004704320843871e+02 9.165692258887521563e-16
4.768611697714468960e+02 7.552786779942620422e-16
5.291978735958442712e+02 6.204769459170980694e-16
5.872786613189482523e+02 5.084620973079487556e-16
6.517339604882420190e+02 4.159075803618368692e-16
7.232633896483533817e+02 3.399022229303359057e-16
8.026433522257173081e+02 2.778729260990948361e-16
8.907354638610439679e+02 2.274405777956990361e-16
9.884959046625587007e+02 1.866774574370525458e-16
1.096985797892383971e+03 1.537519109819214574e-16
1.217382727739662187e+03 1.272154593860101597e-16
1.350993521198027793e+03 1.057678115384525644e-16
1.499268432786045423e+03 8.839529754837980426e-17
1.663816886076128640e+03 7.423067334771716648e-17
1.846424942895544291e+03 6.259466267299237323e-17
2.049074689815845886e+03 5.298635409356832153e-17
2.273965752357927613e+03 4.494862852444269233e-17
2.523539170434765765e+03 3.821417164579244271e-17
2.800503894183631019e+03 3.251070835083206696e-17
3.107866187782013640e+03 2.767383701276615170e-17
3.448962260405759935e+03 2.354905886668896632e-17
3.827494478516314757e+03 2.003597431754239029e-17
4.247571552536898707e+03 1.703821798320330210e-17
4.713753134116724141e+03 1.447495007373230215e-17
5.231099308056262998e+03 1.229370776945875028e-17
5.805225516094896193e+03 1.043189251829182985e-17
6.442363508721369726e+03 8.845598396137665823e-18
7.149428986597576113e+03 7.496136575009171606e-18
7.934096665797491369e+03 6.348664939568341334e-18
8.804883581643463913e+03 5.373197412701927909e-18
9.771241535346502133e+03 4.545443880487561104e-18
1.084365968689610963e+04 3.842547492928311195e-18
1.203377840777589154e+04 3.247024139236402993e-18
1.335451562929898682e+04 2.742052043544862898e-18
1.482020705798858762e+04 2.314897510294639794e-18
1.644676177994664249e+04 1.952913318659155139e-18
1.825183494319044257e+04 1.646931519755474374e-18
2.025501939230666540e+04 1.388050167575143952e-18
2.247805833548725059e+04 1.169267026483093022e-18
2.494508135230316839e+04 9.843387549724597118e-19
2.768286630392066581e+04 8.281982267053418552e-19
3.072112998861759115e+04 6.962803832056554987e-19
3.409285069746814406e+04 5.851321550850785653e-19
3.783462617131928710e+04 4.911506800619121201e-19
4.198707084443910571e+04 4.120620480321011881e-19
4.659525668664683326e+04 3.453294570805398691e-19
5.170920242896761192e+04 2.891980460856967425e-19
5.738441648302398244e+04 2.419057991272851536e-19
6.368249944718585903e+04 2.021592302780234322e-19
7.067181273927491566e+04 1.687221677647046280e-19
7.842822061337680498e+04 1.406750953520938782e-19
8.703591361485165544e+04 1.171107653803799862e-19
9.658832241158708348e+04 9.738651788604206181e-20
1.071891319205127511e+05 8.084546337963509454e-20
1.189534067370319535e+05 6.703630207594657111e-20
1.320088400831418112e+05 5.548964093916149881e-20
1.464971398307286145e+05 4.587560202753733289e-20
1.625755666443794908e+05 3.786669432050583209e-20
1.804186409392071655e+05 3.121277290479068424e-20
2.002200371815584658e+05 2.569044228952778870e-20
2.221946860939523904e+05 2.111944343169726396e-20
2.465811075822604180e+05 1.733482811323800494e-20
2.736439997074671555e+05 1.421185663018905357e-20
3.036771118035460822e+05 1.163356857578066084e-20
3.370064329271928291e+05 9.509356011426942242e-21
3.739937302478798083e+05 7.761924097855059524e-21
4.150404757850476308e+05 6.325391593716493111e-21
4.605922041145108524e+05 5.147260438659672211e-21
5.111433483440171112e+05 4.181623995965883905e-21
5.672426068491977639e+05 3.391798465936760944e-21
6.294988990221888525e+05 2.747400777453864129e-21
6.985879746785250027e+05 2.221771192778829508e-21
7.752597488629464060e+05 1.794740748815799278e-21
8.603464416684507160e+05 1.447104001058981307e-21
9.547716114208066138e+05 1.165176333783183750e-21
1.059560179277617019e+06 9.375156068452356581e-22
1.175849554052158026e+06 7.521500015518600140e-22
1.304901978014401859e+06 6.030108439933299155e-22
1.448118227674532915e+06 4.830722208713571339e-22
1.607052818261638284e+06 3.854446283698991801e-22
1.783430876931909472e+06 3.073726086093697553e-22
1.979166867853557458e+06 2.441923322810384383e-22
2.196385372416546568e+06 1.935976538943268371e-22
2.437444150122222025e+06 1.529457103217104249e-22
2.704959730463137385e+06 1.203579009269652123e-22
3.001835813575591892e+06 9.434042493127862530e-23
3.331294787934676744e+06 7.358739218256676901e-23
3.696912707195031922e+06 5.708547793941363291e-23
4.102658105827190448e+06 4.396657518343410075e-23
4.552935074866947718e+06 3.357126681439365307e-23
5.052631065335679799e+06 2.536659652983723103e-23
5.607169938205458224e+06 1.889704258891225540e-23
6.222570836730230600e+06 1.382344825801074512e-23
6.905513520162330940e+06 9.894704142764818940e-24
7.663410868007462472e+06 6.874675371837099623e-24
8.504489341802684590e+06 4.575303731217514991e-24
9.437878277775391936e+06 2.930217560941980143e-24
1.047370897959450819e+07 1.751664343210131792e-24
1.162322468679854274e+07 9.649839796559302871e-25
1.289890261253307760e+07 4.789514500840018918e-25
1.431458937523478456e+07 2.094628637332563877e-25
1.588565129428052530e+07 7.931661690543917507e-26
1.762914118095947802e+07 2.556463874900879243e-26
1.956398343517064676e+07 6.762848781312479078e-27
2.171117945694505423e+07 1.419585315412611315e-27
2.409403560239527002e+07 2.318627423533991926e-28
2.673841615839949250e+07 2.848816852476071542e-29
2.967302408188872784e+07 2.528823004283554948e-30
3.292971255097155273e+07 1.544910017775393875e-31
3.654383070957254618e+07 6.106301420084837743e-33
4.055460735840827972e+07 1.436131128649785054e-34
4.500557675700496882e+07 1.787047144960640966e-36
4.994505115855139494e+07 9.957126859815288461e-39
5.542664520663107187e+07 1.704502225252976337e-41
