1.000000000000000000e+02 7.547255660218140932e-17
1.109752496412072134e+02 6.485565482532523026e-17
1.231550603292826196e+02 5.567311577608161161e-17
1.366716356462005990e+02 4.772322650426341628e-17
1.516716888470922413e+02 4.085790420263404130e-17
1.683180353330956791e+02 3.491891839559823520e-17
1.867913599020782840e+02 2.979661647725592855e-17
2.072921779595371845e+02 2.537776607485166973e-17
2.300430119772916839e+02 2.157207739635237339e-17
2.552908068239516410e+02 1.830180609281600833e-17
2.833096101839323637e+02 1.549519559804832201e-17
3.144035471591500368e+02 1.309383620964500228e-17
3.489101213406774491e+02 1.104273575526035839e-17
3.872038781812557318e+02 9.295191982872499027e-18
4.297004704320843871e+02 7.811329851151429097e-18
4.768611697714468960e+02 6.555602266888889577e-18
5.291978735958442712e+02 5.495611338189630763e-18
5.872786613189482523e+02 4.605345008204076426e-18
6.517339604882420190e+02 3.860178497497110919e-18
7.232633896483533817e+02 3.237729837736794253e-18
8.026433522257173081e+02 2.719837287462595975e-18
8.907354638610439679e+02 2.289379237467260146e-18
9.884959046625587007e+02 1.931667391776693156e-18
1.096985797892383971e+03 1.634063106504342688e-18
1.217382727739662187e+03 1.385944055128452717e-18
1.350993521198027793e+03 1.178177809206618740e-18
1.499268432786045423e+03 1.003312098283761296e-18
1.663816886076128640e+03 8.555394964854914580e-19
1.846424942895544291e+03 7.302403988146639899e-19
2.049074689815845886e+03 6.233507994685720587e-19
2.273965752357927613e+03 5.323419366834941902e-19
2.523539170434765765e+03 4.543798184647107708e-19
2.800503894183631019e+03 3.878970917677184489e-19
3.107866187782013640e+03 3.309761304845088503e-19
3.448962260405759935e+03 2.823727345050855257e-19
3.827494478516314757e+03 2.408224474169549690e-19
4.247571552536898707e+03 2.053172600713945267e-19
4.713753134116724141e+03 1.749890091726655314e-19
5.231099308056262998e+03 1.490739331227465696e-19
5.805225516094896193e+03 1.269695209448939538e-19
6.442363508721369726e+03 1.080829346557547375e-19
7.149428986597576113e+03 9.198365406383826416e-20
7.934096665797491369e+03 7.823312431487086377e-20
8.804883581643463913e+03 6.651955761113413457e-20
9.771241535346502133e+03 5.652779165638251779e-20
1.084365968689610963e+04 4.801753821452919375e-20
1.203377840777589154e+04 4.077193445406231418e-20
1.335451562929898682e+04 3.460534730661102696e-20
1.482020705798858762e+04 2.935272099744845908e-20
1.644676177994664249e+04 2.488958847983399788e-20
1.825183494319044257e+04 2.109479176768052580e-20
2.025501939230666540e+04 1.787002498583279217e-20
2.247805833548725059e+04 1.513312707400741161e-20
2.494508135230316839e+04 1.280939647842044990e-20
2.768286630392066581e+04 1.083812500290241002e-20
3.072112998861759115e+04 9.166238665451559179e-21
3.409285069746814406e+04 7.748435453365312263e-21
3.783462617131928710e+04 6.547553693540278752e-21
4.198707084443910571e+04 5.530066215341895691e-21
4.659525668664683326e+04 4.668136928822352427e-21
5.170920242896761192e+04 3.938464738941299917e-21
5.738441648302398244e+04 3.321102361285531412e-21
6.368249944718585903e+04 2.798658132751098737e-21
7.067181273927491566e+04 2.356912382374413172e-21
7.842822061337680498e+04 1.983416461387617658e-21
8.703591361485165544e+04 1.667744614904232836e-21
9.658832241158708348e+04 1.401145592522980479e-21
1.071891319205127511e+05 1.176035257248955819e-21
1.189534067370319535e+05 9.860844908523152803e-22
1.320088400831418112e+05 8.258151635941035044e-22
1.464971398307286145e+05 6.907724008774122328e-22
1.625755666443794908e+05 5.770498928215488380e-22
1.804186409392071655e+05 4.813532095917059739e-22
2.002200371815584658e+05 4.008711309432307539e-22
2.221946860939523904e+05 3.332642241661718241e-22
2.465811075822604180e+05 2.765357693685253072e-22
2.736439997074671555e+05 2.290323593889603403e-22
3.036771118035460822e+05 1.892465787816694401e-22
3.370064329271928291e+05 1.559862994022887484e-22
3.739937302478798083e+05 1.282528895583435462e-22
4.150404757850476308e+05 1.051655263316768456e-22
4.605922041145108524e+05 8.596619462124217396e-23
5.111433483440171112e+05 7.005581930235102872e-23
5.672426068491977639e+05 5.688988915919417608e-23
6.294988990221888525e+05 4.600967577838290887e-23
6.985879746785250027e+05 3.705165792746272100e-23
7.752597488629464060e+05 2.970205169832132926e-23
8.603464416684507160e+05 2.369400875366235106e-23
9.547716114208066138e+05 1.880758341032092457e-23
1.059560179277617019e+06 1.484247857413078111e-23
1.175849554052158026e+06 1.164571321153127509e-23
1.304901978014401859e+06 9.080693449616355163e-24
1.448118227674532915e+06 7.033552822793538971e-24
1.607052818261638284e+06 5.411005814749713975e-24
1.783430876931909472e+06 4.135355007892497618e-24
1.979166867853557458e+06 3.137532975892543245e-24
2.196385372416546568e+06 2.367057993103233563e-24
2.437444150122222025e+06 1.775758852927283692e-24
2.704959730463137385e+06 1.324649318907551557e-24
3.001835813575591892e+06 9.837106845281978076e-25
3.331294787934676744e+06 7.277320482542608913e-25
3.696912707195031922e+06 5.360223412366242846e-25
4.102658105827190448e+06 3.929114205160830061e-25
4.552935074866947718e+06 2.859749243637043150e-25
5.052631065335679799e+06 2.060194314302147826e-25
5.607169938205458224e+06 1.459914496191352907e-25
6.222570836730230600e+06 1.010249593010045599e-25
6.905513520162330940e+06 6.765802154459864252e-26
7.663410868007462472e+06 4.331419576334831846e-26
8.504489341802684590e+06 2.603119779348322367e-26
9.437878277775391936e+06 1.433377424955230735e-26
1.047370897959450819e+07 6.942167420530626042e-27
1.162322468679854274e+07 2.781628389640932554e-27
1.289890261253307760e+07 8.586045591413390827e-28
1.431458937523478456e+07 2.324747527417773923e-28
1.588565129428052530e+07 8.627709396352218379e-29
1.762914118095947802e+07 1.523624788613378557e-29
