1.000000000000000000e+02 1.508446587030927785e-16
1.109752496412072134e+02 1.313813468562041130e-16
1.231550603292826196e+02 1.143365911177921854e-16
1.366716356462005990e+02 9.942795265811539157e-17
1.516716888470922413e+02 8.636345622892409545e-17
1.683180353330956791e+02 7.495486101513705506e-17
1.867913599020782840e+02 6.502049996274948581e-17
2.072921779595371845e+02 5.635237105728140227e-17
2.300430119772916839e+02 4.880963971066553686e-17
2.552908068239516410e+02 4.225145887802496219e-17
2.833096101839323637e+02 3.654295009347219351e-17
3.144035471591500368e+02 3.159712171993968114e-17
3.489101213406774491e+02 2.730390297997343940e-17
3.872038781812557318e+02 2.357963803230409792e-17
4.297004704320843871e+02 2.035473904505900406e-17
4.768611697714468960e+02 1.755125485063294276e-17
5.291978735958442712e+02 1.513268652961308422e-17
5.872786613189482523e+02 1.302962474273430471e-17
6.517339604882420190e+02 1.121388956454503358e-17
7.232633896483533817e+02 9.638092984103736232e-18
8.026433522257173081e+02 8.278219087423410897e-18
8.907354638610439679e+02 7.100550641106433699e-18
9.884959046625587007e+02 6.084728298447659980e-18
1.096985797892383971e+03 5.205713258573674703e-18
1.217382727739662187e+03 4.450006642645606897e-18
1.350993521198027793e+03 3.796886943876098380e-18
1.499268432786045423e+03 3.237041794817764754e-18
1.663816886076128640e+03 2.755619561163097991e-18
1.846424942895544291e+03 2.343617821739458110e-18
2.049074689815845886e+03 1.989969797592791867e-18
2.273965752357927613e+03 1.688413717802873492e-18
2.523539170434765765e+03 1.430764799290705242e-18
2.800503894183631019e+03 1.211835163192391777e-18
3.107866187782013640e+03 1.025409967008992501e-18
3.448962260405759935e+03 8.674523690004772271e-19
3.827494478516314757e+03 7.334354433785788681e-19
4.247571552536898707e+03 6.200820825462104136e-19
4.713753134116724141e+03 5.241691610814561887e-19
5.231099308056262998e+03 4.431583561770365302e-19
5.805225516094896193e+03 3.746500882993900523e-19
6.442363508721369726e+03 3.167432946696335510e-19
7.149428986597576113e+03 2.677735763910301434e-19
7.934096665797491369e+03 2.263692742099066936e-19
8.804883581643463913e+03 1.913249889480009841e-19
9.771241535346502133e+03 1.617042226322179476e-19
1.084365968689610963e+04 1.366450311758394963e-19
1.203377840777589154e+04 1.154304175024469968e-19
1.335451562929898682e+04 9.751118227423956508e-20
1.482020705798858762e+04 8.233559231736243314e-20
1.644676177994664249e+04 6.952117250243318882e-20
1.825183494319044257e+04 5.867787387836867625e-20
2.025501939230666540e+04 4.951756035028637573e-20
2.247805833548725059e+04 4.177667935235024994e-20
2.494508135230316839e+04 3.522756357477387481e-20
2.768286630392066581e+04 2.970131324366807651e-20
3.072112998861759115e+04 2.502951985668795711e-20
3.409285069746814406e+04 2.108532234722955546e-20
3.783462617131928710e+04 1.775739420483659873e-20
4.198707084443910571e+04 1.494481189207774091e-20
4.659525668664683326e+04 1.257177547510282604e-20
5.170920242896761192e+04 1.057202758549844847e-20
5.738441648302398244e+04 8.884239372403714306e-21
6.368249944718585903e+04 7.462352317826886588e-21
7.067181273927491566e+04 6.264536528733347842e-21
7.842822061337680498e+04 5.255307486398304255e-21
8.703591361485165544e+04 4.406812398978314476e-21
9.658832241158708348e+04 3.692293848117423190e-21
1.071891319205127511e+05 3.092251528135179468e-21
1.189534067370319535e+05 2.587979346888617804e-21
1.320088400831418112e+05 2.165279467348995894e-21
1.464971398307286145e+05 1.810229180117320192e-21
1.625755666443794908e+05 1.512908731073768630e-21
1.804186409392071655e+05 1.263541157530274172e-21
2.002200371815584658e+05 1.054860913134516419e-21
2.221946860939523904e+05 8.801239139754130515e-22
2.465811075822604180e+05 7.338118480397973846e-22
2.736439997074671555e+05 6.115007580238658371e-22
3.036771118035460822e+05 5.092000995805377311e-22
3.370064329271928291e+05 4.237209677506214325e-22
3.739937302478798083e+05 3.523672329598726427e-22
4.150404757850476308e+05 2.927653326118568496e-22
4.605922041145108524e+05 2.430610283043736626e-22
5.111433483440171112e+05 2.016263091321190845e-22
5.672426068491977639e+05 1.671021577032982651e-22
6.294988990221888525e+05 1.383593897462673344e-22
6.985879746785250027e+05 1.144536041537638587e-22
7.752597488629464060e+05 9.456813489938575058e-23
8.603464416684507160e+05 7.806313162343670641e-23
9.547716114208066138e+05 6.435523860699828754e-23
1.059560179277617019e+06 5.299145964593993265e-23
1.175849554052158026e+06 4.358605237065357040e-23
1.304901978014401859e+06 3.579383621188461902e-23
1.448118227674532915e+06 2.935529662384646824e-23
1.607052818261638284e+06 2.403899460052525393e-23
1.783430876931909472e+06 1.965115030623745525e-23
1.979166867853557458e+06 1.604127394005203557e-23
2.196385372416546568e+06 1.306767232613008935e-23
2.437444150122222025e+06 1.062758159039193744e-23
2.704959730463137385e+06 8.624411528525682399e-24
3.001835813575591892e+06 6.985145638772428214e-24
3.331294787934676744e+06 5.643946130687558675e-24
3.696912707195031922e+06 4.548744509136451905e-24
4.102658105827190448e+06 3.657349247047762546e-24
4.552935074866947718e+06 2.932076845613737754e-24
5.052631065335679799e+06 2.343714640052695357e-24
5.607169938205458224e+06 1.867690537399004747e-24
6.222570836730230600e+06 1.483309239778900173e-24
6.905513520162330940e+06 1.173469932043554209e-24
7.663410868007462472e+06 9.246945371631466903e-25
8.504489341802684590e+06 7.255485810176238081e-25
9.437878277775391936e+06 5.666115198941353274e-25
1.047370897959450819e+07 4.403486411430362264e-25
1.162322468679854274e+07 3.401727806222039753e-25
1.289890261253307760e+07 2.611389235503265261e-25
1.431458937523478456e+07 1.992101992193427097e-25
1.588565129428052530e+07 1.507746500445619683e-25
1.762914118095947802e+07 1.131618425274101546e-25
1.956398343517064676e+07 8.413426373727498560e-26
2.171117945694505423e+07 6.190290938002984181e-26
2.409403560239527002e+07 4.500363928143836961e-26
2.673841615839949250e+07 3.227210420744207001e-26
2.967302408188872784e+07 2.277816772584382698e-26
3.292971255097155273e+07 1.578761088608244850e-26
3.654383070957254618e+07 1.070738400264778660e-26
4.055460735840827972e+07 7.074165793483860060e-27
4.500557675700496882e+07 4.526736342573014718e-27
4.994505115855139494e+07 2.779847785544750137e-27
5.542664520663107187e+07 1.613342210147769219e-27
6.150985788580504060e+07 8.619672834491982259e-28
6.826071834272393584e+07 3.998423479436410534e-28
7.575250258771920204e+07 1.388771077143549808e-28
8.406652885618332028e+07 2.058344350342141080e-29
9.329304026284696162e+07 6.803666529125578592e-32
