1.000000000000000000e+02 6.611512301860371465e-16
1.109752496412072134e+02 5.859535471828103088e-16
1.231550603292826196e+02 5.193350436766755554e-16
1.366716356462005990e+02 4.602521088861906717e-16
1.516716888470922413e+02 4.078263962025155734e-16
1.683180353330956791e+02 3.614002114999598241e-16
1.867913599020782840e+02 3.201999055759382985e-16
2.072921779595371845e+02 2.836285327029215047e-16
2.300430119772916839e+02 2.511944428507762550e-16
2.552908068239516410e+02 2.224137945163007222e-16
2.833096101839323637e+02 1.968612233129766393e-16
3.144035471591500368e+02 1.741793903171399207e-16
3.489101213406774491e+02 1.540580797516523711e-16
3.872038781812557318e+02 1.361852498448264427e-16
4.297004704320843871e+02 1.203335618522607142e-16
4.768611697714468960e+02 1.062340984184280839e-16
5.291978735958442712e+02 9.375835771484109699e-17
5.872786613189482523e+02 8.268946665082709503e-17
6.517339604882420190e+02 7.285459120214121620e-17
7.232633896483533817e+02 6.418119093550146740e-17
8.026433522257173081e+02 5.645412236741756024e-17
8.907354638610439679e+02 4.964582229183374835e-17
9.884959046625587007e+02 4.361555966065265863e-17
1.096985797892383971e+03 3.828394783019868680e-17
1.217382727739662187e+03 3.359039685647325978e-17
1.350993521198027793e+03 2.943380083365967326e-17
1.499268432786045423e+03 2.578285218935188900e-17
1.663816886076128640e+03 2.256030189898586250e-17
1.846424942895544291e+03 1.973207672174903760e-17
2.049074689815845886e+03 1.724253928101067091e-17
2.273965752357927613e+03 1.505848781950749409e-17
2.523539170434765765e+03 1.314140212938236881e-17
2.800503894183631019e+03 1.146245887941262705e-17
3.107866187782013640e+03 9.990473139072345956e-18
3.448962260405759935e+03 8.703523988734653912e-18
3.827494478516314757e+03 7.575857098360662012e-18
4.247571552536898707e+03 6.591756415222560171e-18
4.713753134116724141e+03 5.730764259689773104e-18
5.231099308056262998e+03 4.979340290244029657e-18
5.805225516094896193e+03 4.322869695760994922e-18
6.442363508721369726e+03 3.750247823466328444e-18
7.149428986597576113e+03 3.250606025228878793e-18
7.934096665797491369e+03 2.815253304249847024e-18
8.804883581643463913e+03 2.436063041843087197e-18
9.771241535346502133e+03 2.105585091913722957e-18
1.084365968689610963e+04 1.818607639464710357e-18
1.203377840777589154e+04 1.568538682267552696e-18
1.335451562929898682e+04 1.352269257939963694e-18
1.482020705798858762e+04 1.163574423431188235e-18
1.644676177994664249e+04 1.000667292987339532e-18
1.825183494319044257e+04 8.593869030874922754e-19
2.025501939230666540e+04 7.373790543913385603e-19
2.247805833548725059e+04 6.319334020065829520e-19
2.494508135230316839e+04 5.410825754807780271e-19
2.768286630392066581e+04 4.628028083284799683e-19
3.072112998861759115e+04 3.954656703226655696e-19
3.409285069746814406e+04 3.376557433112279940e-19
3.783462617131928710e+04 2.880187909861667992e-19
4.198707084443910571e+04 2.454707834786479273e-19
4.659525668664683326e+04 2.090548298746951096e-19
5.170920242896761192e+04 1.779341011846953130e-19
5.738441648302398244e+04 1.513370195851854318e-19
6.368249944718585903e+04 1.286410470976540396e-19
7.067181273927491566e+04 1.092797238369120823e-19
7.842822061337680498e+04 9.276059253581476558e-20
8.703591361485165544e+04 7.869078837200474638e-20
9.658832241158708348e+04 6.671574904370885869e-20
1.071891319205127511e+05 5.652732338824659092e-20
1.189534067370319535e+05 4.785862551650936992e-20
1.320088400831418112e+05 4.047967777195401184e-20
1.464971398307286145e+05 3.420974325848813432e-20
1.625755666443794908e+05 2.888531065318429528e-20
1.804186409392071655e+05 2.436532579508990633e-20
2.002200371815584658e+05 2.052675467121580481e-20
2.221946860939523904e+05 1.727082800803081262e-20
2.465811075822604180e+05 1.451538136109747430e-20
2.736439997074671555e+05 1.218198175313072695e-20
3.036771118035460822e+05 1.020471108687371897e-20
3.370064329271928291e+05 8.539919949743376627e-21
3.739937302478798083e+05 7.130071946394316917e-21
4.150404757850476308e+05 5.942610773355362921e-21
4.605922041145108524e+05 4.944944024549939564e-21
5.111433483440171112e+05 4.109029811769650758e-21
5.672426068491977639e+05 3.405428554890882413e-21
6.294988990221888525e+05 2.814293501423868491e-21
6.985879746785250027e+05 2.321261979199385676e-21
7.752597488629464060e+05 1.911451739532869370e-21
8.603464416684507160e+05 1.568614979469221120e-21
9.547716114208066138e+05 1.284907094141073990e-21
1.059560179277617019e+06 1.049572232000821722e-21
1.175849554052158026e+06 8.542356474237661773e-22
1.304901978014401859e+06 6.931454873876277559e-22
1.448118227674532915e+06 5.611009299487418626e-22
1.607052818261638284e+06 4.525852325768083655e-22
1.783430876931909472e+06 3.639038717603891572e-22
1.979166867853557458e+06 2.915909518490538909e-22
2.196385372416546568e+06 2.328788841875933536e-22
2.437444150122222025e+06 1.851948849260401676e-22
2.704959730463137385e+06 1.467150410415205457e-22
3.001835813575591892e+06 1.158200556063005626e-22
3.331294787934676744e+06 9.091502691574656210e-23
3.696912707195031922e+06 7.079915868537879975e-23
4.102658105827190448e+06 5.494823583514056124e-23
4.552935074866947718e+06 4.206854128893373283e-23
5.052631065335679799e+06 3.194836384912881112e-23
5.607169938205458224e+06 2.391632291925471483e-23
6.222570836730230600e+06 1.760049958708134160e-23
6.905513520162330940e+06 1.267950527727413119e-23
7.663410868007462472e+06 8.882066513394543086e-24
8.504489341802684590e+06 6.012545055293046673e-24
9.437878277775391936e+06 3.895331162338431180e-24
1.047370897959450819e+07 2.391193500409324566e-24
1.162322468679854274e+07 1.373655979579059528e-24
1.289890261253307760e+07 7.324848532762878674e-25
1.431458937523478456e+07 3.624041830975959013e-25
1.588565129428052530e+07 1.689628571057677639e-25
1.762914118095947802e+07 7.568508286587294228e-26
1.956398343517064676e+07 3.264414169481871567e-26
2.171117945694505423e+07 1.309148734154924619e-26
2.409403560239527002e+07 4.387943352628750290e-27
2.673841615839949250e+07 9.507223625181555564e-28
2.967302408188872784e+07 8.012316841015673232e-29
3.292971255097155273e+07 1.570191690011771165e-31
