1.000000000000000000e+02 1.908726803797444835e-14
1.109752496412072134e+02 1.668328099935174626e-14
1.231550603292826196e+02 1.456059640355311771e-14
1.366716356462005990e+02 1.270003700130996834e-14
1.516716888470922413e+02 1.105996063206493320e-14
1.683180353330956791e+02 9.624653572109168785e-15
1.867913599020782840e+02 8.364396322870728601e-15
2.072921779595371845e+02 7.262753150826398217e-15
2.300430119772916839e+02 6.298016092955242996e-15
2.552908068239516410e+02 5.456258083970357828e-15
2.833096101839323637e+02 4.721561826878975776e-15
3.144035471591500368e+02 4.081111397865212534e-15
3.489101213406774491e+02 3.524261602677354772e-15
3.872038781812557318e+02 3.040260503906076457e-15
4.297004704320843871e+02 2.620093541590181174e-15
4.768611697714468960e+02 2.256118463161647171e-15
5.291978735958442712e+02 1.940748532073733586e-15
5.872786613189482523e+02 1.668395603259224245e-15
6.517339604882420190e+02 1.432793157825346531e-15
7.232633896483533817e+02 1.229828632351039748e-15
8.026433522257173081e+02 1.054629208312314811e-15
8.907354638610439679e+02 9.039373825294733519e-16
9.884959046625587007e+02 7.742792180073405815e-16
1.096985797892383971e+03 6.626923261489312410e-16
1.217382727739662187e+03 5.669310920902393421e-16
1.350993521198027793e+03 4.846240256687088490e-16
1.499268432786045423e+03 4.140933103726707455e-16
1.663816886076128640e+03 3.535660589851429329e-16
1.846424942895544291e+03 3.016293953015301426e-16
2.049074689815845886e+03 2.571745523263376603e-16
2.273965752357927613e+03 2.190677100566936792e-16
2.523539170434765765e+03 1.865004295837895364e-16
2.800503894183631019e+03 1.586013666193406862e-16
3.107866187782013640e+03 1.347894061863022435e-16
3.448962260405759935e+03 1.144553290306935898e-16
3.827494478516314757e+03 9.709584037642470209e-17
4.247571552536898707e+03 8.230302788486855710e-17
4.713753134116724141e+03 6.969799687575361540e-17
5.231099308056262998e+03 5.899124635989970888e-17
5.805225516094896193e+03 4.987164864972864470e-17
6.442363508721369726e+03 4.215008314626545472e-17
7.149428986597576113e+03 3.558118580034429741e-17
7.934096665797491369e+03 3.003006784767262512e-17
8.804883581643463913e+03 2.532182341512688087e-17
9.771241535346502133e+03 2.134586596265604988e-17
1.084365968689610963e+04 1.798339816363321148e-17
1.203377840777589154e+04 1.514444103853378841e-17
1.335451562929898682e+04 1.274905399847956800e-17
1.482020705798858762e+04 1.072837332155776705e-17
1.644676177994664249e+04 9.024042388356897141e-18
1.825183494319044257e+04 7.588331800544143406e-18
2.025501939230666540e+04 6.377557027248462129e-18
2.247805833548725059e+04 5.357304164740888495e-18
2.494508135230316839e+04 4.498237559130294679e-18
2.768286630392066581e+04 3.774986508921212555e-18
3.072112998861759115e+04 3.165585916536898667e-18
3.409285069746814406e+04 2.653030080207303165e-18
3.783462617131928710e+04 2.221655304720566761e-18
4.198707084443910571e+04 1.858750221767539591e-18
4.659525668664683326e+04 1.553879796732674053e-18
5.170920242896761192e+04 1.297606800464833714e-18
5.738441648302398244e+04 1.082402577042792840e-18
6.368249944718585903e+04 9.017725716204401027e-19
7.067181273927491566e+04 7.504879833770833855e-19
7.842822061337680498e+04 6.236568601941582363e-19
8.703591361485165544e+04 5.175473221903718420e-19
9.658832241158708348e+04 4.288979085913719532e-19
1.071891319205127511e+05 3.549675399675574660e-19
1.189534067370319535e+05 2.932835334635522805e-19
1.320088400831418112e+05 2.419927094244448750e-19
1.464971398307286145e+05 1.993597587344314344e-19
1.625755666443794908e+05 1.640533396137369389e-19
1.804186409392071655e+05 1.348260900325114187e-19
2.002200371815584658e+05 1.107045845303966882e-19
2.221946860939523904e+05 9.082071084502345775e-20
2.465811075822604180e+05 7.445258103855509857e-20
2.736439997074671555e+05 6.099367198006161969e-20
3.036771118035460822e+05 4.993127654762558359e-20
3.370064329271928291e+05 4.084456807790416887e-20
3.739937302478798083e+05 3.338484798745722994e-20
4.150404757850476308e+05 2.726941979567723411e-20
4.605922041145108524e+05 2.225593091012047979e-20
5.111433483440171112e+05 1.814790463739718150e-20
5.672426068491977639e+05 1.478593485177850248e-20
6.294988990221888525e+05 1.203603054427033082e-20
6.985879746785250027e+05 9.789662058565780402e-21
7.752597488629464060e+05 7.954230816885848071e-21
8.603464416684507160e+05 6.456929239187294389e-21
9.547716114208066138e+05 5.236651791860178124e-21
1.059560179277617019e+06 4.242569416967612033e-21
1.175849554052158026e+06 3.433253602571338976e-21
1.304901978014401859e+06 2.775631053526231314e-21
1.448118227674532915e+06 2.241455545292141898e-21
1.607052818261638284e+06 1.807979954232746833e-21
1.783430876931909472e+06 1.456630192847744935e-21
1.979166867853557458e+06 1.172173531409696678e-21
2.196385372416546568e+06 9.420164222977224141e-22
2.437444150122222025e+06 7.560622236784972203e-22
2.704959730463137385e+06 6.060204250816298629e-22
3.001835813575591892e+06 4.850691209647374471e-22
3.331294787934676744e+06 3.877011475259280315e-22
3.696912707195031922e+06 3.094347513099698725e-22
4.102658105827190448e+06 2.465493915009866078e-22
4.552935074866947718e+06 1.961686218145226216e-22
5.052631065335679799e+06 1.558097995164689158e-22
5.607169938205458224e+06 1.235459812420901819e-22
6.222570836730230600e+06 9.777922911326206948e-23
6.905513520162330940e+06 7.725915736103809250e-23
7.663410868007462472e+06 6.092353011968050611e-23
8.504489341802684590e+06 4.794311364257942943e-23
9.437878277775391936e+06 3.764047646753776667e-23
1.047370897959450819e+07 2.949275925608082673e-23
1.162322468679854274e+07 2.305733583557926291e-23
1.289890261253307760e+07 1.797893086170819101e-23
1.431458937523478456e+07 1.398442818057838236e-23
1.588565129428052530e+07 1.084885169763302159e-23
1.762914118095947802e+07 8.392392090621645152e-24
1.956398343517064676e+07 6.473079514661205212e-24
2.171117945694505423e+07 4.976820026904002165e-24
2.409403560239527002e+07 3.814220633744564978e-24
2.673841615839949250e+07 2.912814785568110961e-24
2.967302408188872784e+07 2.216513834439501282e-24
3.292971255097155273e+07 1.680074458532146093e-24
3.654383070957254618e+07 1.268338676718691810e-24
4.055460735840827972e+07 9.532335077376141806e-25
4.500557675700496882e+07 7.129030142019221244e-25
4.994505115855139494e+07 5.302500085436510965e-25
5.542664520663107187e+07 3.920320681519412731e-25
6.150985788580504060e+07 2.880990206322281809e-25
6.826071834272393584e+07 2.104447441684358672e-25
7.575250258771920204e+07 1.526434543935580531e-25
8.406652885618332028e+07 1.098701950748048216e-25
9.329304026284696162e+07 7.840095682784748591e-26
1.035321843295663744e+08 5.538984095441954175e-26
1.148951000187308788e+08 3.869903387447301092e-26
1.275051240713012964e+08 2.668124439754570368e-26
1.414991297434575856e+08 1.810837636854342666e-26
1.570290124729377627e+08 1.205874703371950942e-26
1.742633386009651124e+08 7.843799744622280776e-27
1.933891750455232263e+08 4.952615176199789868e-27
2.146141197858406007e+08 3.008442510955330040e-27
2.381685551976160705e+08 1.732800601413559987e-27
2.643081486974108517e+08 9.264401113587053432e-28
2.933166278390048146e+08 4.433239878943041782e-28
3.255088599835056663e+08 1.781839024281015866e-28
3.612342699709430337e+08 5.396130518877594472e-29
4.008806328898465633e+08 8.515024312631183046e-30
