1.000000000000000000e+02 7.434594463282703909e-17
1.109752496412072134e+02 6.510062004742921379e-17
1.231550603292826196e+02 5.698910132758246506e-17
1.366716356462005990e+02 5.001940454119896557e-17
1.516716888470922413e+02 4.367379601554328835e-17
1.683180353330956791e+02 3.822742345993977946e-17
1.867913599020782840e+02 3.345253262495125338e-17
2.072921779595371845e+02 2.927137872061603184e-17
2.300430119772916839e+02 2.561005694654342315e-17
2.552908068239516410e+02 2.239967806839887299e-17
2.833096101839323637e+02 1.958331525242398341e-17
3.144035471591500368e+02 1.711295450699118697e-17
3.489101213406774491e+02 1.495325988864609549e-17
3.872038781812557318e+02 1.305507219785824093e-17
4.297004704320843871e+02 1.138811673921241283e-17
4.768611697714468960e+02 9.928726543659964738e-18
5.291978735958442712e+02 8.647852162112107369e-18
5.872786613189482523e+02 7.523578249598216344e-18
6.517339604882420190e+02 6.537932036032679646e-18
7.232633896483533817e+02 5.676837072778741860e-18
8.026433522257173081e+02 4.921531267694197215e-18
8.907354638610439679e+02 4.261634234037831330e-18
9.884959046625587007e+02 3.685129500915538548e-18
1.096985797892383971e+03 3.181536534013611739e-18
1.217382727739662187e+03 2.742956670379581172e-18
1.350993521198027793e+03 2.361255396678079413e-18
1.499268432786045423e+03 2.029386327539676300e-18
1.663816886076128640e+03 1.741613593054081295e-18
1.846424942895544291e+03 1.492300539233004779e-18
2.049074689815845886e+03 1.277162932998056826e-18
2.273965752357927613e+03 1.090901286831951944e-18
2.523539170434765765e+03 9.309627588652895153e-19
2.800503894183631019e+03 7.945944194569398696e-19
3.107866187782013640e+03 6.762477442644342587e-19
3.448962260405759935e+03 5.759674831646788091e-19
3.827494478516314757e+03 4.909894531314760346e-19
4.247571552536898707e+03 4.185070463045398201e-19
4.713753134116724141e+03 3.563308043302166952e-19
5.231099308056262998e+03 3.046056477585514591e-19
5.805225516094896193e+03 2.598204663161430872e-19
6.442363508721369726e+03 2.214647138191624371e-19
7.149428986597576113e+03 1.886185095701048532e-19
7.934096665797491369e+03 1.604104769271999500e-19
8.804883581643463913e+03 1.363065716211318227e-19
9.771241535346502133e+03 1.155844319204232414e-19
1.084365968689610963e+04 9.788829963086918572e-20
1.203377840777589154e+04 8.273591081860546455e-20
1.335451562929898682e+04 6.981625104865744899e-20
1.482020705798858762e+04 5.885838436507879888e-20
1.644676177994664249e+04 4.954295841670226751e-20
1.825183494319044257e+04 4.164188086716436237e-20
2.025501939230666540e+04 3.496076105370474666e-20
2.247805833548725059e+04 2.931388377817409069e-20
2.494508135230316839e+04 2.454642390977956363e-20
2.768286630392066581e+04 2.054185694408265786e-20
3.072112998861759115e+04 1.716816742747290759e-20
3.409285069746814406e+04 1.433422624960741840e-20
3.783462617131928710e+04 1.195592616551554482e-20
4.198707084443910571e+04 9.961905048389279977e-21
4.659525668664683326e+04 8.290470294257155088e-21
5.170920242896761192e+04 6.892486798803494737e-21
5.738441648302398244e+04 5.724569408915649272e-21
6.368249944718585903e+04 4.746567978524054071e-21
7.067181273927491566e+04 3.930681444912487524e-21
7.842822061337680498e+04 3.251714427689664881e-21
8.703591361485165544e+04 2.684659377201847710e-21
9.658832241158708348e+04 2.211163909079197772e-21
1.071891319205127511e+05 1.819067003977099079e-21
1.189534067370319535e+05 1.494479495444362103e-21
1.320088400831418112e+05 1.224475149925652347e-21
1.464971398307286145e+05 1.001442910625483827e-21
1.625755666443794908e+05 8.169449135950740114e-22
1.804186409392071655e+05 6.648709111836174451e-22
2.002200371815584658e+05 5.396124864701949376e-22
2.221946860939523904e+05 4.366493011604371398e-22
2.465811075822604180e+05 3.522682014884208951e-22
2.736439997074671555e+05 2.833886831904631977e-22
3.036771118035460822e+05 2.272746122691399994e-22
3.370064329271928291e+05 1.815104526876265889e-22
3.739937302478798083e+05 1.445864051661790849e-22
4.150404757850476308e+05 1.147405072372622611e-22
4.605922041145108524e+05 9.070386102285528836e-23
5.111433483440171112e+05 7.141924308565525847e-23
5.672426068491977639e+05 5.597932259716717928e-23
6.294988990221888525e+05 4.365383262060015905e-23
6.985879746785250027e+05 3.386007424071415225e-23
7.752597488629464060e+05 2.609494470471711637e-23
8.603464416684507160e+05 1.995175419860926953e-23
9.547716114208066138e+05 1.512375752528348467e-23
1.059560179277617019e+06 1.135552192902100041e-23
1.175849554052158026e+06 8.444475585591410368e-24
1.304901978014401859e+06 6.194376646167605227e-24
1.448118227674532915e+06 4.474557602060947811e-24
1.607052818261638284e+06 3.187357628127270893e-24
1.783430876931909472e+06 2.221615996238299425e-24
1.979166867853557458e+06 1.517002958284737238e-24
2.196385372416546568e+06 1.009826163159723857e-24
2.437444150122222025e+06 6.532143551825721860e-25
2.704959730463137385e+06 4.079666956259154844e-25
3.001835813575591892e+06 2.444429821213258576e-25
3.331294787934676744e+06 1.395215704358243745e-25
3.696912707195031922e+06 7.507893831321590197e-26
4.102658105827190448e+06 3.771602961489203783e-26
4.552935074866947718e+06 1.760145788727787083e-26
5.052631065335679799e+06 7.717842695652470100e-27
5.607169938205458224e+06 3.317478879609064306e-27
6.222570836730230600e+06 1.440686622300559157e-27
6.905513520162330940e+06 5.684190679099265178e-28
7.663410868007462472e+06 1.451390501557355340e-28
