1.000000000000000000e+02 4.524157358252402534e-16
1.109752496412072134e+02 3.929742517015210830e-16
1.231550603292826196e+02 3.408035117261300598e-16
1.366716356462005990e+02 2.951110889411566052e-16
1.516716888470922413e+02 2.551041073772465317e-16
1.683180353330956791e+02 2.200385955694687562e-16
1.867913599020782840e+02 1.894252699481798181e-16
2.072921779595371845e+02 1.627516466671742802e-16
2.300430119772916839e+02 1.394677259339046841e-16
2.552908068239516410e+02 1.192027668680911208e-16
2.833096101839323637e+02 1.016172532406912112e-16
3.144035471591500368e+02 8.639621269110480864e-17
3.489101213406774491e+02 7.322113740390396160e-17
3.872038781812557318e+02 6.186504508848271877e-17
4.297004704320843871e+02 5.207698747515430218e-17
4.768611697714468960e+02 4.370603208857145481e-17
5.291978735958442712e+02 3.656110239307653089e-17
5.872786613189482523e+02 3.048201388860481382e-17
6.517339604882420190e+02 2.534642572432873468e-17
7.232633896483533817e+02 2.101527865341685677e-17
8.026433522257173081e+02 1.740602115425668580e-17
8.907354638610439679e+02 1.438621704731280864e-17
9.884959046625587007e+02 1.190313951613901967e-17
1.096985797892383971e+03 9.860502192380121999e-18
1.217382727739662187e+03 8.191406560780497164e-18
1.350993521198027793e+03 6.827264012704120813e-18
1.499268432786045423e+03 5.711712634480581595e-18
1.663816886076128640e+03 4.796998732003337345e-18
1.846424942895544291e+03 4.040391457604150533e-18
2.049074689815845886e+03 3.412547298891309157e-18
2.273965752357927613e+03 2.885760669192956507e-18
2.523539170434765765e+03 2.443602378854082833e-18
2.800503894183631019e+03 2.069838427702148771e-18
3.107866187782013640e+03 1.753448321489816365e-18
3.448962260405759935e+03 1.485850277720019994e-18
3.827494478516314757e+03 1.257588663312568797e-18
4.247571552536898707e+03 1.065056272202177597e-18
4.713753134116724141e+03 9.001678373641257956e-19
5.231099308056262998e+03 7.605542216673423277e-19
5.805225516094896193e+03 6.418319764898006966e-19
6.442363508721369726e+03 5.409565508595349443e-19
7.149428986597576113e+03 4.548385419609757954e-19
7.934096665797491369e+03 3.820768616647920650e-19
8.804883581643463913e+03 3.203187978025926570e-19
9.771241535346502133e+03 2.680172269885360881e-19
1.084365968689610963e+04 2.239779159828651446e-19
1.203377840777589154e+04 1.866076526393995753e-19
1.335451562929898682e+04 1.554269959663459208e-19
1.482020705798858762e+04 1.289649542543544521e-19
1.644676177994664249e+04 1.069533138993398151e-19
1.825183494319044257e+04 8.853055511855693203e-20
2.025501939230666540e+04 7.312860778932883292e-20
2.247805833548725059e+04 6.034000505539503346e-20
2.494508135230316839e+04 4.972487525646293068e-20
2.768286630392066581e+04 4.091642943900871804e-20
3.072112998861759115e+04 3.363773933461032505e-20
3.409285069746814406e+04 2.762747835018519732e-20
3.783462617131928710e+04 2.266907812861403115e-20
4.198707084443910571e+04 1.858357679614522985e-20
4.659525668664683326e+04 1.522368528669485612e-20
5.170920242896761192e+04 1.245923291084937037e-20
5.738441648302398244e+04 1.018578691172483331e-20
6.368249944718585903e+04 8.322220567105151121e-21
7.067181273927491566e+04 6.789179817042447257e-21
7.842822061337680498e+04 5.532999255522002499e-21
8.703591361485165544e+04 4.504153022338572397e-21
9.658832241158708348e+04 3.659871712461106118e-21
1.071891319205127511e+05 2.969755619574854181e-21
1.189534067370319535e+05 2.404631914747382176e-21
1.320088400831418112e+05 1.943927779586686504e-21
1.464971398307286145e+05 1.567766149798972947e-21
1.625755666443794908e+05 1.261592968349036054e-21
1.804186409392071655e+05 1.011997937298003760e-21
2.002200371815584658e+05 8.094249680656538682e-22
2.221946860939523904e+05 6.454786299686977912e-22
2.465811075822604180e+05 5.127549943282999137e-22
2.736439997074671555e+05 4.058122458508543633e-22
3.036771118035460822e+05 3.199626620610154734e-22
3.370064329271928291e+05 2.514033296486773690e-22
3.739937302478798083e+05 1.969168609270115415e-22
4.150404757850476308e+05 1.539273345613856612e-22
4.605922041145108524e+05 1.200874946188650611e-22
5.111433483440171112e+05 9.349377371186204722e-23
5.672426068491977639e+05 7.264511302593551742e-23
6.294988990221888525e+05 5.629831655965205923e-23
6.985879746785250027e+05 4.352989370586572381e-23
7.752597488629464060e+05 3.358813665102390596e-23
8.603464416684507160e+05 2.582735463332600876e-23
9.547716114208066138e+05 1.981337464547657811e-23
1.059560179277617019e+06 1.515601665036279698e-23
1.175849554052158026e+06 1.155381860725358317e-23
1.304901978014401859e+06 8.786860727990084807e-24
1.448118227674532915e+06 6.659339339260894175e-24
1.607052818261638284e+06 5.030036913762342253e-24
1.783430876931909472e+06 3.786829368656577490e-24
1.979166867853557458e+06 2.840484129034095424e-24
2.196385372416546568e+06 2.122595061288759790e-24
2.437444150122222025e+06 1.580783918352868489e-24
2.704959730463137385e+06 1.173016884012421197e-24
3.001835813575591892e+06 8.672526541335221901e-25
3.331294787934676744e+06 6.388021891887785362e-25
3.696912707195031922e+06 4.689025515825495667e-25
4.102658105827190448e+06 3.429504738746965239e-25
4.552935074866947718e+06 2.500168348423200276e-25
5.052631065335679799e+06 1.816394493666753875e-25
5.607169938205458224e+06 1.315391368043613073e-25
6.222570836730230600e+06 9.496086449296661749e-26
6.905513520162330940e+06 6.832877953115983045e-26
7.663410868007462472e+06 4.899327646666055925e-26
8.504489341802684590e+06 3.501070000663107421e-26
9.437878277775391936e+06 2.492997240181912650e-26
1.047370897959450819e+07 1.768052949237463154e-26
1.162322468679854274e+07 1.248256126666821173e-26
1.289890261253307760e+07 8.768204695260063555e-27
1.431458937523478456e+07 6.125281222043636214e-27
1.588565129428052530e+07 4.251944472448800357e-27
1.762914118095947802e+07 2.929763665316031454e-27
1.956398343517064676e+07 2.001728340327468757e-27
2.171117945694505423e+07 1.354424773249572325e-27
2.409403560239527002e+07 9.062086678447504994e-28
2.673841615839949250e+07 5.982570008152560298e-28
2.967302408188872784e+07 3.889391580982022161e-28
3.292971255097155273e+07 2.483875564727422170e-28
3.654383070957254618e+07 1.551967839491782572e-28
4.055460735840827972e+07 9.458575542020866505e-29
4.500557675700496882e+07 5.586970473373634847e-29
4.994505115855139494e+07 3.174374295071315694e-29
5.542664520663107187e+07 1.708770670368487981e-29
6.150985788580504060e+07 8.456263789425728510e-30
6.826071834272393584e+07 3.592774058234027015e-30
7.575250258771920204e+07 1.085466240954599233e-30
8.406652885618332028e+07 9.713089316698241372e-32
