1.000000000000000000e+02 1.468623674639257377e-15
1.109752496412072134e+02 1.295761403260756671e-15
1.231550603292826196e+02 1.142666548404719642e-15
1.366716356462005990e+02 1.007060932446290079e-15
1.516716888470922413e+02 8.869861508491778465e-16
1.683180353330956791e+02 7.807691057827167906e-16
1.867913599020782840e+02 6.868400978882133575e-16
2.072921779595371845e+02 6.038459767271519606e-16
2.300430119772916839e+02 5.304793044893949096e-16
2.552908068239516410e+02 4.657572935281556421e-16
2.833096101839323637e+02 4.084895572811352634e-16
3.144035471591500368e+02 3.581354042138265237e-16
3.489101213406774491e+02 3.136578322387629905e-16
3.872038781812557318e+02 2.745666356011025503e-16
4.297004704320843871e+02 2.400677209969677766e-16
4.768611697714468960e+02 2.097460229963563428e-16
5.291978735958442712e+02 1.831022717986373202e-16
5.872786613189482523e+02 1.597125168205950750e-16
6.517339604882420190e+02 1.391701965519650737e-16
7.232633896483533817e+02 1.211395740866834777e-16
8.026433522257173081e+02 1.053729133659974922e-16
8.907354638610439679e+02 9.156116077788940655e-17
9.884959046625587007e+02 7.947582006501197463e-17
1.096985797892383971e+03 6.892941698226142897e-17
1.217382727739662187e+03 5.971134041550026749e-17
1.350993521198027793e+03 5.168376549676107873e-17
1.499268432786045423e+03 4.468181806523582886e-17
1.663816886076128640e+03 3.859236704233702808e-17
1.846424942895544291e+03 3.329919012999388432e-17
2.049074689815845886e+03 2.869818078346749180e-17
2.273965752357927613e+03 2.471227676378220662e-17
2.523539170434765765e+03 2.124920098843471716e-17
2.800503894183631019e+03 1.825639980183007113e-17
3.107866187782013640e+03 1.566496673337423709e-17
3.448962260405759935e+03 1.342672843408949764e-17
3.827494478516314757e+03 1.149546803801050970e-17
4.247571552536898707e+03 9.826016474513254209e-18
4.713753134116724141e+03 8.391772064852598697e-18
5.231099308056262998e+03 7.155611971304489120e-18
5.805225516094896193e+03 6.094055046313040176e-18
6.442363508721369726e+03 5.181099681611333776e-18
7.149428986597576113e+03 4.399240378975424271e-18
7.934096665797491369e+03 3.728265747516419923e-18
8.804883581643463913e+03 3.155746825914711483e-18
9.771241535346502133e+03 2.665865092575374799e-18
1.084365968689610963e+04 2.249014188342426448e-18
1.203377840777589154e+04 1.893394483065450015e-18
1.335451562929898682e+04 1.591464369075846065e-18
1.482020705798858762e+04 1.335901179634945121e-18
1.644676177994664249e+04 1.119509268023058306e-18
1.825183494319044257e+04 9.362664758779748916e-19
2.025501939230666540e+04 7.823837820109096384e-19
2.247805833548725059e+04 6.526891684312892188e-19
2.494508135230316839e+04 5.436076576437259831e-19
2.768286630392066581e+04 4.523629089461162157e-19
3.072112998861759115e+04 3.760031847961448179e-19
3.409285069746814406e+04 3.121666838346230940e-19
3.783462617131928710e+04 2.589462181786918467e-19
4.198707084443910571e+04 2.146522712728145280e-19
4.659525668664683326e+04 1.777307444091433702e-19
5.170920242896761192e+04 1.470772006190125319e-19
5.738441648302398244e+04 1.216106503545893541e-19
6.368249944718585903e+04 1.004456383430812109e-19
7.067181273927491566e+04 8.288230619670396747e-20
7.842822061337680498e+04 6.832622460118594010e-20
8.703591361485165544e+04 5.626035990550442063e-20
9.658832241158708348e+04 4.626104954208877907e-20
1.071891319205127511e+05 3.798512301761508567e-20
1.189534067370319535e+05 3.114014046395151455e-20
1.320088400831418112e+05 2.547313003382733291e-20
1.464971398307286145e+05 2.079948218069510964e-20
1.625755666443794908e+05 1.694427094402602676e-20
1.804186409392071655e+05 1.376887118351283179e-20
2.002200371815584658e+05 1.115698229660563649e-20
2.221946860939523904e+05 9.013255915164223099e-21
2.465811075822604180e+05 7.256694918518095892e-21
2.736439997074671555e+05 5.822132116873675300e-21
3.036771118035460822e+05 4.653985117749170043e-21
3.370064329271928291e+05 3.704970478756698066e-21
3.739937302478798083e+05 2.938393557644497064e-21
4.150404757850476308e+05 2.322564925526127235e-21
4.605922041145108524e+05 1.830810413760195704e-21
5.111433483440171112e+05 1.440363717928794379e-21
5.672426068491977639e+05 1.131669575537716979e-21
6.294988990221888525e+05 8.878399448373919364e-22
6.985879746785250027e+05 6.954999234413657309e-22
7.752597488629464060e+05 5.440231062428005466e-22
8.603464416684507160e+05 4.249705078763988889e-22
9.547716114208066138e+05 3.314343437066297252e-22
1.059560179277617019e+06 2.580831764257793719e-22
1.175849554052158026e+06 2.006501134778581644e-22
1.304901978014401859e+06 1.557531055812208566e-22
1.448118227674532915e+06 1.207087923871213186e-22
1.607052818261638284e+06 9.338885512054395220e-23
1.783430876931909472e+06 7.213081113221772305e-23
1.979166867853557458e+06 5.560424893294364959e-23
2.196385372416546568e+06 4.278689342791647367e-23
2.437444150122222025e+06 3.286283462746827608e-23
2.704959730463137385e+06 2.519471009130022741e-23
3.001835813575591892e+06 1.927667379883692137e-23
3.331294787934676744e+06 1.471983336561892919e-23
3.696912707195031922e+06 1.121725937614777072e-23
4.102658105827190448e+06 8.529553369929505032e-24
4.552935074866947718e+06 6.471835242796259815e-24
5.052631065335679799e+06 4.899658482753489334e-24
5.607169938205458224e+06 3.701992503564039995e-24
6.222570836730230600e+06 2.788859939312533279e-24
6.905513520162330940e+06 2.095286209961776163e-24
7.663410868007462472e+06 1.570562789184720802e-24
8.504489341802684590e+06 1.174001740301586635e-24
9.437878277775391936e+06 8.750521355939798194e-25
1.047370897959450819e+07 6.502663183373496269e-25
1.162322468679854274e+07 4.817515697255882402e-25
1.289890261253307760e+07 3.557105446032586934e-25
1.431458937523478456e+07 2.617058451059114477e-25
1.588565129428052530e+07 1.918514454170910326e-25
1.762914118095947802e+07 1.400736335431673117e-25
1.956398343517064676e+07 1.018428094818361350e-25
2.171117945694505423e+07 7.370786004584998710e-26
2.409403560239527002e+07 5.308384305577555796e-26
2.673841615839949250e+07 3.802764151874087402e-26
2.967302408188872784e+07 2.708331627061917905e-26
3.292971255097155273e+07 1.916276205804905816e-26
3.654383070957254618e+07 1.346138224919496321e-26
4.055460735840827972e+07 9.379227377483202116e-27
4.500557675700496882e+07 6.474619163682651088e-27
4.994505115855139494e+07 4.422026162571293757e-27
5.542664520663107187e+07 2.982775613153562844e-27
6.150985788580504060e+07 1.982056895895599244e-27
6.826071834272393584e+07 1.294255801377739858e-27
7.575250258771920204e+07 8.266396576254006607e-28
8.406652885618332028e+07 5.139675389856352427e-28
9.329304026284696162e+07 3.084969982340097922e-28
1.035321843295663744e+08 1.767184732394713893e-28
1.148951000187308788e+08 9.486007741158044138e-29
1.275051240713012964e+08 4.608928269578335774e-29
1.414991297434575856e+08 1.866160154040698494e-29
1.570290124729377627e+08 4.674606099240076847e-30
1.742633386009651124e+08 4.836136674355159180e-32
