1.000000000000000000e+02 4.731825610777556744e-15
1.109752496412072134e+02 3.923178133319294293e-15
1.231550603292826196e+02 3.250799445242284813e-15
1.366716356462005990e+02 2.697847355930903131e-15
1.516716888470922413e+02 2.243406702348422847e-15
1.683180353330956791e+02 1.869470688889050992e-15
1.867913599020782840e+02 1.561561133553430131e-15
2.072921779595371845e+02 1.309320687841285701e-15
2.300430119772916839e+02 1.101334063882590507e-15
2.552908068239516410e+02 9.298473855101397717e-16
2.833096101839323637e+02 7.877157353284005144e-16
3.144035471591500368e+02 6.694159915481013371e-16
3.489101213406774491e+02 5.704873430225015396e-16
3.872038781812557318e+02 4.844786814676481796e-16
4.297004704320843871e+02 4.152085069840731535e-16
4.768611697714468960e+02 3.571562625736575224e-16
5.291978735958442712e+02 3.060675371149303299e-16
5.872786613189482523e+02 2.623200252316963721e-16
6.517339604882420190e+02 2.247442635163075013e-16
7.232633896483533817e+02 1.923387235140678932e-16
8.026433522257173081e+02 1.643883491136306323e-16
8.907354638610439679e+02 1.403765301707573580e-16
9.884959046625587007e+02 1.196654005589462307e-16
1.096985797892383971e+03 1.017331969757885865e-16
1.217382727739662187e+03 8.631737784578569670e-17
1.350993521198027793e+03 7.308208752735734133e-17
1.499268432786045423e+03 6.174351830949344009e-17
1.663816886076128640e+03 5.204339263113852643e-17
1.846424942895544291e+03 4.374269049724188643e-17
2.049074689815845886e+03 3.667036154418631923e-17
2.273965752357927613e+03 3.066932862765427880e-17
2.523539170434765765e+03 2.557920217110632082e-17
2.800503894183631019e+03 2.128685103320530136e-17
3.107866187782013640e+03 1.767335078903166590e-17
3.448962260405759935e+03 1.463914465473805407e-17
3.827494478516314757e+03 1.209275439529884230e-17
4.247571552536898707e+03 9.973445833128635346e-18
4.713753134116724141e+03 8.208444706490129764e-18
5.231099308056262998e+03 6.750809071821425660e-18
5.805225516094896193e+03 5.546811796034047906e-18
6.442363508721369726e+03 4.554817455121362358e-18
7.149428986597576113e+03 3.740049753260409222e-18
7.934096665797491369e+03 3.070099306049727804e-18
8.804883581643463913e+03 2.524650329498560279e-18
9.771241535346502133e+03 2.077811179811282503e-18
1.084365968689610963e+04 1.712032183159202160e-18
1.203377840777589154e+04 1.412227467519903257e-18
1.335451562929898682e+04 1.165836871897907427e-18
1.482020705798858762e+04 9.638690402905852512e-19
1.644676177994664249e+04 7.971409252736884847e-19
1.825183494319044257e+04 6.597682333086871476e-19
2.025501939230666540e+04 5.456033985648715442e-19
2.247805833548725059e+04 4.510071218250946026e-19
2.494508135230316839e+04 3.723602116045085189e-19
2.768286630392066581e+04 3.070528692827327829e-19
3.072112998861759115e+04 2.528410398315314075e-19
3.409285069746814406e+04 2.078387306362881120e-19
3.783462617131928710e+04 1.705830891687290062e-19
4.198707084443910571e+04 1.397512463974296512e-19
4.659525668664683326e+04 1.142854855013047994e-19
5.170920242896761192e+04 9.325140653553992808e-20
5.738441648302398244e+04 7.594122455428836152e-20
6.368249944718585903e+04 6.169972327479075992e-20
7.067181273927491566e+04 5.002517709407319280e-20
7.842822061337680498e+04 4.046128574404376322e-20
8.703591361485165544e+04 3.265703363435023044e-20
9.658832241158708348e+04 2.631019343297578950e-20
1.071891319205127511e+05 2.112684160219939596e-20
1.189534067370319535e+05 1.693564520347470959e-20
1.320088400831418112e+05 1.353078618646671909e-20
1.464971398307286145e+05 1.077929744529631302e-20
1.625755666443794908e+05 8.572854841681320561e-21
1.804186409392071655e+05 6.784280892963468047e-21
2.002200371815584658e+05 5.354191369532477540e-21
2.221946860939523904e+05 4.206092541070379128e-21
2.465811075822604180e+05 3.287860677976065322e-21
2.736439997074671555e+05 2.559361209998477170e-21
3.036771118035460822e+05 1.976782505531472450e-21
3.370064329271928291e+05 1.519445423410429615e-21
3.739937302478798083e+05 1.157643491812942518e-21
4.150404757850476308e+05 8.751940644434236332e-22
4.605922041145108524e+05 6.555890116682057833e-22
5.111433483440171112e+05 4.859865590895700220e-22
5.672426068491977639e+05 3.565530242757600130e-22
6.294988990221888525e+05 2.581157170031379298e-22
6.985879746785250027e+05 1.847688494415842509e-22
7.752597488629464060e+05 1.302058360241117327e-22
8.603464416684507160e+05 9.061910445265748853e-23
9.547716114208066138e+05 6.212636098369337356e-23
1.059560179277617019e+06 4.201660553761290662e-23
1.175849554052158026e+06 2.807048512050032756e-23
1.304901978014401859e+06 1.855346437119188254e-23
1.448118227674532915e+06 1.216523270299881272e-23
1.607052818261638284e+06 7.897973803759591940e-24
1.783430876931909472e+06 5.081461073757051656e-24
1.979166867853557458e+06 3.214582334705949717e-24
2.196385372416546568e+06 1.972972895524319127e-24
2.437444150122222025e+06 1.149260545946714246e-24
2.704959730463137385e+06 6.159875403253645969e-25
3.001835813575591892e+06 2.915923314383545942e-25
3.331294787934676744e+06 1.167522670701449840e-25
3.696912707195031922e+06 3.900057318673765483e-26
4.102658105827190448e+06 1.100646984429088639e-26
4.552935074866947718e+06 2.622971001079300116e-27
5.052631065335679799e+06 5.231172557887848694e-28
5.607169938205458224e+06 8.655613770475754486e-29
6.222570836730230600e+06 1.177836339207723727e-29
6.905513520162330940e+06 1.305194085879886880e-30
7.663410868007462472e+06 1.166566432022660542e-31
8.504489341802684590e+06 8.318091790423251611e-33
9.437878277775391936e+06 4.671816416597570711e-34
1.047370897959450819e+07 2.037538567811305756e-35
1.162322468679854274e+07 6.786698746413223839e-37
1.289890261253307760e+07 1.695232222918799559e-38
1.431458937523478456e+07 3.109559485640625559e-40
1.588565129428052530e+07 4.089048618731390938e-42
1.762914118095947802e+07 3.763695111640316337e-44
1.956398343517064676e+07 2.348210586780987256e-46
2.171117945694505423e+07 9.620822378672984873e-49
2.409403560239527002e+07 2.487679315288450845e-51
2.673841615839949250e+07 3.878895703169320955e-54
2.967302408188872784e+07 3.456312717606168172e-57
3.292971255097155273e+07 1.654915641870391233e-60
3.654383070957254618e+07 3.970557287255172347e-64
4.055460735840827972e+07 4.407424049271968815e-68
4.500557675700496882e+07 2.057805688917330904e-72
4.994505115855139494e+07 3.584290854379760022e-77
5.542664520663107187e+07 1.989638612243085545e-82
6.150985788580504060e+07 4.068272288399458181e-88
6.826071834272393584e+07 1.372308259137075689e-90
7.575250258771920204e+07 3.510078819502594165e-91
8.406652885618332028e+07 1.486016287875892054e-92
9.329304026284696162e+07 4.081596791665917228e-104
