1.000000000000000000e+02 9.608075507157567454e-16
1.109752496412072134e+02 8.458872454193152950e-16
1.231550603292826196e+02 7.444855888163023783e-16
1.366716356462005990e+02 6.550816023643658142e-16
1.516716888470922413e+02 5.762677044029453122e-16
1.683180353330956791e+02 5.067990517837176946e-16
1.867913599020782840e+02 4.456349753012330419e-16
2.072921779595371845e+02 3.916932406143736678e-16
2.300430119772916839e+02 3.441880205753133388e-16
2.552908068239516410e+02 3.023833548810625857e-16
2.833096101839323637e+02 2.655569656096746258e-16
3.144035471591500368e+02 2.331797136060713189e-16
3.489101213406774491e+02 2.046642478081038073e-16
3.872038781812557318e+02 1.795917443392011538e-16
4.297004704320843871e+02 1.575235896695640772e-16
4.768611697714468960e+02 1.381250413140255718e-16
5.291978735958442712e+02 1.210661644232460559e-16
5.872786613189482523e+02 1.060798948890012893e-16
6.517339604882420190e+02 9.289581983132588853e-17
7.232633896483533817e+02 8.131349648042683300e-17
8.026433522257173081e+02 7.113427229341738724e-17
8.907354638610439679e+02 6.219247518086084938e-17
9.884959046625587007e+02 5.434159532855835598e-17
1.096985797892383971e+03 4.744050235492429709e-17
1.217382727739662187e+03 4.139376025848217043e-17
1.350993521198027793e+03 3.608118436952626212e-17
1.499268432786045423e+03 3.143361658279025028e-17
1.663816886076128640e+03 2.744208952075558164e-17
1.846424942895544291e+03 2.378793644982560940e-17
2.049074689815845886e+03 2.066020913019071094e-17
2.273965752357927613e+03 1.793309951730322175e-17
2.523539170434765765e+03 1.554653164203960338e-17
2.800503894183631019e+03 1.346892931214657998e-17
3.107866187782013640e+03 1.165503369604121159e-17
3.448962260405759935e+03 1.007891222652836528e-17
3.827494478516314757e+03 8.708147784622015919e-18
4.247571552536898707e+03 7.519770381234869495e-18
4.713753134116724141e+03 6.488632286414758026e-18
5.231099308056262998e+03 5.596412869997572041e-18
5.805225516094896193e+03 4.824277796771361517e-18
6.442363508721369726e+03 4.157268872718718839e-18
7.149428986597576113e+03 3.580542727142626487e-18
7.934096665797491369e+03 3.082783739612659120e-18
8.804883581643463913e+03 2.652473988071133052e-18
9.771241535346502133e+03 2.281070448476769373e-18
1.084365968689610963e+04 1.960477724097141433e-18
1.203377840777589154e+04 1.683873070351797701e-18
1.335451562929898682e+04 1.445794900463413940e-18
1.482020705798858762e+04 1.240612500217777641e-18
1.644676177994664249e+04 1.063802436396788750e-18
1.825183494319044257e+04 9.116422061905148800e-19
2.025501939230666540e+04 7.809174046489665858e-19
2.247805833548725059e+04 6.685502012396209149e-19
2.494508135230316839e+04 5.720264209602819797e-19
2.768286630392066581e+04 4.891138744347106986e-19
3.072112998861759115e+04 4.179396983880874348e-19
3.409285069746814406e+04 3.570243891137630411e-19
3.783462617131928710e+04 3.046491464291350750e-19
4.198707084443910571e+04 2.598305426847632673e-19
4.659525668664683326e+04 2.214269183703439297e-19
5.170920242896761192e+04 1.886029410815233499e-19
5.738441648302398244e+04 1.604355405424889066e-19
6.368249944718585903e+04 1.364757407537433943e-19
7.067181273927491566e+04 1.159388729415826984e-19
7.842822061337680498e+04 9.838408098321733375e-20
8.703591361485165544e+04 8.345706948654505088e-20
9.658832241158708348e+04 7.069845243009698009e-20
1.071891319205127511e+05 5.982159735913199051e-20
1.189534067370319535e+05 5.056601729663210892e-20
1.320088400831418112e+05 4.268153467884561215e-20
1.464971398307286145e+05 3.597587875212343668e-20
1.625755666443794908e+05 3.027598321330055662e-20
1.804186409392071655e+05 2.546372247886935908e-20
2.002200371815584658e+05 2.134256665022171209e-20
2.221946860939523904e+05 1.786321057554252796e-20
2.465811075822604180e+05 1.492445537155800731e-20
2.736439997074671555e+05 1.243376064722056949e-20
3.036771118035460822e+05 1.033296755774655931e-20
3.370064329271928291e+05 8.563764729608571878e-21
3.739937302478798083e+05 7.075183732260924872e-21
4.150404757850476308e+05 5.824455790747403119e-21
4.605922041145108524e+05 4.779732386100449368e-21
5.111433483440171112e+05 3.903106842153048007e-21
5.672426068491977639e+05 3.176348370698501762e-21
6.294988990221888525e+05 2.573144476140235865e-21
6.985879746785250027e+05 2.069252503167157464e-21
7.752597488629464060e+05 1.664651283545517362e-21
8.603464416684507160e+05 1.321151797405837426e-21
9.547716114208066138e+05 1.048608871651352033e-21
1.059560179277617019e+06 8.240615366097899139e-22
1.175849554052158026e+06 6.445472264043001149e-22
1.304901978014401859e+06 5.009044514913541188e-22
1.448118227674532915e+06 3.866594321374125884e-22
1.607052818261638284e+06 2.968008372727097500e-22
1.783430876931909472e+06 2.266041878074507084e-22
1.979166867853557458e+06 1.722334594704158795e-22
2.196385372416546568e+06 1.302809160128152788e-22
2.437444150122222025e+06 9.826123879650481132e-23
2.704959730463137385e+06 7.380982333580115847e-23
3.001835813575591892e+06 5.519180759496586290e-23
3.331294787934676744e+06 4.105081294314910636e-23
3.696912707195031922e+06 3.026902822734170026e-23
4.102658105827190448e+06 2.205305906305773033e-23
4.552935074866947718e+06 1.578392797104315017e-23
5.052631065335679799e+06 1.104762702921876751e-23
5.607169938205458224e+06 7.501706713450942521e-24
6.222570836730230600e+06 4.900849491021979523e-24
6.905513520162330940e+06 3.051271567376499833e-24
7.663410868007462472e+06 1.792449203570764697e-24
8.504489341802684590e+06 9.847018009614094621e-25
9.437878277775391936e+06 5.055620274021244266e-25
1.047370897959450819e+07 2.473143183688118124e-25
1.162322468679854274e+07 1.208537110973667416e-25
1.289890261253307760e+07 6.249165292043683691e-26
1.431458937523478456e+07 3.487686246937577201e-26
1.588565129428052530e+07 2.099094490928114208e-26
1.762914118095947802e+07 1.348585476908543823e-26
1.956398343517064676e+07 8.896977434501719375e-27
2.171117945694505423e+07 5.861307500707440288e-27
2.409403560239527002e+07 3.808966811157217459e-27
2.673841615839949250e+07 2.431870075508345865e-27
2.967302408188872784e+07 1.516431163860358570e-27
3.292971255097155273e+07 9.203218304885459881e-28
3.654383070957254618e+07 5.420718424647788820e-28
4.055460735840827972e+07 3.069362697162876446e-28
4.500557675700496882e+07 1.659074505732042788e-28
4.994505115855139494e+07 8.343014956971636675e-29
5.542664520663107187e+07 3.690419418789078375e-29
6.150985788580504060e+07 1.241011378266236044e-29
6.826071834272393584e+07 1.988753940716202612e-30
7.575250258771920204e+07 2.969315473918273309e-32
8.406652885618332028e+07 1.772787135171128075e-68
9.329304026284696162e+07 5.124481959856668066e-100
1.035321843295663744e+08 1.397853337646582650e-120
