1.000000000000000000e+02 1.237190890973337945e-11
1.109752496412072134e+02 1.069265969285925636e-11
1.231550603292826196e+02 9.239533239846043516e-12
1.366716356462005990e+02 7.982726969916837130e-12
1.516716888470922413e+02 6.893797958349240406e-12
1.683180353330956791e+02 5.953282377326535957e-12
1.867913599020782840e+02 5.138580396091475408e-12
2.072921779595371845e+02 4.434796969155543584e-12
2.300430119772916839e+02 3.826217314647452041e-12
2.552908068239516410e+02 3.300249986372084094e-12
2.833096101839323637e+02 2.845362289622552735e-12
3.144035471591500368e+02 2.452660960345444034e-12
3.489101213406774491e+02 2.113499362311976219e-12
3.872038781812557318e+02 1.820635436909263792e-12
4.297004704320843871e+02 1.567802623454280491e-12
4.768611697714468960e+02 1.349639467751570977e-12
5.291978735958442712e+02 1.161285713255614486e-12
5.872786613189482523e+02 9.989595103330268489e-13
6.517339604882420190e+02 8.589150464269543777e-13
7.232633896483533817e+02 7.382536834728935210e-13
8.026433522257173081e+02 6.342248702439911609e-13
8.907354638610439679e+02 5.446890878995233414e-13
9.884959046625587007e+02 4.675217818974719182e-13
1.096985797892383971e+03 4.011845801635501481e-13
1.217382727739662187e+03 3.440124384193127594e-13
1.350993521198027793e+03 2.948932612702571635e-13
1.499268432786045423e+03 2.526304729015618108e-13
1.663816886076128640e+03 2.163564827076258659e-13
1.846424942895544291e+03 1.851544741924203287e-13
2.049074689815845886e+03 1.583771372495749734e-13
2.273965752357927613e+03 1.354013360008416405e-13
2.523539170434765765e+03 1.156921442884743439e-13
2.800503894183631019e+03 9.879178606505774524e-14
3.107866187782013640e+03 8.431583155501200112e-14
3.448962260405759935e+03 7.191505852851361190e-14
3.827494478516314757e+03 6.130245520983768977e-14
4.247571552536898707e+03 5.222167660452794643e-14
4.713753134116724141e+03 4.446011157292896903e-14
5.231099308056262998e+03 3.782817093515148984e-14
5.805225516094896193e+03 3.216415082370656639e-14
6.442363508721369726e+03 2.733368802424378827e-14
7.149428986597576113e+03 2.320937039890984100e-14
7.934096665797491369e+03 1.969698607538262093e-14
8.804883581643463913e+03 1.670231428389098132e-14
9.771241535346502133e+03 1.415504504537638884e-14
1.084365968689610963e+04 1.198607927518214428e-14
1.203377840777589154e+04 1.014264062855318587e-14
1.335451562929898682e+04 8.575918064077373807e-15
1.482020705798858762e+04 7.244828099945506450e-15
1.644676177994664249e+04 6.116440308488954677e-15
1.825183494319044257e+04 5.158191413187510865e-15
2.025501939230666540e+04 4.346638636222324405e-15
2.247805833548725059e+04 3.660014998272396169e-15
2.494508135230316839e+04 3.077979830637603142e-15
2.768286630392066581e+04 2.586284357630075171e-15
3.072112998861759115e+04 2.171082896388114398e-15
3.409285069746814406e+04 1.820369218799129841e-15
3.783462617131928710e+04 1.525015879255929464e-15
4.198707084443910571e+04 1.275433132648488203e-15
4.659525668664683326e+04 1.066411219184103140e-15
5.170920242896761192e+04 8.904395674279109405e-16
5.738441648302398244e+04 7.425412893130900943e-16
6.368249944718585903e+04 6.185511275181875403e-16
7.067181273927491566e+04 5.146416001141499721e-16
7.842822061337680498e+04 4.278134058597362337e-16
8.703591361485165544e+04 3.551189119132589538e-16
9.658832241158708348e+04 2.945035956265785072e-16
1.071891319205127511e+05 2.439428965212184621e-16
1.189534067370319535e+05 2.018564778891720622e-16
1.320088400831418112e+05 1.668341374553523322e-16
1.464971398307286145e+05 1.377467858521319940e-16
1.625755666443794908e+05 1.136076870856812875e-16
1.804186409392071655e+05 9.358389031607993587e-17
2.002200371815584658e+05 7.700493652430494998e-17
2.221946860939523904e+05 6.329391046424377995e-17
2.465811075822604180e+05 5.196709022640967736e-17
2.736439997074671555e+05 4.261462837568195285e-17
3.036771118035460822e+05 3.490324657423944450e-17
3.370064329271928291e+05 2.855195766956773645e-17
3.739937302478798083e+05 2.332676328222506775e-17
4.150404757850476308e+05 1.903504231584919397e-17
4.605922041145108524e+05 1.551096779860879092e-17
5.111433483440171112e+05 1.262252510907331116e-17
5.672426068491977639e+05 1.025889670251615544e-17
6.294988990221888525e+05 8.326944510523381946e-18
6.985879746785250027e+05 6.749653673799452614e-18
7.752597488629464060e+05 5.464724250370427200e-18
8.603464416684507160e+05 4.418620584242851015e-18
9.547716114208066138e+05 3.568319443825545649e-18
1.059560179277617019e+06 2.878257313288027814e-18
1.175849554052158026e+06 2.318960776031914951e-18
1.304901978014401859e+06 1.865882932070628974e-18
1.448118227674532915e+06 1.499255783482011110e-18
1.607052818261638284e+06 1.203188885546769780e-18
1.783430876931909472e+06 9.642371731785904987e-19
1.979166867853557458e+06 7.714700708110531903e-19
2.196385372416546568e+06 6.164895698617918555e-19
2.437444150122222025e+06 4.917971806485089224e-19
2.704959730463137385e+06 3.916536550259727666e-19
3.001835813575591892e+06 3.113795776086413430e-19
3.331294787934676744e+06 2.471314598139654398e-19
3.696912707195031922e+06 1.957669420086642185e-19
4.102658105827190448e+06 1.547744028317498403e-19
4.552935074866947718e+06 1.221116098438831956e-19
5.052631065335679799e+06 9.615213834843757740e-20
5.607169938205458224e+06 7.553521089378476264e-20
6.222570836730230600e+06 5.919175398783031255e-20
6.905513520162330940e+06 4.626073584267544572e-20
7.663410868007462472e+06 3.606019107943170249e-20
8.504489341802684590e+06 2.802084640165134115e-20
9.437878277775391936e+06 2.170670339416255821e-20
1.047370897959450819e+07 1.675533917895307669e-20
1.162322468679854274e+07 1.287709684671147051e-20
1.289890261253307760e+07 9.864368663871146093e-21
1.431458937523478456e+07 7.528267773042236542e-21
1.588565129428052530e+07 5.721587057798069097e-21
1.762914118095947802e+07 4.334171405585718248e-21
1.956398343517064676e+07 3.271668464191858216e-21
2.171117945694505423e+07 2.459973498956523823e-21
2.409403560239527002e+07 1.841756336926619738e-21
2.673841615839949250e+07 1.374692338957337159e-21
2.967302408188872784e+07 1.021526362973990021e-21
3.292971255097155273e+07 7.561244046156642999e-22
3.654383070957254618e+07 5.575527443852514188e-22
4.055460735840827972e+07 4.096936396729615104e-22
4.500557675700496882e+07 3.002269977099045856e-22
4.994505115855139494e+07 2.196789265902207195e-22
5.542664520663107187e+07 1.606334801432214140e-22
6.150985788580504060e+07 1.177602514973751385e-22
6.826071834272393584e+07 8.672923353080741461e-23
7.575250258771920204e+07 6.425548657812518831e-23
8.406652885618332028e+07 4.788049227872700583e-23
9.329304026284696162e+07 3.576952836953528031e-23
1.035321843295663744e+08 2.668804229500577569e-23
1.148951000187308788e+08 1.983577922488329871e-23
1.275051240713012964e+08 1.463860795288305620e-23
1.414991297434575856e+08 1.067521355372897058e-23
1.570290124729377627e+08 7.659994378736696120e-24
1.742633386009651124e+08 5.379262279621331338e-24
1.933891750455232263e+08 3.661627570722787854e-24
2.146141197858406007e+08 2.362797243173339351e-24
2.381685551976160705e+08 1.407457259212491522e-24
2.643081486974108517e+08 7.580593461510016487e-25
2.933166278390048146e+08 3.536050537814765836e-25
3.255088599835056663e+08 1.321510753078950400e-25
3.612342699709430337e+08 3.552558670034173795e-26
4.008806328898465633e+08 6.013446137332943412e-27
4.448782831127585173e+08 7.101651242673322952e-28
4.937047852839003801e+08 6.287244178215853123e-29
5.478901179593944550e+08 3.691988305560797764e-30
6.080224261649426222e+08 1.265122427644003861e-31
6.747544053110699654e+08 2.151010021389803621e-33
7.488103857590031624e+08 1.377460111407379421e-35
8.309941949353404045e+08 2.377735558629516189e-38
9.221978823334341049e+08 6.282098589369430591e-42
1.023411402105452657e+09 2.664738275009893722e-49
