1.000000000000000000e+02 1.434127271650629315e-15
1.109752496412072134e+02 1.220182840756582414e-15
1.231550603292826196e+02 1.041054208324174912e-15
1.366716356462005990e+02 8.902406913052241287e-16
1.516716888470922413e+02 7.623850493001683125e-16
1.683180353330956791e+02 6.529972506108169343e-16
1.867913599020782840e+02 5.591800969324647984e-16
2.072921779595371845e+02 4.785165358132744405e-16
2.300430119772916839e+02 4.087661845301212936e-16
2.552908068239516410e+02 3.485306488618780748e-16
2.833096101839323637e+02 2.964476997613649762e-16
3.144035471591500368e+02 2.514103476257089922e-16
3.489101213406774491e+02 2.124793425973752876e-16
3.872038781812557318e+02 1.789015307693560025e-16
4.297004704320843871e+02 1.499885663352529962e-16
4.768611697714468960e+02 1.251279436209541143e-16
5.291978735958442712e+02 1.038316104557774871e-16
5.872786613189482523e+02 8.564946674387693933e-17
6.517339604882420190e+02 7.018502545261055513e-17
7.232633896483533817e+02 5.711098041423443701e-17
8.026433522257173081e+02 4.611152502560940333e-17
8.907354638610439679e+02 3.694149299546831051e-17
9.884959046625587007e+02 2.935565247954378690e-17
1.096985797892383971e+03 2.315497474333269867e-17
1.217382727739662187e+03 1.814340017707963344e-17
1.350993521198027793e+03 1.415712833618570747e-17
1.499268432786045423e+03 1.104714931817739750e-17
1.663816886076128640e+03 8.662263199448268201e-18
1.846424942895544291e+03 6.864459360777110152e-18
2.049074689815845886e+03 5.521520313451616288e-18
2.273965752357927613e+03 4.511361549494064617e-18
2.523539170434765765e+03 3.737928615584343483e-18
2.800503894183631019e+03 3.127429130542418323e-18
3.107866187782013640e+03 2.630768486118048979e-18
3.448962260405759935e+03 2.218048158372492377e-18
3.827494478516314757e+03 1.871626536887589569e-18
4.247571552536898707e+03 1.578342926456963104e-18
4.713753134116724141e+03 1.330501952332134704e-18
5.231099308056262998e+03 1.120103317416624641e-18
5.805225516094896193e+03 9.420246756762463940e-19
6.442363508721369726e+03 7.911579059373664558e-19
7.149428986597576113e+03 6.637031809974243390e-19
7.934096665797491369e+03 5.556631741120199222e-19
8.804883581643463913e+03 4.647753341168302304e-19
9.771241535346502133e+03 3.879269162728823251e-19
1.084365968689610963e+04 3.234375662305628045e-19
1.203377840777589154e+04 2.692262960192816635e-19
1.335451562929898682e+04 2.236507922759133155e-19
1.482020705798858762e+04 1.855972187131335442e-19
1.644676177994664249e+04 1.537723513356160217e-19
1.825183494319044257e+04 1.272510419077349732e-19
2.025501939230666540e+04 1.051569174707623174e-19
2.247805833548725059e+04 8.675551268791237656e-20
2.494508135230316839e+04 7.153871867249585891e-20
2.768286630392066581e+04 5.891525243055592070e-20
3.072112998861759115e+04 4.847400957120457613e-20
3.409285069746814406e+04 3.985918820165101511e-20
3.783462617131928710e+04 3.274439585420568271e-20
4.198707084443910571e+04 2.689093210878980964e-20
4.659525668664683326e+04 2.206465448844469339e-20
5.170920242896761192e+04 1.809321374463989478e-20
5.738441648302398244e+04 1.482542690170414527e-20
6.368249944718585903e+04 1.213962532120399059e-20
7.067181273927491566e+04 9.933305387485591538e-21
7.842822061337680498e+04 8.120184922879682475e-21
8.703591361485165544e+04 6.631997368722096465e-21
9.658832241158708348e+04 5.411303646363915075e-21
1.071891319205127511e+05 4.410178717196639936e-21
1.189534067370319535e+05 3.589866068560294008e-21
1.320088400831418112e+05 2.918825406235317522e-21
1.464971398307286145e+05 2.369554686953369060e-21
1.625755666443794908e+05 1.920764666861016063e-21
1.804186409392071655e+05 1.554429659706600587e-21
2.002200371815584658e+05 1.255643504562275626e-21
2.221946860939523904e+05 1.012596242121734456e-21
2.465811075822604180e+05 8.148499508290504667e-22
2.736439997074671555e+05 6.543933476204682435e-22
3.036771118035460822e+05 5.245144088708100561e-22
3.370064329271928291e+05 4.196473628710550885e-22
3.739937302478798083e+05 3.352727403940703693e-22
4.150404757850476308e+05 2.675230702646978619e-22
4.605922041145108524e+05 2.131890345565140748e-22
5.111433483440171112e+05 1.697071017714077680e-22
5.672426068491977639e+05 1.349126704062620413e-22
6.294988990221888525e+05 1.070996890146262853e-22
6.985879746785250027e+05 8.491713281211580087e-23
7.752597488629464060e+05 6.721367411331182010e-23
8.603464416684507160e+05 5.311871539021792233e-23
9.547716114208066138e+05 4.191768179573479437e-23
1.059560179277617019e+06 3.301430563947743943e-23
1.175849554052158026e+06 2.595646759605527021e-23
1.304901978014401859e+06 2.036842246661576436e-23
1.448118227674532915e+06 1.594778990373769433e-23
1.607052818261638284e+06 1.246106237719745625e-23
1.783430876931909472e+06 9.712662559438958604e-24
1.979166867853557458e+06 7.551564882403748893e-24
2.196385372416546568e+06 5.856339758544558143e-24
2.437444150122222025e+06 4.528500005685484634e-24
2.704959730463137385e+06 3.491304636140433363e-24
3.001835813575591892e+06 2.683036372258869068e-24
3.331294787934676744e+06 2.054804820185463140e-24
3.696912707195031922e+06 1.567893196720838999e-24
4.102658105827190448e+06 1.191607034906225307e-24
4.552935074866947718e+06 9.018048074520797862e-25
5.052631065335679799e+06 6.792814949361690918e-25
5.607169938205458224e+06 5.091637680447107765e-25
6.222570836730230600e+06 3.796392261465854214e-25
6.905513520162330940e+06 2.812812758716826337e-25
7.663410868007462472e+06 2.070843309701051775e-25
8.504489341802684590e+06 1.515252892140179212e-25
9.437878277775391936e+06 1.098831059801895688e-25
1.047370897959450819e+07 7.904012446757695693e-26
1.162322468679854274e+07 5.632161543361113432e-26
1.289890261253307760e+07 3.971738170056263741e-26
1.431458937523478456e+07 2.768556523005710288e-26
1.588565129428052530e+07 1.904213396897688778e-26
1.762914118095947802e+07 1.289978283607488356e-26
1.956398343517064676e+07 8.592134930388718859e-27
2.171117945694505423e+07 5.607803136811625836e-27
2.409403560239527002e+07 3.572164744573589236e-27
2.673841615839949250e+07 2.205711979085150488e-27
2.967302408188872784e+07 1.306592945152036508e-27
3.292971255097155273e+07 7.291205129666719303e-28
3.654383070957254618e+07 3.705464195929744237e-28
4.055460735840827972e+07 1.603198575451880096e-28
4.500557675700496882e+07 5.015898384539927056e-29
4.994505115855139494e+07 6.454845664088315739e-30
5.542664520663107187e+07 1.505374309790937338e-31
