1.000000000000000000e+02 1.715598498027739056e-15
1.109752496412072134e+02 1.481226849697833916e-15
1.231550603292826196e+02 1.277908053579109898e-15
1.366716356462005990e+02 1.100877593578530129e-15
1.516716888470922413e+02 9.466475997142007702e-16
1.683180353330956791e+02 8.124583555962680022e-16
1.867913599020782840e+02 6.961348767075148142e-16
2.072921779595371845e+02 5.950327744787607689e-16
2.300430119772916839e+02 5.074498327053337121e-16
2.552908068239516410e+02 4.316157984940594708e-16
2.833096101839323637e+02 3.661634958737855581e-16
3.144035471591500368e+02 3.095497974600928166e-16
3.489101213406774491e+02 2.609468651226070324e-16
3.872038781812557318e+02 2.190109310318125989e-16
4.297004704320843871e+02 1.832098419454288133e-16
4.768611697714468960e+02 1.525340947097260701e-16
5.291978735958442712e+02 1.264765352992183373e-16
5.872786613189482523e+02 1.043121112492430410e-16
6.517339604882420190e+02 8.561685991419992301e-17
7.232633896483533817e+02 6.986997565077109361e-17
8.026433522257173081e+02 5.670844572015554286e-17
8.907354638610439679e+02 4.574972959704185323e-17
9.884959046625587007e+02 3.670177703819307082e-17
1.096985797892383971e+03 2.927718298671021202e-17
1.217382727739662187e+03 2.324659398823704915e-17
1.350993521198027793e+03 1.839085336007624384e-17
1.499268432786045423e+03 1.452758254278943916e-17
1.663816886076128640e+03 1.148121241589626738e-17
1.846424942895544291e+03 9.097534739262978224e-18
2.049074689815845886e+03 7.242473051529817079e-18
2.273965752357927613e+03 5.799757602061801335e-18
2.523539170434765765e+03 4.673126292469606511e-18
2.800503894183631019e+03 3.788660345774833156e-18
3.107866187782013640e+03 3.085875260033353172e-18
3.448962260405759935e+03 2.521917564961263779e-18
3.827494478516314757e+03 2.066668177433378321e-18
4.247571552536898707e+03 1.695471293016411179e-18
4.713753134116724141e+03 1.392055573537883650e-18
5.231099308056262998e+03 1.142625126780675588e-18
5.805225516094896193e+03 9.378425101429803331e-19
6.442363508721369726e+03 7.694875142178437282e-19
7.149428986597576113e+03 6.306389707276138476e-19
7.934096665797491369e+03 5.164530055513049335e-19
8.804883581643463913e+03 4.227616326855432653e-19
9.771241535346502133e+03 3.455389106693770231e-19
1.084365968689610963e+04 2.822814855639497341e-19
1.203377840777589154e+04 2.302628544621304207e-19
1.335451562929898682e+04 1.876493604633871817e-19
1.482020705798858762e+04 1.527074290498180570e-19
1.644676177994664249e+04 1.241420151201137603e-19
1.825183494319044257e+04 1.008195531297324117e-19
2.025501939230666540e+04 8.171017863552853009e-20
2.247805833548725059e+04 6.615048301831258066e-20
2.494508135230316839e+04 5.347355742587735973e-20
2.768286630392066581e+04 4.316134741075871888e-20
3.072112998861759115e+04 3.477246965021916246e-20
3.409285069746814406e+04 2.796936116345409086e-20
3.783462617131928710e+04 2.245262501403822919e-20
4.198707084443910571e+04 1.799730298399454882e-20
4.659525668664683326e+04 1.440436817660373966e-20
5.170920242896761192e+04 1.149766963827536344e-20
5.738441648302398244e+04 9.167043406035597469e-21
6.368249944718585903e+04 7.290787269574346684e-21
7.067181273927491566e+04 5.790335248949287254e-21
7.842822061337680498e+04 4.586574469539668322e-21
8.703591361485165544e+04 3.625316016410028224e-21
9.658832241158708348e+04 2.858000020247348100e-21
1.071891319205127511e+05 2.246544930741368959e-21
1.189534067370319535e+05 1.761368025907971325e-21
1.320088400831418112e+05 1.375450416604329143e-21
1.464971398307286145e+05 1.070707177831910387e-21
1.625755666443794908e+05 8.297935072290251869e-22
1.804186409392071655e+05 6.404040982719690674e-22
2.002200371815584658e+05 4.919375083766490648e-22
2.221946860939523904e+05 3.762602504735209907e-22
2.465811075822604180e+05 2.864917026599245509e-22
2.736439997074671555e+05 2.173212913791935720e-22
3.036771118035460822e+05 1.642350232375137595e-22
3.370064329271928291e+05 1.238125529688591436e-22
3.739937302478798083e+05 9.310008815986379929e-23
4.150404757850476308e+05 6.987064348549060267e-23
4.605922041145108524e+05 5.233404295186638292e-23
5.111433483440171112e+05 3.912570606479463698e-23
5.672426068491977639e+05 2.919100110802090841e-23
6.294988990221888525e+05 2.173846017732488637e-23
6.985879746785250027e+05 1.614326825373580581e-23
7.752597488629464060e+05 1.195572155815809056e-23
8.603464416684507160e+05 8.825750464819681335e-24
9.547716114208066138e+05 6.493488790985095920e-24
1.059560179277617019e+06 4.760846870762103341e-24
1.175849554052158026e+06 3.473178687290142759e-24
1.304901978014401859e+06 2.525615973828305081e-24
1.448118227674532915e+06 1.826202845781303085e-24
1.607052818261638284e+06 1.313309648756654216e-24
1.783430876931909472e+06 9.401445007873592119e-25
1.979166867853557458e+06 6.705322465828178946e-25
2.196385372416546568e+06 4.774414310281756295e-25
2.437444150122222025e+06 3.402639212658873177e-25
2.704959730463137385e+06 2.427199951768591701e-25
3.001835813575591892e+06 1.729413562118165455e-25
3.331294787934676744e+06 1.231093320422469048e-25
3.696912707195031922e+06 8.763475556284050570e-26
4.102658105827190448e+06 6.246930131131850579e-26
4.552935074866947718e+06 4.463983462312542004e-26
5.052631065335679799e+06 3.201358423225589662e-26
5.607169938205458224e+06 2.305273463534540553e-26
6.222570836730230600e+06 1.666020872155412480e-26
6.905513520162330940e+06 1.207160763160500004e-26
7.663410868007462472e+06 8.755610520845133170e-27
8.504489341802684590e+06 6.348227102748578733e-27
9.437878277775391936e+06 4.595822972494049388e-27
1.047370897959450819e+07 3.319777839644459089e-27
1.162322468679854274e+07 2.388759108293903800e-27
1.289890261253307760e+07 1.711647058159157057e-27
1.431458937523478456e+07 1.221225738749741728e-27
1.588565129428052530e+07 8.650006100783937874e-28
1.762914118095947802e+07 6.085479889274824920e-28
1.956398343517064676e+07 4.244054853252209526e-28
2.171117945694505423e+07 2.929376024586275590e-28
2.409403560239527002e+07 1.998454556105035354e-28
2.673841615839949250e+07 1.343437332095143203e-28
2.967302408188872784e+07 8.878795922987263998e-29
3.292971255097155273e+07 5.747663241621072975e-29
3.654383070957254618e+07 3.627283787539720729e-29
4.055460735840827972e+07 2.219478999145050199e-29
4.500557675700496882e+07 1.306718057490931627e-29
4.994505115855139494e+07 7.331250234233732050e-30
5.542664520663107187e+07 3.875623014459292352e-30
6.150985788580504060e+07 1.902805766852115160e-30
6.826071834272393584e+07 8.575955623973047481e-31
7.575250258771920204e+07 3.533006807324876241e-31
8.406652885618332028e+07 1.338686478332684740e-31
9.329304026284696162e+07 4.364241489299324374e-32
1.035321843295663744e+08 7.944756915844911060e-33
1.148951000187308788e+08 1.211061076882272536e-34
