1.000000000000000000e+02 5.877164816511732169e-15
1.109752496412072134e+02 4.665114931856814181e-15
1.231550603292826196e+02 3.696585098144714005e-15
1.366716356462005990e+02 2.924232482584965976e-15
1.516716888470922413e+02 2.311893267044881281e-15
1.683180353330956791e+02 1.827290724479919807e-15
1.867913599020782840e+02 1.446414779909939198e-15
2.072921779595371845e+02 1.147816261264026209e-15
2.300430119772916839e+02 9.145836136183145649e-16
2.552908068239516410e+02 7.321839845710570503e-16
2.833096101839323637e+02 5.899854984284723944e-16
3.144035471591500368e+02 4.788999957649598522e-16
3.489101213406774491e+02 3.918180657098029693e-16
3.872038781812557318e+02 3.233362024330339307e-16
4.297004704320843871e+02 2.689978213567165911e-16
4.768611697714468960e+02 2.255582718891297082e-16
5.291978735958442712e+02 1.905109197666983024e-16
5.872786613189482523e+02 1.619324726796815591e-16
6.517339604882420190e+02 1.382984193171045738e-16
7.232633896483533817e+02 1.186018776761196821e-16
8.026433522257173081e+02 1.020615108764861202e-16
8.907354638610439679e+02 8.797798769241286964e-17
9.884959046625587007e+02 7.592301227418705870e-17
1.096985797892383971e+03 6.555038515628587331e-17
1.217382727739662187e+03 5.656834017658087160e-17
1.350993521198027793e+03 4.877229342734052090e-17
1.499268432786045423e+03 4.199802036005705018e-17
1.663816886076128640e+03 3.610382679991065255e-17
1.846424942895544291e+03 3.095423707411830165e-17
2.049074689815845886e+03 2.647749751141591581e-17
2.273965752357927613e+03 2.259565945038783933e-17
2.523539170434765765e+03 1.922610554527299786e-17
2.800503894183631019e+03 1.629535686841444629e-17
3.107866187782013640e+03 1.376151465710407457e-17
3.448962260405759935e+03 1.158974176405863848e-17
3.827494478516314757e+03 9.727954253267078763e-18
4.247571552536898707e+03 8.127171169125825879e-18
4.713753134116724141e+03 6.763696438047131448e-18
5.231099308056262998e+03 5.610909692040364167e-18
5.805225516094896193e+03 4.638203231011855364e-18
6.442363508721369726e+03 3.817253712017313023e-18
7.149428986597576113e+03 3.133137948332586893e-18
7.934096665797491369e+03 2.562992255090747150e-18
8.804883581643463913e+03 2.095889028651021448e-18
9.771241535346502133e+03 1.704003961562796224e-18
1.084365968689610963e+04 1.386542499947261444e-18
1.203377840777589154e+04 1.127098545295918933e-18
1.335451562929898682e+04 9.172023592224169471e-19
1.482020705798858762e+04 7.468289481231964154e-19
1.644676177994664249e+04 6.092938524517917334e-19
1.825183494319044257e+04 4.982973441712315735e-19
2.025501939230666540e+04 4.085446464982247911e-19
2.247805833548725059e+04 3.358856947847691898e-19
2.494508135230316839e+04 2.769149651683900266e-19
2.768286630392066581e+04 2.289278774008548889e-19
3.072112998861759115e+04 1.896770390431447100e-19
3.409285069746814406e+04 1.574812964771379847e-19
3.783462617131928710e+04 1.309649183995015368e-19
4.198707084443910571e+04 1.090851936682617732e-19
4.659525668664683326e+04 9.090736216233164159e-20
5.170920242896761192e+04 7.581200284360091258e-20
5.738441648302398244e+04 6.325628722344306636e-20
6.368249944718585903e+04 5.275967351515974565e-20
7.067181273927491566e+04 4.399615986600712828e-20
7.842822061337680498e+04 3.668241441265436384e-20
8.703591361485165544e+04 3.056402620064704452e-20
9.658832241158708348e+04 2.545053489871270367e-20
1.071891319205127511e+05 2.118225589221761698e-20
1.189534067370319535e+05 1.762041700928104437e-20
1.320088400831418112e+05 1.464857577196184494e-20
1.464971398307286145e+05 1.217080829319527639e-20
1.625755666443794908e+05 1.010777941731925492e-20
1.804186409392071655e+05 8.388864407165967920e-21
2.002200371815584658e+05 6.959021926299034373e-21
2.221946860939523904e+05 5.769659323556082503e-21
2.465811075822604180e+05 4.781115634681112361e-21
2.736439997074671555e+05 3.959484401916467945e-21
3.036771118035460822e+05 3.277075296866259639e-21
3.370064329271928291e+05 2.710605720507235137e-21
3.739937302478798083e+05 2.240558717142687323e-21
4.150404757850476308e+05 1.850561654563979661e-21
4.605922041145108524e+05 1.527255393743047068e-21
5.111433483440171112e+05 1.259401761761245908e-21
5.672426068491977639e+05 1.037629590387057763e-21
6.294988990221888525e+05 8.541810099668012687e-22
6.985879746785250027e+05 7.023686673356529287e-22
7.752597488629464060e+05 5.769917013266837493e-22
8.603464416684507160e+05 4.735422214896548420e-22
9.547716114208066138e+05 3.882382964493826630e-22
1.059560179277617019e+06 3.179349575781473574e-22
1.175849554052158026e+06 2.600865769567420354e-22
1.304901978014401859e+06 2.125330930394084419e-22
1.448118227674532915e+06 1.734411519223213231e-22
1.607052818261638284e+06 1.413029926423183007e-22
1.783430876931909472e+06 1.150181722934628153e-22
1.979166867853557458e+06 9.339918216505320963e-23
2.196385372416546568e+06 7.571988921623124476e-23
2.437444150122222025e+06 6.130712467351860015e-23
2.704959730463137385e+06 4.945258936436400685e-23
3.001835813575591892e+06 3.983721386705021168e-23
3.331294787934676744e+06 3.198707410130760383e-23
3.696912707195031922e+06 2.559458204299126667e-23
4.102658105827190448e+06 2.041979275398671536e-23
4.552935074866947718e+06 1.621684966846375573e-23
5.052631065335679799e+06 1.280786647576948971e-23
5.607169938205458224e+06 1.008658061411870355e-23
6.222570836730230600e+06 7.888661965221716106e-24
6.905513520162330940e+06 6.129833428701199935e-24
7.663410868007462472e+06 4.728256844498004803e-24
8.504489341802684590e+06 3.616167021726547386e-24
9.437878277775391936e+06 2.739661753422150927e-24
1.047370897959450819e+07 2.053945481849689734e-24
1.162322468679854274e+07 1.522127948016986396e-24
1.289890261253307760e+07 1.112709912762292956e-24
1.431458937523478456e+07 8.021386991736631385e-25
1.588565129428052530e+07 5.693158062840886784e-25
1.762914118095947802e+07 3.977531363358145362e-25
1.956398343517064676e+07 2.730099315818208972e-25
2.171117945694505423e+07 1.841664116719976389e-25
2.409403560239527002e+07 1.219218377132352621e-25
2.673841615839949250e+07 7.893135140144467052e-26
2.967302408188872784e+07 4.965207309730369975e-26
3.292971255097155273e+07 3.000380271367755286e-26
3.654383070957254618e+07 1.701950984327436206e-26
4.055460735840827972e+07 8.899585492731691359e-27
4.500557675700496882e+07 4.175069085500253054e-27
4.994505115855139494e+07 1.709284465343425700e-27
5.542664520663107187e+07 5.961376491477619710e-28
6.150985788580504060e+07 1.735749185069921999e-28
6.826071834272393584e+07 4.106809222404454692e-29
7.575250258771920204e+07 7.673839318984761972e-30
8.406652885618332028e+07 1.095689865864914401e-30
9.329304026284696162e+07 1.145732735723003952e-31
1.035321843295663744e+08 8.377926149239318155e-33
1.148951000187308788e+08 4.101987662265783225e-34
1.275051240713012964e+08 1.268007747221290374e-35
1.414991297434575856e+08 2.306632756092510022e-37
1.570290124729377627e+08 2.261277145864514760e-39
1.742633386009651124e+08 1.087806371938502125e-41
1.933891750455232263e+08 2.247934306455201999e-44
2.146141197858406007e+08 1.657226560332861610e-47
2.381685551976160705e+08 3.348548548172654563e-51
2.643081486974108517e+08 8.631583686874383214e-56
2.933166278390048146e+08 1.047520910052437373e-61
