1.000000000000000000e+02 6.091613999130208736e-15
1.109752496412072134e+02 5.251949002251457793e-15
1.231550603292826196e+02 4.521430632157945252e-15
1.366716356462005990e+02 3.892945245575865650e-15
1.516716888470922413e+02 3.346701347166204832e-15
1.683180353330956791e+02 2.877397918451084388e-15
1.867913599020782840e+02 2.472213989942252290e-15
2.072921779595371845e+02 2.122774766997986579e-15
2.300430119772916839e+02 1.822582412563533364e-15
2.552908068239516410e+02 1.563577355483637744e-15
2.833096101839323637e+02 1.341448305428967616e-15
3.144035471591500368e+02 1.149710495193134261e-15
3.489101213406774491e+02 9.850550480296127939e-16
3.872038781812557318e+02 8.430336429860735570e-16
4.297004704320843871e+02 7.207076360821850891e-16
4.768611697714468960e+02 6.153104837421126189e-16
5.291978735958442712e+02 5.246850098789142523e-16
5.872786613189482523e+02 4.462730308143018654e-16
6.517339604882420190e+02 3.791270537646289300e-16
7.232633896483533817e+02 3.209807967171192972e-16
8.026433522257173081e+02 2.713645354385465202e-16
8.907354638610439679e+02 2.287241578552958401e-16
9.884959046625587007e+02 1.920637013868992746e-16
1.096985797892383971e+03 1.610513967252823046e-16
1.217382727739662187e+03 1.344697315976668452e-16
1.350993521198027793e+03 1.120406292728257518e-16
1.499268432786045423e+03 9.309448968656154422e-17
1.663816886076128640e+03 7.706961978746979840e-17
1.846424942895544291e+03 6.370159233928963397e-17
2.049074689815845886e+03 5.252691556322323093e-17
2.273965752357927613e+03 4.327273610686540318e-17
2.523539170434765765e+03 3.557255339003399324e-17
2.800503894183631019e+03 2.927828019187545129e-17
3.107866187782013640e+03 2.407457603341570953e-17
3.448962260405759935e+03 1.982738959279733621e-17
3.827494478516314757e+03 1.636151583426991518e-17
4.247571552536898707e+03 1.352209661971757801e-17
4.713753134116724141e+03 1.122278853596015689e-17
5.231099308056262998e+03 9.332681560759607873e-18
5.805225516094896193e+03 7.798515299385756837e-18
6.442363508721369726e+03 6.533932263221447826e-18
7.149428986597576113e+03 5.469043861608390389e-18
7.934096665797491369e+03 4.633405887566374295e-18
8.804883581643463913e+03 3.916967052686080800e-18
9.771241535346502133e+03 3.316208250793523525e-18
1.084365968689610963e+04 2.811274958366501872e-18
1.203377840777589154e+04 2.387430754920904037e-18
1.335451562929898682e+04 2.022091678041922060e-18
1.482020705798858762e+04 1.712846535826759224e-18
1.644676177994664249e+04 1.449937517382713243e-18
1.825183494319044257e+04 1.225412944746912678e-18
2.025501939230666540e+04 1.033281011783969684e-18
2.247805833548725059e+04 8.689609308152713263e-19
2.494508135230316839e+04 7.289994346835217990e-19
2.768286630392066581e+04 6.100355127143322038e-19
3.072112998861759115e+04 5.090406621856676381e-19
3.409285069746814406e+04 4.235626671204902598e-19
3.783462617131928710e+04 3.513724189438280038e-19
4.198707084443910571e+04 2.906824466638363373e-19
4.659525668664683326e+04 2.398787059903690970e-19
5.170920242896761192e+04 1.974414692667522646e-19
5.738441648302398244e+04 1.622069799274517377e-19
6.368249944718585903e+04 1.331005036177241377e-19
7.067181273927491566e+04 1.091732321434831691e-19
7.842822061337680498e+04 8.958732451567480489e-20
8.703591361485165544e+04 7.361965734569655854e-20
9.658832241158708348e+04 6.063975112875528085e-20
1.071891319205127511e+05 5.009701415670684727e-20
1.189534067370319535e+05 4.152606490974116785e-20
1.320088400831418112e+05 3.453682822806095904e-20
1.464971398307286145e+05 2.880655945708953432e-20
1.625755666443794908e+05 2.408181894082066641e-20
1.804186409392071655e+05 2.016190843415179654e-20
2.002200371815584658e+05 1.688957758571055259e-20
2.221946860939523904e+05 1.415018191177177367e-20
2.465811075822604180e+05 1.184968742165468179e-20
2.736439997074671555e+05 9.917671517857792488e-21
3.036771118035460822e+05 8.296615092153618930e-21
3.370064329271928291e+05 6.935868103493052772e-21
3.739937302478798083e+05 5.794188795421004689e-21
4.150404757850476308e+05 4.837254158509088149e-21
4.605922041145108524e+05 4.035860775220757983e-21
5.111433483440171112e+05 3.364496604718094438e-21
5.672426068491977639e+05 2.802393008306452909e-21
6.294988990221888525e+05 2.332354423606965930e-21
6.985879746785250027e+05 1.939357623299192490e-21
7.752597488629464060e+05 1.610811859235168646e-21
8.603464416684507160e+05 1.336422173198803658e-21
9.547716114208066138e+05 1.107708479586676386e-21
1.059560179277617019e+06 9.168618706435356972e-22
1.175849554052158026e+06 7.581421033476746434e-22
1.304901978014401859e+06 6.256917375027924564e-22
1.448118227674532915e+06 5.155959258915780086e-22
1.607052818261638284e+06 4.240819238499076989e-22
1.783430876931909472e+06 3.482395898331724637e-22
1.979166867853557458e+06 2.853824886960040514e-22
2.196385372416546568e+06 2.333408735858492015e-22
2.437444150122222025e+06 1.902592449754868557e-22
2.704959730463137385e+06 1.547195644153824947e-22
3.001835813575591892e+06 1.254985552489633546e-22
3.331294787934676744e+06 1.014385650674581231e-22
3.696912707195031922e+06 8.171377546653287693e-23
4.102658105827190448e+06 6.556926514220612216e-23
4.552935074866947718e+06 5.242540101446402234e-23
5.052631065335679799e+06 4.171874722188302592e-23
5.607169938205458224e+06 3.307589590878382820e-23
6.222570836730230600e+06 2.608541562281627728e-23
6.905513520162330940e+06 2.046774502547809176e-23
7.663410868007462472e+06 1.597318666898688783e-23
8.504489341802684590e+06 1.238907690218563237e-23
9.437878277775391936e+06 9.545299814384782888e-24
1.047370897959450819e+07 7.298035644852345264e-24
1.162322468679854274e+07 5.534176677392777633e-24
1.289890261253307760e+07 4.153110076634110501e-24
1.431458937523478456e+07 3.078389909576521596e-24
1.588565129428052530e+07 2.251111585400452048e-24
1.762914118095947802e+07 1.620461837491937660e-24
1.956398343517064676e+07 1.144078905828723521e-24
2.171117945694505423e+07 7.853815442045717738e-25
2.409403560239527002e+07 5.180248789077669477e-25
2.673841615839949250e+07 3.212849456155212532e-25
2.967302408188872784e+07 1.804192002367762422e-25
3.292971255097155273e+07 8.515394098710127903e-26
3.654383070957254618e+07 2.830389253220199210e-26
4.055460735840827972e+07 3.892304021563125767e-27
4.500557675700496882e+07 1.919783964834470022e-28
