1.000000000000000000e+02 2.924686735527606879e-13
1.109752496412072134e+02 2.589382443979945826e-13
1.231550603292826196e+02 2.292220054034366874e-13
1.366716356462005990e+02 2.028510563269536644e-13
1.516716888470922413e+02 1.794736685640692601e-13
1.683180353330956791e+02 1.587344991655577714e-13
1.867913599020782840e+02 1.403625468866317485e-13
2.072921779595371845e+02 1.240798466559636440e-13
2.300430119772916839e+02 1.096590552398805313e-13
2.552908068239516410e+02 9.688555395852305360e-14
2.833096101839323637e+02 8.557202187075413735e-14
3.144035471591500368e+02 7.554885835844195654e-14
3.489101213406774491e+02 6.668553147764446849e-14
3.872038781812557318e+02 5.883989003248261557e-14
4.297004704320843871e+02 5.190043132140127857e-14
4.768611697714468960e+02 4.576198219541192991e-14
5.291978735958442712e+02 4.033619506697001078e-14
5.872786613189482523e+02 3.554047076306307403e-14
6.517339604882420190e+02 3.130232191286956343e-14
7.232633896483533817e+02 2.755815220852155272e-14
8.026433522257173081e+02 2.425304205163790932e-14
8.907354638610439679e+02 2.133374806351804468e-14
9.884959046625587007e+02 1.875856899863615339e-14
1.096985797892383971e+03 1.648725209499103012e-14
1.217382727739662187e+03 1.448461342064624538e-14
1.350993521198027793e+03 1.271876787636485576e-14
1.499268432786045423e+03 1.116259421878421846e-14
1.663816886076128640e+03 9.792715441423835886e-15
1.846424942895544291e+03 8.586252036111026837e-15
2.049074689815845886e+03 7.524944220638955627e-15
2.273965752357927613e+03 6.591048449032823364e-15
2.523539170434765765e+03 5.770434807540075410e-15
2.800503894183631019e+03 5.048578709558907559e-15
3.107866187782013640e+03 4.414577751766745949e-15
3.448962260405759935e+03 3.858281575369580313e-15
3.827494478516314757e+03 3.369778487701004892e-15
4.247571552536898707e+03 2.941542559391129545e-15
4.713753134116724141e+03 2.565723726425155251e-15
5.231099308056262998e+03 2.236714798206971164e-15
5.805225516094896193e+03 1.948559260743453272e-15
6.442363508721369726e+03 1.696261724566135536e-15
7.149428986597576113e+03 1.475657754545371780e-15
7.934096665797491369e+03 1.282710541048756448e-15
8.804883581643463913e+03 1.114299826515924631e-15
9.771241535346502133e+03 9.670818324718319403e-16
1.084365968689610963e+04 8.387933706209944136e-16
1.203377840777589154e+04 7.267812084629543502e-16
1.335451562929898682e+04 6.293018199519533989e-16
1.482020705798858762e+04 5.443272490913921926e-16
1.644676177994664249e+04 4.704327811756903148e-16
1.825183494319044257e+04 4.061928733089063293e-16
2.025501939230666540e+04 3.503985199399618716e-16
2.247805833548725059e+04 3.019225823678764103e-16
2.494508135230316839e+04 2.599374347795677175e-16
2.768286630392066581e+04 2.234849350880168928e-16
3.072112998861759115e+04 1.919705360168671661e-16
3.409285069746814406e+04 1.646879357042996970e-16
3.783462617131928710e+04 1.411333065265364564e-16
4.198707084443910571e+04 1.207871201680076141e-16
4.659525668664683326e+04 1.032487774706549163e-16
5.170920242896761192e+04 8.813177986099402046e-17
5.738441648302398244e+04 7.513509498917440736e-17
6.368249944718585903e+04 6.395314026257306524e-17
7.067181273927491566e+04 5.436940584591878194e-17
7.842822061337680498e+04 4.613967435752573209e-17
8.703591361485165544e+04 3.911044917169407251e-17
9.658832241158708348e+04 3.308595241265112091e-17
1.071891319205127511e+05 2.795491134197951766e-17
1.189534067370319535e+05 2.357330039169692090e-17
1.320088400831418112e+05 1.985201281300751450e-17
1.464971398307286145e+05 1.668611486099614776e-17
1.625755666443794908e+05 1.400323692304781277e-17
1.804186409392071655e+05 1.173011413927932140e-17
2.002200371815584658e+05 9.809597582992815121e-18
2.221946860939523904e+05 8.188635085087917313e-18
2.465811075822604180e+05 6.823653045860974119e-18
2.736439997074671555e+05 5.675741695255214649e-18
3.036771118035460822e+05 4.713391751415607499e-18
3.370064329271928291e+05 3.906275783792961975e-18
3.739937302478798083e+05 3.230916429354777586e-18
4.150404757850476308e+05 2.668741349465484547e-18
4.605922041145108524e+05 2.199727764495544337e-18
5.111433483440171112e+05 1.810066154389836046e-18
5.672426068491977639e+05 1.486232880098567853e-18
6.294988990221888525e+05 1.218271601296047409e-18
6.985879746785250027e+05 9.964357388826002361e-19
7.752597488629464060e+05 8.136203535790512492e-19
8.603464416684507160e+05 6.628498124228311614e-19
9.547716114208066138e+05 5.388286900906092279e-19
1.059560179277617019e+06 4.371953220828172191e-19
1.175849554052158026e+06 3.539109681816570042e-19
1.304901978014401859e+06 2.858093250162028345e-19
1.448118227674532915e+06 2.303066340897022435e-19
1.607052818261638284e+06 1.851418942728593648e-19
1.783430876931909472e+06 1.484441492083458256e-19
1.979166867853557458e+06 1.187342824498104323e-19
2.196385372416546568e+06 9.473196775327744345e-20
2.437444150122222025e+06 7.542034935400997077e-20
2.704959730463137385e+06 5.980861888482822821e-20
3.001835813575591892e+06 4.733402304325253546e-20
3.331294787934676744e+06 3.733502185468625247e-20
3.696912707195031922e+06 2.936922964529412689e-20
4.102658105827190448e+06 2.303355036969297107e-20
4.552935074866947718e+06 1.800576712088335123e-20
5.052631065335679799e+06 1.403113071918580739e-20
5.607169938205458224e+06 1.088273677914886013e-20
6.222570836730230600e+06 8.411641521069479922e-21
6.905513520162330940e+06 6.474147652937417063e-21
7.663410868007462472e+06 4.956245693930946801e-21
8.504489341802684590e+06 3.773745988238742198e-21
9.437878277775391936e+06 2.857119208089848636e-21
1.047370897959450819e+07 2.149111836522116363e-21
1.162322468679854274e+07 1.603633214283112195e-21
1.289890261253307760e+07 1.186708549037123329e-21
1.431458937523478456e+07 8.712254778439657702e-22
1.588565129428052530e+07 6.328872078770610265e-22
1.762914118095947802e+07 4.544231474445109648e-22
1.956398343517064676e+07 3.216163908327995792e-22
2.171117945694505423e+07 2.247622597276133371e-22
2.409403560239527002e+07 1.535925699680995124e-22
2.673841615839949250e+07 1.033148111522440648e-22
2.967302408188872784e+07 6.749449165901010151e-23
3.292971255097155273e+07 4.294457755280897140e-23
3.654383070957254618e+07 2.648657331127212120e-23
4.055460735840827972e+07 1.579162848723993804e-23
4.500557675700496882e+07 9.082870704716932083e-24
4.994505115855139494e+07 5.018112931337652059e-24
5.542664520663107187e+07 2.639770592530979042e-24
6.150985788580504060e+07 1.294010700428753150e-24
6.826071834272393584e+07 5.654670971091399810e-25
7.575250258771920204e+07 2.033054163931947954e-25
8.406652885618332028e+07 5.386790699757859284e-26
9.329304026284696162e+07 9.432451428062336224e-27
1.035321843295663744e+08 9.733058565678591360e-28
1.148951000187308788e+08 5.050076230626251232e-29
1.275051240713012964e+08 1.031577838751635152e-30
1.414991297434575856e+08 4.083239205371987025e-33
