1.000000000000000000e+02 2.377247826887180609e-13
1.109752496412072134e+02 2.052196679749094948e-13
1.231550603292826196e+02 1.769052172833046363e-13
1.366716356462005990e+02 1.523946006881246043e-13
1.516716888470922413e+02 1.311104008731249697e-13
1.683180353330956791e+02 1.126387039180931339e-13
1.867913599020782840e+02 9.664229531555158399e-14
2.072921779595371845e+02 8.277506641380036434e-14
2.300430119772916839e+02 7.078982946976635959e-14
2.552908068239516410e+02 6.039751105776577252e-14
2.833096101839323637e+02 5.140708307036191850e-14
3.144035471591500368e+02 4.365054002249024090e-14
3.489101213406774491e+02 3.694287733999536877e-14
3.872038781812557318e+02 3.117437637663894668e-14
4.297004704320843871e+02 2.622802760529463320e-14
4.768611697714468960e+02 2.197805407753488372e-14
5.291978735958442712e+02 1.834634387862726600e-14
5.872786613189482523e+02 1.525149908778523316e-14
6.517339604882420190e+02 1.262452997473868673e-14
7.232633896483533817e+02 1.041208306488833951e-14
8.026433522257173081e+02 8.550285479009373295e-15
8.907354638610439679e+02 6.990765872172909230e-15
9.884959046625587007e+02 5.691441181414978059e-15
1.096985797892383971e+03 4.620125177439028227e-15
1.217382727739662187e+03 3.737177280666074915e-15
1.350993521198027793e+03 3.013390832731023528e-15
1.499268432786045423e+03 2.424944458657669454e-15
1.663816886076128640e+03 1.948199105987037504e-15
1.846424942895544291e+03 1.564048242377362465e-15
2.049074689815845886e+03 1.255694141014919788e-15
2.273965752357927613e+03 1.008971311201181604e-15
2.523539170434765765e+03 8.124206632956584947e-16
2.800503894183631019e+03 6.557598567905774433e-16
3.107866187782013640e+03 5.311958197340740982e-16
3.448962260405759935e+03 4.313884430567939808e-16
3.827494478516314757e+03 3.514392255851752828e-16
4.247571552536898707e+03 2.877558381483735304e-16
4.713753134116724141e+03 2.361371797354041132e-16
5.231099308056262998e+03 1.939941630625009048e-16
5.805225516094896193e+03 1.598769601642283436e-16
6.442363508721369726e+03 1.319982494805613430e-16
7.149428986597576113e+03 1.088663658558541369e-16
7.934096665797491369e+03 8.977467419618765255e-17
8.804883581643463913e+03 7.400088828920211950e-17
9.771241535346502133e+03 6.089674304129132736e-17
1.084365968689610963e+04 5.001814705379210524e-17
1.203377840777589154e+04 4.096236301769418218e-17
1.335451562929898682e+04 3.339553169732117404e-17
1.482020705798858762e+04 2.712885409729039866e-17
1.644676177994664249e+04 2.195654648365521637e-17
1.825183494319044257e+04 1.768376594887046063e-17
2.025501939230666540e+04 1.418997944030977262e-17
2.247805833548725059e+04 1.128748286388784867e-17
2.494508135230316839e+04 8.894144027441333564e-18
2.768286630392066581e+04 6.962271368345715051e-18
3.072112998861759115e+04 5.401658593606161596e-18
3.409285069746814406e+04 4.156136458354328437e-18
3.783462617131928710e+04 3.157163600367905559e-18
4.198707084443910571e+04 2.361571002509085466e-18
4.659525668664683326e+04 1.737932112806897970e-18
5.170920242896761192e+04 1.257062390376105746e-18
5.738441648302398244e+04 8.908738081172850526e-19
6.368249944718585903e+04 6.174281790323808083e-19
7.067181273927491566e+04 4.168905959738944574e-19
7.842822061337680498e+04 2.729539269766366079e-19
8.703591361485165544e+04 1.724209217597116059e-19
9.658832241158708348e+04 1.046795586997847851e-19
1.071891319205127511e+05 6.119688741950896971e-20
1.189534067370319535e+05 3.496617331828265590e-20
1.320088400831418112e+05 2.011409511868261808e-20
1.464971398307286145e+05 1.212523301312044225e-20
1.625755666443794908e+05 7.913436200273523668e-21
1.804186409392071655e+05 5.628114050620846988e-21
2.002200371815584658e+05 4.285533605055255889e-21
2.221946860939523904e+05 3.404251747278577117e-21
2.465811075822604180e+05 2.764905503005794942e-21
2.736439997074671555e+05 2.267245816999804289e-21
3.036771118035460822e+05 1.864376645920920570e-21
3.370064329271928291e+05 1.534193240585468277e-21
3.739937302478798083e+05 1.260152033065063768e-21
4.150404757850476308e+05 1.033287433565716310e-21
4.605922041145108524e+05 8.455139217196335472e-22
5.111433483440171112e+05 6.903258254886517246e-22
5.672426068491977639e+05 5.622024113494069191e-22
6.294988990221888525e+05 4.566621475338873350e-22
6.985879746785250027e+05 3.699214588531489759e-22
7.752597488629464060e+05 2.987790703053672728e-22
8.603464416684507160e+05 2.405791426977074386e-22
9.547716114208066138e+05 1.930948412838053370e-22
1.059560179277617019e+06 1.544584324648279204e-22
1.175849554052158026e+06 1.229795823436340524e-22
1.304901978014401859e+06 9.775121262462662095e-23
1.448118227674532915e+06 7.725824574612432862e-23
1.607052818261638284e+06 6.084303551998288491e-23
1.783430876931909472e+06 4.760914255496214990e-23
1.979166867853557458e+06 3.705485268858383599e-23
2.196385372416546568e+06 2.866549387207691544e-23
2.437444150122222025e+06 2.193351315368560444e-23
2.704959730463137385e+06 1.668504791504836489e-23
3.001835813575591892e+06 1.255683292280443819e-23
3.331294787934676744e+06 9.346412377130688125e-24
3.696912707195031922e+06 6.902241154240958043e-24
4.102658105827190448e+06 5.034293233617991021e-24
4.552935074866947718e+06 3.631319778786324010e-24
5.052631065335679799e+06 2.591512014415672167e-24
5.607169938205458224e+06 1.830690671507818219e-24
6.222570836730230600e+06 1.282054288564452693e-24
6.905513520162330940e+06 8.926951485848504166e-25
7.663410868007462472e+06 6.195887159265720699e-25
8.504489341802684590e+06 4.302811157902784599e-25
9.437878277775391936e+06 2.998567035385039889e-25
1.047370897959450819e+07 2.103347706030031271e-25
1.162322468679854274e+07 1.485199573200390730e-25
1.289890261253307760e+07 1.054802526230602469e-25
1.431458937523478456e+07 7.523917951176273864e-26
1.588565129428052530e+07 5.381195894981915417e-26
1.762914118095947802e+07 3.855722212353843323e-26
1.956398343517064676e+07 2.764279996443197865e-26
2.171117945694505423e+07 1.981435694033926317e-26
2.409403560239527002e+07 1.418354009164609430e-26
2.673841615839949250e+07 1.013635824940617689e-26
2.967302408188872784e+07 7.220578062268053281e-27
3.292971255097155273e+07 5.125052940342258078e-27
3.654383070957254618e+07 3.621092493041234403e-27
4.055460735840827972e+07 2.544495623101520705e-27
4.500557675700496882e+07 1.776163426405606456e-27
4.994505115855139494e+07 1.230155515221103107e-27
5.542664520663107187e+07 8.439878886921188747e-28
6.150985788580504060e+07 5.726452452925614195e-28
6.826071834272393584e+07 3.832191313524707831e-28
7.575250258771920204e+07 2.523309901629467664e-28
8.406652885618332028e+07 1.627717263452003616e-28
9.329304026284696162e+07 1.023630686090167034e-28
1.035321843295663744e+08 6.230500745736792850e-29
1.148951000187308788e+08 3.632446621775753844e-29
1.275051240713012964e+08 1.997361468771255813e-29
1.414991297434575856e+08 1.007752250725673859e-29
1.570290124729377627e+08 4.403919835152684400e-30
1.742633386009651124e+08 1.383152841187386089e-30
1.933891750455232263e+08 8.165383220355043957e-32
