1.000000000000000000e+02 3.030158568164626375e-14
1.109752496412072134e+02 2.557396903913090906e-14
1.231550603292826196e+02 2.155359245376707469e-14
1.366716356462005990e+02 1.815233408548724992e-14
1.516716888470922413e+02 1.526647270541790149e-14
1.683180353330956791e+02 1.283398583912862037e-14
1.867913599020782840e+02 1.077219760899207225e-14
2.072921779595371845e+02 9.037890336059514899e-15
2.300430119772916839e+02 7.573443907221161280e-15
2.552908068239516410e+02 6.343347870627651272e-15
2.833096101839323637e+02 5.307300352010833283e-15
3.144035471591500368e+02 4.437572737180052950e-15
3.489101213406774491e+02 3.708235157457800840e-15
3.872038781812557318e+02 3.096315434432177354e-15
4.297004704320843871e+02 2.584699793590849886e-15
4.768611697714468960e+02 2.156055326236902963e-15
5.291978735958442712e+02 1.798043432038180808e-15
5.872786613189482523e+02 1.498742582114971095e-15
6.517339604882420190e+02 1.248773111088173871e-15
7.232633896483533817e+02 1.040172197650870928e-15
8.026433522257173081e+02 8.661426988990233352e-16
8.907354638610439679e+02 7.208667059967922337e-16
9.884959046625587007e+02 5.998410578287289963e-16
1.096985797892383971e+03 4.988884184137100711e-16
1.217382727739662187e+03 4.148328215431877608e-16
1.350993521198027793e+03 3.447445251501986536e-16
1.499268432786045423e+03 2.864243984088721636e-16
1.663816886076128640e+03 2.378457228060092430e-16
1.846424942895544291e+03 1.974069459420719121e-16
2.049074689815845886e+03 1.637799545764157422e-16
2.273965752357927613e+03 1.358111146509799097e-16
2.523539170434765765e+03 1.125701704573990478e-16
2.800503894183631019e+03 9.325802553884182855e-17
3.107866187782013640e+03 7.723231941046769282e-17
3.448962260405759935e+03 6.393210766353556253e-17
3.827494478516314757e+03 5.289028521970062101e-17
4.247571552536898707e+03 4.374352961347321482e-17
4.713753134116724141e+03 3.616053679300922472e-17
5.231099308056262998e+03 2.988475473257992975e-17
5.805225516094896193e+03 2.468648132318252358e-17
6.442363508721369726e+03 2.038669206660419835e-17
7.149428986597576113e+03 1.682966695410137144e-17
7.934096665797491369e+03 1.388727291192209696e-17
8.804883581643463913e+03 1.145581031373967489e-17
9.771241535346502133e+03 9.446810495744780998e-18
1.084365968689610963e+04 7.787505800984401794e-18
1.203377840777589154e+04 6.416677657660245339e-18
1.335451562929898682e+04 5.284670331916906801e-18
1.482020705798858762e+04 4.350541811574121296e-18
1.644676177994664249e+04 3.579795587198880148e-18
1.825183494319044257e+04 2.943882124740691108e-18
2.025501939230666540e+04 2.419618846863670018e-18
2.247805833548725059e+04 1.987316454694195424e-18
2.494508135230316839e+04 1.631132703586505177e-18
2.768286630392066581e+04 1.337975459919985715e-18
3.072112998861759115e+04 1.096619457524062777e-18
3.409285069746814406e+04 8.981009998029515153e-19
3.783462617131928710e+04 7.348916709745388041e-19
4.198707084443910571e+04 6.008263426154496023e-19
4.659525668664683326e+04 4.907971683208972861e-19
5.170920242896761192e+04 4.005367512355361326e-19
5.738441648302398244e+04 3.265454074936135410e-19
6.368249944718585903e+04 2.659702058397323024e-19
7.067181273927491566e+04 2.164092957912457063e-19
7.842822061337680498e+04 1.759282081112289822e-19
8.703591361485165544e+04 1.428745898735885792e-19
9.658832241158708348e+04 1.159105061659088424e-19
1.071891319205127511e+05 9.394874927546884796e-20
1.189534067370319535e+05 7.609528692140002170e-20
1.320088400831418112e+05 6.158554453873451601e-20
1.464971398307286145e+05 4.981245934224806181e-20
1.625755666443794908e+05 4.026334160631026439e-20
1.804186409392071655e+05 3.253059771436298218e-20
2.002200371815584658e+05 2.626800302071705274e-20
2.221946860939523904e+05 2.120211819207627875e-20
2.465811075822604180e+05 1.710174414018123773e-20
2.736439997074671555e+05 1.378937041262850944e-20
3.036771118035460822e+05 1.111121812171169968e-20
3.370064329271928291e+05 8.948575614011175683e-21
3.739937302478798083e+05 7.201947419695667149e-21
4.150404757850476308e+05 5.793074989379798225e-21
4.605922041145108524e+05 4.656799393861739452e-21
5.111433483440171112e+05 3.740922631316918997e-21
5.672426068491977639e+05 3.003109430384521235e-21
6.294988990221888525e+05 2.409297534924455998e-21
6.985879746785250027e+05 1.931344165473624642e-21
7.752597488629464060e+05 1.547032089257092766e-21
8.603464416684507160e+05 1.238316004766518149e-21
9.547716114208066138e+05 9.904099448005189762e-22
1.059560179277617019e+06 7.913402857962952013e-22
1.175849554052158026e+06 6.318131024949538413e-22
1.304901978014401859e+06 5.039415373986716164e-22
1.448118227674532915e+06 4.015698352433616174e-22
1.607052818261638284e+06 3.197064445749732626e-22
1.783430876931909472e+06 2.542082046468445168e-22
1.979166867853557458e+06 2.019268482817189963e-22
2.196385372416546568e+06 1.602329307936844277e-22
2.437444150122222025e+06 1.270043124918009874e-22
2.704959730463137385e+06 1.005184449089995272e-22
3.001835813575591892e+06 7.945943544839571737e-23
3.331294787934676744e+06 6.273040857376115081e-23
3.696912707195031922e+06 4.945078014910909757e-23
4.102658105827190448e+06 3.892297358444744831e-23
4.552935074866947718e+06 3.059418680049226711e-23
5.052631065335679799e+06 2.400646118299494992e-23
5.607169938205458224e+06 1.880485271945673444e-23
6.222570836730230600e+06 1.470507662583201660e-23
6.905513520162330940e+06 1.147769532445954723e-23
7.663410868007462472e+06 8.940259711390129627e-24
8.504489341802684590e+06 6.949830340579486346e-24
9.437878277775391936e+06 5.389255438700093784e-24
1.047370897959450819e+07 4.169941035964643286e-24
1.162322468679854274e+07 3.218753939869673756e-24
1.289890261253307760e+07 2.476909523050680210e-24
1.431458937523478456e+07 1.900714184875916253e-24
1.588565129428052530e+07 1.454071609521089138e-24
1.762914118095947802e+07 1.108813604047225381e-24
1.956398343517064676e+07 8.418537352360244025e-25
2.171117945694505423e+07 6.366410092332186696e-25
2.409403560239527002e+07 4.790054060696039450e-25
2.673841615839949250e+07 3.583783786616536750e-25
2.967302408188872784e+07 2.667817791465653744e-25
3.292971255097155273e+07 1.970275708784392002e-25
3.654383070957254618e+07 1.442618034405199042e-25
4.055460735840827972e+07 1.046393458577896022e-25
4.500557675700496882e+07 7.538805271187305454e-26
4.994505115855139494e+07 5.318343984344594995e-26
5.542664520663107187e+07 3.707783969175953706e-26
6.150985788580504060e+07 2.539933698058059217e-26
6.826071834272393584e+07 1.701553096600438067e-26
7.575250258771920204e+07 1.109502703242304602e-26
8.406652885618332028e+07 6.990238979516806434e-27
9.329304026284696162e+07 4.210489274058145622e-27
1.035321843295663744e+08 2.393222796928534307e-27
1.148951000187308788e+08 1.259228177292154019e-27
1.275051240713012964e+08 5.985212644351286205e-28
1.414991297434575856e+08 2.503483937593830782e-28
1.570290124729377627e+08 8.987764123273633368e-29
1.742633386009651124e+08 2.590244296095078250e-29
1.933891750455232263e+08 3.773528715725154675e-30
2.146141197858406007e+08 7.764698878361573865e-32
2.381685551976160705e+08 9.306965751327757268e-37
2.643081486974108517e+08 1.775574333925590671e-44
2.933166278390048146e+08 2.108674707841968518e-56
3.255088599835056663e+08 8.846876293702430405e-76
3.612342699709430337e+08 6.483965066187704686e-108
