1.000000000000000000e+02 5.042112417477920730e-16
1.109752496412072134e+02 4.360282731113620963e-16
1.231550603292826196e+02 3.764887778789927438e-16
1.366716356462005990e+02 3.243238213091730626e-16
1.516716888470922413e+02 2.790910037971135656e-16
1.683180353330956791e+02 2.397889248731619578e-16
1.867913599020782840e+02 2.054663054790454616e-16
2.072921779595371845e+02 1.758421830825839747e-16
2.300430119772916839e+02 1.502996826714320272e-16
2.552908068239516410e+02 1.280821222693528387e-16
2.833096101839323637e+02 1.090045883013609324e-16
3.144035471591500368e+02 9.268192402861922082e-17
3.489101213406774491e+02 7.857917390641960533e-17
3.872038781812557318e+02 6.653829796093896138e-17
4.297004704320843871e+02 5.625811968290144078e-17
4.768611697714468960e+02 4.751264858448308289e-17
5.291978735958442712e+02 4.006343188603682600e-17
5.872786613189482523e+02 3.373310788738711093e-17
6.517339604882420190e+02 2.836591955213390970e-17
7.232633896483533817e+02 2.383352286266086782e-17
8.026433522257173081e+02 2.001093619284563611e-17
8.907354638610439679e+02 1.676628353502580425e-17
9.884959046625587007e+02 1.403418308389669101e-17
1.096985797892383971e+03 1.173575114760071910e-17
1.217382727739662187e+03 9.802177990974460650e-18
1.350993521198027793e+03 8.160085839392667607e-18
1.499268432786045423e+03 6.783124548942169435e-18
1.663816886076128640e+03 5.622629527212887716e-18
1.846424942895544291e+03 4.644817259763398412e-18
2.049074689815845886e+03 3.821079787227882139e-18
2.273965752357927613e+03 3.129084833884305422e-18
2.523539170434765765e+03 2.549529295904228766e-18
2.800503894183631019e+03 2.064073715342730188e-18
3.107866187782013640e+03 1.659654587711034312e-18
3.448962260405759935e+03 1.324072651659851680e-18
3.827494478516314757e+03 1.047687733707963323e-18
4.247571552536898707e+03 8.214349056465625944e-19
4.713753134116724141e+03 6.383044396905920610e-19
5.231099308056262998e+03 4.918324222618414149e-19
5.805225516094896193e+03 3.764736789661624495e-19
6.442363508721369726e+03 2.873197669915558303e-19
7.149428986597576113e+03 2.196926446671996703e-19
7.934096665797491369e+03 1.693487914123483004e-19
8.804883581643463913e+03 1.322124732910412672e-19
9.771241535346502133e+03 1.049360735117131281e-19
1.084365968689610963e+04 8.464915936367028080e-20
1.203377840777589154e+04 6.915309378027084287e-20
1.335451562929898682e+04 5.695151019546409693e-20
1.482020705798858762e+04 4.711988988454517353e-20
1.644676177994664249e+04 3.908327335847854331e-20
1.825183494319044257e+04 3.245913268639270837e-20
2.025501939230666540e+04 2.697041079763610039e-20
2.247805833548725059e+04 2.241396232532006911e-20
2.494508135230316839e+04 1.862648642767548629e-20
2.768286630392066581e+04 1.547846484976545747e-20
3.072112998861759115e+04 1.285975380777923438e-20
3.409285069746814406e+04 1.068121734748395738e-20
3.783462617131928710e+04 8.870437366502229673e-21
4.198707084443910571e+04 7.365515163104564493e-21
4.659525668664683326e+04 6.113412752572020042e-21
5.170920242896761192e+04 5.072627573470703271e-21
5.738441648302398244e+04 4.207826403150952494e-21
6.368249944718585903e+04 3.489197234180056302e-21
7.067181273927491566e+04 2.892236547954925615e-21
7.842822061337680498e+04 2.396378527749983144e-21
8.703591361485165544e+04 1.984563292730651351e-21
9.658832241158708348e+04 1.642759548927707436e-21
1.071891319205127511e+05 1.359199691603632556e-21
1.189534067370319535e+05 1.123896235897218110e-21
1.320088400831418112e+05 9.287050105595020183e-22
1.464971398307286145e+05 7.668676311483335287e-22
1.625755666443794908e+05 6.328802808666259673e-22
1.804186409392071655e+05 5.218933555528157314e-22
2.002200371815584658e+05 4.301062800486276839e-22
2.221946860939523904e+05 3.542757175536537119e-22
2.465811075822604180e+05 2.915885779850177691e-22
2.736439997074671555e+05 2.398901042521108837e-22
3.036771118035460822e+05 1.972861923710225206e-22
3.370064329271928291e+05 1.621401895334609698e-22
3.739937302478798083e+05 1.332107290462741518e-22
4.150404757850476308e+05 1.093534792262995105e-22
4.605922041145108524e+05 8.971961992112812301e-23
5.111433483440171112e+05 7.354993440325853507e-23
5.672426068491977639e+05 6.023299598427432243e-23
6.294988990221888525e+05 4.927772878728372944e-23
6.985879746785250027e+05 4.028513801625264030e-23
7.752597488629464060e+05 3.289399402632562419e-23
8.603464416684507160e+05 2.682213924359748427e-23
9.547716114208066138e+05 2.184351741759951978e-23
1.059560179277617019e+06 1.776087297629952688e-23
1.175849554052158026e+06 1.441429239361245276e-23
1.304901978014401859e+06 1.167396343743347708e-23
1.448118227674532915e+06 9.435583061858518796e-24
1.607052818261638284e+06 7.604854761571781657e-24
1.783430876931909472e+06 6.115037127391011657e-24
1.979166867853557458e+06 4.899977300358155891e-24
2.196385372416546568e+06 3.913077599952459269e-24
2.437444150122222025e+06 3.112053725880826715e-24
2.704959730463137385e+06 2.464036504317917352e-24
3.001835813575591892e+06 1.939502426278724992e-24
3.331294787934676744e+06 1.518571855061698838e-24
3.696912707195031922e+06 1.182348907250973047e-24
4.102658105827190448e+06 9.126750162186391710e-25
4.552935074866947718e+06 6.983643108674529827e-25
5.052631065335679799e+06 5.289578266288886004e-25
5.607169938205458224e+06 3.960872153326082372e-25
6.222570836730230600e+06 2.926141933506496705e-25
6.905513520162330940e+06 2.128624716032673802e-25
7.663410868007462472e+06 1.520580132382436769e-25
8.504489341802684590e+06 1.064498748349263065e-25
9.437878277775391936e+06 7.275535186092957388e-26
1.047370897959450819e+07 4.844749949153188812e-26
1.162322468679854274e+07 3.130505462102578970e-26
1.289890261253307760e+07 1.964813887518147728e-26
1.431458937523478456e+07 1.197929460151715981e-26
1.588565129428052530e+07 7.150545678800992818e-27
1.762914118095947802e+07 4.236682091558841837e-27
1.956398343517064676e+07 2.538714261251479255e-27
2.171117945694505423e+07 1.553063977404173214e-27
2.409403560239527002e+07 9.554199095522337929e-28
2.673841615839949250e+07 5.655270560063561629e-28
2.967302408188872784e+07 3.002072174837588628e-28
3.292971255097155273e+07 1.272881536899944836e-28
3.654383070957254618e+07 3.277372221091381170e-29
4.055460735840827972e+07 3.095128207810874960e-30
4.500557675700496882e+07 8.636255438544076754e-32
4.994505115855139494e+07 7.102488489497585374e-34
5.542664520663107187e+07 1.395262128484531788e-36
