1.000000000000000000e+02 4.030561321776160499e-13
1.109752496412072134e+02 3.439199086265331260e-13
1.231550603292826196e+02 2.931373830109332828e-13
1.366716356462005990e+02 2.494211411160964466e-13
1.516716888470922413e+02 2.119739460635843735e-13
1.683180353330956791e+02 1.798279437760541209e-13
1.867913599020782840e+02 1.523553979332542916e-13
2.072921779595371845e+02 1.288925424587409971e-13
2.300430119772916839e+02 1.088756002816266461e-13
2.552908068239516410e+02 9.187449976591533496e-14
2.833096101839323637e+02 7.739684294323765623e-14
3.144035471591500368e+02 6.514570270639147669e-14
3.489101213406774491e+02 5.476111786613792700e-14
3.872038781812557318e+02 4.598522237823871990e-14
4.297004704320843871e+02 3.858416747199954195e-14
4.768611697714468960e+02 3.233492771981371744e-14
5.291978735958442712e+02 2.709004363710050668e-14
5.872786613189482523e+02 2.267696676325906953e-14
6.517339604882420190e+02 1.896935961495549200e-14
7.232633896483533817e+02 1.586500335145788578e-14
8.026433522257173081e+02 1.326111210408343302e-14
8.907354638610439679e+02 1.108137233621242243e-14
9.884959046625587007e+02 9.257686161551111819e-15
1.096985797892383971e+03 7.732170483508052896e-15
1.217382727739662187e+03 6.456587500684542648e-15
1.350993521198027793e+03 5.390433653396761342e-15
1.499268432786045423e+03 4.498781640313717170e-15
1.663816886076128640e+03 3.753930409220057727e-15
1.846424942895544291e+03 3.131745634764125121e-15
2.049074689815845886e+03 2.612249260900360411e-15
2.273965752357927613e+03 2.178046130141216622e-15
2.523539170434765765e+03 1.815805006822121892e-15
2.800503894183631019e+03 1.513492847558617243e-15
3.107866187782013640e+03 1.261097754911478103e-15
3.448962260405759935e+03 1.050646992021689546e-15
3.827494478516314757e+03 8.750129718116554066e-16
4.247571552536898707e+03 7.286600191674530505e-16
4.713753134116724141e+03 6.065964313190644642e-16
5.231099308056262998e+03 5.049014040346515079e-16
5.805225516094896193e+03 4.201473306512775691e-16
6.442363508721369726e+03 3.495824559231015670e-16
7.149428986597576113e+03 2.908148171012905751e-16
7.934096665797491369e+03 2.418566800669431858e-16
8.804883581643463913e+03 2.011141018611268497e-16
9.771241535346502133e+03 1.671929216340979798e-16
1.084365968689610963e+04 1.389676851547812551e-16
1.203377840777589154e+04 1.154786585463563707e-16
1.335451562929898682e+04 9.594673683544422842e-17
1.482020705798858762e+04 7.968563434609577039e-17
1.644676177994664249e+04 6.616925540043916612e-17
1.825183494319044257e+04 5.492447565413187108e-17
2.025501939230666540e+04 4.557592965120543299e-17
2.247805833548725059e+04 3.781011138400426715e-17
2.494508135230316839e+04 3.135157832906464643e-17
2.768286630392066581e+04 2.598771352194958434e-17
3.072112998861759115e+04 2.153126477198820991e-17
3.409285069746814406e+04 1.783236595563005192e-17
3.783462617131928710e+04 1.476136652172364937e-17
4.198707084443910571e+04 1.221243418874432560e-17
4.659525668664683326e+04 1.010019474500571878e-17
5.170920242896761192e+04 8.346421044405244872e-18
5.738441648302398244e+04 6.894507979946103199e-18
6.368249944718585903e+04 5.690886241120755428e-18
7.067181273927491566e+04 4.694481040101878135e-18
7.842822061337680498e+04 3.870339385105050857e-18
8.703591361485165544e+04 3.188800246133186618e-18
9.658832241158708348e+04 2.625443960102388282e-18
1.071891319205127511e+05 2.160409913641094264e-18
1.189534067370319535e+05 1.776282149823657719e-18
1.320088400831418112e+05 1.459686728584460917e-18
1.464971398307286145e+05 1.198699994494058091e-18
1.625755666443794908e+05 9.839327769656099979e-19
1.804186409392071655e+05 8.070895936068168825e-19
2.002200371815584658e+05 6.616455802414871602e-19
2.221946860939523904e+05 5.421507464837739064e-19
2.465811075822604180e+05 4.439603122728549815e-19
2.736439997074671555e+05 3.633437572227736098e-19
3.036771118035460822e+05 2.971735007434072544e-19
3.370064329271928291e+05 2.428826100447078231e-19
3.739937302478798083e+05 1.983846809206151839e-19
4.150404757850476308e+05 1.619357600249253760e-19
4.605922041145108524e+05 1.320823033192542109e-19
5.111433483440171112e+05 1.076562875890770440e-19
5.672426068491977639e+05 8.768161842307882023e-20
6.294988990221888525e+05 7.136219713092304435e-20
6.985879746785250027e+05 5.802894278694521305e-20
7.752597488629464060e+05 4.714812489603277156e-20
8.603464416684507160e+05 3.827877604344238107e-20
9.547716114208066138e+05 3.104921005781795183e-20
1.059560179277617019e+06 2.516440393114676156e-20
1.175849554052158026e+06 2.037475726686865756e-20
1.304901978014401859e+06 1.648266678534139150e-20
1.448118227674532915e+06 1.332017150905203283e-20
1.607052818261638284e+06 1.075427169932099530e-20
1.783430876931909472e+06 8.674490851983795632e-21
1.979166867853557458e+06 6.989011852634472735e-21
2.196385372416546568e+06 5.625224769470120730e-21
2.437444150122222025e+06 4.522601688333611382e-21
2.704959730463137385e+06 3.632086545162440413e-21
3.001835813575591892e+06 2.913565732649708833e-21
3.331294787934676744e+06 2.334345445982115511e-21
3.696912707195031922e+06 1.867881345249093466e-21
4.102658105827190448e+06 1.492763258055149090e-21
4.552935074866947718e+06 1.191586164823309229e-21
5.052631065335679799e+06 9.496581853081415627e-22
5.607169938205458224e+06 7.558166893045910334e-22
6.222570836730230600e+06 6.005671137103717596e-22
6.905513520162330940e+06 4.764648183856137119e-22
7.663410868007462472e+06 3.774042246638363071e-22
8.504489341802684590e+06 2.983742558205036793e-22
9.437878277775391936e+06 2.354396699503769411e-22
1.047370897959450819e+07 1.854110243463175172e-22
1.162322468679854274e+07 1.457110815268963437e-22
1.289890261253307760e+07 1.142470180729550667e-22
1.431458937523478456e+07 8.932229871645993982e-23
1.588565129428052530e+07 6.966665651902770769e-23
1.762914118095947802e+07 5.415621096798846839e-23
1.956398343517064676e+07 4.194463034114741809e-23
2.171117945694505423e+07 3.237968030778411530e-23
2.409403560239527002e+07 2.487374874399766590e-23
2.673841615839949250e+07 1.902920612584700951e-23
2.967302408188872784e+07 1.448488695658151578e-23
3.292971255097155273e+07 1.094515063294811843e-23
3.654383070957254618e+07 8.214793577717180692e-24
4.055460735840827972e+07 6.114175845592399994e-24
4.500557675700496882e+07 4.507703690214394741e-24
4.994505115855139494e+07 3.284538122281782840e-24
5.542664520663107187e+07 2.360858441921375611e-24
6.150985788580504060e+07 1.669398495910108267e-24
6.826071834272393584e+07 1.156910324248362340e-24
7.575250258771920204e+07 7.816520363614668793e-25
8.406652885618332028e+07 5.114878504753439344e-25
9.329304026284696162e+07 3.212919346685932955e-25
1.035321843295663744e+08 1.909795779682482135e-25
1.148951000187308788e+08 1.052244476054219074e-25
1.275051240713012964e+08 5.225458221127613161e-26
1.414991297434575856e+08 2.232495522644180108e-26
1.570290124729377627e+08 7.722764415138400098e-27
1.742633386009651124e+08 2.052500241278479625e-27
1.933891750455232263e+08 4.073710886064935467e-28
2.146141197858406007e+08 3.001008779757190036e-29
2.381685551976160705e+08 3.167261504870156725e-31
2.643081486974108517e+08 5.647137271237367624e-34
2.933166278390048146e+08 7.898545038932046911e-37
3.255088599835056663e+08 6.645484673832961930e-40
3.612342699709430337e+08 2.207338505339246690e-43
4.008806328898465633e+08 1.462687728268799358e-47
4.448782831127585173e+08 8.068155744459042430e-53
4.937047852839003801e+08 1.739590534071454094e-60
5.478901179593944550e+08 6.196580903312436886e-74
6.080224261649426222e+08 9.945240194535927092e-104
