107.64652136298349 2.085814182493279e-08
124.73835142429434 1.9418757777462934e-08
144.5439770745928 1.7703011590772102e-08
167.49428760264382 1.5786012670926093e-08
194.08858775927794 1.3751578469658076e-08
224.90546058357825 1.1687875228120609e-08
260.61535499988975 9.682352089435789e-09
301.9951720402019 7.815160851768603e-09
349.9451670283576 6.151139593258122e-09
405.50853544838435 4.730571513667443e-09
469.89410860521605 3.564691393536364e-09
544.502652842422 2.638365370443751e-09
630.9573444801943 1.9198997789810117e-09
731.1390834834186 1.3719619351662705e-09
847.227414140598 9.60605535345714e-10
981.7479430199863 6.580580383251416e-10
1137.6272858234333 4.40333477316177e-10
1318.25673855641 2.871399475638402e-10
1527.5660582380733 1.819743750955824e-10
1770.1089583174185 1.1196237240758391e-10
2051.1621788255625 6.711646794603501e-11
2376.8402866248734 3.9629268355744087e-11
2754.228703338163 2.3473299800944572e-11
3191.5378551007584 1.419485072641261e-11
3698.2817978026587 8.704379963140824e-12
4285.485203974392 5.327294484676072e-12
4965.923214503357 3.251682981994414e-12
5754.399373371565 1.9854241623562154e-12
6668.067692136218 1.2161288131925288e-12
7726.805850957021 7.491025344105081e-13
8953.647655495937 4.647226785046796e-13
10375.284158180126 2.9036078982176167e-13
12022.644346174131 1.8238310695577533e-13
13931.568029453034 1.1480356627603594e-13
16143.585568264869 7.219267485893602e-14
18706.821403658014 4.527775060296193e-14
21677.04104819696 2.830196896576216e-14
25118.86431509582 1.7611478066799235e-14
29107.17118066608 1.0898203219308672e-14
33728.73086588692 6.7036394693541236e-15
39084.089579240244 4.1019699475479204e-15
45289.75799036214 2.5018513280052003e-15
52480.746024977336 1.5239971371001367e-15
60813.50012787176 9.277493494728802e-16
70469.30689671452 5.644760080852607e-16
81658.23713585905 3.4329287836034184e-16
94623.7161365791 2.086994186050077e-16
109647.81961431827 1.2683660896855566e-16
127057.41052085393 7.706595008062255e-17
147231.25024327164 4.681666229084357e-17
170608.23890031208 2.8436893708308034e-17
197696.96401118577 1.72714873383106e-17
229086.765276777 1.0489704673976448e-17
265460.55619755364 6.370890670989463e-18
307609.6814740705 3.8694974594690144e-18
356451.1334262439 2.3503706211121088e-18
413047.50199016096 1.4277436085987812e-18
478630.092322638 8.673523448605402e-19
554625.7129579104 5.269464937797311e-19
642687.7173170194 3.2015041267896974e-19
744731.9739059889 1.9451314494402633e-19
862978.5477669701 1.181802904989811e-19
1000000.0 7.180279931895129e-20
1158777.3561551261 4.362547715932304e-20
1342764.9611378643 2.6505983925825204e-20
1555965.631605075 1.6104772993932966e-20
1803017.74085957 9.785284907203666e-21
2089296.1308540406 5.945676275003981e-21
2421029.04673618 3.612751781184673e-21
2805433.637951716 2.1952473108422427e-21
3250872.973854347 1.33393972509805e-21
3767037.989839093 8.105773767538741e-22
4365158.322401665 4.925562563115753e-22
5058246.620031147 2.99307340534802e-22
5861381.645140296 1.81876016681063e-22
6792036.326171856 1.105162234351012e-22
7870457.896951 6.715288827836301e-23
9120108.393559115 4.080248031845415e-23
10568175.092136607 2.479058144882486e-23
12246161.992650514 1.5061213810734618e-23
14190575.216890955 9.149583372512297e-24
16443717.232149357 5.557838740914484e-24
19054607.179632522 3.3757428760534275e-24
22080047.330189057 2.0501599283364697e-24
25585858.86905653 1.2449675297466377e-24
29648313.895243514 7.559239395241408e-25
34355794.78998757 4.589306623635419e-25
39810717.055349775 2.7858983196837995e-25
46131757.4560379 1.690964354958257e-25
53456435.93969714 1.0262612162168176e-25
61944107.507678114 6.227880302501586e-26
71779429.12713616 3.779091182691366e-26
83176377.11026709 2.293009010085724e-26
96382902.36239704 1.39124006238671e-26
111686324.77805611 8.440768643603148e-27
129419584.14499864 5.120927745792925e-27
149968483.5502374 3.1067100005829115e-27
173780082.87493762 1.8846438727017343e-27
201372424.98623893 1.143179652421667e-27
233345806.22810042 6.932990047590324e-28
