107.64652136298349 2.7371001107948014e-11
124.73835142429434 2.5553299883484008e-11
144.5439770745928 2.339084817822961e-11
167.49428760264382 2.0975186595483586e-11
194.08858775927794 1.840878469831538e-11
224.90546058357825 1.5799778322573356e-11
260.61535499988975 1.3255771771019866e-11
301.9951720402019 1.0875658103258893e-11
349.9451670283576 8.73962039345685e-12
405.50853544838435 6.897654122949143e-12
469.89410860521605 5.364252366453774e-12
544.502652842422 4.122074282578189e-12
630.9573444801943 3.1342311731246345e-12
731.1390834834186 2.3574866024256308e-12
847.227414140598 1.7527802903905072e-12
981.7479430199863 1.288225898174306e-12
1137.6272858234333 9.361008952329932e-13
1318.25673855641 6.726516085383518e-13
1527.5660582380733 4.781726502463066e-13
1770.1089583174185 3.3683679124982865e-13
2051.1621788255625 2.35914497785248e-13
2376.8402866248734 1.6505520769534185e-13
2754.228703338163 1.1590082858756788e-13
3191.5378551007584 8.189343746871657e-14
3698.2817978026587 5.805995398908677e-14
4285.485203974392 4.1176199818650013e-14
4965.923214503357 2.9224357145552895e-14
5754.399373371565 2.077493578210945e-14
6668.067692136218 1.479874455658822e-14
7726.805850957021 1.0563402364182396e-14
8953.647655495937 7.552210715601302e-15
10375.284158180126 5.403017822330672e-15
12022.644346174131 3.86322185610561e-15
13931.568029453034 2.7570532245914875e-15
16143.585568264869 1.9618877423330893e-15
18706.821403658014 1.3912011991636794e-15
21677.04104819696 9.82766852735912e-16
25118.86431509582 6.913791111954777e-16
29107.17118066608 4.842863661848162e-16
33728.73086588692 3.3776903536806775e-16
39084.089579240244 2.346313553231527e-16
45289.75799036214 1.6239410209996165e-16
52480.746024977336 1.1201020668578967e-16
60813.50012787176 7.697837535642897e-17
70469.30689671452 5.2695274179889916e-17
81658.23713585905 3.591971903006539e-17
94623.7161365791 2.437396870669196e-17
109647.81961431827 1.6460495636276696e-17
127057.41052085393 1.106127087320965e-17
147231.25024327164 7.395737419942151e-18
170608.23890031208 4.9204606007946046e-18
197696.96401118577 3.2583160798520296e-18
229086.765276777 2.1485890919097394e-18
265460.55619755364 1.411855810720814e-18
307609.6814740705 9.25301198788454e-19
356451.1334262439 6.053954632984988e-19
413047.50199016096 3.9575335872690523e-19
478630.092322638 2.5863846663834142e-19
554625.7129579104 1.6902702096132115e-19
642687.7173170194 1.1046641717462016e-19
744731.9739059889 7.219561735465407e-20
862978.5477669701 4.71840129556387e-20
1000000.0 3.083772432450025e-20
1158777.3561551261 2.0154617300740718e-20
1342764.9611378643 1.3172638101174139e-20
1555965.631605075 8.609493890472173e-21
1803017.74085957 5.6271589974614796e-21
2089296.1308540406 3.6779596656461506e-21
2421029.04673618 2.4039748106136427e-21
2805433.637951716 1.5712900956173226e-21
3250872.973854347 1.0270325814396588e-21
3767037.989839093 6.712908301137731e-22
4365158.322401665 4.387656971446979e-22
5058246.620031147 2.867784436372803e-22
5861381.645140296 1.8743392921585469e-22
6792036.326171856 1.2249927717625285e-22
7870457.896951 8.005675082590495e-23
9120108.393559115 5.231628342662269e-23
10568175.092136607 3.4185798670103596e-23
12246161.992650514 2.233674931351696e-23
14190575.216890955 1.4593361073518145e-23
16443717.232149357 9.533400904117782e-24
19054607.179632522 6.2272169708472136e-24
22080047.330189057 4.067154955136934e-24
25585858.86905653 2.6560455643822162e-24
29648313.895243514 1.7343087594893067e-24
34355794.78998757 1.132301007561959e-24
39810717.055349775 7.3916373652324375e-25
46131757.4560379 4.824600870663443e-25
53456435.93969714 3.148635045491647e-25
61944107.507678114 2.0545679002084223e-25
71779429.12713616 1.3404510407098981e-25
83176377.11026709 8.743904898511909e-26
96382902.36239704 5.702573112548428e-26
111686324.77805611 3.718154686905735e-26
129419584.14499864 2.4235173168804797e-26
149968483.5502374 1.5790127605274681e-26
173780082.87493762 1.0282265524958506e-26
201372424.98623893 6.690804966554507e-27
233345806.22810042 4.3496254623434216e-27
