107.64652136298349 1.3302474416683616e-11
124.73835142429434 1.239646692441786e-11
144.5439770745928 1.131786768000977e-11
167.49428760264382 1.0113136514739033e-11
194.08858775927794 8.834466700286116e-12
224.90546058357825 7.53711057491348e-12
260.61535499988975 6.276178440210203e-12
301.9951720402019 5.102305109306426e-12
349.9451670283576 4.0562784739787055e-12
405.50853544838435 3.1628274386616486e-12
469.89410860521605 2.4278436548701337e-12
544.502652842422 1.8405342319060454e-12
630.9573444801943 1.3802181584671592e-12
731.1390834834186 1.023458945143677e-12
847.227414140598 7.496065663096781e-13
981.7479430199863 5.422334120950193e-13
1137.6272858234333 3.873650965574512e-13
1318.25673855641 2.732605265178985e-13
1527.5660582380733 1.9036497173298563e-13
1770.1089583174185 1.3115602744411484e-13
2051.1621788255625 8.969482323543115e-14
2376.8402866248734 6.122792477148138e-14
2754.228703338163 4.197103706598268e-14
3191.5378551007584 2.8997214481148114e-14
3698.2817978026587 2.0121445368382088e-14
4285.485203974392 1.3966744188564903e-14
4965.923214503357 9.70254464069196e-15
5754.399373371565 6.753637046299791e-15
6668.067692136218 4.7138056735000614e-15
7726.805850957021 3.2998001884806804e-15
8953.647655495937 2.3159746513711866e-15
10375.284158180126 1.6281810636722615e-15
12022.644346174131 1.1449548837792515e-15
13931.568029453034 8.041290579214243e-16
16143.585568264869 5.63357044709647e-16
18706.821403658014 3.9344384816330683e-16
21677.04104819696 2.7382694358161957e-16
25118.86431509582 1.8985168309790338e-16
29107.17118066608 1.3110280116907028e-16
33728.73086588692 9.017854057368313e-17
39084.089579240244 6.181008794293837e-17
45289.75799036214 4.2240079348898375e-17
52480.746024977336 2.878990547993044e-17
60813.50012787176 1.956722879432516e-17
70469.30689671452 1.3256495094582915e-17
81658.23713585905 8.948371710337398e-18
94623.7161365791 6.0151796856747145e-18
109647.81961431827 4.024220882731884e-18
127057.41052085393 2.6776121074197316e-18
147231.25024327164 1.77057592433906e-18
170608.23890031208 1.1625637303727159e-18
197696.96401118577 7.572839799973367e-19
229086.765276777 4.889043484859472e-19
265460.55619755364 3.1252865600052943e-19
307609.6814740705 1.9763054980525195e-19
356451.1334262439 1.2353018843859212e-19
413047.50199016096 7.628153712913064e-20
478630.092322638 4.653265237690283e-20
554625.7129579104 2.805651940467576e-20
642687.7173170194 1.6743708526131388e-20
744731.9739059889 9.912660882998626e-21
862978.5477669701 5.838263709888983e-21
1000000.0 3.4302377357575635e-21
1158777.3561551261 2.01415416012734e-21
1342764.9611378643 1.1826182763529442e-21
1555965.631605075 6.943885179140425e-22
1803017.74085957 4.0772591186435464e-22
2089296.1308540406 2.394104867268553e-22
2421029.04673618 1.4058137607233196e-22
2805433.637951716 8.255093797708303e-23
3250872.973854347 4.8475836150173195e-23
3767037.989839093 2.846663759168837e-23
4365158.322401665 1.6716777533128207e-23
5058246.620031147 9.816845086646727e-24
5861381.645140296 5.764888624191261e-24
6792036.326171856 3.385366884799623e-24
7870457.896951 1.9879801559012853e-24
9120108.393559115 1.1673604760788294e-24
10568175.092136607 6.854560188001683e-25
12246161.992650514 4.024671882273501e-25
14190575.216890955 2.3629378767356616e-25
16443717.232149357 1.3872023882256766e-25
19054607.179632522 8.143066567929706e-26
22080047.330189057 4.779607932493223e-26
25585858.86905653 2.8051033492961654e-26
29648313.895243514 1.6460947079943976e-26
34355794.78998757 9.658471997087736e-27
39810717.055349775 5.666425724385148e-27
46131757.4560379 3.323979485079673e-27
53456435.93969714 1.9496596033542227e-27
61944107.507678114 1.1434451374251282e-27
71779429.12713616 6.7055553602573275e-28
83176377.11026709 3.932107632905258e-28
96382902.36239704 2.305669951713256e-28
111686324.77805611 1.3519501814268787e-28
129419584.14499864 7.927321394573451e-29
149968483.5502374 4.6483991506001137e-29
173780082.87493762 2.725814840229604e-29
201372424.98623893 1.5984658439959828e-29
233345806.22810042 9.373712616950836e-30
