107.64652136298349 9.871958544498349e-11
124.73835142429434 9.207046674929003e-11
144.5439770745928 8.415691386071332e-11
167.49428760264382 7.53172618281343e-11
194.08858775927794 6.593098375938628e-11
224.90546058357825 5.63992261898311e-11
260.61535499988975 4.7121680078721475e-11
301.9951720402019 3.846562183325421e-11
349.9451670283576 3.072776960148781e-11
405.50853544838435 2.4090307801136776e-11
469.89410860521605 1.860090390386208e-11
544.502652842422 1.4187417367244065e-11
630.9573444801943 1.0705555714529723e-11
731.1390834834186 7.989416962614197e-12
847.227414140598 5.89121897757683e-12
981.7479430199863 4.292052077209423e-12
1137.6272858234333 3.0897832552812942e-12
1318.25673855641 2.197850446761101e-12
1527.5660582380733 1.5452048908269876e-12
1770.1089583174185 1.0754076668486226e-12
2051.1621788255625 7.435280101820719e-13
2376.8402866248734 5.133477746650953e-13
2754.228703338163 3.558483976461233e-13
3191.5378551007584 2.4844063552152863e-13
3698.2817978026587 1.7414208613384308e-13
4285.485203974392 1.2211353843939268e-13
4965.923214503357 8.570701403241322e-14
5754.399373371565 6.027100276593225e-14
6668.067692136218 4.249187901967816e-14
7726.805850957021 3.0037784050549657e-14
8953.647655495937 2.1282553309878024e-14
10375.284158180126 1.510001326830068e-14
12022.644346174131 1.0714327776116167e-14
13931.568029453034 7.59247891614096e-15
16143.585568264869 5.367377333525427e-15
18706.821403658014 3.783207304481844e-15
21677.04104819696 2.658029149616881e-15
25118.86431509582 1.8610047603452943e-15
29107.17118066608 1.2982949176442526e-15
33728.73086588692 9.026051299692437e-16
39084.089579240244 6.25606850021364e-16
45289.75799036214 4.325376619983253e-16
52480.746024977336 2.9840626632972153e-16
60813.50012787176 2.054025952636365e-16
70469.30689671452 1.410254172119849e-16
81658.23713585905 9.654674002851994e-17
94623.7161365791 6.588051090368154e-17
109647.81961431827 4.47877729708968e-17
127057.41052085393 3.031948111805552e-17
147231.25024327164 2.0426427949273128e-17
170608.23890031208 1.3686501571220871e-17
197696.96401118577 9.114171844889998e-18
229086.765276777 6.027549940243584e-18
265460.55619755364 3.955706731678392e-18
307609.6814740705 2.5741147631932528e-18
356451.1334262439 1.659716889001145e-18
413047.50199016096 1.059682753341203e-18
478630.092322638 6.697024046878946e-19
554625.7129579104 4.1891990759800714e-19
642687.7173170194 2.5948749656431646e-19
744731.9739059889 1.5933121310119883e-19
862978.5477669701 9.714750520716365e-20
1000000.0 5.894806260668333e-20
1158777.3561551261 3.567768659489487e-20
1342764.9611378643 2.1574916356644975e-20
1555965.631605075 1.3045327683564443e-20
1803017.74085957 7.888022360115786e-21
2089296.1308540406 4.769691024470261e-21
2421029.04673618 2.884174768656289e-21
2805433.637951716 1.7440605721278043e-21
3250872.973854347 1.0546521674531945e-21
3767037.989839093 6.37768086659453e-22
4365158.322401665 3.856734925766599e-22
5058246.620031147 2.3322623421322316e-22
5861381.645140296 1.4103666043793245e-22
6792036.326171856 8.52863768669767e-23
7870457.896951 5.157222677161243e-23
9120108.393559115 3.118428669362321e-23
10568175.092136607 1.8855346586387242e-23
12246161.992650514 1.1400050928377141e-23
14190575.216890955 6.892036222580609e-24
16443717.232149357 4.166313300478435e-24
19054607.179632522 2.5183456804454002e-24
22080047.330189057 1.5220673709623703e-24
25585858.86905653 9.19823194979696e-25
29648313.895243514 5.558077054583305e-25
34355794.78998757 3.358099079978953e-25
39810717.055349775 2.028670006719484e-25
46131757.4560379 1.2254060517696963e-25
53456435.93969714 7.401208289365217e-26
61944107.507678114 4.469757207253107e-26
71779429.12713616 2.699168981855868e-26
83176377.11026709 1.6298511953002926e-26
96382902.36239704 9.841127479652276e-27
111686324.77805611 5.941928143152533e-27
129419584.14499864 3.587566726844728e-27
149968483.5502374 2.166023057657295e-27
173780082.87493762 1.3077057849247221e-27
201372424.98623893 7.8944869111194005e-28
233345806.22810042 4.765106284683006e-28
