107.64652136298349 1.9193098092738012e-11
124.73835142429434 1.797046927647838e-11
144.5439770745928 1.6518597744862735e-11
167.49428760264382 1.4896926035204123e-11
194.08858775927794 1.3171614438547133e-11
224.90546058357825 1.1412130882971923e-11
260.61535499988975 9.687339090354158e-12
301.9951720402019 8.060555397332578e-12
349.9451670283576 6.583666130184716e-12
405.50853544838435 5.290484874273049e-12
469.89410860521605 4.193513385252277e-12
544.502652842422 3.2857682865027585e-12
630.9573444801943 2.5476055599356974e-12
731.1390834834186 1.954345709256839e-12
847.227414140598 1.4826120068137557e-12
981.7479430199863 1.1124094966045092e-12
1137.6272858234333 8.256768961184145e-13
1318.25673855641 6.064106612516078e-13
1527.5660582380733 4.4090085967616903e-13
1770.1089583174185 3.1776981621510503e-13
2051.1621788255625 2.275911189654e-13
2376.8402866248734 1.6250770569565709e-13
2754.228703338163 1.160332148648621e-13
3191.5378551007584 8.296363361698205e-14
3698.2817978026587 5.925575641702076e-14
4285.485203974392 4.2171968594424745e-14
4965.923214503357 2.990509693517895e-14
5754.399373371565 2.11340079014543e-14
6668.067692136218 1.488258318621174e-14
7726.805850957021 1.043791291210801e-14
8953.647655495937 7.284041885426787e-15
10375.284158180126 5.050382501868534e-15
12022.644346174131 3.4724647189380583e-15
13931.568029453034 2.3624144639778955e-15
16143.585568264869 1.5868373677517299e-15
18706.821403658014 1.0503623907068757e-15
21677.04104819696 6.83888090002217e-16
25118.86431509582 4.371200281561854e-16
29107.17118066608 2.737426059653948e-16
33728.73086588692 1.6771297681980611e-16
39084.089579240244 1.0048027079452214e-16
45289.75799036214 5.89374523198219e-17
52480.746024977336 3.3937844158467274e-17
60813.50012787176 1.92564829207096e-17
70469.30689671452 1.0818831571903837e-17
81658.23713585905 6.048980166131792e-18
94623.7161365791 3.3769807964760226e-18
109647.81961431827 1.8843331371923555e-18
127057.41052085393 1.0510526247180831e-18
147231.25024327164 5.860837870747902e-19
170608.23890031208 3.267327337340652e-19
197696.96401118577 1.8211732271737883e-19
229086.765276777 1.0149912388902576e-19
265460.55619755364 5.656539074647235e-20
307609.6814740705 3.152386923416519e-20
356451.1334262439 1.7569009846771737e-20
413047.50199016096 9.79235463346895e-21
478630.092322638 5.458393815139018e-21
554625.7129579104 3.0428275997475936e-21
642687.7173170194 1.6963441860487723e-21
744731.9739059889 9.457156234394362e-22
862978.5477669701 5.272363448580161e-22
1000000.0 2.9393048609861987e-22
1158777.3561551261 1.6386309037597406e-22
1342764.9611378643 9.135208231719254e-23
1555965.631605075 5.092838561270544e-23
1803017.74085957 2.839277831204597e-23
2089296.1308540406 1.5829395656568527e-23
2421029.04673618 8.825324200052703e-24
2805433.637951716 4.920478513353904e-24
3250872.973854347 2.7434344668269136e-24
3767037.989839093 1.5296478658933108e-24
4365158.322401665 8.52896852032008e-25
5058246.620031147 4.755627220906471e-25
5861381.645140296 2.651687773799639e-25
6792036.326171856 1.4785531021241502e-25
7870457.896951 8.244178191964953e-26
9120108.393559115 4.5967301920372086e-26
10568175.092136607 2.5629316146017534e-26
12246161.992650514 1.4289131713945414e-26
14190575.216890955 7.96617595651043e-27
16443717.232149357 4.440823621487329e-27
19054607.179632522 2.4753749371361364e-27
22080047.330189057 1.3796755612684928e-27
25585858.86905653 7.68894268465572e-28
29648313.895243514 4.284555492332828e-28
34355794.78998757 2.3872141942374844e-28
39810717.055349775 1.3299075666130787e-28
46131757.4560379 7.407909255760774e-29
53456435.93969714 4.1258696420551647e-29
61944107.507678114 2.2976532437201866e-29
71779429.12713616 1.2794068303180968e-29
83176377.11026709 7.123545845679448e-30
96382902.36239704 3.966048676232332e-30
111686324.77805611 2.2080425050620576e-30
129419584.14499864 1.2293047957429155e-30
149968483.5502374 6.844335783420487e-31
173780082.87493762 3.8110015365309754e-31
201372424.98623893 2.122256693105848e-31
233345806.22810042 1.1820014733940845e-31
