107.64652136298349 3.2673799569297025e-12
124.73835142429434 3.0345656546898164e-12
144.5439770745928 2.7572065231294843e-12
167.49428760264382 2.447582783468277e-12
194.08858775927794 2.1195907855092884e-12
224.90546058357825 1.7880337315056456e-12
260.61535499988975 1.4677454073435332e-12
301.9951720402019 1.1723467260278112e-12
349.9451670283576 9.12669512919479e-13
405.50853544838435 6.949155554873878e-13
469.89410860521605 5.198944498523974e-13
544.502652842422 3.837592494597893e-13
630.9573444801943 2.800980323408703e-13
731.1390834834186 2.0202985138181893e-13
847.227414140598 1.4375001847895903e-13
981.7479430199863 1.0085160372631793e-13
1137.6272858234333 6.973378448117165e-14
1318.25673855641 4.748076665279939e-14
1527.5660582380733 3.1805139143757496e-14
1770.1089583174185 2.0974633478806892e-14
2051.1621788255625 1.3670883117371175e-14
2376.8402866248734 8.871322816184148e-15
2754.228703338163 5.78457890045818e-15
3191.5378551007584 3.815642006041457e-15
3698.2817978026587 2.533779422329248e-15
4285.485203974392 1.6821219374450452e-15
4965.923214503357 1.1169564943354556e-15
5754.399373371565 7.432170838149776e-16
6668.067692136218 4.962730411969245e-16
7726.805850957021 3.3282887429003873e-16
8953.647655495937 2.242052188797402e-16
10375.284158180126 1.5157478711861212e-16
12022.644346174131 1.0266863599174606e-16
13931.568029453034 6.953126279718182e-17
16143.585568264869 4.7000042664069804e-17
18706.821403658014 3.1681757251065175e-17
21677.04104819696 2.1288157288093264e-17
25118.86431509582 1.425230509288108e-17
29107.17118066608 9.504663497928297e-18
33728.73086588692 6.31499888532689e-18
39084.089579240244 4.18337825971355e-18
45289.75799036214 2.76640373615153e-18
52480.746024977336 1.8279568588226664e-18
60813.50012787176 1.2072715556886112e-18
70469.30689671452 7.970011653474506e-19
81658.23713585905 5.259544333727317e-19
94623.7161365791 3.469672175412722e-19
109647.81961431827 2.288188391989504e-19
127057.41052085393 1.5085714915614902e-19
147231.25024327164 9.942927544003773e-20
170608.23890031208 6.551428833154397e-20
197696.96401118577 4.315446111559284e-20
229086.765276777 2.8416662709774016e-20
265460.55619755364 1.870523281579876e-20
307609.6814740705 1.2307681757685123e-20
356451.1334262439 8.094480646681917e-21
413047.50199016096 5.320778550819944e-21
478630.092322638 3.4954918778540614e-21
554625.7129579104 2.294903000994259e-21
642687.7173170194 1.5056566196249041e-21
744731.9739059889 9.871584211465159e-22
862978.5477669701 6.467788798967679e-22
1000000.0 4.2350509409079183e-22
1158777.3561551261 2.77163867647537e-22
1342764.9611378643 1.8131858566030038e-22
1555965.631605075 1.185859536930959e-22
1803017.74085957 7.754659379949878e-23
2089296.1308540406 5.070729720222014e-23
2421029.04673618 3.3157126867475385e-23
2805433.637951716 2.1681351384150834e-23
3250872.973854347 1.4177418009040822e-23
3767037.989839093 9.270572042615512e-24
4365158.322401665 6.061935683692221e-24
5058246.620031147 3.963765376848187e-24
5861381.645140296 2.5917455603088813e-24
6792036.326171856 1.6945732040058817e-24
7870457.896951 1.107917343388885e-24
9120108.393559115 7.2431722947418945e-25
10568175.092136607 4.735001640584698e-25
12246161.992650514 3.095114975960533e-25
14190575.216890955 2.0229935664605395e-25
16443717.232149357 1.3221153016913396e-25
19054607.179632522 8.639681200794652e-26
22080047.330189057 5.645164767441492e-26
25585858.86905653 3.6881072184238166e-26
29648313.895243514 2.409220017969928e-26
34355794.78998757 1.5735982293250763e-26
39810717.055349775 1.0276716861515811e-26
46131757.4560379 6.710528274686247e-27
53456435.93969714 4.38125937058555e-27
61944107.507678114 2.8600795145985073e-27
71779429.12713616 1.866762509191166e-27
83176377.11026709 1.218213579505171e-27
96382902.36239704 7.94818529604203e-28
111686324.77805611 5.184449909406293e-28
129419584.14499864 3.3806343860649606e-28
149968483.5502374 2.2034997495932033e-28
173780082.87493762 1.4354549437015914e-28
201372424.98623893 9.344374075629869e-29
233345806.22810042 6.077039880374023e-29
