107.64652136298349 2.7272166680153068e-11
124.73835142429434 2.549711488568761e-11
144.5439770745928 2.3382899964898447e-11
167.49428760264382 2.1018360867235085e-11
194.08858775927794 1.8502544941479737e-11
224.90546058357825 1.593957950039641e-11
260.61535499988975 1.3432755363712417e-11
301.9951720402019 1.1076971011542795e-11
349.9451670283576 8.949673819194866e-12
405.50853544838435 7.100575833492476e-12
469.89410860521605 5.546693687106085e-12
544.502652842422 4.275293845164985e-12
630.9573444801943 3.2546014725885164e-12
731.1390834834186 2.4456682296642928e-12
847.227414140598 1.8121518778606884e-12
981.7479430199863 1.3234232858437446e-12
1137.6272858234333 9.521848938322113e-13
1318.25673855641 6.745532290597398e-13
1527.5660582380733 4.703308171904785e-13
1770.1089583174185 3.2298994048027165e-13
2051.1621788255625 2.1902672191382882e-13
2376.8402866248734 1.4733051409345506e-13
2754.228703338163 9.884783868243106e-14
3191.5378551007584 6.642447438765332e-14
3698.2817978026587 4.460623933597076e-14
4285.485203974392 2.984510614148519e-14
4965.923214503357 1.992962900367595e-14
5754.399373371565 1.331689374991025e-14
6668.067692136218 8.922936551141981e-15
7726.805850957021 6.003097474616945e-15
8953.647655495937 4.056063237284107e-15
10375.284158180126 2.7500295954184204e-15
12022.644346174131 1.86790779494783e-15
13931.568029453034 1.268469778126022e-15
16143.585568264869 8.597581528021477e-16
18706.821403658014 5.81129772281683e-16
21677.04104819696 3.915638992880018e-16
25118.86431509582 2.62891255726935e-16
29107.17118066608 1.758293499360181e-16
33728.73086588692 1.171753605358324e-16
39084.089579240244 7.786517935261069e-17
45289.75799036214 5.165604992084013e-17
52480.746024977336 3.424435500599458e-17
60813.50012787176 2.269210531436804e-17
70469.30689671452 1.5031796263144325e-17
81658.23713585905 9.954625156633794e-18
94623.7161365791 6.5908572903578926e-18
109647.81961431827 4.362993750349877e-18
127057.41052085393 2.8878433451661426e-18
147231.25024327164 1.911294566210451e-18
170608.23890031208 1.2649202940490433e-18
197696.96401118577 8.371333528467881e-19
229086.765276777 5.540309678526472e-19
265460.55619755364 3.666827771437087e-19
307609.6814740705 2.427002195982527e-19
356451.1334262439 1.6064818265391295e-19
413047.50199016096 1.0634253003242541e-19
478630.092322638 7.039801586798402e-20
554625.7129579104 4.6604817633990306e-20
642687.7173170194 3.0854058364101704e-20
744731.9739059889 2.0426785268148356e-20
862978.5477669701 1.3523571962626789e-20
1000000.0 8.953368161911404e-21
1158777.3561551261 5.927700809475252e-21
1342764.9611378643 3.92456786736107e-21
1555965.631605075 2.5983854732420065e-21
1803017.74085957 1.7203677410475387e-21
2089296.1308540406 1.1390538432558233e-21
2421029.04673618 7.541734024443168e-22
2805433.637951716 4.99344541945638e-22
3250872.973854347 3.3062008447419407e-22
3767037.989839093 2.1890470696011106e-22
4365158.322401665 1.449354424320342e-22
5058246.620031147 9.595863480193856e-23
5861381.645140296 6.353008078649691e-23
6792036.326171856 4.205874863552724e-23
7870457.896951 2.784263801805786e-23
9120108.393559115 1.8430490910973962e-23
10568175.092136607 1.2199200486937775e-23
12246161.992650514 8.074009960960578e-24
14190575.216890955 5.343260810112805e-24
16443717.232149357 3.5357264862131836e-24
19054607.179632522 2.3393892145452745e-24
22080047.330189057 1.5476565138029431e-24
25585858.86905653 1.0237456389207493e-24
29648313.895243514 6.770992642136852e-25
34355794.78998757 4.47767933924349e-25
39810717.055349775 2.9606797483350054e-25
46131757.4560379 1.9573325615782425e-25
53456435.93969714 1.2938038565436216e-25
61944107.507678114 8.550606594320909e-26
71779429.12713616 5.64990684190293e-26
83176377.11026709 3.7324027502986777e-26
96382902.36239704 2.465015844655223e-26
111686324.77805611 1.627451882452517e-26
129419584.14499864 1.0740303754804078e-26
149968483.5502374 7.084255554923551e-27
173780082.87493762 4.669530441604167e-27
201372424.98623893 3.0751358493142364e-27
233345806.22810042 2.0227957305661783e-27
