107.64652136298349 2.2093893821086314e-11
124.73835142429434 2.0575229446837245e-11
144.5439770745928 1.8766909707043456e-11
167.49428760264382 1.6747290388544195e-11
194.08858775927794 1.4604518944315546e-11
224.90546058357825 1.2432021819182354e-11
260.61535499988975 1.0323069490296901e-11
301.9951720402019 8.363349258353678e-12
349.9451670283576 6.62171432829651e-12
405.50853544838435 5.139459580031669e-12
469.89410860521605 3.9255917675245825e-12
544.502652842422 2.9606554289670498e-12
630.9573444801943 2.208557423412568e-12
731.1390834834186 1.628866331908182e-12
847.227414140598 1.1862744070811566e-12
981.7479430199863 8.52956572283178e-13
1137.6272858234333 6.054322942540733e-13
1318.25673855641 4.241168447887357e-13
1527.5660582380733 2.9318669933688287e-13
1770.1089583174185 2.0027778125988253e-13
2051.1621788255625 1.3569751221626662e-13
2376.8402866248734 9.173463837100063e-14
2754.228703338163 6.228331497281472e-14
3191.5378551007584 4.2646705519366816e-14
3698.2817978026587 2.9339370229216724e-14
4285.485203974392 2.0188269545016877e-14
4965.923214503357 1.3901258882050415e-14
5754.399373371565 9.59125632321708e-15
6668.067692136218 6.636399827036475e-15
7726.805850957021 4.606428213019539e-15
8953.647655495937 3.2065560033545676e-15
10375.284158180126 2.2363588912538184e-15
12022.644346174131 1.5603794994582115e-15
13931.568029453034 1.0873866847693212e-15
16143.585568264869 7.558162208006041e-16
18706.821403658014 5.236126572940654e-16
21677.04104819696 3.614024870147321e-16
25118.86431509582 2.4841279088184445e-16
29107.17118066608 1.6999524368481504e-16
33728.73086588692 1.158207387241337e-16
39084.089579240244 7.859270541728158e-17
45289.75799036214 5.3146279353136254e-17
52480.746024977336 3.582615296072525e-17
60813.50012787176 2.406943880120586e-17
70469.30689671452 1.610928393857305e-17
81658.23713585905 1.0735078083559143e-17
94623.7161365791 7.11862846058597e-18
109647.81961431827 4.6942204170735234e-18
127057.41052085393 3.0760565167977212e-18
147231.25024327164 2.0015046185197226e-18
170608.23890031208 1.2921396368662342e-18
197696.96401118577 8.27029808741719e-19
229086.765276777 5.244404985405316e-19
265460.55619755364 3.2931682729388515e-19
307609.6814740705 2.0472931725483854e-19
356451.1334262439 1.2603430168613642e-19
413047.50199016096 7.689249729682965e-20
478630.092322638 4.6557986806409976e-20
554625.7129579104 2.8034874420547604e-20
642687.7173170194 1.682601714752473e-20
744731.9739059889 1.008509028456585e-20
862978.5477669701 6.043065651190601e-21
1000000.0 3.621003000539649e-21
1158777.3561551261 2.1697126733647045e-21
1342764.9611378643 1.300109637913645e-21
1555965.631605075 7.790482951748e-22
1803017.74085957 4.668279958002771e-22
2089296.1308540406 2.797424995311913e-22
2421029.04673618 1.6763682839204593e-22
2805433.637951716 1.0045913170026458e-22
3250872.973854347 6.020292204787179e-23
3767037.989839093 3.607880527414145e-23
4365158.322401665 2.1621751770201654e-23
5058246.620031147 1.2957791475801183e-23
5861381.645140296 7.765491454658918e-24
6792036.326171856 4.653726314810913e-24
7870457.896951 2.7888312031982902e-24
9120108.393559115 1.6711993419828288e-24
10568175.092136607 1.001414703796344e-24
12246161.992650514 6.000315405561712e-25
14190575.216890955 3.5950375899460776e-25
16443717.232149357 2.1537586622555565e-25
19054607.179632522 1.290179552396715e-25
22080047.330189057 7.727849896380771e-26
25585858.86905653 4.6282758772021464e-26
29648313.895243514 2.771592623139326e-26
34355794.78998757 1.6595409023160337e-26
39810717.055349775 9.935619843544295e-27
46131757.4560379 5.947740838546658e-27
53456435.93969714 3.560101877973828e-27
61944107.507678114 2.1307424256385495e-27
71779429.12713616 1.2751582516986286e-27
83176377.11026709 7.630787165266253e-28
96382902.36239704 4.566200870996884e-28
111686324.77805611 2.732305411757855e-28
129419584.14499864 1.6349279500225313e-28
149968483.5502374 9.782876588480823e-29
173780082.87493762 5.853699803760159e-29
201372424.98623893 3.502501692086516e-29
233345806.22810042 2.095485422981092e-29
