107.64652136298349 2.3548660821709473e-12
124.73835142429434 2.204021602700395e-12
144.5439770745928 2.0248301856781816e-12
167.49428760264382 1.824668177359937e-12
194.08858775927794 1.6117547327592136e-12
224.90546058357825 1.3947287001725184e-12
260.61535499988975 1.1821607517505005e-12
301.9951720402019 9.81931553005806e-13
349.9451670283576 8.004875920198495e-13
405.50853544838435 6.419978072920451e-13
469.89410860521605 5.079461156216059e-13
544.502652842422 3.9737036298252843e-13
630.9573444801943 3.077357044642561e-13
731.1390834834186 2.359030255472812e-13
847.227414140598 1.7892746286734642e-13
981.7479430199863 1.3431351896121565e-13
1137.6272858234333 9.982340658799414e-14
1318.25673855641 7.348656034490354e-14
1527.5660582380733 5.3624591790400216e-14
1770.1089583174185 3.8852587504084606e-14
2051.1621788255625 2.8028844366462246e-14
2376.8402866248734 2.0205471050890683e-14
2754.228703338163 1.4602531346129188e-14
3191.5378551007584 1.0596260772311925e-14
3698.2817978026587 7.703597740506007e-15
4285.485203974392 5.599273031538886e-15
4965.923214503357 4.069830100494149e-15
5754.399373371565 2.959545567902802e-15
6668.067692136218 2.1534232743806645e-15
7726.805850957021 1.5674283209199584e-15
8953.647655495937 1.1406205244614037e-15
10375.284158180126 8.290615630589088e-16
12022.644346174131 6.01202921777174e-16
13931.568029453034 4.3443402913054236e-16
16143.585568264869 3.1250820773175876e-16
18706.821403658014 2.2363505655900014e-16
21677.04104819696 1.5912155787860346e-16
25118.86431509582 1.1250897609284603e-16
29107.17118066608 7.901318243837809e-17
33728.73086588692 5.509472985703396e-17
39084.089579240244 3.813554830795763e-17
45289.75799036214 2.6199832167486585e-17
52480.746024977336 1.7859681003611065e-17
60813.50012787176 1.2071629657914518e-17
70469.30689671452 8.084156005970768e-18
81658.23713585905 5.359714041022309e-18
94623.7161365791 3.5153903680545755e-18
109647.81961431827 2.2796917811106015e-18
127057.41052085393 1.461169931765852e-18
147231.25024327164 9.256892469705739e-19
170608.23890031208 5.799937089003507e-19
197696.96401118577 3.5985247194040493e-19
229086.765276777 2.215283566716678e-19
265460.55619755364 1.3565237992866208e-19
307609.6814740705 8.283662853578675e-20
356451.1334262439 5.0539853370120104e-20
413047.50199016096 3.083339262960067e-20
478630.092322638 1.8812167391441763e-20
554625.7129579104 1.1478404659483956e-20
642687.7173170194 7.003908997350964e-21
744731.9739059889 4.273726532318557e-21
862978.5477669701 2.6078003054214737e-21
1000000.0 1.5912646293528069e-21
1158777.3561551261 9.709864927429835e-22
1342764.9611378643 5.925009320980989e-22
1555965.631605075 3.615529388272239e-22
1803017.74085957 2.206291800212099e-22
2089296.1308540406 1.3463651515614892e-22
2421029.04673618 8.216213661503021e-23
2805433.637951716 5.0140523527404565e-23
3250872.973854347 3.0599418462598813e-23
3767037.989839093 1.8674229742127864e-23
4365158.322401665 1.1396590900347669e-23
5058246.620031147 6.95515783153574e-24
5861381.645140296 4.2445839899657006e-24
6792036.326171856 2.5903315693556878e-24
7870457.896951 1.5807499758752816e-24
9120108.393559115 9.646144437443104e-25
10568175.092136607 5.886026017337354e-25
12246161.992650514 3.591396043943006e-25
14190575.216890955 2.19115019228168e-25
16443717.232149357 1.3367308608584236e-25
19054607.179632522 8.154068912114017e-26
22080047.330189057 4.973471219482838e-26
25585858.86905653 3.0331696561933353e-26
29648313.895243514 1.8496247991691311e-26
34355794.78998757 1.1277675967265669e-26
39810717.055349775 6.875511217700013e-27
46131757.4560379 4.191231086530429e-27
53456435.93969714 2.554657473062401e-27
61944107.507678114 1.5569787819622024e-27
71779429.12713616 9.488494354959174e-28
83176377.11026709 5.7820601544338e-28
96382902.36239704 3.5232594500261245e-28
111686324.77805611 2.1467830202656297e-28
129419584.14499864 1.3080220774036646e-28
149968483.5502374 7.96934131715554e-29
173780082.87493762 4.8551111539744427e-29
201372424.98623893 2.95748613196406e-29
233345806.22810042 1.801167119961945e-29
