107.64652136298349 7.247054952629601e-12
124.73835142429434 6.7579941519499886e-12
144.5439770745928 6.17590219468718e-12
167.49428760264382 5.5256980446990694e-12
194.08858775927794 4.835337889025654e-12
224.90546058357825 4.134381381280844e-12
260.61535499988975 3.452285941512811e-12
301.9951720402019 2.8161193699954833e-12
349.9451670283576 2.247738772294027e-12
405.50853544838435 1.760536429275305e-12
469.89410860521605 1.357964869565857e-12
544.502652842422 1.0346317675604105e-12
630.9573444801943 7.798320853325255e-13
731.1390834834186 5.812876966398827e-13
847.227414140598 4.2808139541279744e-13
981.7479430199863 3.114454378100732e-13
1137.6272858234333 2.2386114507935666e-13
1318.25673855641 1.589653244272819e-13
1527.5660582380733 1.1154258104498378e-13
1770.1089583174185 7.745610680882926e-14
2051.1621788255625 5.3417163082680866e-14
2376.8402866248734 3.677787377187056e-14
2754.228703338163 2.5418993035110336e-14
3191.5378551007584 1.7692611887018942e-14
3698.2817978026587 1.2361336451628092e-14
4285.485203974392 8.63711205580774e-15
4965.923214503357 6.037997679579116e-15
5754.399373371565 4.2274048350532536e-15
6668.067692136218 2.9659448154424608e-15
7726.805850957021 2.085452161902325e-15
8953.647655495937 1.4688772547197639e-15
10375.284158180126 1.0353271876423337e-15
12022.644346174131 7.291999375734239e-16
13931.568029453034 5.123906809827558e-16
16143.585568264869 3.587279023551604e-16
18706.821403658014 2.5002534956617846e-16
21677.04104819696 1.7338526781752052e-16
25118.86431509582 1.195592535028922e-16
29107.17118066608 8.193548361730675e-17
33728.73086588692 5.578927134053473e-17
39084.089579240244 3.7740778267356655e-17
45289.75799036214 2.5369429637521675e-17
52480.746024977336 1.694351838931198e-17
60813.50012787176 1.1236134839007286e-17
70469.30689671452 7.392413697583875e-18
81658.23713585905 4.8208308926702516e-18
94623.7161365791 3.1133157106558808e-18
109647.81961431827 1.9892987249923602e-18
127057.41052085393 1.256628045310871e-18
147231.25024327164 7.843169242569114e-19
170608.23890031208 4.835757489720427e-19
197696.96401118577 2.946323116880563e-19
229086.765276777 1.775910170349566e-19
265460.55619755364 1.0610535833051116e-19
307609.6814740705 6.300674555932595e-20
356451.1334262439 3.729127614507619e-20
413047.50199016096 2.2047385109855013e-20
478630.092322638 1.3033776849838958e-20
554625.7129579104 7.705678591559285e-21
642687.7173170194 4.55585855655944e-21
744731.9739059889 2.6936271705814598e-21
862978.5477669701 1.592593440506717e-21
1000000.0 9.416096561226256e-22
1158777.3561551261 5.567213798454933e-22
1342764.9611378643 3.291612819990655e-22
1555965.631605075 1.9461929500589683e-22
1803017.74085957 1.1507235283517425e-22
2089296.1308540406 6.804013653777801e-23
2421029.04673618 4.0231759764590825e-23
2805433.637951716 2.3789334927709438e-23
3250872.973854347 1.4067093007042266e-23
3767037.989839093 8.31828157620311e-24
4365158.322401665 4.918899574863013e-24
5058246.620031147 2.9087389919592054e-24
5861381.645140296 1.7200480440624305e-24
6792036.326171856 1.0171186258369311e-24
7870457.896951 6.014415903834141e-25
9120108.393559115 3.5563236007799975e-25
10568175.092136607 2.1027618269755877e-25
12246161.992650514 1.2432387505446286e-25
14190575.216890955 7.350034021714906e-26
16443717.232149357 4.3449957619566377e-26
19054607.179632522 2.5683227967947072e-26
22080047.330189057 1.517978869540602e-26
25585858.86905653 8.970859295483772e-27
29648313.895243514 5.300926611936755e-27
34355794.78998757 3.131968909642789e-27
39810717.055349775 1.8502512279086518e-27
46131757.4560379 1.0929314549961218e-27
53456435.93969714 6.455162916317826e-28
61944107.507678114 3.81222361115222e-28
71779429.12713616 2.2511951654506718e-28
83176377.11026709 1.3292898430182424e-28
96382902.36239704 7.848875054180776e-29
111686324.77805611 4.634322893989102e-29
129419584.14499864 2.736311734069681e-29
149968483.5502374 1.615669413834324e-29
173780082.87493762 9.540025886891433e-30
201372424.98623893 5.6331540696854616e-30
233345806.22810042 3.3261496454515765e-30
