1.000000000000000000e+02 4.352338349148338969e-13
1.109752496412072134e+02 3.575534377869404337e-13
1.231550603292826196e+02 2.899946716133322176e-13
1.366716356462005990e+02 2.355101515437016439e-13
1.516716888470922413e+02 1.885439751642321515e-13
1.683180353330956791e+02 1.509118579746973472e-13
1.867913599020782840e+02 1.191724788335427510e-13
2.072921779595371845e+02 9.374103878771992442e-14
2.300430119772916839e+02 7.310303323020617391e-14
2.552908068239516410e+02 5.664609468469375371e-14
2.833096101839323637e+02 4.351674893557596268e-14
3.144035471591500368e+02 3.329335617615708717e-14
3.489101213406774491e+02 2.532544361515191738e-14
3.872038781812557318e+02 1.928515158840967487e-14
4.297004704320843871e+02 1.466680692367867253e-14
4.768611697714468960e+02 1.121952535970173046e-14
5.291978735958442712e+02 8.636452096670945217e-15
5.872786613189482523e+02 6.721314792743479432e-15
6.517339604882420190e+02 5.304718457221139864e-15
7.232633896483533817e+02 4.253046556577185172e-15
8.026433522257173081e+02 3.466001715663720747e-15
8.907354638610439679e+02 2.868452850334730424e-15
9.884959046625587007e+02 2.406628933174274535e-15
1.096985797892383971e+03 2.042223836608083470e-15
1.217382727739662187e+03 1.748151468836107273e-15
1.350993521198027793e+03 1.504795955556988511e-15
1.499268432786045423e+03 1.300908068514886145e-15
1.663816886076128640e+03 1.127086140756755690e-15
1.846424942895544291e+03 9.770691269557982680e-16
2.049074689815845886e+03 8.449748429533219937e-16
2.273965752357927613e+03 7.329685398120124969e-16
2.523539170434765765e+03 6.334112951468182906e-16
2.800503894183631019e+03 5.458349473125499185e-16
3.107866187782013640e+03 4.695364553982061191e-16
3.448962260405759935e+03 4.024745774392121777e-16
3.827494478516314757e+03 3.436611605791627788e-16
4.247571552536898707e+03 2.921806922814298853e-16
4.713753134116724141e+03 2.474239689922926224e-16
5.231099308056262998e+03 2.084921455991900932e-16
5.805225516094896193e+03 1.747641925824807210e-16
6.442363508721369726e+03 1.454932769442134481e-16
7.149428986597576113e+03 1.202989360789759878e-16
7.934096665797491369e+03 9.878849381288893943e-17
8.804883581643463913e+03 8.051644619084433019e-17
9.771241535346502133e+03 6.507329756629848427e-17
1.084365968689610963e+04 5.204453394628967135e-17
1.203377840777589154e+04 4.141797963761593389e-17
1.335451562929898682e+04 3.246707183118668154e-17
1.482020705798858762e+04 2.511904911968512231e-17
1.644676177994664249e+04 1.921309216681971219e-17
1.825183494319044257e+04 1.453611928092059982e-17
2.025501939230666540e+04 1.086159192940186868e-17
2.247805833548725059e+04 8.028494918595040604e-18
2.494508135230316839e+04 5.873960265736475686e-18
2.768286630392066581e+04 4.257271263045422297e-18
3.072112998861759115e+04 3.062115834616869637e-18
3.409285069746814406e+04 2.188443643415919244e-18
3.783462617131928710e+04 1.556110523926128743e-18
4.198707084443910571e+04 1.101752750031378346e-18
4.659525668664683326e+04 7.797278503187205486e-19
5.170920242896761192e+04 5.549977451379824154e-19
5.738441648302398244e+04 4.023749819454392110e-19
6.368249944718585903e+04 3.016813199526663591e-19
7.067181273927491566e+04 2.342448716321538218e-19
7.842822061337680498e+04 1.861388610511670102e-19
8.703591361485165544e+04 1.495806262659751942e-19
9.658832241158708348e+04 1.206840684606750966e-19
1.071891319205127511e+05 9.739832137657218659e-20
1.189534067370319535e+05 7.851468001866588237e-20
1.320088400831418112e+05 6.318758292602860745e-20
1.464971398307286145e+05 5.074621859628124333e-20
1.625755666443794908e+05 4.066205103611407366e-20
1.804186409392071655e+05 3.251000201653060684e-20
2.002200371815584658e+05 2.593835875895121400e-20
2.221946860939523904e+05 2.065286291890700367e-20
2.465811075822604180e+05 1.641588639130273675e-20
2.736439997074671555e+05 1.302943749360651082e-20
3.036771118035460822e+05 1.032873933758960181e-20
3.370064329271928291e+05 8.180418997075251400e-21
3.739937302478798083e+05 6.471586645242482964e-21
4.150404757850476308e+05 5.113981051915374457e-21
4.605922041145108524e+05 4.036596045072782034e-21
5.111433483440171112e+05 3.181494108467962469e-21
5.672426068491977639e+05 2.504207044954574660e-21
6.294988990221888525e+05 1.968693687160777919e-21
6.985879746785250027e+05 1.545086272514953697e-21
7.752597488629464060e+05 1.210793682532568139e-21
8.603464416684507160e+05 9.472009935980549411e-22
9.547716114208066138e+05 7.395577419521825632e-22
1.059560179277617019e+06 5.764032775774070973e-22
1.175849554052158026e+06 4.483079632676890496e-22
1.304901978014401859e+06 3.479228845230615839e-22
1.448118227674532915e+06 2.693558473623205964e-22
1.607052818261638284e+06 2.080132721759434362e-22
1.783430876931909472e+06 1.602046961361952835e-22
1.979166867853557458e+06 1.230396337212231232e-22
2.196385372416546568e+06 9.418901852498021600e-23
2.437444150122222025e+06 7.186604954232617143e-23
2.704959730463137385e+06 5.463236616875950794e-23
3.001835813575591892e+06 4.136503776237108238e-23
3.331294787934676744e+06 3.118706131591504119e-23
3.696912707195031922e+06 2.340307786830341490e-23
4.102658105827190448e+06 1.747448235930704110e-23
4.552935074866947718e+06 1.297583489525954615e-23
5.052631065335679799e+06 9.575085357440520745e-24
5.607169938205458224e+06 7.019388771404811469e-24
6.222570836730230600e+06 5.109675807679058552e-24
6.905513520162330940e+06 3.689537006518185865e-24
7.663410868007462472e+06 2.640844263294258369e-24
8.504489341802684590e+06 1.872158421396149206e-24
9.437878277775391936e+06 1.313613247339315100e-24
1.047370897959450819e+07 9.111562129536138592e-25
1.162322468679854274e+07 6.239724734356523681e-25
1.289890261253307760e+07 4.213807234985432553e-25
1.431458937523478456e+07 2.801813382521618296e-25
1.588565129428052530e+07 1.828640763435658142e-25
1.762914118095947802e+07 1.168780337401816111e-25
1.956398343517064676e+07 7.262211639478804759e-26
2.171117945694505423e+07 4.348894326863337351e-26
2.409403560239527002e+07 2.464922771779629018e-26
2.673841615839949250e+07 1.286618725936366565e-26
2.967302408188872784e+07 5.865240772447237192e-27
3.292971255097155273e+07 2.092945086919065515e-27
3.654383070957254618e+07 4.387184065466500498e-28
4.055460735840827972e+07 2.366153046781814292e-29
