1.000000000000000000e+02 1.367289425915199410e-11
1.109752496412072134e+02 1.178917130188138705e-11
1.231550603292826196e+02 1.016398469296635558e-11
1.366716356462005990e+02 8.763243901786321531e-12
1.516716888470922413e+02 7.556089556492953117e-12
1.683180353330956791e+02 6.514375801972453726e-12
1.867913599020782840e+02 5.616531749594575982e-12
2.072921779595371845e+02 4.842557299836314339e-12
2.300430119772916839e+02 4.174149088101088704e-12
2.552908068239516410e+02 3.598197876987182415e-12
2.833096101839323637e+02 3.101347260175407144e-12
3.144035471591500368e+02 2.672318104170785791e-12
3.489101213406774491e+02 2.302663421859346436e-12
3.872038781812557318e+02 1.983446666531847222e-12
4.297004704320843871e+02 1.708232791178036658e-12
4.768611697714468960e+02 1.470501388615463596e-12
5.291978735958442712e+02 1.265709763290058389e-12
5.872786613189482523e+02 1.088807223678534842e-12
6.517339604882420190e+02 9.364201643608506842e-13
7.232633896483533817e+02 8.050025118589027533e-13
8.026433522257173081e+02 6.915460314148788942e-13
8.907354638610439679e+02 5.938898627937017535e-13
9.884959046625587007e+02 5.097108567666732933e-13
1.096985797892383971e+03 4.371647728543446416e-13
1.217382727739662187e+03 3.747414717340946174e-13
1.350993521198027793e+03 3.209816612118656320e-13
1.499268432786045423e+03 2.747528130492087724e-13
1.663816886076128640e+03 2.350237608595279202e-13
1.846424942895544291e+03 2.008158925022738261e-13
2.049074689815845886e+03 1.714850915076031047e-13
2.273965752357927613e+03 1.463230626984594832e-13
2.523539170434765765e+03 1.246916668180457166e-13
2.800503894183631019e+03 1.062039312952155399e-13
3.107866187782013640e+03 9.033224090103168075e-14
3.448962260405759935e+03 7.676827867395497600e-14
3.827494478516314757e+03 6.517187180641202450e-14
4.247571552536898707e+03 5.526235746032916738e-14
4.713753134116724141e+03 4.680993012510346121e-14
5.231099308056262998e+03 3.959832489443328470e-14
5.805225516094896193e+03 3.345793571274193327e-14
6.442363508721369726e+03 2.822814953418916090e-14
7.149428986597576113e+03 2.379148732862579569e-14
7.934096665797491369e+03 2.002120716033100594e-14
8.804883581643463913e+03 1.682757200445465124e-14
9.771241535346502133e+03 1.411841796590600905e-14
1.084365968689610963e+04 1.183313945133042470e-14
1.203377840777589154e+04 9.902553875896829975e-15
1.335451562929898682e+04 8.270672329408167680e-15
1.482020705798858762e+04 6.901688498881642753e-15
1.644676177994664249e+04 5.746335263909114500e-15
1.825183494319044257e+04 4.779044830384880864e-15
2.025501939230666540e+04 3.967500331143586233e-15
2.247805833548725059e+04 3.288802617162985248e-15
2.494508135230316839e+04 2.722388696926074391e-15
2.768286630392066581e+04 2.249693620520812100e-15
3.072112998861759115e+04 1.856554891406234958e-15
3.409285069746814406e+04 1.529240177042216664e-15
3.783462617131928710e+04 1.258111580190389171e-15
4.198707084443910571e+04 1.032121090206423498e-15
4.659525668664683326e+04 8.465410971050839498e-16
5.170920242896761192e+04 6.918361170672855612e-16
5.738441648302398244e+04 5.651118189667158622e-16
6.368249944718585903e+04 4.599953070265674322e-16
7.067181273927491566e+04 3.740438826723848934e-16
7.842822061337680498e+04 3.028909214385310600e-16
8.703591361485165544e+04 2.447552161498670067e-16
9.658832241158708348e+04 1.968226576521635537e-16
1.071891319205127511e+05 1.577609256438799359e-16
1.189534067370319535e+05 1.258145263225130221e-16
1.320088400831418112e+05 9.995678493912593427e-17
1.464971398307286145e+05 7.888695964914031085e-17
1.625755666443794908e+05 6.187524134420636152e-17
1.804186409392071655e+05 4.822789683134799923e-17
2.002200371815584658e+05 3.733337198601299718e-17
2.221946860939523904e+05 2.866488038954848486e-17
2.465811075822604180e+05 2.181112698895823700e-17
2.736439997074671555e+05 1.647920705725199828e-17
3.036771118035460822e+05 1.233014483942661082e-17
3.370064329271928291e+05 9.142977654217400477e-18
3.739937302478798083e+05 6.718202770397288318e-18
4.150404757850476308e+05 4.892143700030042155e-18
4.605922041145108524e+05 3.530915234694621726e-18
5.111433483440171112e+05 2.529648510581728008e-18
5.672426068491977639e+05 1.798152310850146786e-18
6.294988990221888525e+05 1.273931232094274333e-18
6.985879746785250027e+05 8.976527893822276691e-19
7.752597488629464060e+05 6.298745749034433722e-19
8.603464416684507160e+05 4.401656676992604724e-19
9.547716114208066138e+05 3.054867773565185343e-19
1.059560179277617019e+06 2.097493828680626758e-19
1.175849554052158026e+06 1.415883029649889413e-19
1.304901978014401859e+06 9.313099575240944513e-20
1.448118227674532915e+06 5.898964077923683410e-20
1.607052818261638284e+06 3.542777352126681489e-20
1.783430876931909472e+06 1.975012545001696646e-20
1.979166867853557458e+06 9.918417727905902622e-21
2.196385372416546568e+06 4.330180354406119552e-21
2.437444150122222025e+06 1.601842642953192378e-21
2.704959730463137385e+06 5.050054458386215073e-22
3.001835813575591892e+06 1.424001076817318463e-22
3.331294787934676744e+06 4.250874028658745730e-23
3.696912707195031922e+06 1.780308144520270712e-23
4.102658105827190448e+06 1.066967688912397435e-23
4.552935074866947718e+06 7.418207778030900453e-24
5.052631065335679799e+06 5.335147815113896231e-24
5.607169938205458224e+06 3.860895718601774766e-24
6.222570836730230600e+06 2.791478113373038953e-24
6.905513520162330940e+06 2.017093243812854153e-24
7.663410868007462472e+06 1.456434404709482065e-24
8.504489341802684590e+06 1.050133157752237287e-24
9.437878277775391936e+06 7.558736281847282707e-25
1.047370897959450819e+07 5.430278143793831804e-25
1.162322468679854274e+07 3.891693635044822653e-25
1.289890261253307760e+07 2.781503247003774135e-25
1.431458937523478456e+07 1.981506890281974938e-25
1.588565129428052530e+07 1.406829365433784953e-25
1.762914118095947802e+07 9.945875774954698236e-26
1.956398343517064676e+07 6.998429609400470910e-26
2.171117945694505423e+07 4.898741117463292556e-26
2.409403560239527002e+07 3.409240280020318441e-26
2.673841615839949250e+07 2.356401062352919166e-26
2.967302408188872784e+07 1.615969595629571317e-26
3.292971255097155273e+07 1.097600886340117125e-26
3.654383070957254618e+07 7.367036662790061437e-27
4.055460735840827972e+07 4.895315772787373568e-27
4.500557675700496882e+07 3.198204837098864668e-27
4.994505115855139494e+07 2.056971461813299148e-27
5.542664520663107187e+07 1.290315877786884193e-27
6.150985788580504060e+07 7.892668341290043716e-28
6.826071834272393584e+07 4.668820643204113960e-28
7.575250258771920204e+07 2.649462767360322079e-28
8.406652885618332028e+07 1.424049198507433058e-28
9.329304026284696162e+07 7.073300100031318392e-29
1.035321843295663744e+08 3.108725291549535932e-29
1.148951000187308788e+08 1.050765444913874102e-29
1.275051240713012964e+08 1.462379872263289132e-30
1.414991297434575856e+08 1.173237829036491273e-43
