1.000000000000000000e+02 1.771600691202086451e-12
1.109752496412072134e+02 1.472385595288328778e-12
1.231550603292826196e+02 1.221039873612804122e-12
1.366716356462005990e+02 1.009099030198126011e-12
1.516716888470922413e+02 8.319718131359372772e-13
1.683180353330956791e+02 6.838995561214485298e-13
1.867913599020782840e+02 5.613931041283397585e-13
2.072921779595371845e+02 4.594296979120817511e-13
2.300430119772916839e+02 3.761418659045922647e-13
2.552908068239516410e+02 3.072522649348760798e-13
2.833096101839323637e+02 2.513845215674530167e-13
3.144035471591500368e+02 2.056794632274259384e-13
3.489101213406774491e+02 1.688021682420091326e-13
3.872038781812557318e+02 1.386467665968837245e-13
4.297004704320843871e+02 1.145143875537632482e-13
4.768611697714468960e+02 9.492470035731045798e-14
5.291978735958442712e+02 7.915281759251967365e-14
5.872786613189482523e+02 6.621708916840865880e-14
6.517339604882420190e+02 5.575777703272974739e-14
7.232633896483533817e+02 4.713767229318763172e-14
8.026433522257173081e+02 4.003428315741266838e-14
8.907354638610439679e+02 3.412358102679869952e-14
9.884959046625587007e+02 2.915643327441228733e-14
1.096985797892383971e+03 2.495726004276190575e-14
1.217382727739662187e+03 2.139558374970882886e-14
1.350993521198027793e+03 1.832378690283812991e-14
1.499268432786045423e+03 1.569520936690293978e-14
1.663816886076128640e+03 1.341891636207552519e-14
1.846424942895544291e+03 1.144721468705055561e-14
2.049074689815845886e+03 9.748768157035792416e-15
2.273965752357927613e+03 8.272728900442290671e-15
2.523539170434765765e+03 6.990484133190682819e-15
2.800503894183631019e+03 5.889964795194564543e-15
3.107866187782013640e+03 4.937463869086112195e-15
3.448962260405759935e+03 4.120612882187541258e-15
3.827494478516314757e+03 3.419146692195819334e-15
4.247571552536898707e+03 2.821688252248276677e-15
4.713753134116724141e+03 2.314070567190710563e-15
5.231099308056262998e+03 1.885719692934634609e-15
5.805225516094896193e+03 1.525039730031728455e-15
6.442363508721369726e+03 1.222844442485139197e-15
7.149428986597576113e+03 9.714641717484952585e-16
7.934096665797491369e+03 7.663377016814215842e-16
8.804883581643463913e+03 5.984685770662229402e-16
9.771241535346502133e+03 4.620907925742778964e-16
1.084365968689610963e+04 3.519973019831975912e-16
1.203377840777589154e+04 2.649854449433667136e-16
1.335451562929898682e+04 1.971909563439879755e-16
1.482020705798858762e+04 1.450420087733999261e-16
1.644676177994664249e+04 1.054065145058205830e-16
1.825183494319044257e+04 7.561988538630018600e-17
2.025501939230666540e+04 5.356910642376944347e-17
2.247805833548725059e+04 3.778392782457294538e-17
2.494508135230316839e+04 2.659640713931497378e-17
2.768286630392066581e+04 1.882013742758300021e-17
3.072112998861759115e+04 1.348047949439758691e-17
3.409285069746814406e+04 9.836573199908877953e-18
3.783462617131928710e+04 7.344757973652176825e-18
4.198707084443910571e+04 5.617713411988563859e-18
4.659525668664683326e+04 4.393800796892686820e-18
5.170920242896761192e+04 3.499882269447018252e-18
5.738441648302398244e+04 2.829058614899773762e-18
6.368249944718585903e+04 2.310955924353519489e-18
7.067181273927491566e+04 1.900211859199644821e-18
7.842822061337680498e+04 1.567187687067255453e-18
8.703591361485165544e+04 1.294103080999813266e-18
9.658832241158708348e+04 1.068516155379729839e-18
1.071891319205127511e+05 8.813273371569894146e-19
1.189534067370319535e+05 7.257043465889584091e-19
1.320088400831418112e+05 5.966980538263070349e-19
1.464971398307286145e+05 4.897461192557418574e-19
1.625755666443794908e+05 4.012826286613724106e-19
1.804186409392071655e+05 3.282768257458107635e-19
2.002200371815584658e+05 2.680442787921119213e-19
2.221946860939523904e+05 2.185155579598999388e-19
2.465811075822604180e+05 1.778321063147525215e-19
2.736439997074671555e+05 1.444919045493269517e-19
3.036771118035460822e+05 1.172391322868008721e-19
3.370064329271928291e+05 9.496731904298966249e-20
3.739937302478798083e+05 7.680779345999484742e-20
4.150404757850476308e+05 6.200864250721691446e-20
4.605922041145108524e+05 4.998714397318554915e-20
5.111433483440171112e+05 4.018884174314848387e-20
5.672426068491977639e+05 3.227086439083308527e-20
6.294988990221888525e+05 2.585552208371026245e-20
6.985879746785250027e+05 2.064987026566512922e-20
7.752597488629464060e+05 1.646567738538712951e-20
8.603464416684507160e+05 1.309787234375905700e-20
9.547716114208066138e+05 1.038893809966595052e-20
1.059560179277617019e+06 8.213576611786259696e-21
1.175849554052158026e+06 6.478331940975336913e-21
1.304901978014401859e+06 5.093406471347529371e-21
1.448118227674532915e+06 3.987617492755522152e-21
1.607052818261638284e+06 3.112628786585881573e-21
1.783430876931909472e+06 2.419045590025839938e-21
1.979166867853557458e+06 1.872039809654344693e-21
2.196385372416546568e+06 1.442790326626489289e-21
2.437444150122222025e+06 1.106223840011280833e-21
2.704959730463137385e+06 8.435188672020771553e-22
3.001835813575591892e+06 6.392219394156670267e-22
3.331294787934676744e+06 4.806854982528994753e-22
3.696912707195031922e+06 3.588183650418246776e-22
4.102658105827190448e+06 2.661933623704840170e-22
4.552935074866947718e+06 1.945759176475711039e-22
5.052631065335679799e+06 1.405528994838001471e-22
5.607169938205458224e+06 9.994670814975840437e-23
6.222570836730230600e+06 6.967744297983379698e-23
6.905513520162330940e+06 4.738550731793216608e-23
7.663410868007462472e+06 3.122436685154073358e-23
8.504489341802684590e+06 1.975513313746784940e-23
9.437878277775391936e+06 1.183843210327140499e-23
1.047370897959450819e+07 6.589612400209183133e-24
1.162322468679854274e+07 3.307375722462423263e-24
1.289890261253307760e+07 1.436732915404424443e-24
1.431458937523478456e+07 5.176025668779370972e-25
1.588565129428052530e+07 1.565447383836691226e-25
1.762914118095947802e+07 4.083336580549186611e-26
1.956398343517064676e+07 3.832165252141707934e-27
2.171117945694505423e+07 2.770054030685522934e-29
2.409403560239527002e+07 2.185831813030306633e-32
2.673841615839949250e+07 5.380832598365062212e-36
2.967302408188872784e+07 1.813473554855624175e-40
3.292971255097155273e+07 2.115622045580903375e-46
3.654383070957254618e+07 4.161561271998057484e-55
4.055460735840827972e+07 3.002985993332811221e-69
4.500557675700496882e+07 8.220884817066152961e-95
4.994505115855139494e+07 4.157219472006830096e-141
