1.000000000000000000e+02 4.225031823683871499e-13
1.109752496412072134e+02 3.688761917862513279e-13
1.231550603292826196e+02 3.220687797683460625e-13
1.366716356462005990e+02 2.811884415305428943e-13
1.516716888470922413e+02 2.456575945281687574e-13
1.683180353330956791e+02 2.144589213742057888e-13
1.867913599020782840e+02 1.873040372587178452e-13
2.072921779595371845e+02 1.634750383197278224e-13
2.300430119772916839e+02 1.426928694338451020e-13
2.552908068239516410e+02 1.244370151833551410e-13
2.833096101839323637e+02 1.084698691856993928e-13
3.144035471591500368e+02 9.446915357851058456e-14
3.489101213406774491e+02 8.219525584204286098e-14
3.872038781812557318e+02 7.144778341504588974e-14
4.297004704320843871e+02 6.201371422238976506e-14
4.768611697714468960e+02 5.375618734477993978e-14
5.291978735958442712e+02 4.652619685839967727e-14
5.872786613189482523e+02 4.019612505201713346e-14
6.517339604882420190e+02 3.467899131810134004e-14
7.232633896483533817e+02 2.983678880952197991e-14
8.026433522257173081e+02 2.564714436553514319e-14
8.907354638610439679e+02 2.197049865046680705e-14
9.884959046625587007e+02 1.880741059532697096e-14
1.096985797892383971e+03 1.603783418174004312e-14
1.217382727739662187e+03 1.366256238741045960e-14
1.350993521198027793e+03 1.159661080527894079e-14
1.499268432786045423e+03 9.832875205521597810e-15
1.663816886076128640e+03 8.307033042393278416e-15
1.846424942895544291e+03 7.006870930274365067e-15
2.049074689815845886e+03 5.894417399201867332e-15
2.273965752357927613e+03 4.948022346974260748e-15
2.523539170434765765e+03 4.143652627162940357e-15
2.800503894183631019e+03 3.464394653510944011e-15
3.107866187782013640e+03 2.892604217263550911e-15
3.448962260405759935e+03 2.405628445203666420e-15
3.827494478516314757e+03 2.001319905370641134e-15
4.247571552536898707e+03 1.660918285373668512e-15
4.713753134116724141e+03 1.376551715421717882e-15
5.231099308056262998e+03 1.138838532452612387e-15
5.805225516094896193e+03 9.412634859040612200e-16
6.442363508721369726e+03 7.762178355871751198e-16
7.149428986597576113e+03 6.393622346911145033e-16
7.934096665797491369e+03 5.256681163128710943e-16
8.804883581643463913e+03 4.314905282187957490e-16
9.771241535346502133e+03 3.534039777735356526e-16
1.084365968689610963e+04 2.888841504585459260e-16
1.203377840777589154e+04 2.356670108386770153e-16
1.335451562929898682e+04 1.917962557274131416e-16
1.482020705798858762e+04 1.556476338676324552e-16
1.644676177994664249e+04 1.260773948392439972e-16
1.825183494319044257e+04 1.018603637752944439e-16
2.025501939230666540e+04 8.208530109749122381e-17
2.247805833548725059e+04 6.595422914242968656e-17
2.494508135230316839e+04 5.286762105195225408e-17
2.768286630392066581e+04 4.229450873449103865e-17
3.072112998861759115e+04 3.375906884312276224e-17
3.409285069746814406e+04 2.689727456684105992e-17
3.783462617131928710e+04 2.140201399390165831e-17
4.198707084443910571e+04 1.699050816518394042e-17
4.659525668664683326e+04 1.347801819474134687e-17
5.170920242896761192e+04 1.066377952791517763e-17
5.738441648302398244e+04 8.438937362841854514e-18
6.368249944718585903e+04 6.665349886970252025e-18
7.067181273927491566e+04 5.254579840780550673e-18
7.842822061337680498e+04 4.137855700597654166e-18
8.703591361485165544e+04 3.252157989390301161e-18
9.658832241158708348e+04 2.554544208355297235e-18
1.071891319205127511e+05 2.002911927745125347e-18
1.189534067370319535e+05 1.568299140289247747e-18
1.320088400831418112e+05 1.226739781923279370e-18
1.464971398307286145e+05 9.572679093023574721e-19
1.625755666443794908e+05 7.458656730569841257e-19
1.804186409392071655e+05 5.800855168964757097e-19
2.002200371815584658e+05 4.498757522048473597e-19
2.221946860939523904e+05 3.478197982012288023e-19
2.465811075822604180e+05 2.680766408839037350e-19
2.736439997074671555e+05 2.056637803820466438e-19
3.036771118035460822e+05 1.569337752559620179e-19
3.370064329271928291e+05 1.190193290404298711e-19
3.739937302478798083e+05 8.947314633863117459e-20
4.150404757850476308e+05 6.670321744937581897e-20
4.605922041145108524e+05 4.929642360073835086e-20
5.111433483440171112e+05 3.614663258244834539e-20
5.672426068491977639e+05 2.631484287061827805e-20
6.294988990221888525e+05 1.905538703396562473e-20
6.985879746785250027e+05 1.373382436333608461e-20
7.752597488629464060e+05 9.851154383452742852e-21
8.603464416684507160e+05 7.030154778824371605e-21
9.547716114208066138e+05 4.991521264404904239e-21
1.059560179277617019e+06 3.532120665540910779e-21
1.175849554052158026e+06 2.492086228316065870e-21
1.304901978014401859e+06 1.754020722752803437e-21
1.448118227674532915e+06 1.235037980095589873e-21
1.607052818261638284e+06 8.717282661895889779e-22
1.783430876931909472e+06 6.144994096265632816e-22
1.979166867853557458e+06 4.325641562223620093e-22
2.196385372416546568e+06 3.045296566640598412e-22
2.437444150122222025e+06 2.149516546892102937e-22
2.704959730463137385e+06 1.524966839949848067e-22
3.001835813575591892e+06 1.089667801785521995e-22
3.331294787934676744e+06 7.849984226885000523e-23
3.696912707195031922e+06 5.698896023369135305e-23
4.102658105827190448e+06 4.159184958042427610e-23
4.552935074866947718e+06 3.049129686001710098e-23
5.052631065335679799e+06 2.241246936995156809e-23
5.607169938205458224e+06 1.650129912328013183e-23
6.222570836730230600e+06 1.216140093874162467e-23
6.905513520162330940e+06 8.966692082491247493e-24
7.663410868007462472e+06 6.612450735469598298e-24
8.504489341802684590e+06 4.876822394367294153e-24
9.437878277775391936e+06 3.595169821702452188e-24
1.047370897959450819e+07 2.648977871574920265e-24
1.162322468679854274e+07 1.950153197983730254e-24
1.289890261253307760e+07 1.434710696037687084e-24
1.431458937523478456e+07 1.054495053612035418e-24
1.588565129428052530e+07 7.742162095200471169e-25
1.762914118095947802e+07 5.676583844112202054e-25
1.956398343517064676e+07 4.156745551422235104e-25
2.171117945694505423e+07 3.039608171985552439e-25
2.409403560239527002e+07 2.218845161159059085e-25
2.673841615839949250e+07 1.616998012999250939e-25
2.967302408188872784e+07 1.176125165779313738e-25
3.292971255097155273e+07 8.536292545307581503e-26
3.654383070957254618e+07 6.182942933861116913e-26
4.055460735840827972e+07 4.467510833493770757e-26
4.500557675700496882e+07 3.219496821521222265e-26
4.994505115855139494e+07 2.313324588166238679e-26
5.542664520663107187e+07 1.656925047529341689e-26
6.150985788580504060e+07 1.183029866882867175e-26
6.826071834272393584e+07 8.409921099888390790e-27
7.575250258771920204e+07 5.954851072144109712e-27
8.406652885618332028e+07 4.194976664542237164e-27
9.329304026284696162e+07 2.938982402314813441e-27
1.035321843295663744e+08 2.045834773664887139e-27
1.148951000187308788e+08 1.413736335641021335e-27
1.275051240713012964e+08 9.684780430747311182e-28
1.414991297434575856e+08 6.566683226776719209e-28
1.570290124729377627e+08 4.398184706950835474e-28
1.742633386009651124e+08 2.901218324730497484e-28
1.933891750455232263e+08 1.878853225572918229e-28
2.146141197858406007e+08 1.187832197300539452e-28
2.381685551976160705e+08 7.281406471886060793e-29
2.643081486974108517e+08 4.277094705496517510e-29
2.933166278390048146e+08 2.367209716056041456e-29
3.255088599835056663e+08 1.197183999047019742e-29
3.612342699709430337e+08 5.222169898277824337e-30
4.008806328898465633e+08 1.737696530987954096e-30
4.448782831127585173e+08 3.409621174005247045e-31
4.937047852839003801e+08 1.988913191736813101e-32
