1.000000000000000000e+02 7.166143198920655546e-12
1.109752496412072134e+02 6.035297122368931835e-12
1.231550603292826196e+02 5.070253475316555029e-12
1.366716356462005990e+02 4.251181693411808776e-12
1.516716888470922413e+02 3.553867269656857655e-12
1.683180353330956791e+02 2.962773696446329117e-12
1.867913599020782840e+02 2.462780963956476725e-12
2.072921779595371845e+02 2.041803642885594974e-12
2.300430119772916839e+02 1.687423347811513156e-12
2.552908068239516410e+02 1.390276518370608663e-12
2.833096101839323637e+02 1.142333605266428838e-12
3.144035471591500368e+02 9.363025579275588554e-13
3.489101213406774491e+02 7.654381515727293032e-13
3.872038781812557318e+02 6.248640222669228841e-13
4.297004704320843871e+02 5.092929476660773177e-13
4.768611697714468960e+02 4.147832384798610451e-13
5.291978735958442712e+02 3.377983641431971125e-13
5.872786613189482523e+02 2.753040962824639714e-13
6.517339604882420190e+02 2.247766275371320684e-13
7.232633896483533817e+02 1.838390253498143931e-13
8.026433522257173081e+02 1.508693134552809953e-13
8.907354638610439679e+02 1.242038445741960812e-13
9.884959046625587007e+02 1.027049169086226806e-13
1.096985797892383971e+03 8.523514507316873739e-14
1.217382727739662187e+03 7.103782273988196450e-14
1.350993521198027793e+03 5.943415949996559726e-14
1.499268432786045423e+03 4.993158119604271485e-14
1.663816886076128640e+03 4.206165118859449640e-14
1.846424942895544291e+03 3.553631191473630415e-14
2.049074689815845886e+03 3.007825345273005844e-14
2.273965752357927613e+03 2.549667913204947182e-14
2.523539170434765765e+03 2.162669275560154261e-14
2.800503894183631019e+03 1.835216496395519426e-14
3.107866187782013640e+03 1.556642098060460592e-14
3.448962260405759935e+03 1.319922436352958846e-14
3.827494478516314757e+03 1.117255194932880019e-14
4.247571552536898707e+03 9.448123822693087791e-15
4.713753134116724141e+03 7.973086021783809631e-15
5.231099308056262998e+03 6.715878929382354232e-15
5.805225516094896193e+03 5.643405204026883281e-15
6.442363508721369726e+03 4.730435314819169872e-15
7.149428986597576113e+03 3.956847373603003140e-15
7.934096665797491369e+03 3.299006539739419689e-15
8.804883581643463913e+03 2.740869933857627958e-15
9.771241535346502133e+03 2.270994124859047414e-15
1.084365968689610963e+04 1.874859465314487641e-15
1.203377840777589154e+04 1.541860482150796406e-15
1.335451562929898682e+04 1.261560494374374968e-15
1.482020705798858762e+04 1.028283868268873448e-15
1.644676177994664249e+04 8.349732456080940646e-16
1.825183494319044257e+04 6.725060519665684860e-16
2.025501939230666540e+04 5.393200185193534914e-16
2.247805833548725059e+04 4.299724596175595076e-16
2.494508135230316839e+04 3.397658589402293237e-16
2.768286630392066581e+04 2.664978018881466558e-16
3.072112998861759115e+04 2.074422074502094626e-16
3.409285069746814406e+04 1.598952358770949876e-16
3.783462617131928710e+04 1.223522662093697855e-16
4.198707084443910571e+04 9.233082510740317840e-17
4.659525668664683326e+04 6.919265135995721344e-17
5.170920242896761192e+04 5.120112015058685428e-17
5.738441648302398244e+04 3.752649587849285816e-17
6.368249944718585903e+04 2.735757113404070918e-17
7.067181273927491566e+04 1.987936507075905989e-17
7.842822061337680498e+04 1.446774213811728632e-17
8.703591361485165544e+04 1.060251192199930486e-17
9.658832241158708348e+04 7.838908010395360838e-18
1.071891319205127511e+05 5.849964068303530266e-18
1.189534067370319535e+05 4.398375797902983286e-18
1.320088400831418112e+05 3.327221895485610889e-18
1.464971398307286145e+05 2.523641888336519798e-18
1.625755666443794908e+05 1.915148286674304357e-18
1.804186409392071655e+05 1.451513185754776359e-18
2.002200371815584658e+05 1.097282460738957045e-18
2.221946860939523904e+05 8.262633651381189045e-19
2.465811075822604180e+05 6.194645109187220637e-19
2.736439997074671555e+05 4.620445096337677137e-19
3.036771118035460822e+05 3.425867554001923243e-19
3.370064329271928291e+05 2.523116618152800158e-19
3.739937302478798083e+05 1.843045746052307708e-19
4.150404757850476308e+05 1.332426495473109754e-19
4.605922041145108524e+05 9.517164540846185900e-20
5.111433483440171112e+05 6.695525371210363545e-20
5.672426068491977639e+05 4.628067451739646814e-20
6.294988990221888525e+05 3.123727688801620037e-20
6.985879746785250027e+05 2.043745682900552191e-20
7.752597488629464060e+05 1.287493607924475312e-20
8.603464416684507160e+05 7.737379251876870236e-21
9.547716114208066138e+05 4.414364156383073699e-21
1.059560179277617019e+06 2.394921352817064100e-21
1.175849554052158026e+06 1.260561909032185783e-21
1.304901978014401859e+06 6.702078722146157875e-22
1.448118227674532915e+06 3.721818776814684351e-22
1.607052818261638284e+06 2.179321569168492448e-22
1.783430876931909472e+06 1.332035991835412654e-22
1.979166867853557458e+06 8.348156162209488961e-23
2.196385372416546568e+06 5.276769255378175047e-23
2.437444150122222025e+06 3.319524472129107722e-23
2.704959730463137385e+06 2.061093191193759078e-23
3.001835813575591892e+06 1.259477235358170074e-23
3.331294787934676744e+06 7.558223258944332089e-24
3.696912707195031922e+06 4.435555373464899735e-24
4.102658105827190448e+06 2.533283823355117271e-24
4.552935074866947718e+06 1.404419532323455666e-24
5.052631065335679799e+06 7.517867237504245108e-25
5.607169938205458224e+06 3.869329179700675848e-25
6.222570836730230600e+06 1.904994520766579541e-25
6.905513520162330940e+06 8.901067303605164688e-26
7.663410868007462472e+06 3.902886992517220771e-26
8.504489341802684590e+06 1.587072516715079227e-26
9.437878277775391936e+06 5.902550326791978900e-27
1.047370897959450819e+07 1.993747020334613649e-27
1.162322468679854274e+07 6.030679664488855787e-28
1.289890261253307760e+07 1.612216235415213086e-28
1.431458937523478456e+07 3.761717409417996400e-29
1.588565129428052530e+07 7.568488918751257972e-30
1.762914118095947802e+07 1.297419689761270954e-30
1.956398343517064676e+07 1.872922195846617680e-31
2.171117945694505423e+07 2.249460153312882174e-32
2.409403560239527002e+07 2.219283600684500691e-33
2.673841615839949250e+07 1.774111149023115929e-34
2.967302408188872784e+07 1.131615869249044656e-35
3.292971255097155273e+07 5.668218529125006399e-37
3.654383070957254618e+07 2.188847076624938239e-38
4.055460735840827972e+07 6.381022472494405260e-40
4.500557675700496882e+07 1.367954299099047371e-41
4.994505115855139494e+07 2.083805197140349537e-43
5.542664520663107187e+07 2.185924275855108120e-45
6.150985788580504060e+07 1.525938643565768799e-47
6.826071834272393584e+07 6.894402654963430214e-50
7.575250258771920204e+07 1.860931889982755121e-52
8.406652885618332028e+07 2.938999324649707441e-55
9.329304026284696162e+07 2.516940697840438725e-58
1.035321843295663744e+08 1.087142315287375132e-61
1.148951000187308788e+08 2.189915355644089324e-65
1.275051240713012964e+08 1.885213972448025333e-69
1.414991297434575856e+08 6.280864883084306061e-74
1.570290124729377627e+08 7.233783384991357809e-79
1.742633386009651124e+08 2.533676211131488149e-84
1.933891750455232263e+08 5.897301796425130824e-90
2.146141197858406007e+08 1.238307180126600556e-92
2.381685551976160705e+08 1.007563836400564383e-94
2.643081486974108517e+08 1.400383879203090753e-108
2.933166278390048146e+08 1.403967996237915744e-121
3.255088599835056663e+08 1.029461719738336406e-132
3.612342699709430337e+08 2.030043360059679852e-144
4.008806328898465633e+08 1.226831222575079826e-157
