1.000000000000000000e+02 2.332580624019932116e-11
1.109752496412072134e+02 1.986550216688966915e-11
1.231550603292826196e+02 1.682206943032965848e-11
1.366716356462005990e+02 1.421227139396548114e-11
1.516716888470922413e+02 1.197731171705772212e-11
1.683180353330956791e+02 1.006357633115894705e-11
1.867913599020782840e+02 8.426493898805391862e-12
2.072921779595371845e+02 7.028679902909818879e-12
2.300430119772916839e+02 5.846618923123393931e-12
2.552908068239516410e+02 4.839817962524533403e-12
2.833096101839323637e+02 3.994356720597714976e-12
3.144035471591500368e+02 3.282972766833941405e-12
3.489101213406774491e+02 2.689885268418848114e-12
3.872038781812557318e+02 2.193141013871887792e-12
4.297004704320843871e+02 1.784106742551436796e-12
4.768611697714468960e+02 1.445277262128592181e-12
5.291978735958442712e+02 1.168265448503470559e-12
5.872786613189482523e+02 9.412877423546907310e-13
6.517339604882420190e+02 7.565007676456368360e-13
7.232633896483533817e+02 6.066309229011263731e-13
8.026433522257173081e+02 4.855300963038433056e-13
8.907354638610439679e+02 3.879985769152784947e-13
9.884959046625587007e+02 3.092602683017918424e-13
1.096985797892383971e+03 2.462457225331163257e-13
1.217382727739662187e+03 1.959324682014408592e-13
1.350993521198027793e+03 1.553296367473551040e-13
1.499268432786045423e+03 1.233898388942371557e-13
1.663816886076128640e+03 9.736988294327878825e-14
1.846424942895544291e+03 7.709636676713936660e-14
2.049074689815845886e+03 6.087280923742141185e-14
2.273965752357927613e+03 4.774619349617058426e-14
2.523539170434765765e+03 3.742985780276845840e-14
2.800503894183631019e+03 2.927210286807305852e-14
3.107866187782013640e+03 2.283419512876215048e-14
3.448962260405759935e+03 1.777021985458821016e-14
3.827494478516314757e+03 1.379667574053017208e-14
4.247571552536898707e+03 1.069543119955625796e-14
4.713753134116724141e+03 8.274068766040751480e-15
5.231099308056262998e+03 6.396888607891058421e-15
5.805225516094896193e+03 4.941121831323269773e-15
6.442363508721369726e+03 3.815634340123044203e-15
7.149428986597576113e+03 2.943944175486617829e-15
7.934096665797491369e+03 2.271401607030811464e-15
8.804883581643463913e+03 1.748896975658638934e-15
9.771241535346502133e+03 1.352168556624101018e-15
1.084365968689610963e+04 1.042885844165098047e-15
1.203377840777589154e+04 8.015719082861386238e-16
1.335451562929898682e+04 6.134390448902248174e-16
1.482020705798858762e+04 4.703961012696747072e-16
1.644676177994664249e+04 3.613736948183461578e-16
1.825183494319044257e+04 2.742180786313563529e-16
2.025501939230666540e+04 2.059802392730870622e-16
2.247805833548725059e+04 1.544499957382261681e-16
2.494508135230316839e+04 1.155933076854014346e-16
2.768286630392066581e+04 8.572595192455031708e-17
3.072112998861759115e+04 6.285431880539630227e-17
3.409285069746814406e+04 4.541425132562606721e-17
3.783462617131928710e+04 3.213856694416420797e-17
4.198707084443910571e+04 2.196261954820793651e-17
4.659525668664683326e+04 1.430401488101318910e-17
5.170920242896761192e+04 8.683419644840878869e-18
5.738441648302398244e+04 4.772516700540074978e-18
6.368249944718585903e+04 2.327420201797324388e-18
7.067181273927491566e+04 9.724640135037545609e-19
7.842822061337680498e+04 3.802254837344856422e-19
8.703591361485165544e+04 1.560349463959134970e-19
9.658832241158708348e+04 7.565313664773585829e-20
1.071891319205127511e+05 4.549785152242265117e-20
1.189534067370319535e+05 3.181608238263186138e-20
1.320088400831418112e+05 2.374738145178620569e-20
1.464971398307286145e+05 1.806810814156788740e-20
1.625755666443794908e+05 1.379193654756872171e-20
1.804186409392071655e+05 1.052258168168023170e-20
2.002200371815584658e+05 8.019788502028259424e-21
2.221946860939523904e+05 6.102639514820092529e-21
2.465811075822604180e+05 4.639289248689309489e-21
2.736439997074671555e+05 3.523555484259873244e-21
3.036771118035460822e+05 2.673728212343225427e-21
3.370064329271928291e+05 2.027460104068228252e-21
3.739937302478798083e+05 1.536230642905912416e-21
4.150404757850476308e+05 1.163054965551016097e-21
4.605922041145108524e+05 8.797937970033339795e-22
5.111433483440171112e+05 6.649356127310095949e-22
5.672426068491977639e+05 5.020916397277562623e-22
6.294988990221888525e+05 3.787425282711803349e-22
6.985879746785250027e+05 2.854048573134569813e-22
7.752597488629464060e+05 2.148516048675370887e-22
8.603464416684507160e+05 1.615765191450370976e-22
9.547716114208066138e+05 1.213611481203307571e-22
1.059560179277617019e+06 9.105891262261043796e-23
1.175849554052158026e+06 6.823946394524112638e-23
1.304901978014401859e+06 5.107839114046015228e-23
1.448118227674532915e+06 3.818426497872087701e-23
1.607052818261638284e+06 2.851095035956398394e-23
1.783430876931909472e+06 2.125861035156710133e-23
1.979166867853557458e+06 1.583020375399384192e-23
2.196385372416546568e+06 1.177175366023356694e-23
2.437444150122222025e+06 8.741371862005797940e-24
2.704959730463137385e+06 6.482173408704522558e-24
3.001835813575591892e+06 4.799178366921019201e-24
3.331294787934676744e+06 3.547805902477221178e-24
3.696912707195031922e+06 2.618513931222068685e-24
4.102658105827190448e+06 1.929619075143253085e-24
4.552935074866947718e+06 1.419416748089205520e-24
5.052631065335679799e+06 1.042307930779978063e-24
5.607169938205458224e+06 7.639921442838328854e-25
6.222570836730230600e+06 5.590118247207309086e-25
6.905513520162330940e+06 4.081787559506660361e-25
7.663410868007462472e+06 2.973996764898299715e-25
8.504489341802684590e+06 2.162176581734245347e-25
9.437878277775391936e+06 1.568605389989389613e-25
1.047370897959450819e+07 1.135096565993759246e-25
1.162322468679854274e+07 8.192613074203657054e-26
1.289890261253307760e+07 5.896690679063397757e-26
1.431458937523478456e+07 4.231933647232865733e-26
1.588565129428052530e+07 3.027175097767040943e-26
1.762914118095947802e+07 2.158381675515727003e-26
1.956398343517064676e+07 1.532563461197790488e-26
2.171117945694505423e+07 1.083848907112234658e-26
2.409403560239527002e+07 7.630121081742481832e-27
2.673841615839949250e+07 5.343608044088642473e-27
2.967302408188872784e+07 3.720816191969656028e-27
3.292971255097155273e+07 2.573992172996487513e-27
3.654383070957254618e+07 1.767462798100838932e-27
4.055460735840827972e+07 1.203055135160769308e-27
4.500557675700496882e+07 8.109694645503071245e-28
4.994505115855139494e+07 5.400132452413753853e-28
5.542664520663107187e+07 3.547125848645382695e-28
6.150985788580504060e+07 2.290405233713752689e-28
6.826071834272393584e+07 1.448493122582402864e-28
7.575250258771920204e+07 8.920275306922755707e-29
8.406652885618332028e+07 5.309147736028014607e-29
9.329304026284696162e+07 3.018600597002144658e-29
1.035321843295663744e+08 1.608753620361008008e-29
1.148951000187308788e+08 7.766186680263753248e-30
1.275051240713012964e+08 3.160904886310915094e-30
1.414991297434575856e+08 8.789520153030085543e-31
1.570290124729377627e+08 4.324554146540047435e-32
