1.000000000000000000e+02 2.026772169411412342e-11
1.109752496412072134e+02 1.769845882793069346e-11
1.231550603292826196e+02 1.544188663073731808e-11
1.366716356462005990e+02 1.346026829537665752e-11
1.516716888470922413e+02 1.172387048397901978e-11
1.683180353330956791e+02 1.019923268117319386e-11
1.867913599020782840e+02 8.866803237439673162e-12
2.072921779595371845e+02 7.698666887081299361e-12
2.300430119772916839e+02 6.679703606327617414e-12
2.552908068239516410e+02 5.788079629711466376e-12
2.833096101839323637e+02 5.011851023948373623e-12
3.144035471591500368e+02 4.334460437077398293e-12
3.489101213406774491e+02 3.744996942716334376e-12
3.872038781812557318e+02 3.232105135710785381e-12
4.297004704320843871e+02 2.787048051782650566e-12
4.768611697714468960e+02 2.399913828790358668e-12
5.291978735958442712e+02 2.065273523845430913e-12
5.872786613189482523e+02 1.774669427380678533e-12
6.517339604882420190e+02 1.523962671143040405e-12
7.232633896483533817e+02 1.306603734870031792e-12
8.026433522257173081e+02 1.119476324011065482e-12
8.907354638610439679e+02 9.577231481861531459e-13
9.884959046625587007e+02 8.188401787127487559e-13
1.096985797892383971e+03 6.990842070699514565e-13
1.217382727739662187e+03 5.963108563340131564e-13
1.350993521198027793e+03 5.078622705139569168e-13
1.499268432786045423e+03 4.322516724131431449e-13
1.663816886076128640e+03 3.672308581478513914e-13
1.846424942895544291e+03 3.117840559761643212e-13
2.049074689815845886e+03 2.642372297495781371e-13
2.273965752357927613e+03 2.237632584645766503e-13
2.523539170434765765e+03 1.891803640447635450e-13
2.800503894183631019e+03 1.597633195759170620e-13
3.107866187782013640e+03 1.346917977328429739e-13
3.448962260405759935e+03 1.134437626707128652e-13
3.827494478516314757e+03 9.536441934233830966e-14
4.247571552536898707e+03 8.009755669038605320e-14
4.713753134116724141e+03 6.711787848292345443e-14
5.231099308056262998e+03 5.621481408845328723e-14
5.805225516094896193e+03 4.695506916829943572e-14
6.442363508721369726e+03 3.920905725522924718e-14
7.149428986597576113e+03 3.264143406673061571e-14
7.934096665797491369e+03 2.717598966931855209e-14
8.804883581643463913e+03 2.254439164552452149e-14
9.771241535346502133e+03 1.871651670679627067e-14
1.084365968689610963e+04 1.547627649866607619e-14
1.203377840777589154e+04 1.280497150834474659e-14
1.335451562929898682e+04 1.056298386444629341e-14
1.482020705798858762e+04 8.712681243511436017e-15
1.644676177994664249e+04 7.165482253338555809e-15
1.825183494319044257e+04 5.897491765183597108e-15
2.025501939230666540e+04 4.836397866344104448e-15
2.247805833548725059e+04 3.970810394678283843e-15
2.494508135230316839e+04 3.250137988907893825e-15
2.768286630392066581e+04 2.660268746241312832e-15
3.072112998861759115e+04 2.173146538990157119e-15
3.409285069746814406e+04 1.774342022036201050e-15
3.783462617131928710e+04 1.444418855580557962e-15
4.198707084443910571e+04 1.175494496781571235e-15
4.659525668664683326e+04 9.536627963697923629e-16
5.170920242896761192e+04 7.729591214571840634e-16
5.738441648302398244e+04 6.243726803739924841e-16
6.368249944718585903e+04 5.025409624028326511e-16
7.067181273927491566e+04 4.038332349781432340e-16
7.842822061337680498e+04 3.226971915583701756e-16
8.703591361485165544e+04 2.568276970575656304e-16
9.658832241158708348e+04 2.036112854937579848e-16
1.071891319205127511e+05 1.605702613029434790e-16
1.189534067370319535e+05 1.258327546968579981e-16
1.320088400831418112e+05 9.806677839628476371e-17
1.464971398307286145e+05 7.591519535482736609e-17
1.625755666443794908e+05 5.839237980052487322e-17
1.804186409392071655e+05 4.458543272407303464e-17
2.002200371815584658e+05 3.379684188268749622e-17
2.221946860939523904e+05 2.543127617706469334e-17
2.465811075822604180e+05 1.898821040970647916e-17
2.736439997074671555e+05 1.408518802574569520e-17
3.036771118035460822e+05 1.037110039685243608e-17
3.370064329271928291e+05 7.587990818265956100e-18
3.739937302478798083e+05 5.521189450210101092e-18
4.150404757850476308e+05 3.997293400067677149e-18
4.605922041145108524e+05 2.881162852037361016e-18
5.111433483440171112e+05 2.068084712016072706e-18
5.672426068491977639e+05 1.477720914846207552e-18
6.294988990221888525e+05 1.049410350390701862e-18
6.985879746785250027e+05 7.389647951423729462e-19
7.752597488629464060e+05 5.141926896118387427e-19
8.603464416684507160e+05 3.515735531477390059e-19
9.547716114208066138e+05 2.347337672282991694e-19
1.059560179277617019e+06 1.519334070775615534e-19
1.175849554052158026e+06 9.469524994179504866e-20
1.304901978014401859e+06 5.692064482546786744e-20
1.448118227674532915e+06 3.358805064944254195e-20
1.607052818261638284e+06 2.018901318679774202e-20
1.783430876931909472e+06 1.275840687249087763e-20
1.979166867853557458e+06 8.516407377020155726e-21
2.196385372416546568e+06 5.948112612065292077e-21
2.437444150122222025e+06 4.294538675238458566e-21
2.704959730463137385e+06 3.168871085378009426e-21
3.001835813575591892e+06 2.367470113107427917e-21
3.331294787934676744e+06 1.779184231156178783e-21
3.696912707195031922e+06 1.339441222049549012e-21
4.102658105827190448e+06 1.008297847928282811e-21
4.552935074866947718e+06 7.587601449483481903e-22
5.052631065335679799e+06 5.707164829016049076e-22
5.607169938205458224e+06 4.290149112035926624e-22
6.222570836730230600e+06 3.223106304433968795e-22
6.905513520162330940e+06 2.417846166723969664e-22
7.663410868007462472e+06 1.811845488601373248e-22
8.504489341802684590e+06 1.356400641525175470e-22
9.437878277775391936e+06 1.014080981714797936e-22
1.047370897959450819e+07 7.571121064658182728e-23
1.162322468679854274e+07 5.644533510495970813e-23
1.289890261253307760e+07 4.202031070413512884e-23
1.431458937523478456e+07 3.123044650518256530e-23
1.588565129428052530e+07 2.317319344192994661e-23
1.762914118095947802e+07 1.716507184372173758e-23
1.956398343517064676e+07 1.269268170693914598e-23
2.171117945694505423e+07 9.368246842612539750e-24
2.409403560239527002e+07 6.900465136290942094e-24
2.673841615839949250e+07 5.073788228213677153e-24
2.967302408188872784e+07 3.723896942738458188e-24
3.292971255097155273e+07 2.726569587780974869e-24
3.654383070957254618e+07 1.991923131449643638e-24
4.055460735840827972e+07 1.451784479530372086e-24
4.500557675700496882e+07 1.055533984204007076e-24
4.994505115855139494e+07 7.654116905266241891e-25
5.542664520663107187e+07 5.534927302929724448e-25
6.150985788580504060e+07 3.990017051259886114e-25
6.826071834272393584e+07 2.867486727936343985e-25
7.575250258771920204e+07 2.052663260022705116e-25
8.406652885618332028e+07 1.463697919954072438e-25
9.329304026284696162e+07 1.038902820371582629e-25
1.035321843295663744e+08 7.336305579688868265e-26
1.148951000187308788e+08 5.150913351870684540e-26
1.275051240713012964e+08 3.592135588873295629e-26
1.414991297434575856e+08 2.484802602255402203e-26
1.570290124729377627e+08 1.703800325258279457e-26
1.742633386009651124e+08 1.155546536883303099e-26
1.933891750455232263e+08 7.734540693735244466e-27
2.146141197858406007e+08 5.095297779780388713e-27
2.381685551976160705e+08 3.288883867062891237e-27
2.643081486974108517e+08 2.069223597697941200e-27
2.933166278390048146e+08 1.257989944987442541e-27
3.255088599835056663e+08 7.306687213435499774e-28
3.612342699709430337e+08 3.970646694316146725e-28
4.008806328898465633e+08 1.949666079842488592e-28
4.448782831127585173e+08 8.114794249635785305e-29
4.937047852839003801e+08 2.491323118888883253e-29
5.478901179593944550e+08 4.458318453705961946e-30
6.080224261649426222e+08 5.787124027075667663e-43
