1.000000000000000000e+02 3.514942212515322663e-11
1.109752496412072134e+02 3.070942830195370950e-11
1.231550603292826196e+02 2.677616005537150906e-11
1.366716356462005990e+02 2.330203565072502729e-11
1.516716888470922413e+02 2.022884225179270047e-11
1.683180353330956791e+02 1.755263000512115242e-11
1.867913599020782840e+02 1.518110293479252808e-11
2.072921779595371845e+02 1.310401648702128954e-11
2.300430119772916839e+02 1.129482931147989027e-11
2.552908068239516410e+02 9.711304159765542044e-12
2.833096101839323637e+02 8.345344185654619886e-12
3.144035471591500368e+02 7.135492900139383144e-12
3.489101213406774491e+02 6.110594612184691467e-12
3.872038781812557318e+02 5.215983552037623512e-12
4.297004704320843871e+02 4.456977235042963669e-12
4.768611697714468960e+02 3.794451622316866797e-12
5.291978735958442712e+02 3.233068922415612572e-12
5.872786613189482523e+02 2.750173232424601146e-12
6.517339604882420190e+02 2.341091232011526966e-12
7.232633896483533817e+02 1.990394952495533220e-12
8.026433522257173081e+02 1.692862662535295975e-12
8.907354638610439679e+02 1.439445948349790809e-12
9.884959046625587007e+02 1.223734934185794954e-12
1.096985797892383971e+03 1.040066851667095312e-12
1.217382727739662187e+03 8.833586477215702943e-13
1.350993521198027793e+03 7.499893422376007626e-13
1.499268432786045423e+03 6.356469307859705264e-13
1.663816886076128640e+03 5.382571309040495111e-13
1.846424942895544291e+03 4.544707503178141711e-13
2.049074689815845886e+03 3.832383479446006188e-13
2.273965752357927613e+03 3.217524245651760861e-13
2.523539170434765765e+03 2.696036712129467122e-13
2.800503894183631019e+03 2.247919139419838527e-13
3.107866187782013640e+03 1.866617720475291279e-13
3.448962260405759935e+03 1.547787495798568554e-13
3.827494478516314757e+03 1.269319584853663076e-13
4.247571552536898707e+03 1.041706502640041624e-13
4.713753134116724141e+03 8.469512993402015444e-14
5.231099308056262998e+03 6.870779267137024477e-14
5.805225516094896193e+03 5.543540785033183280e-14
6.442363508721369726e+03 4.446881965975879781e-14
7.149428986597576113e+03 3.566929237075198698e-14
7.934096665797491369e+03 2.827506934302012388e-14
8.804883581643463913e+03 2.247533097644775671e-14
9.771241535346502133e+03 1.780686306278712628e-14
1.084365968689610963e+04 1.410674014441772610e-14
1.203377840777589154e+04 1.120363717048769637e-14
1.335451562929898682e+04 8.853942332213038862e-15
1.482020705798858762e+04 7.056955009017632605e-15
1.644676177994664249e+04 5.635105545768416971e-15
1.825183494319044257e+04 4.510416942069116869e-15
2.025501939230666540e+04 3.636844192530046707e-15
2.247805833548725059e+04 2.944665355099924844e-15
2.494508135230316839e+04 2.391924940202175507e-15
2.768286630392066581e+04 1.949965499043013936e-15
3.072112998861759115e+04 1.594497383019715619e-15
3.409285069746814406e+04 1.304964829407675236e-15
3.783462617131928710e+04 1.068134345298736172e-15
4.198707084443910571e+04 8.733691014830216171e-16
4.659525668664683326e+04 7.120012182498895106e-16
5.170920242896761192e+04 5.785327118577808037e-16
5.738441648302398244e+04 4.677470333455386875e-16
6.368249944718585903e+04 3.760153221087808506e-16
7.067181273927491566e+04 2.999075784513934856e-16
7.842822061337680498e+04 2.370019423889133970e-16
8.703591361485165544e+04 1.854629487877603525e-16
9.658832241158708348e+04 1.430442335075519628e-16
1.071891319205127511e+05 1.086689242418174467e-16
1.189534067370319535e+05 8.097384647906958746e-17
1.320088400831418112e+05 5.894459430651446208e-17
1.464971398307286145e+05 4.169896400166336136e-17
1.625755666443794908e+05 2.852295041553069269e-17
1.804186409392071655e+05 1.868660996519686061e-17
2.002200371815584658e+05 1.173526706203848851e-17
2.221946860939523904e+05 7.046436131612450899e-18
2.465811075822604180e+05 4.023415793214881335e-18
2.736439997074671555e+05 2.213904431892349777e-18
3.036771118035460822e+05 1.199756776275852125e-18
3.370064329271928291e+05 6.622674007200460603e-19
3.739937302478798083e+05 3.857666738186196797e-19
4.150404757850476308e+05 2.411223582436710037e-19
4.605922041145108524e+05 1.602617745147012115e-19
5.111433483440171112e+05 1.097396153586105490e-19
5.672426068491977639e+05 7.589287851891004674e-20
6.294988990221888525e+05 5.172218320483205097e-20
6.985879746785250027e+05 3.433536181762122269e-20
7.752597488629464060e+05 2.193984965465153309e-20
8.603464416684507160e+05 1.333723640403674123e-20
9.547716114208066138e+05 7.632780469391025319e-21
1.059560179277617019e+06 4.125630054395260073e-21
1.175849554052158026e+06 2.201283404367533062e-21
1.304901978014401859e+06 1.266219041551874873e-21
1.448118227674532915e+06 8.171469405314947650e-22
1.607052818261638284e+06 5.721038799887642365e-22
1.783430876931909472e+06 4.156259236689933809e-22
1.979166867853557458e+06 3.058642334269868772e-22
2.196385372416546568e+06 2.258239690138231288e-22
2.437444150122222025e+06 1.668367235083035370e-22
2.704959730463137385e+06 1.233095216361779694e-22
3.001835813575591892e+06 9.109563121178277385e-23
3.331294787934676744e+06 6.722947594200518086e-23
3.696912707195031922e+06 4.953511758628361284e-23
4.102658105827190448e+06 3.642596999819302173e-23
4.552935074866947718e+06 2.671865248662321583e-23
5.052631065335679799e+06 1.954017575418602669e-23
5.607169938205458224e+06 1.423890056571671067e-23
6.222570836730230600e+06 1.033353800259157094e-23
6.905513520162330940e+06 7.465205063146426811e-24
7.663410868007462472e+06 5.363971006896072254e-24
8.504489341802684590e+06 3.831088781996105504e-24
9.437878277775391936e+06 2.717430125424034831e-24
1.047370897959450819e+07 1.912810481670472469e-24
1.162322468679854274e+07 1.334704809056441832e-24
1.289890261253307760e+07 9.219759848444906360e-25
1.431458937523478456e+07 6.296082864137108992e-25
1.588565129428052530e+07 4.244040964780337743e-25
1.762914118095947802e+07 2.815455114306272741e-25
1.956398343517064676e+07 1.834569683675616580e-25
2.171117945694505423e+07 1.168489955007511183e-25
2.409403560239527002e+07 7.231515113480050423e-26
2.673841615839949250e+07 4.303451572897541960e-26
2.967302408188872784e+07 2.422605439283727701e-26
3.292971255097155273e+07 1.254300867007003688e-26
3.654383070957254618e+07 5.656536575996375939e-27
4.055460735840827972e+07 1.979656150705074956e-27
4.500557675700496882e+07 3.927859818455443198e-28
4.994505115855139494e+07 2.388567844213592695e-29
