1.000000000000000000e+02 2.860498767991272799e-13
1.109752496412072134e+02 1.918367256868569959e-13
1.231550603292826196e+02 1.333500531591463051e-13
1.366716356462005990e+02 9.717156465140783743e-14
1.516716888470922413e+02 7.405378697183169915e-14
1.683180353330956791e+02 5.858437912548610020e-14
1.867913599020782840e+02 4.762087904238118869e-14
2.072921779595371845e+02 3.937091391050263841e-14
2.300430119772916839e+02 3.284535866720542983e-14
2.552908068239516410e+02 2.749439634171913805e-14
2.833096101839323637e+02 2.303916530414312042e-14
3.144035471591500368e+02 1.928704642200870566e-14
3.489101213406774491e+02 1.611279280030298171e-14
3.872038781812557318e+02 1.342648789621435647e-14
4.297004704320843871e+02 1.115231350676495098e-14
4.768611697714468960e+02 9.229350121553742763e-15
5.291978735958442712e+02 7.606838327772494914e-15
5.872786613189482523e+02 6.239668711617101861e-15
6.517339604882420190e+02 5.091361142642010104e-15
7.232633896483533817e+02 4.129393224495170085e-15
8.026433522257173081e+02 3.326534913966321972e-15
8.907354638610439679e+02 2.658556629911395704e-15
9.884959046625587007e+02 2.106509826692811902e-15
1.096985797892383971e+03 1.652664313241903497e-15
1.217382727739662187e+03 1.282394659796474347e-15
1.350993521198027793e+03 9.830057764234047852e-16
1.499268432786045423e+03 7.433347366297675266e-16
1.663816886076128640e+03 5.538420943871035523e-16
1.846424942895544291e+03 4.061042789509001443e-16
2.049074689815845886e+03 2.927019521554784565e-16
2.273965752357927613e+03 2.071569785181098003e-16
2.523539170434765765e+03 1.438644686755078832e-16
2.800503894183631019e+03 9.803228065242311841e-17
3.107866187782013640e+03 6.559128324360261174e-17
3.448962260405759935e+03 4.319817713837407510e-17
3.827494478516314757e+03 2.812890557092454057e-17
4.247571552536898707e+03 1.824575264231192911e-17
4.713753134116724141e+03 1.191414220387641857e-17
5.231099308056262998e+03 7.929861424430994854e-18
5.805225516094896193e+03 5.440243911805285932e-18
6.442363508721369726e+03 3.868760329612593982e-18
7.149428986597576113e+03 2.846256162361700153e-18
7.934096665797491369e+03 2.148634701057102925e-18
8.804883581643463913e+03 1.649009594504956771e-18
9.771241535346502133e+03 1.278499963829000683e-18
1.084365968689610963e+04 9.990622507406403199e-19
1.203377840777589154e+04 7.870353341747137561e-19
1.335451562929898682e+04 6.254670663510628059e-19
1.482020705798858762e+04 5.005424230754767417e-19
1.644676177994664249e+04 4.021624192600088096e-19
1.825183494319044257e+04 3.237099292378427964e-19
2.025501939230666540e+04 2.607348031434842556e-19
2.247805833548725059e+04 2.100268705524797735e-19
2.494508135230316839e+04 1.691526437361888251e-19
2.768286630392066581e+04 1.361941300901548658e-19
3.072112998861759115e+04 1.096209977247724059e-19
3.409285069746814406e+04 8.820377692700731859e-20
3.783462617131928710e+04 7.095051797830228233e-20
4.198707084443910571e+04 5.705072653965207765e-20
4.659525668664683326e+04 4.585997680405125102e-20
5.170920242896761192e+04 3.685237643706446371e-20
5.738441648302398244e+04 2.960601150974544411e-20
6.368249944718585903e+04 2.377768860063428531e-20
7.067181273927491566e+04 1.909008066132804604e-20
7.842822061337680498e+04 1.532091630016493416e-20
8.703591361485165544e+04 1.229247730726955043e-20
9.658832241158708348e+04 9.859635743925438016e-21
1.071891319205127511e+05 7.905980665457388508e-21
1.189534067370319535e+05 6.337646769871733294e-21
1.320088400831418112e+05 5.078736968972534120e-21
1.464971398307286145e+05 4.068796418849451863e-21
1.625755666443794908e+05 3.258634501957711969e-21
1.804186409392071655e+05 2.608977670535803765e-21
2.002200371815584658e+05 2.088306238973181787e-21
2.221946860939523904e+05 1.671077608468936821e-21
2.465811075822604180e+05 1.336797785187162116e-21
2.736439997074671555e+05 1.069061882705581753e-21
3.036771118035460822e+05 8.547108635137955596e-22
3.370064329271928291e+05 6.831552229469713710e-22
3.739937302478798083e+05 5.458137897095587938e-22
4.150404757850476308e+05 4.359321891772327442e-22
4.605922041145108524e+05 3.480461139452768546e-22
5.111433483440171112e+05 2.777898465034234233e-22
5.672426068491977639e+05 2.216261860191906647e-22
6.294988990221888525e+05 1.767470330031014390e-22
6.985879746785250027e+05 1.408799030438674643e-22
7.752597488629464060e+05 1.122271077596981203e-22
8.603464416684507160e+05 8.935964363413918162e-23
9.547716114208066138e+05 7.111250782305147224e-23
1.059560179277617019e+06 5.656443450396928474e-23
1.175849554052158026e+06 4.496463917071815085e-23
1.304901978014401859e+06 3.572114083101869419e-23
1.448118227674532915e+06 2.835980995746018821e-23
1.607052818261638284e+06 2.249847487388523424e-23
1.783430876931909472e+06 1.783606883996719115e-23
1.979166867853557458e+06 1.412881106526520227e-23
2.196385372416546568e+06 1.118333184715546809e-23
2.437444150122222025e+06 8.844213156784746303e-24
2.704959730463137385e+06 6.987751159004750439e-24
3.001835813575591892e+06 5.516105405218314674e-24
3.331294787934676744e+06 4.350099825390842471e-24
3.696912707195031922e+06 3.426879886407607008e-24
4.102658105827190448e+06 2.696584299603118572e-24
4.552935074866947718e+06 2.119490321607902068e-24
5.052631065335679799e+06 1.664067470581977309e-24
5.607169938205458224e+06 1.304754353983665855e-24
6.222570836730230600e+06 1.021532269600506065e-24
6.905513520162330940e+06 7.987987571358848529e-25
7.663410868007462472e+06 6.235200741664902706e-25
8.504489341802684590e+06 4.860191607752454534e-25
9.437878277775391936e+06 3.782011523230144753e-25
1.047370897959450819e+07 2.938020836531674272e-25
1.162322468679854274e+07 2.277876084234679161e-25
1.289890261253307760e+07 1.762381561863204039e-25
1.431458937523478456e+07 1.360642198163387745e-25
1.588565129428052530e+07 1.048096327334167937e-25
1.762914118095947802e+07 8.054349973723989468e-26
1.956398343517064676e+07 6.173587098695563573e-26
2.171117945694505423e+07 4.719016063437469569e-26
2.409403560239527002e+07 3.596091544009871352e-26
2.673841615839949250e+07 2.731348435983909246e-26
2.967302408188872784e+07 2.067411400469342454e-26
3.292971255097155273e+07 1.558963275943021050e-26
3.654383070957254618e+07 1.171019803514271111e-26
4.055460735840827972e+07 8.759892296492040052e-27
4.500557675700496882e+07 6.517644787571848335e-27
4.994505115855139494e+07 4.823951510299166627e-27
5.542664520663107187e+07 3.552999136972795632e-27
6.150985788580504060e+07 2.598002260731064915e-27
6.826071834272393584e+07 1.886926157583385762e-27
7.575250258771920204e+07 1.359952412744665349e-27
8.406652885618332028e+07 9.713951620081134137e-28
9.329304026284696162e+07 6.871569929865877569e-28
1.035321843295663744e+08 4.807576969069769128e-28
1.148951000187308788e+08 3.320889832528369889e-28
1.275051240713012964e+08 2.259890396603058836e-28
1.414991297434575856e+08 1.511814320364492796e-28
1.570290124729377627e+08 9.908309356615669977e-29
1.742633386009651124e+08 6.337515430851170548e-29
1.933891750455232263e+08 3.930803473890021920e-29
2.146141197858406007e+08 2.348047773714492490e-29
2.381685551976160705e+08 1.334127247554435343e-29
2.643081486974108517e+08 7.091431954554720374e-30
2.933166278390048146e+08 3.424845335583823522e-30
3.255088599835056663e+08 1.426640023898803144e-30
3.612342699709430337e+08 4.589631295599695870e-31
4.008806328898465633e+08 8.443702531749808359e-32
4.448782831127585173e+08 1.616586534057084876e-33
