1.000000000000000000e+02 7.875255485846602805e-13
1.109752496412072134e+02 6.744661802787487683e-13
1.231550603292826196e+02 5.772201447097052262e-13
1.366716356462005990e+02 4.925050575282357406e-13
1.516716888470922413e+02 4.194068341102971728e-13
1.683180353330956791e+02 3.568236285321873431e-13
1.867913599020782840e+02 3.025766815067919323e-13
2.072921779595371845e+02 2.561810525124017988e-13
2.300430119772916839e+02 2.166270061604184655e-13
2.552908068239516410e+02 1.826763883959071539e-13
2.833096101839323637e+02 1.538799699884056273e-13
3.144035471591500368e+02 1.294443397944229268e-13
3.489101213406774491e+02 1.087156282914654316e-13
3.872038781812557318e+02 9.118756402378995982e-14
4.297004704320843871e+02 7.644997550253774648e-14
4.768611697714468960e+02 6.408472466300473462e-14
5.291978735958442712e+02 5.363099486095348209e-14
5.872786613189482523e+02 4.490371752332164354e-14
6.517339604882420190e+02 3.762676467910299101e-14
7.232633896483533817e+02 3.152445365833067314e-14
8.026433522257173081e+02 2.640162822490293161e-14
8.907354638610439679e+02 2.213522468999131379e-14
9.884959046625587007e+02 1.856982447594899421e-14
1.096985797892383971e+03 1.556407567871041462e-14
1.217382727739662187e+03 1.305160647077176287e-14
1.350993521198027793e+03 1.093925204246147089e-14
1.499268432786045423e+03 9.157581217570064432e-15
1.663816886076128640e+03 7.657744990125171277e-15
1.846424942895544291e+03 6.393733400243407807e-15
2.049074689815845886e+03 5.323584830181642655e-15
2.273965752357927613e+03 4.420913311716766908e-15
2.523539170434765765e+03 3.659889570177016122e-15
2.800503894183631019e+03 3.018775016374343439e-15
3.107866187782013640e+03 2.479035154310812294e-15
3.448962260405759935e+03 2.027534748483434598e-15
3.827494478516314757e+03 1.650533777331500032e-15
4.247571552536898707e+03 1.337814706251291050e-15
4.713753134116724141e+03 1.079607002531888669e-15
5.231099308056262998e+03 8.688643330549467758e-16
5.805225516094896193e+03 6.974007317703562388e-16
6.442363508721369726e+03 5.599729971806578232e-16
7.149428986597576113e+03 4.501553558916977498e-16
7.934096665797491369e+03 3.635132869821258457e-16
8.804883581643463913e+03 2.949430541135209681e-16
9.771241535346502133e+03 2.404335990011268551e-16
1.084365968689610963e+04 1.971088345104673361e-16
1.203377840777589154e+04 1.619965719301635349e-16
1.335451562929898682e+04 1.333825385916794585e-16
1.482020705798858762e+04 1.099078261596701307e-16
1.644676177994664249e+04 9.049392143687130121e-17
1.825183494319044257e+04 7.450985986223417204e-17
2.025501939230666540e+04 6.127659252059860429e-17
2.247805833548725059e+04 5.035128479762533134e-17
2.494508135230316839e+04 4.133825127439850418e-17
2.768286630392066581e+04 3.389593824727403591e-17
3.072112998861759115e+04 2.777148351429925491e-17
3.409285069746814406e+04 2.271926858873116369e-17
3.783462617131928710e+04 1.856567661057875270e-17
4.198707084443910571e+04 1.515229259849419020e-17
4.659525668664683326e+04 1.234880284118687866e-17
5.170920242896761192e+04 1.004546624785484927e-17
5.738441648302398244e+04 8.159211327608305318e-18
6.368249944718585903e+04 6.613858141133684374e-18
7.067181273927491566e+04 5.350640177529527108e-18
7.842822061337680498e+04 4.318722208539450200e-18
8.703591361485165544e+04 3.476946175783660697e-18
9.658832241158708348e+04 2.792087094600239569e-18
1.071891319205127511e+05 2.235831357879313228e-18
1.189534067370319535e+05 1.784931685856798756e-18
1.320088400831418112e+05 1.420714637954184853e-18
1.464971398307286145e+05 1.127245351238716105e-18
1.625755666443794908e+05 8.916650817089801453e-19
1.804186409392071655e+05 7.033252358822520606e-19
2.002200371815584658e+05 5.532533429953579373e-19
2.221946860939523904e+05 4.341979646615513161e-19
2.465811075822604180e+05 3.399986935306751591e-19
2.736439997074671555e+05 2.657795504592833708e-19
3.036771118035460822e+05 2.073875595813390228e-19
3.370064329271928291e+05 1.615802917597936329e-19
3.739937302478798083e+05 1.256975978407117977e-19
4.150404757850476308e+05 9.762822444310340379e-20
4.605922041145108524e+05 7.571295636534168750e-20
5.111433483440171112e+05 5.863604515677512001e-20
5.672426068491977639e+05 4.533846352209136577e-20
6.294988990221888525e+05 3.500587602601444477e-20
6.985879746785250027e+05 2.699249979066026402e-20
7.752597488629464060e+05 2.078561948199325229e-20
8.603464416684507160e+05 1.598683703700674906e-20
9.547716114208066138e+05 1.227931802585219428e-20
1.059560179277617019e+06 9.420829604088634402e-21
1.175849554052158026e+06 7.219475879882712512e-21
1.304901978014401859e+06 5.526136247847689924e-21
1.448118227674532915e+06 4.223576418896688095e-21
1.607052818261638284e+06 3.224643319269371297e-21
1.783430876931909472e+06 2.458924321714337103e-21
1.979166867853557458e+06 1.872286052588326248e-21
2.196385372416546568e+06 1.422896717578748242e-21
2.437444150122222025e+06 1.079718407569655786e-21
2.704959730463137385e+06 8.179079269381021129e-22
3.001835813575591892e+06 6.181912066428103889e-22
3.331294787934676744e+06 4.660198543831333045e-22
3.696912707195031922e+06 3.504675895261688071e-22
4.102658105827190448e+06 2.627217906237614612e-22
4.552935074866947718e+06 1.963200908427632515e-22
5.052631065335679799e+06 1.461565502753511099e-22
5.607169938205458224e+06 1.083836679481653286e-22
6.222570836730230600e+06 8.005574395285618231e-23
6.905513520162330940e+06 5.874795836603227771e-23
7.663410868007462472e+06 4.289982276115858188e-23
8.504489341802684590e+06 3.113219474976233827e-23
9.437878277775391936e+06 2.242483221962569601e-23
1.047370897959450819e+07 1.601928691406886634e-23
1.162322468679854274e+07 1.132836040289767080e-23
1.289890261253307760e+07 7.920797828443476023e-24
1.431458937523478456e+07 5.455971690306688754e-24
1.588565129428052530e+07 3.689887934376911043e-24
1.762914118095947802e+07 2.437326982928905530e-24
1.956398343517064676e+07 1.558921373883416928e-24
2.171117945694505423e+07 9.554577485419995189e-25
2.409403560239527002e+07 5.512740642801440680e-25
2.673841615839949250e+07 2.909365029494476497e-25
2.967302408188872784e+07 1.329809902560255849e-25
3.292971255097155273e+07 4.650575691489152152e-26
3.654383070957254618e+07 8.930907526831630579e-27
4.055460735840827972e+07 3.551680391229554830e-28
4.500557675700496882e+07 8.791198652282906578e-31
4.994505115855139494e+07 7.597862665682063873e-34
5.542664520663107187e+07 5.694006176533117044e-37
6.150985788580504060e+07 4.431150345638331376e-40
6.826071834272393584e+07 3.586095157385334457e-43
7.575250258771920204e+07 2.385616602101590031e-46
8.406652885618332028e+07 9.939088763969432377e-50
9.329304026284696162e+07 1.936142829083996880e-53
1.035321843295663744e+08 1.201830648371535346e-57
1.148951000187308788e+08 3.608435052571074043e-63
