1.000000000000000000e+02 3.718619090891622179e-14
1.109752496412072134e+02 3.136212276069809259e-14
1.231550603292826196e+02 2.641287535741093742e-14
1.366716356462005990e+02 2.219596665814804475e-14
1.516716888470922413e+02 1.862753936590698087e-14
1.683180353330956791e+02 1.559990496399085917e-14
1.867913599020782840e+02 1.304397801741997890e-14
2.072921779595371845e+02 1.089447946119532107e-14
2.300430119772916839e+02 9.083246601107166332e-15
2.552908068239516410e+02 7.566710645756340239e-15
2.833096101839323637e+02 6.295960203262567596e-15
3.144035471591500368e+02 5.233343496275213490e-15
3.489101213406774491e+02 4.347845860863783555e-15
3.872038781812557318e+02 3.609779101439610628e-15
4.297004704320843871e+02 2.995035624534979364e-15
4.768611697714468960e+02 2.484385494310853626e-15
5.291978735958442712e+02 2.059372868695728194e-15
5.872786613189482523e+02 1.706850728673298644e-15
6.517339604882420190e+02 1.414173101883651630e-15
7.232633896483533817e+02 1.171242149146596748e-15
8.026433522257173081e+02 9.698185666046995828e-16
8.907354638610439679e+02 8.028537184833556868e-16
9.884959046625587007e+02 6.642723253933046691e-16
1.096985797892383971e+03 5.494941493314498720e-16
1.217382727739662187e+03 4.543347529163733692e-16
1.350993521198027793e+03 3.755318728752932968e-16
1.499268432786045423e+03 3.102579670560251459e-16
1.663816886076128640e+03 2.561633789501968132e-16
1.846424942895544291e+03 2.114365023983762796e-16
2.049074689815845886e+03 1.744301954711230126e-16
2.273965752357927613e+03 1.438311815727942122e-16
2.523539170434765765e+03 1.185114805280268392e-16
2.800503894183631019e+03 9.762570501291971001e-17
3.107866187782013640e+03 8.038565099596178384e-17
3.448962260405759935e+03 6.615521103766685702e-17
3.827494478516314757e+03 5.440809543440401022e-17
4.247571552536898707e+03 4.474233839133850872e-17
4.713753134116724141e+03 3.676529229546007169e-17
5.231099308056262998e+03 3.019900797677571928e-17
5.805225516094896193e+03 2.480131936388282081e-17
6.442363508721369726e+03 2.035753750581285938e-17
7.149428986597576113e+03 1.670260878879984704e-17
7.934096665797491369e+03 1.369832066622328697e-17
8.804883581643463913e+03 1.123080012646574488e-17
9.771241535346502133e+03 9.200948606286058862e-18
1.084365968689610963e+04 7.536593888407735058e-18
1.203377840777589154e+04 6.169130826390904784e-18
1.335451562929898682e+04 5.047254937906013041e-18
1.482020705798858762e+04 4.126565670010264785e-18
1.644676177994664249e+04 3.371763511295994494e-18
1.825183494319044257e+04 2.753081451620469728e-18
2.025501939230666540e+04 2.246190565485974998e-18
2.247805833548725059e+04 1.830979462728523677e-18
2.494508135230316839e+04 1.491533599156988459e-18
2.768286630392066581e+04 1.213573219909948476e-18
3.072112998861759115e+04 9.864670859642680984e-19
3.409285069746814406e+04 8.009188352942152751e-19
3.783462617131928710e+04 6.494734131554529417e-19
4.198707084443910571e+04 5.260959141772788966e-19
4.659525668664683326e+04 4.255761241669697944e-19
5.170920242896761192e+04 3.437077812410319111e-19
5.738441648302398244e+04 2.771890293439695506e-19
6.368249944718585903e+04 2.231895456937476425e-19
7.067181273927491566e+04 1.794427989779387597e-19
7.842822061337680498e+04 1.440053463823368826e-19
8.703591361485165544e+04 1.153883260929195817e-19
9.658832241158708348e+04 9.230754919181186479e-20
1.071891319205127511e+05 7.373207487682437210e-20
1.189534067370319535e+05 5.881354177364285013e-20
1.320088400831418112e+05 4.683958082143260723e-20
1.464971398307286145e+05 3.726656124121451155e-20
1.625755666443794908e+05 2.961021520727702104e-20
1.804186409392071655e+05 2.351249422792070676e-20
2.002200371815584658e+05 1.864762874572702045e-20
2.221946860939523904e+05 1.477956294665211475e-20
2.465811075822604180e+05 1.170219768423462921e-20
2.736439997074671555e+05 9.256271164057199863e-21
3.036771118035460822e+05 7.314800828205321332e-21
3.370064329271928291e+05 5.775015746360055014e-21
3.739937302478798083e+05 4.555095214938193852e-21
4.150404757850476308e+05 3.588942436615650812e-21
4.605922041145108524e+05 2.824447322762242879e-21
5.111433483440171112e+05 2.220945832101113221e-21
5.672426068491977639e+05 1.744428337755793361e-21
6.294988990221888525e+05 1.368551227381261947e-21
6.985879746785250027e+05 1.072524722979368051e-21
7.752597488629464060e+05 8.397016434715909866e-22
8.603464416684507160e+05 6.566112241615595095e-22
9.547716114208066138e+05 5.128802170222837142e-22
1.059560179277617019e+06 4.001468675112395765e-22
1.175849554052158026e+06 3.118559816399828119e-22
1.304901978014401859e+06 2.427678926437885587e-22
1.448118227674532915e+06 1.887762924169696038e-22
1.607052818261638284e+06 1.465945236800254545e-22
1.783430876931909472e+06 1.137218753320902878e-22
1.979166867853557458e+06 8.810398353808716839e-23
2.196385372416546568e+06 6.818105369812671742e-23
2.437444150122222025e+06 5.269969125719624069e-23
2.704959730463137385e+06 4.067948323160466452e-23
3.001835813575591892e+06 3.136727392530945006e-23
3.331294787934676744e+06 2.415064846561556737e-23
3.696912707195031922e+06 1.857583511046846005e-23
4.102658105827190448e+06 1.426634793617826042e-23
4.552935074866947718e+06 1.094323411366336653e-23
5.052631065335679799e+06 8.381871873765241763e-24
5.607169938205458224e+06 6.411940765208007793e-24
6.222570836730230600e+06 4.899146233196918866e-24
6.905513520162330940e+06 3.736693823655055142e-24
7.663410868007462472e+06 2.846534579311957553e-24
8.504489341802684590e+06 2.165620868645186994e-24
9.437878277775391936e+06 1.644552379036687164e-24
1.047370897959450819e+07 1.247121351527595148e-24
1.162322468679854274e+07 9.441983028071326162e-25
1.289890261253307760e+07 7.136507075546132295e-25
1.431458937523478456e+07 5.385610631790340356e-25
1.588565129428052530e+07 4.057215800373480332e-25
1.762914118095947802e+07 3.051003317190198795e-25
1.956398343517064676e+07 2.290269913129760525e-25
2.171117945694505423e+07 1.715358185008978865e-25
2.409403560239527002e+07 1.282626242898118624e-25
2.673841615839949250e+07 9.569835407198379662e-26
2.967302408188872784e+07 7.124827423972125655e-26
3.292971255097155273e+07 5.292109057828326498e-26
3.654383070957254618e+07 3.922013478153131378e-26
4.055460735840827972e+07 2.899031737098088101e-26
4.500557675700496882e+07 2.137335757363011802e-26
4.994505115855139494e+07 1.571486131068541250e-26
5.542664520663107187e+07 1.151544399991949968e-26
6.150985788580504060e+07 8.413550449593601039e-27
6.826071834272393584e+07 6.125680399888669775e-27
7.575250258771920204e+07 4.442117405608765061e-27
8.406652885618332028e+07 3.209136388369760789e-27
9.329304026284696162e+07 2.307571241554607591e-27
1.035321843295663744e+08 1.651012483139619905e-27
1.148951000187308788e+08 1.174750101592765905e-27
1.275051240713012964e+08 8.306187013875651069e-28
1.414991297434575856e+08 5.830748425258327547e-28
1.570290124729377627e+08 4.060348927393005806e-28
1.742633386009651124e+08 2.800193436033485977e-28
1.933891750455232263e+08 1.909866624073009848e-28
2.146141197858406007e+08 1.284962247264116707e-28
2.381685551976160705e+08 8.506258704921312436e-29
2.643081486974108517e+08 5.515944515761144889e-29
2.933166278390048146e+08 3.484445426533170895e-29
3.255088599835056663e+08 2.125836730867004796e-29
3.612342699709430337e+08 1.235892663517750052e-29
4.008806328898465633e+08 6.692825936392377363e-30
4.448782831127585173e+08 3.236647204919847875e-30
4.937047852839003801e+08 1.274271745677495564e-30
5.478901179593944550e+08 3.156392048857875361e-31
6.080224261649426222e+08 1.935968235204678913e-32
