1.000000000000000000e+02 1.665408346401707008e-13
1.109752496412072134e+02 1.415522298143467004e-13
1.231550603292826196e+02 1.204906061464359636e-13
1.366716356462005990e+02 1.026934383057540572e-13
1.516716888470922413e+02 8.758636212100152597e-14
1.683180353330956791e+02 7.472440641309164327e-14
1.867913599020782840e+02 6.377188618950951041e-14
2.072921779595371845e+02 5.438512065849061284e-14
2.300430119772916839e+02 4.635997821610491875e-14
2.552908068239516410e+02 3.947945987717966646e-14
2.833096101839323637e+02 3.359646359113902460e-14
3.144035471591500368e+02 2.853946377642036636e-14
3.489101213406774491e+02 2.422022610657526947e-14
3.872038781812557318e+02 2.052442470655318022e-14
4.297004704320843871e+02 1.736115856461251797e-14
4.768611697714468960e+02 1.465988040861616306e-14
5.291978735958442712e+02 1.235826287918208776e-14
5.872786613189482523e+02 1.040380634630729438e-14
6.517339604882420190e+02 8.742481141504869529e-15
7.232633896483533817e+02 7.328645412047601795e-15
8.026433522257173081e+02 6.136484885212794225e-15
8.907354638610439679e+02 5.130235267463600361e-15
9.884959046625587007e+02 4.279452682751666015e-15
1.096985797892383971e+03 3.564661646038219369e-15
1.217382727739662187e+03 2.965101908286113749e-15
1.350993521198027793e+03 2.462112029839832952e-15
1.499268432786045423e+03 2.041398173368673842e-15
1.663816886076128640e+03 1.690478676023915078e-15
1.846424942895544291e+03 1.397367626092633193e-15
2.049074689815845886e+03 1.153714630959398552e-15
2.273965752357927613e+03 9.512458626340209409e-16
2.523539170434765765e+03 7.832507447071376776e-16
2.800503894183631019e+03 6.437174300703420416e-16
3.107866187782013640e+03 5.283968262287609524e-16
3.448962260405759935e+03 4.327776286265580956e-16
3.827494478516314757e+03 3.537045794993440744e-16
4.247571552536898707e+03 2.883791027759390856e-16
4.713753134116724141e+03 2.343078484161084075e-16
5.231099308056262998e+03 1.897791484771389833e-16
5.805225516094896193e+03 1.529911588188640422e-16
6.442363508721369726e+03 1.228252040497624027e-16
7.149428986597576113e+03 9.801962372144692754e-17
7.934096665797491369e+03 7.786451238436503191e-17
8.804883581643463913e+03 6.143298794150228703e-17
9.771241535346502133e+03 4.822852022185017352e-17
1.084365968689610963e+04 3.765456878764344030e-17
1.203377840777589154e+04 2.930775553603828763e-17
1.335451562929898682e+04 2.275635819545377906e-17
1.482020705798858762e+04 1.771583828444271902e-17
1.644676177994664249e+04 1.383001269595646665e-17
1.825183494319044257e+04 1.086124041771459064e-17
2.025501939230666540e+04 8.576036760780834884e-18
2.247805833548725059e+04 6.816254778157446140e-18
2.494508135230316839e+04 5.435613913597596446e-18
2.768286630392066581e+04 4.350178037906744930e-18
3.072112998861759115e+04 3.484754434296183504e-18
3.409285069746814406e+04 2.794208402050127956e-18
3.783462617131928710e+04 2.239770335925019051e-18
4.198707084443910571e+04 1.792725865313980605e-18
4.659525668664683326e+04 1.435363251705095224e-18
5.170920242896761192e+04 1.144998611409194221e-18
5.738441648302398244e+04 9.133389815049448158e-19
6.368249944718585903e+04 7.263606552425843124e-19
7.067181273927491566e+04 5.758865956649032253e-19
7.842822061337680498e+04 4.554683858726827871e-19
8.703591361485165544e+04 3.587202971929736349e-19
9.658832241158708348e+04 2.813172924912374087e-19
1.071891319205127511e+05 2.196492958664061399e-19
1.189534067370319535e+05 1.705172780058873270e-19
1.320088400831418112e+05 1.314625198417350798e-19
1.464971398307286145e+05 1.007564966812260033e-19
1.625755666443794908e+05 7.661546205818412042e-20
1.804186409392071655e+05 5.778241937534006712e-20
2.002200371815584658e+05 4.322715185661990994e-20
2.221946860939523904e+05 3.206434394364135213e-20
2.465811075822604180e+05 2.358396199041648825e-20
2.736439997074671555e+05 1.720499346113352626e-20
3.036771118035460822e+05 1.245022144329649750e-20
3.370064329271928291e+05 8.939572437297082128e-21
3.739937302478798083e+05 6.365474790795885847e-21
4.150404757850476308e+05 4.495662144689242287e-21
4.605922041145108524e+05 3.150093947395844804e-21
5.111433483440171112e+05 2.188810313627616263e-21
5.672426068491977639e+05 1.507421709770572710e-21
6.294988990221888525e+05 1.028257121618439253e-21
6.985879746785250027e+05 6.936799972826511297e-22
7.752597488629464060e+05 4.615485229547088445e-22
8.603464416684507160e+05 3.017981397776212855e-22
9.547716114208066138e+05 1.932924647344860372e-22
1.059560179277617019e+06 1.209100176347110333e-22
1.175849554052158026e+06 7.356766551822993718e-23
1.304901978014401859e+06 4.337498321564276300e-23
1.448118227674532915e+06 2.453695187267742004e-23
1.607052818261638284e+06 1.317374127294980062e-23
1.783430876931909472e+06 6.660201168372689255e-24
1.979166867853557458e+06 3.185972470272675792e-24
2.196385372416546568e+06 1.465052759644135880e-24
2.437444150122222025e+06 6.573544218510285405e-25
2.704959730463137385e+06 2.880510266048068008e-25
3.001835813575591892e+06 1.223800140708258302e-25
3.331294787934676744e+06 4.967540398076380771e-26
3.696912707195031922e+06 1.889069705515030346e-26
4.102658105827190448e+06 6.594254212771477275e-27
4.552935074866947718e+06 2.071607220102298811e-27
5.052631065335679799e+06 5.760444957579043794e-28
5.607169938205458224e+06 1.394748417616172802e-28
6.222570836730230600e+06 2.900418359564245419e-29
6.905513520162330940e+06 5.108086867930843081e-30
7.663410868007462472e+06 7.515755936687114000e-31
8.504489341802684590e+06 9.115513068603166624e-32
9.437878277775391936e+06 8.981411901803989969e-33
1.047370897959450819e+07 7.069444872869973947e-34
1.162322468679854274e+07 4.367598323229072827e-35
1.289890261253307760e+07 2.080992522066400648e-36
1.431458937523478456e+07 7.501787637433418219e-38
1.588565129428052530e+07 2.003905671885957270e-39
1.762914118095947802e+07 3.874335038688459996e-41
1.956398343517064676e+07 5.282162837253663571e-43
2.171117945694505423e+07 4.933611088848842205e-45
2.409403560239527002e+07 3.055924047170188136e-47
2.673841615839949250e+07 1.209366718619120620e-49
2.967302408188872784e+07 2.929697876282344832e-52
3.292971255097155273e+07 4.140725305559874530e-55
3.654383070957254618e+07 3.239096020406365469e-58
4.055460735840827972e+07 1.316920367364506817e-61
4.500557675700496882e+07 2.545084102880993230e-65
4.994505115855139494e+07 2.159712187864342286e-69
5.542664520663107187e+07 7.431964421843979503e-74
6.150985788580504060e+07 9.468966557177893558e-79
6.826071834272393584e+07 4.026477893889952049e-84
7.575250258771920204e+07 5.891621634702619283e-90
8.406652885618332028e+07 3.483972497302103487e-91
9.329304026284696162e+07 2.394144512518060796e-91
1.035321843295663744e+08 1.633131630962353349e-91
1.148951000187308788e+08 1.100090510946250005e-91
1.275051240713012964e+08 7.280721306639023303e-92
1.414991297434575856e+08 4.729584540065538539e-92
1.570290124729377627e+08 2.985398050080178870e-92
1.742633386009651124e+08 1.821206102883063588e-92
1.933891750455232263e+08 1.062643781866131534e-92
2.146141197858406007e+08 5.818819135587949244e-93
2.381685551976160705e+08 2.908066339660256855e-93
2.643081486974108517e+08 1.263614413304615645e-93
2.933166278390048146e+08 4.405066927068300796e-94
3.255088599835056663e+08 1.124891904582513715e-94
3.612342699709430337e+08 1.429993331407086357e-95
4.008806328898465633e+08 6.934988641924254509e-114
