1.000000000000000000e+02 3.461610753213494956e-13
1.109752496412072134e+02 2.918062443123576572e-13
1.231550603292826196e+02 2.458874379105154506e-13
1.366716356462005990e+02 2.069337251062838607e-13
1.516716888470922413e+02 1.739281106140698986e-13
1.683180353330956791e+02 1.460039959818971406e-13
1.867913599020782840e+02 1.223669130612516104e-13
2.072921779595371845e+02 1.024136160058412892e-13
2.300430119772916839e+02 8.557404343709440384e-14
2.552908068239516410e+02 7.136175585149495072e-14
2.833096101839323637e+02 5.943760597597138420e-14
3.144035471591500368e+02 4.937522017727232019e-14
3.489101213406774491e+02 4.091216934075306246e-14
3.872038781812557318e+02 3.389888901094176333e-14
4.297004704320843871e+02 2.803109902439769054e-14
4.768611697714468960e+02 2.309358159798532316e-14
5.291978735958442712e+02 1.902379130318188900e-14
5.872786613189482523e+02 1.561173452412080361e-14
6.517339604882420190e+02 1.279990821508848464e-14
7.232633896483533817e+02 1.047389874504619046e-14
8.026433522257173081e+02 8.556555941161132538e-15
8.907354638610439679e+02 6.981816795445636307e-15
9.884959046625587007e+02 5.683439800134432103e-15
1.096985797892383971e+03 4.625305863679261629e-15
1.217382727739662187e+03 3.755171433378493625e-15
1.350993521198027793e+03 3.047655715906341905e-15
1.499268432786045423e+03 2.473003784441110844e-15
1.663816886076128640e+03 2.000198519244666779e-15
1.846424942895544291e+03 1.619641261772457643e-15
2.049074689815845886e+03 1.308574160227390854e-15
2.273965752357927613e+03 1.056675878061016180e-15
2.523539170434765765e+03 8.535320396134287859e-16
2.800503894183631019e+03 6.878157280255610087e-16
3.107866187782013640e+03 5.542925166921900843e-16
3.448962260405759935e+03 4.466927529338973258e-16
3.827494478516314757e+03 3.589393006021314140e-16
4.247571552536898707e+03 2.885042315801572033e-16
4.713753134116724141e+03 2.318182264412602257e-16
5.231099308056262998e+03 1.857303865636032881e-16
5.805225516094896193e+03 1.488413189075362406e-16
6.442363508721369726e+03 1.191156316017989042e-16
7.149428986597576113e+03 9.518338250255843158e-17
7.934096665797491369e+03 7.590993229694103729e-17
8.804883581643463913e+03 6.044658210877758597e-17
9.771241535346502133e+03 4.805640340596508085e-17
1.084365968689610963e+04 3.812374648507988506e-17
1.203377840777589154e+04 3.016285338203833658e-17
1.335451562929898682e+04 2.381062014553023203e-17
1.482020705798858762e+04 1.872721669232150499e-17
1.644676177994664249e+04 1.468197730423863853e-17
1.825183494319044257e+04 1.146568015622082551e-17
2.025501939230666540e+04 8.909520746612545501e-18
2.247805833548725059e+04 6.890742549134697511e-18
2.494508135230316839e+04 5.294497340310480480e-18
2.768286630392066581e+04 4.043728174215502539e-18
3.072112998861759115e+04 3.065806642233953701e-18
3.409285069746814406e+04 2.305218601795848515e-18
3.783462617131928710e+04 1.719386790669999755e-18
4.198707084443910571e+04 1.270037826749774344e-18
4.659525668664683326e+04 9.296699513122866259e-19
5.170920242896761192e+04 6.731033665170354793e-19
5.738441648302398244e+04 4.827740311059734308e-19
6.368249944718585903e+04 3.433279068964539738e-19
7.067181273927491566e+04 2.420454467706252838e-19
7.842822061337680498e+04 1.697142556067870681e-19
8.703591361485165544e+04 1.186874482218968688e-19
9.658832241158708348e+04 8.305252139739936012e-20
1.071891319205127511e+05 5.821381146234380909e-20
1.189534067370319535e+05 4.113111112938946641e-20
1.320088400831418112e+05 2.923853397290438093e-20
1.464971398307286145e+05 2.119623682997172300e-20
1.625755666443794908e+05 1.544204708507086787e-20
1.804186409392071655e+05 1.131927864067076960e-20
2.002200371815584658e+05 8.432784582875412226e-21
2.221946860939523904e+05 6.271373795220785403e-21
2.465811075822604180e+05 4.660867979279871202e-21
2.736439997074671555e+05 3.467183415604650805e-21
3.036771118035460822e+05 2.555861985793935869e-21
3.370064329271928291e+05 1.856639446446600553e-21
3.739937302478798083e+05 1.345163718938799055e-21
4.150404757850476308e+05 9.544020662646560638e-22
4.605922041145108524e+05 6.639358085288654677e-22
5.111433483440171112e+05 4.505922060183286316e-22
5.672426068491977639e+05 2.964914321073224114e-22
6.294988990221888525e+05 1.879776386284449965e-22
6.985879746785250027e+05 1.125125988416871067e-22
7.752597488629464060e+05 6.259480366245279279e-23
8.603464416684507160e+05 3.127191687265781773e-23
9.547716114208066138e+05 1.362005740569312740e-23
1.059560179277617019e+06 5.175125019918378803e-24
1.175849554052158026e+06 1.944017601864347099e-24
1.304901978014401859e+06 8.959385983283975003e-25
1.448118227674532915e+06 5.375441086444871552e-25
1.607052818261638284e+06 3.698843777019123882e-25
1.783430876931909472e+06 2.645086456279400673e-25
1.979166867853557458e+06 1.904150454824778417e-25
2.196385372416546568e+06 1.368886596005139203e-25
2.437444150122222025e+06 9.816785847672310482e-26
2.704959730463137385e+06 7.015271795753722007e-26
3.001835813575591892e+06 4.992999158306873396e-26
3.331294787934676744e+06 3.536242763665450520e-26
3.696912707195031922e+06 2.490137164794512980e-26
4.102658105827190448e+06 1.742238388162634923e-26
4.552935074866947718e+06 1.209831314840783515e-26
5.052631065335679799e+06 8.325580248167318415e-27
5.607169938205458224e+06 5.669178762362706340e-27
6.222570836730230600e+06 3.813405474859485940e-27
6.905513520162330940e+06 2.526662982564910347e-27
7.663410868007462472e+06 1.643507437997839274e-27
8.504489341802684590e+06 1.044832562759655798e-27
9.437878277775391936e+06 6.450916639318501681e-28
1.047370897959450819e+07 3.835553919663390180e-28
1.162322468679854274e+07 2.170197789738978696e-28
1.289890261253307760e+07 1.147395471108419568e-28
1.431458937523478456e+07 5.511314626163305214e-29
1.588565129428052530e+07 2.300013601446746688e-29
1.762914118095947802e+07 7.705875808059128976e-30
1.956398343517064676e+07 1.710416445602763399e-30
2.171117945694505423e+07 7.963839089574696115e-32
