1.000000000000000000e+02 3.226600310326585952e-12
1.109752496412072134e+02 2.654634808299802547e-12
1.231550603292826196e+02 2.189367404325056109e-12
1.366716356462005990e+02 1.810366477320699106e-12
1.516716888470922413e+02 1.501428245104090211e-12
1.683180353330956791e+02 1.248876244390340463e-12
1.867913599020782840e+02 1.041897633726118795e-12
2.072921779595371845e+02 8.719377923878281661e-13
2.300430119772916839e+02 7.310289347657268775e-13
2.552908068239516410e+02 6.144314290428181351e-13
2.833096101839323637e+02 5.173319938112853973e-13
3.144035471591500368e+02 4.361648741601692579e-13
3.489101213406774491e+02 3.680833003358768486e-13
3.872038781812557318e+02 3.107934313115382623e-13
4.297004704320843871e+02 2.624366983993161565e-13
4.768611697714468960e+02 2.215253040654698293e-13
5.291978735958442712e+02 1.869507013566492607e-13
5.872786613189482523e+02 1.575920851395873695e-13
6.517339604882420190e+02 1.327402813993312771e-13
7.232633896483533817e+02 1.116245697856328733e-13
8.026433522257173081e+02 9.372385852351866978e-14
8.907354638610439679e+02 7.856033070933613942e-14
9.884959046625587007e+02 6.573817171231703785e-14
1.096985797892383971e+03 5.488391503899258433e-14
1.217382727739662187e+03 4.573946464018050191e-14
1.350993521198027793e+03 3.800780641573591737e-14
1.499268432786045423e+03 3.151422098041416792e-14
1.663816886076128640e+03 2.607076346336470101e-14
1.846424942895544291e+03 2.151677584378498233e-14
2.049074689815845886e+03 1.771209656585200906e-14
2.273965752357927613e+03 1.453785830592918056e-14
2.523539170434765765e+03 1.190739379748100828e-14
2.800503894183631019e+03 9.737934463336405983e-15
3.107866187782013640e+03 7.925711267332132104e-15
3.448962260405759935e+03 6.435430305666622643e-15
3.827494478516314757e+03 5.212315431769368759e-15
4.247571552536898707e+03 4.210441914862094777e-15
4.713753134116724141e+03 3.385750007227158495e-15
5.231099308056262998e+03 2.711104104454518329e-15
5.805225516094896193e+03 2.164041817971095135e-15
6.442363508721369726e+03 1.719362771179780820e-15
7.149428986597576113e+03 1.358275646272172760e-15
7.934096665797491369e+03 1.067365863059916690e-15
8.804883581643463913e+03 8.343758229175642171e-16
9.771241535346502133e+03 6.469368664415647034e-16
1.084365968689610963e+04 4.968142622796476831e-16
1.203377840777589154e+04 3.780366427056845244e-16
1.335451562929898682e+04 2.842068991399323714e-16
1.482020705798858762e+04 2.106567822969914461e-16
1.644676177994664249e+04 1.535207928913871585e-16
1.825183494319044257e+04 1.098715533440500851e-16
2.025501939230666540e+04 7.710630630690813885e-17
2.247805833548725059e+04 5.310422507790962233e-17
2.494508135230316839e+04 3.604123214218841131e-17
2.768286630392066581e+04 2.432784253486676082e-17
3.072112998861759115e+04 1.655464201246268729e-17
3.409285069746814406e+04 1.153514983866164672e-17
3.783462617131928710e+04 8.323399202857974987e-18
4.198707084443910571e+04 6.211860721718594246e-18
4.659525668664683326e+04 4.746747884220370993e-18
5.170920242896761192e+04 3.677803428115715243e-18
5.738441648302398244e+04 2.868467031351907072e-18
6.368249944718585903e+04 2.240507328844093370e-18
7.067181273927491566e+04 1.746865346933983440e-18
7.842822061337680498e+04 1.357220148504090050e-18
8.703591361485165544e+04 1.049764864758147414e-18
9.658832241158708348e+04 8.089376320115995965e-19
1.071891319205127511e+05 6.204577764475882821e-19
1.189534067370319535e+05 4.743168082422452985e-19
1.320088400831418112e+05 3.610283732129549884e-19
1.464971398307286145e+05 2.738482976612586650e-19
1.625755666443794908e+05 2.066882977893651257e-19
1.804186409392071655e+05 1.553223393885348122e-19
2.002200371815584658e+05 1.161192646387643634e-19
2.221946860939523904e+05 8.633515036991284711e-20
2.465811075822604180e+05 6.378451340577592558e-20
2.736439997074671555e+05 4.681465920937203772e-20
3.036771118035460822e+05 3.411762583535287484e-20
3.370064329271928291e+05 2.466719569443601627e-20
3.739937302478798083e+05 1.769070302739048946e-20
4.150404757850476308e+05 1.257251671673575011e-20
4.605922041145108524e+05 8.855375243041062652e-21
5.111433483440171112e+05 6.176628913925720414e-21
5.672426068491977639e+05 4.263783286214457754e-21
6.294988990221888525e+05 2.913293835844630947e-21
6.985879746785250027e+05 1.968214303761901548e-21
7.752597488629464060e+05 1.318025092627619864e-21
8.603464416684507160e+05 8.711366687494474951e-22
9.547716114208066138e+05 5.694797407726899682e-22
1.059560179277617019e+06 3.675460018289034167e-22
1.175849554052158026e+06 2.335572481844746158e-22
1.304901978014401859e+06 1.461110717941677355e-22
1.448118227674532915e+06 8.927002191076870315e-23
1.607052818261638284e+06 5.297360609869993850e-23
1.783430876931909472e+06 3.023453965659034328e-23
1.979166867853557458e+06 1.636364533063296795e-23
2.196385372416546568e+06 8.230110808688386155e-24
2.437444150122222025e+06 3.765531482013005554e-24
2.704959730463137385e+06 1.539716351874016853e-24
3.001835813575591892e+06 5.596917510276982405e-25
3.331294787934676744e+06 1.796232002887439653e-25
3.696912707195031922e+06 5.028572800059107249e-26
4.102658105827190448e+06 1.215318825657359852e-26
4.552935074866947718e+06 2.508089537834434014e-27
5.052631065335679799e+06 4.379148367244777958e-28
5.607169938205458224e+06 6.401533961523181112e-29
6.222570836730230600e+06 7.756565656398012120e-30
6.905513520162330940e+06 7.705214327485772042e-31
7.663410868007462472e+06 6.204675757781300306e-32
8.504489341802684590e+06 4.000168328260377875e-33
9.437878277775391936e+06 2.034440394547762991e-34
1.047370897959450819e+07 8.014037025044794441e-36
1.162322468679854274e+07 2.397058518837725176e-37
1.289890261253307760e+07 5.335053522434485908e-39
1.431458937523478456e+07 8.645641935367349813e-41
1.588565129428052530e+07 9.954478887509618243e-43
1.762914118095947802e+07 7.915682739053243266e-45
1.956398343517064676e+07 4.207878118377376043e-47
2.171117945694505423e+07 1.444239451646866891e-49
2.409403560239527002e+07 3.076175509785257008e-52
2.673841615839949250e+07 3.885467725439405756e-55
2.967302408188872784e+07 2.761576676075619293e-58
3.292971255097155273e+07 1.041261031270322393e-61
3.654383070957254618e+07 1.952038768518093551e-65
4.055460735840827972e+07 1.694141059698616213e-69
4.500557675700496882e+07 6.134412676286653227e-74
4.994505115855139494e+07 8.263660927555863509e-79
5.542664520663107187e+07 3.765572149587380868e-84
6.150985788580504060e+07 5.194416260629034843e-90
6.826071834272393584e+07 1.909405311784045248e-96
7.575250258771920204e+07 1.608460979889017683e-103
8.406652885618332028e+07 2.606387879213380205e-111
9.329304026284696162e+07 6.661228082466781282e-120
1.035321843295663744e+08 2.140992224892836769e-129
1.148951000187308788e+08 6.663042108779475777e-140
1.275051240713012964e+08 1.460910338257255098e-151
