1.000000000000000000e+02 4.561156218950681936e-13
1.109752496412072134e+02 4.000994159463777399e-13
1.231550603292826196e+02 3.509193961867435619e-13
1.366716356462005990e+02 3.077570448625583815e-13
1.516716888470922413e+02 2.698969727023088093e-13
1.683180353330956791e+02 2.366710832773898015e-13
1.867913599020782840e+02 2.075255954046336345e-13
2.072921779595371845e+02 1.819125048512654906e-13
2.300430119772916839e+02 1.594648769370148798e-13
2.552908068239516410e+02 1.397369929035882709e-13
2.833096101839323637e+02 1.224272261532459334e-13
3.144035471591500368e+02 1.072473486563580168e-13
3.489101213406774491e+02 9.389659053401370168e-14
3.872038781812557318e+02 8.219927575178286863e-14
4.297004704320843871e+02 7.193082669424148774e-14
4.768611697714468960e+02 6.290734565262875287e-14
5.291978735958442712e+02 5.500174738394429515e-14
5.872786613189482523e+02 4.805405826931724802e-14
6.517339604882420190e+02 4.196620836471587154e-14
7.232633896483533817e+02 3.662439114123882175e-14
8.026433522257173081e+02 3.193577093345724612e-14
8.907354638610439679e+02 2.783173710838962668e-14
9.884959046625587007e+02 2.422610588979811815e-14
1.096985797892383971e+03 2.107190476952159514e-14
1.217382727739662187e+03 1.830659961784215913e-14
1.350993521198027793e+03 1.588785874327503139e-14
1.499268432786045423e+03 1.377351912608965118e-14
1.663816886076128640e+03 1.191941098866049838e-14
1.846424942895544291e+03 1.030747238450511659e-14
2.049074689815845886e+03 8.890252736883299656e-15
2.273965752357927613e+03 7.664050689694652689e-15
2.523539170434765765e+03 6.586850332991011948e-15
2.800503894183631019e+03 5.657366216946123557e-15
3.107866187782013640e+03 4.843952439258549346e-15
3.448962260405759935e+03 4.142780876529638845e-15
3.827494478516314757e+03 3.540908493388339874e-15
4.247571552536898707e+03 3.006931065471000387e-15
4.713753134116724141e+03 2.553222750300623058e-15
5.231099308056262998e+03 2.162158255982186586e-15
5.805225516094896193e+03 1.826989569021836352e-15
6.442363508721369726e+03 1.539319036504937273e-15
7.149428986597576113e+03 1.294270116441820409e-15
7.934096665797491369e+03 1.084810825794222812e-15
8.804883581643463913e+03 9.076724058986413291e-16
9.771241535346502133e+03 7.568686791608647441e-16
1.084365968689610963e+04 6.303336747946375742e-16
1.203377840777589154e+04 5.231933348378221478e-16
1.335451562929898682e+04 4.340440115815673755e-16
1.482020705798858762e+04 3.588005559161263375e-16
1.644676177994664249e+04 2.966225105903516193e-16
1.825183494319044257e+04 2.445237112594952720e-16
2.025501939230666540e+04 2.015891441516054820e-16
2.247805833548725059e+04 1.659053285969717039e-16
2.494508135230316839e+04 1.364849317987368725e-16
2.768286630392066581e+04 1.122631271528818775e-16
3.072112998861759115e+04 9.220845880536384090e-17
3.409285069746814406e+04 7.579740247180541444e-17
3.783462617131928710e+04 6.220562563920309827e-17
4.198707084443910571e+04 5.108052747405748322e-17
4.659525668664683326e+04 4.190045449547737536e-17
5.170920242896761192e+04 3.436162378614571390e-17
5.738441648302398244e+04 2.813482121076655904e-17
6.368249944718585903e+04 2.301362708543283147e-17
7.067181273927491566e+04 1.879540736291603165e-17
7.842822061337680498e+04 1.532370054321705301e-17
8.703591361485165544e+04 1.246994822487849811e-17
9.658832241158708348e+04 1.012840108696522052e-17
1.071891319205127511e+05 8.205242295928182795e-18
1.189534067370319535e+05 6.634126637468970728e-18
1.320088400831418112e+05 5.355897953244815379e-18
1.464971398307286145e+05 4.314946785497652154e-18
1.625755666443794908e+05 3.470489014912233778e-18
1.804186409392071655e+05 2.789463200006622967e-18
2.002200371815584658e+05 2.240127463879938650e-18
2.221946860939523904e+05 1.799903372903216226e-18
2.465811075822604180e+05 1.446413774476914731e-18
2.736439997074671555e+05 1.163997738359836253e-18
3.036771118035460822e+05 9.379820728728746873e-19
3.370064329271928291e+05 7.571261613474047078e-19
3.739937302478798083e+05 6.124979978249924531e-19
4.150404757850476308e+05 4.961336413810292626e-19
4.605922041145108524e+05 4.025279223490095365e-19
5.111433483440171112e+05 3.269314919535954151e-19
5.672426068491977639e+05 2.656686425701840755e-19
6.294988990221888525e+05 2.157513252571102283e-19
6.985879746785250027e+05 1.749962058483661084e-19
7.752597488629464060e+05 1.416405916318308082e-19
8.603464416684507160e+05 1.144419323395469645e-19
9.547716114208066138e+05 9.215124084862656564e-20
1.059560179277617019e+06 7.378595847624912383e-20
1.175849554052158026e+06 5.904685188150608332e-20
1.304901978014401859e+06 4.699486934100800752e-20
1.448118227674532915e+06 3.723701530049005899e-20
1.607052818261638284e+06 2.952785596459208878e-20
1.783430876931909472e+06 2.318027161181472173e-20
1.979166867853557458e+06 1.820792914952942696e-20
2.196385372416546568e+06 1.419175427248444824e-20
2.437444150122222025e+06 1.101407769017215109e-20
2.704959730463137385e+06 8.488558189830463162e-21
3.001835813575591892e+06 6.497962919469125959e-21
3.331294787934676744e+06 4.938416746549865066e-21
3.696912707195031922e+06 3.725559479784263970e-21
4.102658105827190448e+06 2.795241822906987694e-21
4.552935074866947718e+06 2.077494212032877638e-21
5.052631065335679799e+06 1.536965532762142402e-21
5.607169938205458224e+06 1.130253699234550564e-21
6.222570836730230600e+06 8.260396650401328293e-22
6.905513520162330940e+06 5.993927387692678149e-22
7.663410868007462472e+06 4.304355369324890083e-22
8.504489341802684590e+06 3.042258373124067582e-22
9.437878277775391936e+06 2.107472894271342732e-22
1.047370897959450819e+07 1.405414101908133131e-22
1.162322468679854274e+07 9.063640933698272349e-23
1.289890261253307760e+07 5.530892026553906104e-23
1.431458937523478456e+07 3.035793172314158355e-23
1.588565129428052530e+07 1.496875252937478707e-23
1.762914118095947802e+07 6.417103016765593307e-24
1.956398343517064676e+07 2.351058226736952920e-24
2.171117945694505423e+07 7.556904217501139161e-25
2.409403560239527002e+07 2.252533790620505474e-25
2.673841615839949250e+07 6.755350755755546002e-26
2.967302408188872784e+07 2.139061218161360269e-26
3.292971255097155273e+07 5.881581825013003970e-27
3.654383070957254618e+07 8.915641125118731761e-28
4.055460735840827972e+07 6.270723206518766044e-29
4.500557675700496882e+07 3.501100371464086201e-32
4.994505115855139494e+07 4.269511666374367138e-36
5.542664520663107187e+07 7.360020758190236579e-39
6.150985788580504060e+07 3.843646054828402109e-42
6.826071834272393584e+07 4.405020596853275447e-46
7.575250258771920204e+07 6.796768233115526149e-51
8.406652885618332028e+07 6.289831475563037042e-57
9.329304026284696162e+07 6.658916097112512466e-65
