1.000000000000000000e+02 7.161000209613292742e-11
1.109752496412072134e+02 6.310538711962706239e-11
1.231550603292826196e+02 5.557907367170188820e-11
1.366716356462005990e+02 4.890365338634478237e-11
1.516716888470922413e+02 4.300515767434660402e-11
1.683180353330956791e+02 3.777747750030146095e-11
1.867913599020782840e+02 3.316002547157352814e-11
2.072921779595371845e+02 2.907968333813238912e-11
2.300430119772916839e+02 2.547196304356307211e-11
2.552908068239516410e+02 2.229570586087876372e-11
2.833096101839323637e+02 1.948638834381387444e-11
3.144035471591500368e+02 1.702113076151964823e-11
3.489101213406774491e+02 1.484306573653207271e-11
3.872038781812557318e+02 1.293573626117420218e-11
4.297004704320843871e+02 1.125475940498495959e-11
4.768611697714468960e+02 9.779205199056904994e-12
5.291978735958442712e+02 8.491231557568186874e-12
5.872786613189482523e+02 7.365551236177689349e-12
6.517339604882420190e+02 6.374460266905897190e-12
7.232633896483533817e+02 5.515324938708893358e-12
8.026433522257173081e+02 4.760658716174336378e-12
8.907354638610439679e+02 4.108043635680526186e-12
9.884959046625587007e+02 3.536836806194632695e-12
1.096985797892383971e+03 3.043574498388450519e-12
1.217382727739662187e+03 2.614115143062267172e-12
1.350993521198027793e+03 2.242685430321208243e-12
1.499268432786045423e+03 1.921112845617567337e-12
1.663816886076128640e+03 1.643487299091417175e-12
1.846424942895544291e+03 1.404105023729187559e-12
2.049074689815845886e+03 1.197759917400206930e-12
2.273965752357927613e+03 1.020535491405605794e-12
2.523539170434765765e+03 8.682159103989475857e-13
2.800503894183631019e+03 7.375803149260645466e-13
3.107866187782013640e+03 6.258239772483561955e-13
3.448962260405759935e+03 5.298728791568814482e-13
3.827494478516314757e+03 4.479004981139239735e-13
4.247571552536898707e+03 3.780993152252304188e-13
4.713753134116724141e+03 3.184961164053134752e-13
5.231099308056262998e+03 2.678712055381080773e-13
5.805225516094896193e+03 2.247144713836853268e-13
6.442363508721369726e+03 1.881616027673683253e-13
7.149428986597576113e+03 1.570628415718967685e-13
7.934096665797491369e+03 1.308159371440572197e-13
8.804883581643463913e+03 1.086944707915920980e-13
9.771241535346502133e+03 8.989705361106633110e-14
1.084365968689610963e+04 7.423202590268420427e-14
1.203377840777589154e+04 6.101389024667362785e-14
1.335451562929898682e+04 4.995195158699114092e-14
1.482020705798858762e+04 4.080959402802443732e-14
1.644676177994664249e+04 3.314808429314958598e-14
1.825183494319044257e+04 2.678690899490579170e-14
2.025501939230666540e+04 2.168245185937625635e-14
2.247805833548725059e+04 1.734587037542141532e-14
2.494508135230316839e+04 1.389716601364073201e-14
2.768286630392066581e+04 1.109610081767857606e-14
3.072112998861759115e+04 8.805222045782496725e-15
3.409285069746814406e+04 6.991192855098090309e-15
3.783462617131928710e+04 5.538671842278501852e-15
4.198707084443910571e+04 4.377617712968815642e-15
4.659525668664683326e+04 3.465099279253989203e-15
5.170920242896761192e+04 2.742158817358291578e-15
5.738441648302398244e+04 2.172810785673302403e-15
6.368249944718585903e+04 1.726903692880221335e-15
7.067181273927491566e+04 1.375610416496449028e-15
7.842822061337680498e+04 1.098525650432626820e-15
8.703591361485165544e+04 8.793534485322928800e-16
9.658832241158708348e+04 7.044592309513446105e-16
1.071891319205127511e+05 5.646949092871538449e-16
1.189534067370319535e+05 4.537845131194705049e-16
1.320088400831418112e+05 3.622284768372843621e-16
1.464971398307286145e+05 2.876751996774748589e-16
1.625755666443794908e+05 2.272029006785922461e-16
1.804186409392071655e+05 1.782192054080634827e-16
2.002200371815584658e+05 1.382771007788124494e-16
2.221946860939523904e+05 1.060399507808659134e-16
2.465811075822604180e+05 7.983865993177794205e-17
2.736439997074671555e+05 5.912775829331953062e-17
3.036771118035460822e+05 4.271750312599271401e-17
3.370064329271928291e+05 3.010031742091329529e-17
3.739937302478798083e+05 2.054322027520612579e-17
4.150404757850476308e+05 1.344450540754807264e-17
4.605922041145108524e+05 8.354873810332438171e-18
5.111433483440171112e+05 4.851644079724126340e-18
5.672426068491977639e+05 2.581760528309097141e-18
6.294988990221888525e+05 1.233570681712013030e-18
6.985879746785250027e+05 5.279012522386354523e-19
7.752597488629464060e+05 2.087007289676317817e-19
8.603464416684507160e+05 8.249616613057917558e-20
9.547716114208066138e+05 3.642885072745772318e-20
1.059560179277617019e+06 1.933861837992666373e-20
1.175849554052158026e+06 1.202682597228938245e-20
1.304901978014401859e+06 8.154115637111494335e-21
1.448118227674532915e+06 5.737301682703171506e-21
1.607052818261638284e+06 4.096532080977089221e-21
1.783430876931909472e+06 2.938988110664536208e-21
1.979166867853557458e+06 2.114174108442738361e-21
2.196385372416546568e+06 1.525468134914948581e-21
2.437444150122222025e+06 1.102710286754773355e-21
2.704959730463137385e+06 7.985413197734647230e-22
3.001835813575591892e+06 5.789661062819501957e-22
3.331294787934676744e+06 4.201887121970285731e-22
3.696912707195031922e+06 3.051164992733349926e-22
4.102658105827190448e+06 2.216345260792531344e-22
4.552935074866947718e+06 1.610210018280723427e-22
5.052631065335679799e+06 1.169775336641640310e-22
5.607169938205458224e+06 8.498474620619298977e-23
6.222570836730230600e+06 6.168583476593014553e-23
6.905513520162330940e+06 4.476087697580659450e-23
7.663410868007462472e+06 3.245155461915849366e-23
8.504489341802684590e+06 2.350931393831443368e-23
9.437878277775391936e+06 1.702469627723884278e-23
1.047370897959450819e+07 1.230884350142215444e-23
1.162322468679854274e+07 8.890449067536688035e-24
1.289890261253307760e+07 6.412918244948924051e-24
1.431458937523478456e+07 4.620038699662793895e-24
1.588565129428052530e+07 3.323674377100862394e-24
1.762914118095947802e+07 2.387512291993464916e-24
1.956398343517064676e+07 1.712393002965629121e-24
2.171117945694505423e+07 1.226157003462187865e-24
2.409403560239527002e+07 8.765488952391079303e-25
2.673841615839949250e+07 6.255645201412988354e-25
2.967302408188872784e+07 4.456681296139477185e-25
3.292971255097155273e+07 3.169379935222593344e-25
3.654383070957254618e+07 2.249895480068267209e-25
4.055460735840827972e+07 1.594220973953032366e-25
4.500557675700496882e+07 1.127534984439403751e-25
4.994505115855139494e+07 7.959003451746514062e-26
5.542664520663107187e+07 5.607499856921771140e-26
6.150985788580504060e+07 3.942917514567687601e-26
6.826071834272393584e+07 2.767167386482821952e-26
7.575250258771920204e+07 1.938109613879518924e-26
8.406652885618332028e+07 1.354562668713092002e-26
9.329304026284696162e+07 9.447731621000364697e-27
1.035321843295663744e+08 6.575084793625096862e-27
1.148951000187308788e+08 4.565346952164115088e-27
1.275051240713012964e+08 3.162237975358650136e-27
1.414991297434575856e+08 2.184901151897464448e-27
1.570290124729377627e+08 1.505551641294661074e-27
1.742633386009651124e+08 1.034401381304326344e-27
1.933891750455232263e+08 7.083781256119680891e-28
2.146141197858406007e+08 4.834101472628490318e-28
2.381685551976160705e+08 3.286225945939692829e-28
2.643081486974108517e+08 2.223635243527800953e-28
2.933166278390048146e+08 1.497186366398513714e-28
3.255088599835056663e+08 1.002030205228376404e-28
3.612342699709430337e+08 6.660807605292299226e-29
4.008806328898465633e+08 4.391501116946966759e-29
4.448782831127585173e+08 2.867039909045344910e-29
4.937047852839003801e+08 1.849502545802673614e-29
5.478901179593944550e+08 1.175453483973910114e-29
6.080224261649426222e+08 7.330018793317005276e-30
6.747544053110699654e+08 4.459030859136520576e-30
7.488103857590031624e+08 2.622646538862532812e-30
8.309941949353404045e+08 1.470650016878184126e-30
9.221978823334341049e+08 7.670633072017157824e-31
1.023411402105452657e+09 3.545433029682412175e-31
1.135733358343105316e+09 1.292206057989729562e-31
1.260382929679727316e+09 2.504736994598130593e-32
