1.000000000000000000e+02 2.963670927332961299e-12
1.109752496412072134e+02 2.504420890603046952e-12
1.231550603292826196e+02 2.110223170809203410e-12
1.366716356462005990e+02 1.772679106405650273e-12
1.516716888470922413e+02 1.483779363523590772e-12
1.683180353330956791e+02 1.237061410647195187e-12
1.867913599020782840e+02 1.026558992494134898e-12
2.072921779595371845e+02 8.473173894042514328e-13
2.300430119772916839e+02 6.954553814420922063e-13
2.552908068239516410e+02 5.664394887934164055e-13
2.833096101839323637e+02 4.582190889143600197e-13
3.144035471591500368e+02 3.672734670614246705e-13
3.489101213406774491e+02 2.920011302929765827e-13
3.872038781812557318e+02 2.286435493841990242e-13
4.297004704320843871e+02 1.771222039093626220e-13
4.768611697714468960e+02 1.353083499258453207e-13
5.291978735958442712e+02 1.018216828867575610e-13
5.872786613189482523e+02 7.549160512476132788e-14
6.517339604882420190e+02 5.522568075226668605e-14
7.232633896483533817e+02 4.004987530494404762e-14
8.026433522257173081e+02 2.903877507674641715e-14
8.907354638610439679e+02 2.130154326243389585e-14
9.884959046625587007e+02 1.600204703613241881e-14
1.096985797892383971e+03 1.240446056781637573e-14
1.217382727739662187e+03 9.921153776727575415e-15
1.350993521198027793e+03 8.123563283881250885e-15
1.499268432786045423e+03 6.750970661804024710e-15
1.663816886076128640e+03 5.658081966964714361e-15
1.846424942895544291e+03 4.761020232440485732e-15
2.049074689815845886e+03 4.015453187599761734e-15
2.273965752357927613e+03 3.388670022856825350e-15
2.523539170434765765e+03 2.859624040453739553e-15
2.800503894183631019e+03 2.413648140599353268e-15
3.107866187782013640e+03 2.035931241029186695e-15
3.448962260405759935e+03 1.716543254495567123e-15
3.827494478516314757e+03 1.446719261754189308e-15
4.247571552536898707e+03 1.218599479390222172e-15
4.713753134116724141e+03 1.026231174852753490e-15
5.231099308056262998e+03 8.636611933170638642e-16
5.805225516094896193e+03 7.266432836947972992e-16
6.442363508721369726e+03 6.110391819714566011e-16
7.149428986597576113e+03 5.136629729938588812e-16
7.934096665797491369e+03 4.315709782837887774e-16
8.804883581643463913e+03 3.624528601667010812e-16
9.771241535346502133e+03 3.042268434884783036e-16
1.084365968689610963e+04 2.552430755685593397e-16
1.203377840777589154e+04 2.140264550471533434e-16
1.335451562929898682e+04 1.793649733629468380e-16
1.482020705798858762e+04 1.502283080723841230e-16
1.644676177994664249e+04 1.257476550075058147e-16
1.825183494319044257e+04 1.051937926830254645e-16
2.025501939230666540e+04 8.793710296919725612e-17
2.247805833548725059e+04 7.345344365829371093e-17
2.494508135230316839e+04 6.131922227326470666e-17
2.768286630392066581e+04 5.114621708547046214e-17
3.072112998861759115e+04 4.262543691317405540e-17
3.409285069746814406e+04 3.550331090011310760e-17
3.783462617131928710e+04 2.953204439291074577e-17
4.198707084443910571e+04 2.455067599390441866e-17
4.659525668664683326e+04 2.038863238462002669e-17
5.170920242896761192e+04 1.691452890798992037e-17
5.738441648302398244e+04 1.401790290463915656e-17
6.368249944718585903e+04 1.160515998076596872e-17
7.067181273927491566e+04 9.597557635047608638e-18
7.842822061337680498e+04 7.926755197698568936e-18
8.703591361485165544e+04 6.540012819471169083e-18
9.658832241158708348e+04 5.388688667301567529e-18
1.071891319205127511e+05 4.435155872032583254e-18
1.189534067370319535e+05 3.645229329624071860e-18
1.320088400831418112e+05 2.992544995215487399e-18
1.464971398307286145e+05 2.453668610082918768e-18
1.625755666443794908e+05 2.009479078589306858e-18
1.804186409392071655e+05 1.643942539985659678e-18
2.002200371815584658e+05 1.343243177759357502e-18
2.221946860939523904e+05 1.096394930476410696e-18
2.465811075822604180e+05 8.940895579157190789e-19
2.736439997074671555e+05 7.281665496679563908e-19
3.036771118035460822e+05 5.923538841068829114e-19
3.370064329271928291e+05 4.813310079295295520e-19
3.739937302478798083e+05 3.906828459447458214e-19
4.150404757850476308e+05 3.166719749035711969e-19
4.605922041145108524e+05 2.564223072406768900e-19
5.111433483440171112e+05 2.073044452804676495e-19
5.672426068491977639e+05 1.674187853815783664e-19
6.294988990221888525e+05 1.350031850358090248e-19
6.985879746785250027e+05 1.087140106246669590e-19
7.752597488629464060e+05 8.743406446162682194e-20
8.603464416684507160e+05 7.021466275642367335e-20
9.547716114208066138e+05 5.630190966648470673e-20
1.059560179277617019e+06 4.508397705715240130e-20
1.175849554052158026e+06 3.604753883104943979e-20
1.304901978014401859e+06 2.877674510172293204e-20
1.448118227674532915e+06 2.293846969226945227e-20
1.607052818261638284e+06 1.825651108831514391e-20
1.783430876931909472e+06 1.450643736852782961e-20
1.979166867853557458e+06 1.150785267806110401e-20
2.196385372416546568e+06 9.115923188887756756e-21
2.437444150122222025e+06 7.207450776645545659e-21
2.704959730463137385e+06 5.690045105793910306e-21
3.001835813575591892e+06 4.484383953311633987e-21
3.331294787934676744e+06 3.527700050493351395e-21
3.696912707195031922e+06 2.770717954137994587e-21
4.102658105827190448e+06 2.172066766733158759e-21
4.552935074866947718e+06 1.699736089980635085e-21
5.052631065335679799e+06 1.327704682273247653e-21
5.607169938205458224e+06 1.035164467142009170e-21
6.222570836730230600e+06 8.055633648108388684e-22
6.905513520162330940e+06 6.256291982519559872e-22
7.663410868007462472e+06 4.849510133881313582e-22
8.504489341802684590e+06 3.751041730796598352e-22
9.437878277775391936e+06 2.895079617412501198e-22
1.047370897959450819e+07 2.230024750315987967e-22
1.162322468679854274e+07 1.713800787962114662e-22
1.289890261253307760e+07 1.313966899834468596e-22
1.431458937523478456e+07 1.004987255902712692e-22
1.588565129428052530e+07 7.667679072979870536e-23
1.762914118095947802e+07 5.834718735508579052e-23
1.956398343517064676e+07 4.427921059402544483e-23
2.171117945694505423e+07 3.350696865305910026e-23
2.409403560239527002e+07 2.527996426552381075e-23
2.673841615839949250e+07 1.901384118953952586e-23
2.967302408188872784e+07 1.425215275868478985e-23
3.292971255097155273e+07 1.064556410843222786e-23
3.654383070957254618e+07 7.918717644137694870e-24
4.055460735840827972e+07 5.870129688402558993e-24
4.500557675700496882e+07 4.328843985028810079e-24
4.994505115855139494e+07 3.178474479855986635e-24
5.542664520663107187e+07 2.320821916629942867e-24
6.150985788580504060e+07 1.685054339208589848e-24
6.826071834272393584e+07 1.215334552578858809e-24
7.575250258771920204e+07 8.702791158050515195e-25
8.406652885618332028e+07 6.180723727490764537e-25
9.329304026284696162e+07 4.346871405040253364e-25
1.035321843295663744e+08 3.025135294663740157e-25
1.148951000187308788e+08 2.077177340872379694e-25
1.275051240713012964e+08 1.405287505551164078e-25
1.414991297434575856e+08 9.327975313613680563e-26
1.570290124729377627e+08 6.050778898191582983e-26
1.742633386009651124e+08 3.809265664215595254e-26
1.933891750455232263e+08 2.307908542162231682e-26
2.146141197858406007e+08 1.326363378785043993e-26
2.381685551976160705e+08 7.071244138127872180e-27
2.643081486974108517e+08 3.365259307637173046e-27
2.933166278390048146e+08 1.327225889699368925e-27
3.255088599835056663e+08 3.573578848641803865e-28
3.612342699709430337e+08 1.173829294483938259e-29
