1.000000000000000000e+02 1.759697826662370721e-12
1.109752496412072134e+02 1.137202003132767426e-12
1.231550603292826196e+02 7.582931741306650923e-13
1.366716356462005990e+02 5.281260909779955473e-13
1.516716888470922413e+02 3.861649248070096936e-13
1.683180353330956791e+02 2.958077653246952202e-13
1.867913599020782840e+02 2.351252430964475562e-13
2.072921779595371845e+02 1.916771070145672385e-13
2.300430119772916839e+02 1.587387614846555190e-13
2.552908068239516410e+02 1.324695014231298664e-13
2.833096101839323637e+02 1.109277935368318873e-13
3.144035471591500368e+02 9.297838983948153358e-14
3.489101213406774491e+02 7.790044850674104305e-14
3.872038781812557318e+02 6.522504830367013613e-14
4.297004704320843871e+02 5.457949548575523446e-14
4.768611697714468960e+02 4.561685642308551281e-14
5.291978735958442712e+02 3.809406693031472072e-14
5.872786613189482523e+02 3.179430229649971168e-14
6.517339604882420190e+02 2.651646257936733325e-14
7.232633896483533817e+02 2.210225802079579253e-14
8.026433522257173081e+02 1.841160564270743552e-14
8.907354638610439679e+02 1.533367646175435108e-14
9.884959046625587007e+02 1.276277050537721398e-14
1.096985797892383971e+03 1.061716346145336825e-14
1.217382727739662187e+03 8.829640000221414755e-15
1.350993521198027793e+03 7.340154279583337066e-15
1.499268432786045423e+03 6.098947657369831108e-15
1.663816886076128640e+03 5.065132636653946923e-15
1.846424942895544291e+03 4.204867218743808958e-15
2.049074689815845886e+03 3.488707235922464704e-15
2.273965752357927613e+03 2.893255842044110933e-15
2.523539170434765765e+03 2.398111216624102897e-15
2.800503894183631019e+03 1.986219544094542930e-15
3.107866187782013640e+03 1.644676055928130605e-15
3.448962260405759935e+03 1.360924757204909978e-15
3.827494478516314757e+03 1.125468499757329423e-15
4.247571552536898707e+03 9.302180576878754204e-16
4.713753134116724141e+03 7.684901066539845151e-16
5.231099308056262998e+03 6.343354109589871482e-16
5.805225516094896193e+03 5.233207866004797064e-16
6.442363508721369726e+03 4.315334725551713531e-16
7.149428986597576113e+03 3.556214617740728215e-16
7.934096665797491369e+03 2.928862242424328635e-16
8.804883581643463913e+03 2.410772233496355598e-16
9.771241535346502133e+03 1.982979418038707428e-16
1.084365968689610963e+04 1.630384745436327114e-16
1.203377840777589154e+04 1.339515697156649481e-16
1.335451562929898682e+04 1.099797641944567522e-16
1.482020705798858762e+04 9.025087969152518899e-17
1.644676177994664249e+04 7.399608371981910323e-17
1.825183494319044257e+04 6.063780433246896973e-17
2.025501939230666540e+04 4.965034974963569103e-17
2.247805833548725059e+04 4.062257485640639167e-17
2.494508135230316839e+04 3.320793174270881887e-17
2.768286630392066581e+04 2.712463993266959413e-17
3.072112998861759115e+04 2.213467307179651347e-17
3.409285069746814406e+04 1.804461823183838146e-17
3.783462617131928710e+04 1.469687406987912433e-17
4.198707084443910571e+04 1.195659687298263362e-17
4.659525668664683326e+04 9.717068993171121002e-18
5.170920242896761192e+04 7.887860672805740065e-18
5.738441648302398244e+04 6.395362577876122544e-18
6.368249944718585903e+04 5.178250346596870299e-18
7.067181273927491566e+04 4.188358520035707509e-18
7.842822061337680498e+04 3.382465209346731876e-18
8.703591361485165544e+04 2.727660327395119806e-18
9.658832241158708348e+04 2.197199496433435818e-18
1.071891319205127511e+05 1.767015300336223842e-18
1.189534067370319535e+05 1.419403882035097152e-18
1.320088400831418112e+05 1.138353723340396494e-18
1.464971398307286145e+05 9.119990215891365212e-19
1.625755666443794908e+05 7.295803970193472413e-19
1.804186409392071655e+05 5.830968587021976257e-19
2.002200371815584658e+05 4.654320745888212209e-19
2.221946860939523904e+05 3.712112786463819905e-19
2.465811075822604180e+05 2.957189443681977723e-19
2.736439997074671555e+05 2.353409872208419652e-19
3.036771118035460822e+05 1.870873669091211671e-19
3.370064329271928291e+05 1.485715655962971709e-19
3.739937302478798083e+05 1.178758353328215314e-19
4.150404757850476308e+05 9.340416054045422644e-20
4.605922041145108524e+05 7.394674299381482683e-20
5.111433483440171112e+05 5.847551484408091196e-20
5.672426068491977639e+05 4.619315223426063758e-20
6.294988990221888525e+05 3.645541407357984425e-20
6.985879746785250027e+05 2.873597556190115952e-20
7.752597488629464060e+05 2.263053931835274540e-20
8.603464416684507160e+05 1.780147685188657064e-20
9.547716114208066138e+05 1.398951382918167665e-20
1.059560179277617019e+06 1.098214921758000798e-20
1.175849554052158026e+06 8.613110239687102782e-21
1.304901978014401859e+06 6.747114818197676075e-21
1.448118227674532915e+06 5.280712412632859878e-21
1.607052818261638284e+06 4.128544518350335283e-21
1.783430876931909472e+06 3.225032230806153772e-21
1.979166867853557458e+06 2.516124405209031515e-21
2.196385372416546568e+06 1.961482497997077057e-21
2.437444150122222025e+06 1.527324243920345627e-21
2.704959730463137385e+06 1.188050109053358345e-21
3.001835813575591892e+06 9.234478675377999099e-22
3.331294787934676744e+06 7.168722148678846436e-22
3.696912707195031922e+06 5.559434453621679404e-22
4.102658105827190448e+06 4.307573840429707034e-22
4.552935074866947718e+06 3.334294420796178487e-22
5.052631065335679799e+06 2.577858748795346524e-22
5.607169938205458224e+06 1.990865920963354880e-22
6.222570836730230600e+06 1.535968201859152126e-22
6.905513520162330940e+06 1.183632899655503794e-22
7.663410868007462472e+06 9.112136175601743969e-23
8.504489341802684590e+06 7.005439760902032375e-23
9.437878277775391936e+06 5.380176313457126640e-23
1.047370897959450819e+07 4.127090165345077930e-23
1.162322468679854274e+07 3.161251716239434229e-23
1.289890261253307760e+07 2.419111849657955094e-23
1.431458937523478456e+07 1.848437819596038117e-23
1.588565129428052530e+07 1.410532886360479846e-23
1.762914118095947802e+07 1.075015606622356032e-23
1.956398343517064676e+07 8.181499035971233223e-24
2.171117945694505423e+07 6.216886874706043404e-24
2.409403560239527002e+07 4.716944625384951668e-24
2.673841615839949250e+07 3.574090478704398559e-24
2.967302408188872784e+07 2.704049482153931831e-24
3.292971255097155273e+07 2.042456047874228268e-24
3.654383070957254618e+07 1.540138355137006570e-24
4.055460735840827972e+07 1.159286048519661831e-24
4.500557675700496882e+07 8.711983189652596008e-25
4.994505115855139494e+07 6.534681635963665826e-25
5.542664520663107187e+07 4.893136660942588499e-25
6.150985788580504060e+07 3.656812094105777403e-25
6.826071834272393584e+07 2.727270539951394560e-25
7.575250258771920204e+07 2.029775895632372528e-25
8.406652885618332028e+07 1.507597281738893027e-25
9.329304026284696162e+07 1.117387885876797146e-25
1.035321843295663744e+08 8.260868950908559095e-26
1.148951000187308788e+08 6.093674754907186827e-26
1.275051240713012964e+08 4.483648052300068640e-26
1.414991297434575856e+08 3.290567944408296723e-26
1.570290124729377627e+08 2.408458339747941560e-26
1.742633386009651124e+08 1.757382099368803684e-26
1.933891750455232263e+08 1.278618893739467478e-26
2.146141197858406007e+08 9.273672258626640307e-27
2.381685551976160705e+08 6.702712475088672579e-27
2.643081486974108517e+08 4.826994261241910502e-27
2.933166278390048146e+08 3.463147418046252404e-27
3.255088599835056663e+08 2.474417345438716711e-27
3.612342699709430337e+08 1.759847293609578522e-27
4.008806328898465633e+08 1.245703016426449605e-27
4.448782831127585173e+08 8.770676198002923626e-28
4.937047852839003801e+08 6.139638796158607434e-28
5.478901179593944550e+08 4.269952489682156871e-28
6.080224261649426222e+08 2.947538937677686910e-28
6.747544053110699654e+08 2.018059230244865967e-28
7.488103857590031624e+08 1.367880311267914342e-28
8.309941949353404045e+08 9.169219917874455808e-29
9.221978823334341049e+08 6.062294478137659732e-29
1.023411402105452657e+09 3.942401317987953302e-29
1.135733358343105316e+09 2.509316226578943815e-29
1.260382929679727316e+09 1.553533060546334368e-29
1.398713102647238731e+09 9.263284827226754797e-30
1.552225357427047968e+09 5.228547622824858730e-30
1.722585965398787737e+09 2.703599597496050566e-30
1.911644075385703564e+09 1.189245523665746360e-30
2.121451784910631895e+09 3.478496513120069747e-31
2.354286414322420120e+09 6.099953052748660544e-33
