1.000000000000000000e+02 1.008444246877388658e-10
1.109752496412072134e+02 8.542798061282681835e-11
1.231550603292826196e+02 7.231191334375380542e-11
1.366716356462005990e+02 6.113688833575192086e-11
1.516716888470922413e+02 5.161858718431441686e-11
1.683180353330956791e+02 4.351983279745125212e-11
1.867913599020782840e+02 3.663895580193169333e-11
2.072921779595371845e+02 3.077576835157520805e-11
2.300430119772916839e+02 2.582861852215841106e-11
2.552908068239516410e+02 2.157796256829726719e-11
2.833096101839323637e+02 1.801560522224447224e-11
3.144035471591500368e+02 1.500301690838536236e-11
3.489101213406774491e+02 1.245428627362471015e-11
3.872038781812557318e+02 1.031773955777467559e-11
4.297004704320843871e+02 8.520417212984717908e-12
4.768611697714468960e+02 7.019369253987990183e-12
5.291978735958442712e+02 5.767881160645647789e-12
5.872786613189482523e+02 4.726146615501378076e-12
6.517339604882420190e+02 3.863740133253483676e-12
7.232633896483533817e+02 3.150164626863721752e-12
8.026433522257173081e+02 2.564936457063580952e-12
8.907354638610439679e+02 2.084679970611811237e-12
9.884959046625587007e+02 1.691777205236970614e-12
1.096985797892383971e+03 1.371798605676179270e-12
1.217382727739662187e+03 1.110669907625333271e-12
1.350993521198027793e+03 9.016228191384978760e-13
1.499268432786045423e+03 7.285493828218679393e-13
1.663816886076128640e+03 5.917363606066333393e-13
1.846424942895544291e+03 4.793889951821453581e-13
2.049074689815845886e+03 3.896289542617435948e-13
2.273965752357927613e+03 3.165594727787821762e-13
2.523539170434765765e+03 2.574457196581351908e-13
2.800503894183631019e+03 2.093200052385983681e-13
3.107866187782013640e+03 1.704554094013090420e-13
3.448962260405759935e+03 1.385937888447612982e-13
3.827494478516314757e+03 1.128080879068844661e-13
4.247571552536898707e+03 9.165350380171648535e-14
4.713753134116724141e+03 7.447248362949928761e-14
5.231099308056262998e+03 6.044021577153903270e-14
5.805225516094896193e+03 4.881382995577499415e-14
6.442363508721369726e+03 3.951508285608004626e-14
7.149428986597576113e+03 3.186983072101179269e-14
7.934096665797491369e+03 2.554362659528870289e-14
8.804883581643463913e+03 2.047174960492091183e-14
9.771241535346502133e+03 1.636279179153491177e-14
1.084365968689610963e+04 1.297320291104784683e-14
1.203377840777589154e+04 1.026603811351194585e-14
1.335451562929898682e+04 8.082578487911877255e-15
1.482020705798858762e+04 6.298547662047916229e-15
1.644676177994664249e+04 4.881943198271986796e-15
1.825183494319044257e+04 3.768805396431987489e-15
2.025501939230666540e+04 2.871935983655197078e-15
2.247805833548725059e+04 2.175230463315399727e-15
2.494508135230316839e+04 1.636060805464535592e-15
2.768286630392066581e+04 1.208589112393091740e-15
3.072112998861759115e+04 8.876387667444102780e-16
3.409285069746814406e+04 6.463903332505711519e-16
3.783462617131928710e+04 4.661961956470433937e-16
4.198707084443910571e+04 3.323810793671942136e-16
4.659525668664683326e+04 2.350068146065930236e-16
5.170920242896761192e+04 1.640842393500639804e-16
5.738441648302398244e+04 1.135752587431150975e-16
6.368249944718585903e+04 7.740742564915608415e-17
7.067181273927491566e+04 5.212732585260846231e-17
7.842822061337680498e+04 3.463568973429049580e-17
8.703591361485165544e+04 2.272547524913649149e-17
9.658832241158708348e+04 1.489215619859631674e-17
1.071891319205127511e+05 9.708056427151398285e-18
1.189534067370319535e+05 6.262281319679509536e-18
1.320088400831418112e+05 3.973630092261531639e-18
1.464971398307286145e+05 2.449661512227042498e-18
1.625755666443794908e+05 1.478023851960020197e-18
1.804186409392071655e+05 8.781287438865567818e-19
2.002200371815584658e+05 5.238751834908046735e-19
2.221946860939523904e+05 3.226714998182145284e-19
2.465811075822604180e+05 2.110471900868893862e-19
2.736439997074671555e+05 1.476280975414471939e-19
3.036771118035460822e+05 1.081935172826177671e-19
3.370064329271928291e+05 8.106593069655033879e-20
3.739937302478798083e+05 6.126587833360220466e-20
4.150404757850476308e+05 4.644391732326517551e-20
4.605922041145108524e+05 3.525115983409060017e-20
5.111433483440171112e+05 2.677540134293796790e-20
5.672426068491977639e+05 2.034682465535070104e-20
6.294988990221888525e+05 1.546598279771739882e-20
6.985879746785250027e+05 1.175871534391716876e-20
7.752597488629464060e+05 8.939476242743528135e-21
8.603464416684507160e+05 6.795953347328221406e-21
9.547716114208066138e+05 5.165158868756857485e-21
1.059560179277617019e+06 3.924942213006374845e-21
1.175849554052158026e+06 2.981182734890670393e-21
1.304901978014401859e+06 2.263496840796160332e-21
1.448118227674532915e+06 1.717921906952476070e-21
1.607052818261638284e+06 1.303110350957132077e-21
1.783430876931909472e+06 9.877600918852099750e-22
1.979166867853557458e+06 7.483602696255323533e-22
2.196385372416546568e+06 5.666055924997149581e-22
2.437444150122222025e+06 4.286997811114741170e-22
2.704959730463137385e+06 3.241978972555465264e-22
3.001835813575591892e+06 2.449078657569640574e-22
3.331294787934676744e+06 1.848523075334733506e-22
3.696912707195031922e+06 1.394047415471959764e-22
4.102658105827190448e+06 1.050411309224735504e-22
4.552935074866947718e+06 7.907146826697119977e-23
5.052631065335679799e+06 5.945971609449786305e-23
5.607169938205458224e+06 4.467013228244567047e-23
6.222570836730230600e+06 3.352787747018139647e-23
6.905513520162330940e+06 2.513476026966617923e-23
7.663410868007462472e+06 1.881638229389953696e-23
8.504489341802684590e+06 1.407313040628209605e-23
9.437878277775391936e+06 1.051289268281159996e-23
1.047370897959450819e+07 7.843250916060754829e-24
1.162322468679854274e+07 5.844269704948414776e-24
1.289890261253307760e+07 4.349224565210362860e-24
1.431458937523478456e+07 3.232252265901493452e-24
1.588565129428052530e+07 2.398844124290206910e-24
1.762914118095947802e+07 1.777841780694939088e-24
1.956398343517064676e+07 1.315389005043290051e-24
2.171117945694505423e+07 9.720416521852362661e-25
2.409403560239527002e+07 7.173408801896982101e-25
2.673841615839949250e+07 5.284562206129464924e-25
2.967302408188872784e+07 3.886682438650628580e-25
3.292971255097155273e+07 2.854094613014353824e-25
3.654383070957254618e+07 2.092120332691548647e-25
4.055460735840827972e+07 1.530801191014122115e-25
4.500557675700496882e+07 1.117869627352491561e-25
4.994505115855139494e+07 8.148636075628036164e-26
5.542664520663107187e+07 5.927260420513804323e-26
6.150985788580504060e+07 4.301891802664006379e-26
6.826071834272393584e+07 3.115007431426247255e-26
7.575250258771920204e+07 2.249674768329483700e-26
8.406652885618332028e+07 1.620443328488629354e-26
9.329304026284696162e+07 1.163646427198456056e-26
1.035321843295663744e+08 8.329002537328451050e-27
1.148951000187308788e+08 5.940251831931852958e-27
1.275051240713012964e+08 4.219505520620857269e-27
1.414991297434575856e+08 2.983983176704381871e-27
1.570290124729377627e+08 2.099521421046689157e-27
1.742633386009651124e+08 1.468814537185517105e-27
1.933891750455232263e+08 1.020930692036751666e-27
2.146141197858406007e+08 7.043032476239433870e-28
2.381685551976160705e+08 4.816988807596211264e-28
2.643081486974108517e+08 3.260639405500469020e-28
2.933166278390048146e+08 2.180735021190426030e-28
3.255088599835056663e+08 1.437466148749352084e-28
3.612342699709430337e+08 9.308094469164484405e-29
4.008806328898465633e+08 5.893840046551837746e-29
4.448782831127585173e+08 3.628617157119500925e-29
4.937047852839003801e+08 2.151430370903845659e-29
5.478901179593944550e+08 1.211764078890416573e-29
6.080224261649426222e+08 6.331445336264900825e-30
6.747544053110699654e+08 2.937942112330305128e-30
7.488103857590031624e+08 1.100664078837023663e-30
8.309941949353404045e+08 2.536193370023645381e-31
