1.000000000000000000e+02 1.857170670578797657e-11
1.109752496412072134e+02 1.620490256711372145e-11
1.231550603292826196e+02 1.413257500625388033e-11
1.366716356462005990e+02 1.232291722921649721e-11
1.516716888470922413e+02 1.074132879895987162e-11
1.683180353330956791e+02 9.359337001612647439e-12
1.867913599020782840e+02 8.152889297279493043e-12
2.072921779595371845e+02 7.098798000174935028e-12
2.300430119772916839e+02 6.179356463254229193e-12
2.552908068239516410e+02 5.376322296991359906e-12
2.833096101839323637e+02 4.676354473626352815e-12
3.144035471591500368e+02 4.065324430590379020e-12
3.489101213406774491e+02 3.532846485719404297e-12
3.872038781812557318e+02 3.068522932857872918e-12
4.297004704320843871e+02 2.664215922407450162e-12
4.768611697714468960e+02 2.312065971092828493e-12
5.291978735958442712e+02 2.005483508055630524e-12
5.872786613189482523e+02 1.738657873730167062e-12
6.517339604882420190e+02 1.506515999799344724e-12
7.232633896483533817e+02 1.304709561091041362e-12
8.026433522257173081e+02 1.129384011708152757e-12
8.907354638610439679e+02 9.770219535616599087e-13
9.884959046625587007e+02 8.447405400558024018e-13
1.096985797892383971e+03 7.298760695814891497e-13
1.217382727739662187e+03 6.302776697555138495e-13
1.350993521198027793e+03 5.439346890516378184e-13
1.499268432786045423e+03 4.691193707627573834e-13
1.663816886076128640e+03 4.043364421484108569e-13
1.846424942895544291e+03 3.482313813674778336e-13
2.049074689815845886e+03 2.997289892042453529e-13
2.273965752357927613e+03 2.578172729173885786e-13
2.523539170434765765e+03 2.215615546268931478e-13
2.800503894183631019e+03 1.902882672090990109e-13
3.107866187782013640e+03 1.633001188081772561e-13
3.448962260405759935e+03 1.400388379269417076e-13
3.827494478516314757e+03 1.199880001736662599e-13
4.247571552536898707e+03 1.027304682735617896e-13
4.713753134116724141e+03 8.788308805873142600e-14
5.231099308056262998e+03 7.511613204801746013e-14
5.805225516094896193e+03 6.415052148689579043e-14
6.442363508721369726e+03 5.474007765180459098e-14
7.149428986597576113e+03 4.666814496611813161e-14
7.934096665797491369e+03 3.975839630569854265e-14
8.804883581643463913e+03 3.383801645535733092e-14
9.771241535346502133e+03 2.877655539076670495e-14
1.084365968689610963e+04 2.444872691107263602e-14
1.203377840777589154e+04 2.075862295020395360e-14
1.335451562929898682e+04 1.760651336453087309e-14
1.482020705798858762e+04 1.492181060630953994e-14
1.644676177994664249e+04 1.263780973371290500e-14
1.825183494319044257e+04 1.069270790246074248e-14
2.025501939230666540e+04 9.041365788023465218e-15
2.247805833548725059e+04 7.637710958470737756e-15
2.494508135230316839e+04 6.447531074208844962e-15
2.768286630392066581e+04 5.438463559763208187e-15
3.072112998861759115e+04 4.583716693819875195e-15
3.409285069746814406e+04 3.860890539590571931e-15
3.783462617131928710e+04 3.248448149490875185e-15
4.198707084443910571e+04 2.731781002708567926e-15
4.659525668664683326e+04 2.295253760180479627e-15
5.170920242896761192e+04 1.926645011057698756e-15
5.738441648302398244e+04 1.616138813573640959e-15
6.368249944718585903e+04 1.354554924420088028e-15
7.067181273927491566e+04 1.134269979258127193e-15
7.842822061337680498e+04 9.490594325129124569e-16
8.703591361485165544e+04 7.933492195577291822e-16
9.658832241158708348e+04 6.625667245064736632e-16
1.071891319205127511e+05 5.528495773678642970e-16
1.189534067370319535e+05 4.607948451876208580e-16
1.320088400831418112e+05 3.836771666902599895e-16
1.464971398307286145e+05 3.191296383685261803e-16
1.625755666443794908e+05 2.651544135656319883e-16
1.804186409392071655e+05 2.200602358467844987e-16
2.002200371815584658e+05 1.823969030436477638e-16
2.221946860939523904e+05 1.510097075927754076e-16
2.465811075822604180e+05 1.248448341183590835e-16
2.736439997074671555e+05 1.030727743929958252e-16
3.036771118035460822e+05 8.497829171840485045e-17
3.370064329271928291e+05 6.993875643398765409e-17
3.739937302478798083e+05 5.749379674143656003e-17
4.150404757850476308e+05 4.715978485069584057e-17
4.605922041145108524e+05 3.863398607162054309e-17
5.111433483440171112e+05 3.155991159189505789e-17
5.672426068491977639e+05 2.575809918349725313e-17
6.294988990221888525e+05 2.095625378990828734e-17
6.985879746785250027e+05 1.701496065013217643e-17
7.752597488629464060e+05 1.378367436063171682e-17
8.603464416684507160e+05 1.113146679148962480e-17
9.547716114208066138e+05 8.965258716094615856e-18
1.059560179277617019e+06 7.197734512962868180e-18
1.175849554052158026e+06 5.759716732526207260e-18
1.304901978014401859e+06 4.592183578728822624e-18
1.448118227674532915e+06 3.648137768598222765e-18
1.607052818261638284e+06 2.885551670484269381e-18
1.783430876931909472e+06 2.274545559326688673e-18
1.979166867853557458e+06 1.781657588486460590e-18
2.196385372416546568e+06 1.392038262283092766e-18
2.437444150122222025e+06 1.078329014253011697e-18
2.704959730463137385e+06 8.330834230276273754e-19
3.001835813575591892e+06 6.380288841530266999e-19
3.331294787934676744e+06 4.857899351019145102e-19
3.696912707195031922e+06 3.680411777815881208e-19
4.102658105827190448e+06 2.752389018411724989e-19
4.552935074866947718e+06 2.055121763883186636e-19
5.052631065335679799e+06 1.511396417954557691e-19
5.607169938205458224e+06 1.104395580798437080e-19
6.222570836730230600e+06 8.033207807397101113e-20
6.905513520162330940e+06 5.724242662632518414e-20
7.663410868007462472e+06 4.068315686922114247e-20
8.504489341802684590e+06 2.864499916133281671e-20
9.437878277775391936e+06 1.993288133017553625e-20
1.047370897959450819e+07 1.373140952444093438e-20
1.162322468679854274e+07 9.366570973272427781e-21
1.289890261253307760e+07 6.287665306359770656e-21
1.431458937523478456e+07 4.131158945754724922e-21
1.588565129428052530e+07 2.638624875032861426e-21
1.762914118095947802e+07 1.620028538988533818e-21
1.956398343517064676e+07 9.426969435111725929e-22
2.171117945694505423e+07 5.093824524471811006e-22
2.409403560239527002e+07 2.500494143700619401e-22
2.673841615839949250e+07 1.091723624967670885e-22
2.967302408188872784e+07 4.187699098693026093e-23
3.292971255097155273e+07 1.430702912161360011e-23
3.654383070957254618e+07 4.584779446228336914e-24
4.055460735840827972e+07 1.553101225888021313e-24
4.500557675700496882e+07 6.275029968136694029e-25
4.994505115855139494e+07 2.970789019744368894e-25
5.542664520663107187e+07 1.487470322093717847e-25
6.150985788580504060e+07 7.339576183824259514e-26
6.826071834272393584e+07 3.426202304901107178e-26
7.575250258771920204e+07 1.446474918321814177e-26
8.406652885618332028e+07 4.817620908006765831e-27
9.329304026284696162e+07 7.220655918728356428e-28
1.035321843295663744e+08 1.922070081244277209e-30
1.148951000187308788e+08 1.856199435102902757e-35
1.275051240713012964e+08 9.243962084270488199e-43
1.414991297434575856e+08 9.274328013970096617e-46
1.570290124729377627e+08 4.175378973522297602e-49
1.742633386009651124e+08 7.657619451873028914e-53
1.933891750455232263e+08 5.113250693330029943e-57
2.146141197858406007e+08 1.085349343955470766e-61
2.381685551976160705e+08 6.300878386098435685e-67
2.643081486974108517e+08 8.488145613145827226e-73
2.933166278390048146e+08 2.210635054543539011e-79
3.255088599835056663e+08 8.973420976440614395e-87
3.612342699709430337e+08 4.396348769436477287e-95
4.008806328898465633e+08 1.913302225398013787e-104
4.448782831127585173e+08 5.151255668514935544e-115
4.937047852839003801e+08 5.513325420969084521e-127
5.478901179593944550e+08 1.375055579095305947e-140
