1.000000000000000000e+02 1.330570277783232350e-12
1.109752496412072134e+02 1.149555451649895944e-12
1.231550603292826196e+02 9.927576978663950341e-13
1.366716356462005990e+02 8.570062102378080786e-13
1.516716888470922413e+02 7.394851011345266889e-13
1.683180353330956791e+02 6.378076647914736146e-13
1.867913599020782840e+02 5.498531334143052640e-13
2.072921779595371845e+02 4.738188496264505437e-13
2.300430119772916839e+02 4.081047335924003072e-13
2.552908068239516410e+02 3.513370527605862078e-13
2.833096101839323637e+02 3.023405792939603251e-13
3.144035471591500368e+02 2.600268342254357528e-13
3.489101213406774491e+02 2.235316645165165464e-13
3.872038781812557318e+02 1.920562338815478277e-13
4.297004704320843871e+02 1.649426569018885962e-13
4.768611697714468960e+02 1.415668187863823436e-13
5.291978735958442712e+02 1.214574482294214504e-13
5.872786613189482523e+02 1.041335193180863475e-13
6.517339604882420190e+02 8.923936633645203562e-14
7.232633896483533817e+02 7.642664932705472594e-14
8.026433522257173081e+02 6.541524489813675614e-14
8.907354638610439679e+02 5.595818102141654004e-14
9.884959046625587007e+02 4.784182266710979938e-14
1.096985797892383971e+03 4.086978732225844637e-14
1.217382727739662187e+03 3.489518080512315126e-14
1.350993521198027793e+03 2.977426116219560673e-14
1.499268432786045423e+03 2.538709312576155522e-14
1.663816886076128640e+03 2.162894767592491039e-14
1.846424942895544291e+03 1.841536834144833561e-14
2.049074689815845886e+03 1.570340367010867946e-14
2.273965752357927613e+03 1.331733680655934702e-14
2.523539170434765765e+03 1.131060074706759604e-14
2.800503894183631019e+03 9.599119067019819815e-15
3.107866187782013640e+03 8.139546975906077010e-15
3.448962260405759935e+03 6.895449807889083646e-15
3.827494478516314757e+03 5.836788228678699253e-15
4.247571552536898707e+03 4.935420145787483565e-15
4.713753134116724141e+03 4.169303591974688717e-15
5.231099308056262998e+03 3.518672495790635434e-15
5.805225516094896193e+03 2.966448246692384946e-15
6.442363508721369726e+03 2.498411698861804659e-15
7.149428986597576113e+03 2.101590725901730103e-15
7.934096665797491369e+03 1.766029850634879054e-15
8.804883581643463913e+03 1.482325602424582503e-15
9.771241535346502133e+03 1.242798210342903958e-15
1.084365968689610963e+04 1.040695534419240547e-15
1.203377840777589154e+04 8.704031790797327382e-16
1.335451562929898682e+04 7.270052278507969049e-16
1.482020705798858762e+04 6.064329376190291896e-16
1.644676177994664249e+04 5.052985300601795510e-16
1.825183494319044257e+04 4.203686851165964573e-16
2.025501939230666540e+04 3.492473343305214011e-16
2.247805833548725059e+04 2.897667019367751800e-16
2.494508135230316839e+04 2.400825593227082653e-16
2.768286630392066581e+04 1.985738622682174656e-16
3.072112998861759115e+04 1.640623448629697276e-16
3.409285069746814406e+04 1.352422546925655154e-16
3.783462617131928710e+04 1.113717415839083836e-16
4.198707084443910571e+04 9.156105544419333696e-17
4.659525668664683326e+04 7.507503594468442555e-17
5.170920242896761192e+04 6.149229305306807147e-17
5.738441648302398244e+04 5.023274028071008698e-17
6.368249944718585903e+04 4.095352272057669407e-17
7.067181273927491566e+04 3.331527886537960739e-17
7.842822061337680498e+04 2.701435295342749174e-17
8.703591361485165544e+04 2.186243579418740648e-17
9.658832241158708348e+04 1.762718737078554864e-17
1.071891319205127511e+05 1.416674942282759577e-17
1.189534067370319535e+05 1.134788958925382674e-17
1.320088400831418112e+05 9.053968731297270402e-18
1.464971398307286145e+05 7.192037406796876884e-18
1.625755666443794908e+05 5.687988259894917343e-18
1.804186409392071655e+05 4.475922356363495321e-18
2.002200371815584658e+05 3.504608182156560109e-18
2.221946860939523904e+05 2.729772059565416027e-18
2.465811075822604180e+05 2.114288854765909439e-18
2.736439997074671555e+05 1.628013224160685411e-18
3.036771118035460822e+05 1.245983361825569503e-18
3.370064329271928291e+05 9.481553311741497760e-19
3.739937302478798083e+05 7.170066751583698684e-19
4.150404757850476308e+05 5.392390566733432432e-19
4.605922041145108524e+05 4.032940859327743835e-19
5.111433483440171112e+05 2.999521062787365434e-19
5.672426068491977639e+05 2.221835957971106868e-19
6.294988990221888525e+05 1.637224604156751499e-19
6.985879746785250027e+05 1.203164937441570709e-19
7.752597488629464060e+05 8.809829598376108916e-20
8.603464416684507160e+05 6.432048795750988983e-20
9.547716114208066138e+05 4.680292027655744113e-20
1.059560179277617019e+06 3.393010546258778251e-20
1.175849554052158026e+06 2.448266297589528666e-20
1.304901978014401859e+06 1.756547096644167130e-20
1.448118227674532915e+06 1.252475882902316392e-20
1.607052818261638284e+06 8.881708357786069749e-21
1.783430876931909472e+06 6.284076236067415068e-21
1.979166867853557458e+06 4.464119490791203772e-21
2.196385372416546568e+06 3.213804039569164880e-21
2.437444150122222025e+06 2.367197915368373867e-21
2.704959730463137385e+06 1.794273128474701619e-21
3.001835813575591892e+06 1.395360645952909892e-21
3.331294787934676744e+06 1.102786672128524299e-21
3.696912707195031922e+06 8.788004461800442148e-22
4.102658105827190448e+06 7.029712081955228196e-22
4.552935074866947718e+06 5.611742117116356354e-22
5.052631065335679799e+06 4.473618491110929271e-22
5.607169938205458224e+06 3.554192729744065811e-22
6.222570836730230600e+06 2.811611861101911619e-22
6.905513520162330940e+06 2.213625377802781252e-22
7.663410868007462472e+06 1.733758599697659029e-22
8.504489341802684590e+06 1.350366168594058781e-22
9.437878277775391936e+06 1.044972118239161482e-22
1.047370897959450819e+07 8.031227105872352050e-23
1.162322468679854274e+07 6.126043915741125795e-23
1.289890261253307760e+07 4.633974423733763843e-23
1.431458937523478456e+07 3.472749382041040352e-23
1.588565129428052530e+07 2.575441440852536028e-23
1.762914118095947802e+07 1.888619411205743883e-23
1.956398343517064676e+07 1.366478406104287450e-23
2.171117945694505423e+07 9.744241062115021878e-24
2.409403560239527002e+07 6.823005247638935927e-24
2.673841615839949250e+07 4.677878960151638708e-24
2.967302408188872784e+07 3.118513743701007694e-24
3.292971255097155273e+07 2.002846427077979450e-24
3.654383070957254618e+07 1.215258788331713026e-24
4.055460735840827972e+07 6.724349484287526908e-25
4.500557675700496882e+07 3.156792306122968789e-25
4.994505115855139494e+07 1.053678784116630579e-25
5.542664520663107187e+07 1.394367659759015567e-26
6.150985788580504060e+07 3.024998514443556927e-28
6.826071834272393584e+07 1.653547246532019034e-33
7.575250258771920204e+07 4.418504793075115479e-49
8.406652885618332028e+07 9.637618399710795571e-71
9.329304026284696162e+07 2.295533074829132584e-75
1.035321843295663744e+08 1.813116996395435461e-80
1.148951000187308788e+08 3.598193287724839353e-86
1.275051240713012964e+08 1.477373540941790965e-92
1.414991297434575856e+08 9.997032458264660350e-100
1.570290124729377627e+08 8.570003060296927973e-108
1.742633386009651124e+08 6.976009853327330109e-117
1.933891750455232263e+08 2.314841216961148079e-126
2.146141197858406007e+08 7.551216011246185393e-138
2.381685551976160705e+08 4.918740117196819168e-151
