1.000000000000000000e+02 2.109459341110147996e-12
1.109752496412072134e+02 1.828422514556481100e-12
1.231550603292826196e+02 1.584580276203419409e-12
1.366716356462005990e+02 1.373134693999139601e-12
1.516716888470922413e+02 1.189728444938144916e-12
1.683180353330956791e+02 1.030594637807421599e-12
1.867913599020782840e+02 8.926062065050516315e-13
2.072921779595371845e+02 7.730082141027204294e-13
2.300430119772916839e+02 6.693233966915746798e-13
2.552908068239516410e+02 5.794671614698804707e-13
2.833096101839323637e+02 5.015208388220924529e-13
3.144035471591500368e+02 4.340157316614206859e-13
3.489101213406774491e+02 3.754969962369860096e-13
3.872038781812557318e+02 3.248137578266989456e-13
4.297004704320843871e+02 2.809199518311974857e-13
4.768611697714468960e+02 2.428704507956929318e-13
5.291978735958442712e+02 2.099279580489539529e-13
5.872786613189482523e+02 1.814223444623064991e-13
6.517339604882420190e+02 1.567483285677809444e-13
7.232633896483533817e+02 1.353707984152603720e-13
8.026433522257173081e+02 1.168917910877378234e-13
8.907354638610439679e+02 1.009064613799001734e-13
9.884959046625587007e+02 8.708365867281718535e-14
1.096985797892383971e+03 7.512242200344468940e-14
1.217382727739662187e+03 6.479260152027880816e-14
1.350993521198027793e+03 5.585847670358476168e-14
1.499268432786045423e+03 4.814121636243786971e-14
1.663816886076128640e+03 4.147870070433595895e-14
1.846424942895544291e+03 3.572235437674258541e-14
2.049074689815845886e+03 3.075105572195417330e-14
2.273965752357927613e+03 2.646441267210876793e-14
2.523539170434765765e+03 2.276588286753457473e-14
2.800503894183631019e+03 1.957611387214806292e-14
3.107866187782013640e+03 1.682514375123370392e-14
3.448962260405759935e+03 1.445497516647622749e-14
3.827494478516314757e+03 1.241287335736789092e-14
4.247571552536898707e+03 1.065477173005160556e-14
4.713753134116724141e+03 9.140489803074013835e-15
5.231099308056262998e+03 7.837874737806162471e-15
5.805225516094896193e+03 6.717097928840630660e-15
6.442363508721369726e+03 5.754252795292967422e-15
7.149428986597576113e+03 4.926369990392302521e-15
7.934096665797491369e+03 4.215007645971090400e-15
8.804883581643463913e+03 3.604382014839047960e-15
9.771241535346502133e+03 3.080752215557431413e-15
1.084365968689610963e+04 2.630729924394032223e-15
1.203377840777589154e+04 2.245829920531870991e-15
1.335451562929898682e+04 1.915678638552248396e-15
1.482020705798858762e+04 1.632688781661923180e-15
1.644676177994664249e+04 1.390873574377804899e-15
1.825183494319044257e+04 1.184011971632014891e-15
2.025501939230666540e+04 1.006962874521262575e-15
2.247805833548725059e+04 8.559930157718541303e-16
2.494508135230316839e+04 7.268975105092701540e-16
2.768286630392066581e+04 6.169668714501053328e-16
3.072112998861759115e+04 5.231532795344851256e-16
3.409285069746814406e+04 4.432469795649036747e-16
3.783462617131928710e+04 3.752022145574827643e-16
4.198707084443910571e+04 3.174192099816514237e-16
4.659525668664683326e+04 2.682465265373462871e-16
5.170920242896761192e+04 2.264914241719972446e-16
5.738441648302398244e+04 1.911229794591815841e-16
6.368249944718585903e+04 1.610770236559660444e-16
7.067181273927491566e+04 1.356610746235979756e-16
7.842822061337680498e+04 1.141411595980968703e-16
8.703591361485165544e+04 9.594789039769320241e-17
9.658832241158708348e+04 8.057611265049083924e-17
1.071891319205127511e+05 6.761402050920485212e-17
1.189534067370319535e+05 5.666090749416018794e-17
1.320088400831418112e+05 4.745349025851218354e-17
1.464971398307286145e+05 3.969476922688398351e-17
1.625755666443794908e+05 3.317500403805517609e-17
1.804186409392071655e+05 2.769379600449804035e-17
2.002200371815584658e+05 2.309285757071495194e-17
2.221946860939523904e+05 1.923829481556782831e-17
2.465811075822604180e+05 1.600911283327286141e-17
2.736439997074671555e+05 1.330341878591095380e-17
3.036771118035460822e+05 1.104312152151200780e-17
3.370064329271928291e+05 9.156478742604829354e-18
3.739937302478798083e+05 7.582536276078856296e-18
4.150404757850476308e+05 6.270351188159837479e-18
4.605922041145108524e+05 5.179041417930830017e-18
5.111433483440171112e+05 4.271568983043562894e-18
5.672426068491977639e+05 3.518011465404072679e-18
6.294988990221888525e+05 2.893416517622038263e-18
6.985879746785250027e+05 2.375935281403461344e-18
7.752597488629464060e+05 1.948096367781845774e-18
8.603464416684507160e+05 1.594870722222914565e-18
9.547716114208066138e+05 1.303466465365789978e-18
1.059560179277617019e+06 1.063447086242841726e-18
1.175849554052158026e+06 8.662404619344921453e-19
1.304901978014401859e+06 7.041791944361274252e-19
1.448118227674532915e+06 5.715858875246265003e-19
1.607052818261638284e+06 4.627876856773874310e-19
1.783430876931909472e+06 3.741929788136934382e-19
1.979166867853557458e+06 3.017142656004947502e-19
2.196385372416546568e+06 2.428653495561855934e-19
2.437444150122222025e+06 1.949874154647244926e-19
2.704959730463137385e+06 1.562083261542979023e-19
3.001835813575591892e+06 1.247534315254111898e-19
3.331294787934676744e+06 9.940633293139206221e-20
3.696912707195031922e+06 7.897668845927985412e-20
4.102658105827190448e+06 6.256060012627742462e-20
4.552935074866947718e+06 4.937856304332332249e-20
5.052631065335679799e+06 3.886797227175025276e-20
5.607169938205458224e+06 3.046242711145163132e-20
6.222570836730230600e+06 2.380683980400891689e-20
6.905513520162330940e+06 1.851800215458414128e-20
7.663410868007462472e+06 1.434860328404119530e-20
8.504489341802684590e+06 1.106615993979648421e-20
9.437878277775391936e+06 8.493472976199396286e-21
1.047370897959450819e+07 6.491086337441987371e-21
1.162322468679854274e+07 4.918050139348915369e-21
1.289890261253307760e+07 3.704700501238668068e-21
1.431458937523478456e+07 2.764193106334286884e-21
1.588565129428052530e+07 2.048973348931975959e-21
1.762914118095947802e+07 1.499226898099701670e-21
1.956398343517064676e+07 1.080225925867304483e-21
2.171117945694505423e+07 7.709494556573139171e-22
2.409403560239527002e+07 5.419920345373469764e-22
2.673841615839949250e+07 3.730484580360101007e-22
2.967302408188872784e+07 2.529043264693699649e-22
3.292971255097155273e+07 1.688168815778884072e-22
3.654383070957254618e+07 1.101398558033685073e-22
4.055460735840827972e+07 6.995753606609549149e-23
4.500557675700496882e+07 4.305149870690737742e-23
4.994505115855139494e+07 2.541478494066302868e-23
5.542664520663107187e+07 1.416623014398680823e-23
6.150985788580504060e+07 7.263666166689874671e-24
6.826071834272393584e+07 3.274048973838974567e-24
7.575250258771920204e+07 1.244361235644186307e-24
8.406652885618332028e+07 3.868694153548984524e-25
9.329304026284696162e+07 9.609515066007756219e-26
1.035321843295663744e+08 1.856814168422609078e-26
1.148951000187308788e+08 2.694582932282928635e-27
1.275051240713012964e+08 2.821748337632077502e-28
1.414991297434575856e+08 2.126093608801544174e-29
1.570290124729377627e+08 1.111949629041555264e-30
1.742633386009651124e+08 3.902665780952815795e-32
1.933891750455232263e+08 8.875654275957726895e-34
2.146141197858406007e+08 1.255498146748502335e-35
2.381685551976160705e+08 1.053760388882604056e-37
2.643081486974108517e+08 4.947206601204153536e-40
2.933166278390048146e+08 1.205776116566364456e-42
3.255088599835056663e+08 1.396773658313911762e-45
3.612342699709430337e+08 6.950184619741661527e-49
4.008806328898465633e+08 1.320803809234127495e-52
4.448782831127585173e+08 8.430923328253839970e-57
4.937047852839003801e+08 1.541870815644227165e-61
5.478901179593944550e+08 6.672678263181723412e-67
6.080224261649426222e+08 5.408367437580691144e-73
6.747544053110699654e+08 6.149124881465828232e-80
7.488103857590031624e+08 6.835046481060124956e-88
8.309941949353404045e+08 4.747539796030049864e-97
9.221978823334341049e+08 1.094536797516902577e-107
1.023411402105452657e+09 3.903062808191978279e-120
1.135733358343105316e+09 7.044326319066657064e-135
1.260382929679727316e+09 7.100542570250243343e-153
