1.000000000000000000e+02 5.280549450035886039e-14
1.109752496412072134e+02 4.536443820450631224e-14
1.231550603292826196e+02 3.893312631550487799e-14
1.366716356462005990e+02 3.335920805767853059e-14
1.516716888470922413e+02 2.853348549055472201e-14
1.683180353330956791e+02 2.437706084321727927e-14
1.867913599020782840e+02 2.079641141138500425e-14
2.072921779595371845e+02 1.770300433814089617e-14
2.300430119772916839e+02 1.504684726200661212e-14
2.552908068239516410e+02 1.277037394372208493e-14
2.833096101839323637e+02 1.082244897133056139e-14
3.144035471591500368e+02 9.153399106009368197e-15
3.489101213406774491e+02 7.727543558824757673e-15
3.872038781812557318e+02 6.517751536530086025e-15
4.297004704320843871e+02 5.495960477428973117e-15
4.768611697714468960e+02 4.614650862622363761e-15
5.291978735958442712e+02 3.874383253096177156e-15
5.872786613189482523e+02 3.250624346701150105e-15
6.517339604882420190e+02 2.723848786305560556e-15
7.232633896483533817e+02 2.279666968611090842e-15
8.026433522257173081e+02 1.906986137672665634e-15
8.907354638610439679e+02 1.593970201272684591e-15
9.884959046625587007e+02 1.331049150805027189e-15
1.096985797892383971e+03 1.110981483014342131e-15
1.217382727739662187e+03 9.264267589838441486e-16
1.350993521198027793e+03 7.716810530035891358e-16
1.499268432786045423e+03 6.420220131416476868e-16
1.663816886076128640e+03 5.333609206083635004e-16
1.846424942895544291e+03 4.419575779717107963e-16
2.049074689815845886e+03 3.653245452918102079e-16
2.273965752357927613e+03 3.009668118436243095e-16
2.523539170434765765e+03 2.469777548957548238e-16
2.800503894183631019e+03 2.016795635667040864e-16
3.107866187782013640e+03 1.639531283804013952e-16
3.448962260405759935e+03 1.325049592296677146e-16
3.827494478516314757e+03 1.064481902897125469e-16
4.247571552536898707e+03 8.503028604690209832e-17
4.713753134116724141e+03 6.757718530811873512e-17
5.231099308056262998e+03 5.351590654980408722e-17
5.805225516094896193e+03 4.234202328661298512e-17
6.442363508721369726e+03 3.361144794673399874e-17
7.149428986597576113e+03 2.689526365174752763e-17
7.934096665797491369e+03 2.178615836219073447e-17
8.804883581643463913e+03 1.789129352054177676e-17
9.771241535346502133e+03 1.487421794049109226e-17
1.084365968689610963e+04 1.246799692902425395e-17
1.203377840777589154e+04 1.049910834591181589e-17
1.335451562929898682e+04 8.860362254158497012e-18
1.482020705798858762e+04 7.484341481975178584e-18
1.644676177994664249e+04 6.322884901495875616e-18
1.825183494319044257e+04 5.340907052651891990e-18
2.025501939230666540e+04 4.510185062587416572e-18
2.247805833548725059e+04 3.807300632633552408e-18
2.494508135230316839e+04 3.212863672424968222e-18
2.768286630392066581e+04 2.710037956926517245e-18
3.072112998861759115e+04 2.284850157412899024e-18
3.409285069746814406e+04 1.925548838968689660e-18
3.783462617131928710e+04 1.621885695400993330e-18
4.198707084443910571e+04 1.365457935578386834e-18
4.659525668664683326e+04 1.149016065900798013e-18
5.170920242896761192e+04 9.663171664628166530e-19
5.738441648302398244e+04 8.122193756926869718e-19
6.368249944718585903e+04 6.823283069770015198e-19
7.067181273927491566e+04 5.728631931803127534e-19
7.842822061337680498e+04 4.806926731457712000e-19
8.703591361485165544e+04 4.030407498230881528e-19
9.658832241158708348e+04 3.377251824865637317e-19
1.071891319205127511e+05 2.827816346231098559e-19
1.189534067370319535e+05 2.366266142493519289e-19
1.320088400831418112e+05 1.978782428559812708e-19
1.464971398307286145e+05 1.653264041349131961e-19
1.625755666443794908e+05 1.380366112725807349e-19
1.804186409392071655e+05 1.151595520778502289e-19
2.002200371815584658e+05 9.601224471741205024e-20
2.221946860939523904e+05 7.997063386784048895e-20
2.465811075822604180e+05 6.656354514238844094e-20
2.736439997074671555e+05 5.535564063480289776e-20
3.036771118035460822e+05 4.599793090207149144e-20
3.370064329271928291e+05 3.818604466510244950e-20
3.739937302478798083e+05 3.167018206886531561e-20
4.150404757850476308e+05 2.624318306269480358e-20
4.605922041145108524e+05 2.172150384128311626e-20
5.111433483440171112e+05 1.796345166904782024e-20
5.672426068491977639e+05 1.483665089990862644e-20
6.294988990221888525e+05 1.224201993561395932e-20
6.985879746785250027e+05 1.008774124211760359e-20
7.752597488629464060e+05 8.302928196055550175e-21
8.603464416684507160e+05 6.825723612697332027e-21
9.547716114208066138e+05 5.603896049868418578e-21
1.059560179277617019e+06 4.594732955931167528e-21
1.175849554052158026e+06 3.761948564907127056e-21
1.304901978014401859e+06 3.075712571314641836e-21
1.448118227674532915e+06 2.510924786274654319e-21
1.607052818261638284e+06 2.046570621665400023e-21
1.783430876931909472e+06 1.665359700898936444e-21
1.979166867853557458e+06 1.353065111832140367e-21
2.196385372416546568e+06 1.097307124299818272e-21
2.437444150122222025e+06 8.884071636967391479e-22
2.704959730463137385e+06 7.179007036909856593e-22
3.001835813575591892e+06 5.790255514801205371e-22
3.331294787934676744e+06 4.660662237563682393e-22
3.696912707195031922e+06 3.743623184120390115e-22
4.102658105827190448e+06 3.000693749574726623e-22
4.552935074866947718e+06 2.399691329377933720e-22
5.052631065335679799e+06 1.914635606035626856e-22
5.607169938205458224e+06 1.523794087309234163e-22
6.222570836730230600e+06 1.209699256438652321e-22
6.905513520162330940e+06 9.576759476689620298e-23
7.663410868007462472e+06 7.561014996628074658e-23
8.504489341802684590e+06 5.952686862842143595e-23
9.437878277775391936e+06 4.671610368499396543e-23
1.047370897959450819e+07 3.654390715948694882e-23
1.162322468679854274e+07 2.848301027844757104e-23
1.289890261253307760e+07 2.212390180501115613e-23
1.431458937523478456e+07 1.711601989887650521e-23
1.588565129428052530e+07 1.318635898161462125e-23
1.762914118095947802e+07 1.011613144713994803e-23
1.956398343517064676e+07 7.721365145749017000e-24
2.171117945694505423e+07 5.859938528559416198e-24
2.409403560239527002e+07 4.426638432612476762e-24
2.673841615839949250e+07 3.320022629142069505e-24
2.967302408188872784e+07 2.473975460991672693e-24
3.292971255097155273e+07 1.828936691817079726e-24
3.654383070957254618e+07 1.340451357714360039e-24
4.055460735840827972e+07 9.729526759334072651e-25
4.500557675700496882e+07 6.982873419584655600e-25
4.994505115855139494e+07 4.945886242477141942e-25
5.542664520663107187e+07 3.449954923350868706e-25
6.150985788580504060e+07 2.363965772738873151e-25
6.826071834272393584e+07 1.583469156713583027e-25
7.575250258771920204e+07 1.033455933905511308e-25
8.406652885618332028e+07 6.517188138413116734e-26
9.329304026284696162e+07 3.934994759896189865e-26
1.035321843295663744e+08 2.241647187980688237e-26
1.148951000187308788e+08 1.180530329625049801e-26
1.275051240713012964e+08 5.561445593693828108e-27
1.414991297434575856e+08 2.238709718383511070e-27
1.570290124729377627e+08 7.319941194769975319e-28
1.742633386009651124e+08 1.948349165225976806e-28
1.933891750455232263e+08 3.076744609305783303e-29
