1.000000000000000000e+02 3.438783078287165088e-14
1.109752496412072134e+02 3.007724654752930817e-14
1.231550603292826196e+02 2.630874159188976493e-14
1.366716356462005990e+02 2.300562293529405062e-14
1.516716888470922413e+02 2.009327640904058228e-14
1.683180353330956791e+02 1.754761679399833513e-14
1.867913599020782840e+02 1.527435223330507297e-14
2.072921779595371845e+02 1.327357458918405278e-14
2.300430119772916839e+02 1.152374474763411829e-14
2.552908068239516410e+02 9.982060220599902189e-15
2.833096101839323637e+02 8.618682190921063992e-15
3.144035471591500368e+02 7.432314292658249329e-15
3.489101213406774491e+02 6.389740107975000713e-15
3.872038781812557318e+02 5.477527587844884984e-15
4.297004704320843871e+02 4.682141778040875446e-15
4.768611697714468960e+02 3.991132858860210484e-15
5.291978735958442712e+02 3.392315805137400080e-15
5.872786613189482523e+02 2.871742416851291237e-15
6.517339604882420190e+02 2.422109719473704622e-15
7.232633896483533817e+02 2.038885196775098716e-15
8.026433522257173081e+02 1.711632258925289779e-15
8.907354638610439679e+02 1.426998411740695351e-15
9.884959046625587007e+02 1.187773861875479002e-15
1.096985797892383971e+03 9.872131187994439799e-16
1.217382727739662187e+03 8.160602545839982890e-16
1.350993521198027793e+03 6.728533750238877550e-16
1.499268432786045423e+03 5.538348015079696367e-16
1.663816886076128640e+03 4.543127347968898934e-16
1.846424942895544291e+03 3.722243845955534407e-16
2.049074689815845886e+03 3.044775859873707611e-16
2.273965752357927613e+03 2.487826593152776444e-16
2.523539170434765765e+03 2.033486416047096682e-16
2.800503894183631019e+03 1.660781901302337216e-16
3.107866187782013640e+03 1.356387705276306970e-16
3.448962260405759935e+03 1.107609633872934514e-16
3.827494478516314757e+03 9.040256103444243339e-17
4.247571552536898707e+03 7.368037545949665182e-17
4.713753134116724141e+03 5.993916206061189271e-17
5.231099308056262998e+03 4.854164378852690240e-17
5.805225516094896193e+03 3.915252303891303376e-17
6.442363508721369726e+03 3.136312790492251564e-17
7.149428986597576113e+03 2.488885296406566317e-17
7.934096665797491369e+03 1.954465849597847332e-17
8.804883581643463913e+03 1.517041012717148260e-17
9.771241535346502133e+03 1.162064467396841395e-17
1.084365968689610963e+04 8.781832751069053998e-18
1.203377840777589154e+04 6.562141699055669308e-18
1.335451562929898682e+04 4.870372788963043929e-18
1.482020705798858762e+04 3.626315960095614786e-18
1.644676177994664249e+04 2.739070618127548006e-18
1.825183494319044257e+04 2.122687915440584360e-18
2.025501939230666540e+04 1.689973724558381820e-18
2.247805833548725059e+04 1.373057167094768812e-18
2.494508135230316839e+04 1.128629346715250702e-18
2.768286630392066581e+04 9.333692199978028208e-19
3.072112998861759115e+04 7.737365266939491556e-19
3.409285069746814406e+04 6.419525171607426336e-19
3.783462617131928710e+04 5.325424279588040450e-19
4.198707084443910571e+04 4.415852140841459815e-19
4.659525668664683326e+04 3.659574936612044094e-19
5.170920242896761192e+04 3.029839931010267344e-19
5.738441648302398244e+04 2.506957758484850526e-19
6.368249944718585903e+04 2.072108497590666430e-19
7.067181273927491566e+04 1.711496233915520384e-19
7.842822061337680498e+04 1.412055162782271411e-19
8.703591361485165544e+04 1.163776387140407648e-19
9.658832241158708348e+04 9.582007730619604681e-20
1.071891319205127511e+05 7.879946568330198959e-20
1.189534067370319535e+05 6.472039582300490295e-20
1.320088400831418112e+05 5.308615815212454041e-20
1.464971398307286145e+05 4.349154062273222543e-20
1.625755666443794908e+05 3.557935972751931380e-20
1.804186409392071655e+05 2.906861459502954796e-20
2.002200371815584658e+05 2.371625296028397943e-20
2.221946860939523904e+05 1.932484539290640663e-20
2.465811075822604180e+05 1.572921283903723618e-20
2.736439997074671555e+05 1.278658107523151854e-20
3.036771118035460822e+05 1.038402850758496040e-20
3.370064329271928291e+05 8.424015241522812438e-21
3.739937302478798083e+05 6.826894787004963674e-21
4.150404757850476308e+05 5.526007502968988399e-21
4.605922041145108524e+05 4.467921630959466358e-21
5.111433483440171112e+05 3.607955592163263449e-21
5.672426068491977639e+05 2.910166810653351743e-21
6.294988990221888525e+05 2.343955847446263987e-21
6.985879746785250027e+05 1.885859038151788104e-21
7.752597488629464060e+05 1.514929804905502159e-21
8.603464416684507160e+05 1.215593826535786933e-21
9.547716114208066138e+05 9.737976961712236066e-22
1.059560179277617019e+06 7.789985684156845182e-22
1.175849554052158026e+06 6.222363924094874927e-22
1.304901978014401859e+06 4.962928105706651329e-22
1.448118227674532915e+06 3.951871250690309831e-22
1.607052818261638284e+06 3.141529511224409904e-22
1.783430876931909472e+06 2.493665313607624844e-22
1.979166867853557458e+06 1.975818126851529092e-22
2.196385372416546568e+06 1.562937363660736231e-22
2.437444150122222025e+06 1.234015003116217075e-22
2.704959730463137385e+06 9.726767245325221227e-23
3.001835813575591892e+06 7.651316349004851101e-23
3.331294787934676744e+06 6.008597031935700958e-23
3.696912707195031922e+06 4.709667059728818432e-23
4.102658105827190448e+06 3.683499863886084227e-23
4.552935074866947718e+06 2.875906556618372151e-23
5.052631065335679799e+06 2.240917822838863133e-23
5.607169938205458224e+06 1.742192617353477282e-23
6.222570836730230600e+06 1.351838190304085620e-23
6.905513520162330940e+06 1.046776382558838111e-23
7.663410868007462472e+06 8.087783231075303027e-24
8.504489341802684590e+06 6.234310615688924094e-24
9.437878277775391936e+06 4.795393756760494142e-24
1.047370897959450819e+07 3.680420381559950006e-24
1.162322468679854274e+07 2.817883147148774157e-24
1.289890261253307760e+07 2.152347673851052174e-24
1.431458937523478456e+07 1.639847905359558405e-24
1.588565129428052530e+07 1.246241889358680165e-24
1.762914118095947802e+07 9.446084761223399582e-25
1.956398343517064676e+07 7.141438033864669445e-25
2.171117945694505423e+07 5.382356500409181319e-25
2.409403560239527002e+07 4.045001458780532310e-25
2.673841615839949250e+07 3.030544537748317290e-25
2.967302408188872784e+07 2.263525850876143530e-25
3.292971255097155273e+07 1.684329078125528250e-25
3.654383070957254618e+07 1.248651187128435925e-25
4.055460735840827972e+07 9.224379072378569571e-26
4.500557675700496882e+07 6.781662407414484221e-26
4.994505115855139494e+07 4.964349764569551688e-26
5.542664520663107187e+07 3.615139861395567698e-26
6.150985788580504060e+07 2.617774058571148117e-26
6.826071834272393584e+07 1.883980888833810608e-26
7.575250258771920204e+07 1.346301061755687968e-26
8.406652885618332028e+07 9.545067202195332776e-27
9.329304026284696162e+07 6.705470207736527062e-27
1.035321843295663744e+08 4.661188881398549277e-27
1.148951000187308788e+08 3.200037158633360671e-27
1.275051240713012964e+08 2.164641542449280403e-27
1.414991297434575856e+08 1.438112571768220433e-27
1.570290124729377627e+08 9.341126841542432206e-28
1.742633386009651124e+08 5.899616788572755873e-28
1.933891750455232263e+08 3.589887968092237487e-28
2.146141197858406007e+08 2.078523893324407155e-28
2.381685551976160705e+08 1.121965926795605277e-28
2.643081486974108517e+08 5.453261027638967444e-29
2.933166278390048146e+08 2.246737680692613608e-29
3.255088599835056663e+08 7.006554738531155705e-30
3.612342699709430337e+08 1.283425182943755680e-30
4.008806328898465633e+08 2.028650277424246620e-34
