1.000000000000000000e+02 1.197049096265342517e-15
1.109752496412072134e+02 1.058022831939263139e-15
1.231550603292826196e+02 9.343936528927544355e-16
1.366716356462005990e+02 8.247452324456990666e-16
1.516716888470922413e+02 7.274748098256280039e-16
1.683180353330956791e+02 6.411683553772583549e-16
1.867913599020782840e+02 5.646303462702160430e-16
2.072921779595371845e+02 4.969266815081176319e-16
2.300430119772916839e+02 4.369656265575472623e-16
2.552908068239516410e+02 3.839632615162028734e-16
2.833096101839323637e+02 3.371241821919875632e-16
3.144035471591500368e+02 2.957501338834257633e-16
3.489101213406774491e+02 2.592651124330331174e-16
3.872038781812557318e+02 2.270316428830742213e-16
4.297004704320843871e+02 1.987415316495081249e-16
4.768611697714468960e+02 1.737965776232566656e-16
5.291978735958442712e+02 1.519056281263638276e-16
5.872786613189482523e+02 1.326083852627037165e-16
6.517339604882420190e+02 1.157333891306025003e-16
7.232633896483533817e+02 1.008993445890495105e-16
8.026433522257173081e+02 8.792793539238226946e-17
8.907354638610439679e+02 7.655398204333265402e-17
9.884959046625587007e+02 6.661871456118176956e-17
1.096985797892383971e+03 5.792215917404312575e-17
1.217382727739662187e+03 5.034070400445280254e-17
1.350993521198027793e+03 4.370809735405809148e-17
1.499268432786045423e+03 3.793039214610938455e-17
1.663816886076128640e+03 3.288869569595298222e-17
1.846424942895544291e+03 2.848715287604316779e-17
2.049074689815845886e+03 2.465603504374563617e-17
2.273965752357927613e+03 2.131905875810960159e-17
2.523539170434765765e+03 1.840900306112640152e-17
2.800503894183631019e+03 1.588119911242826555e-17
3.107866187782013640e+03 1.368063930701275480e-17
3.448962260405759935e+03 1.177371184003718102e-17
3.827494478516314757e+03 1.011431529921950097e-17
4.247571552536898707e+03 8.679475743002923769e-18
4.713753134116724141e+03 7.435377132211710473e-18
5.231099308056262998e+03 6.361253878713637616e-18
5.805225516094896193e+03 5.433363588665860336e-18
6.442363508721369726e+03 4.634246937449271068e-18
7.149428986597576113e+03 3.945023036834026234e-18
7.934096665797491369e+03 3.355086837878331275e-18
8.804883581643463913e+03 2.848364937023780187e-18
9.771241535346502133e+03 2.414031062931481467e-18
1.084365968689610963e+04 2.043427989261496546e-18
1.203377840777589154e+04 1.727562423176924967e-18
1.335451562929898682e+04 1.459010993800342455e-18
1.482020705798858762e+04 1.230390582971473301e-18
1.644676177994664249e+04 1.036669517676522936e-18
1.825183494319044257e+04 8.729244615812459158e-19
2.025501939230666540e+04 7.343332150801250101e-19
2.247805833548725059e+04 6.173706851112653776e-19
2.494508135230316839e+04 5.186643443719929502e-19
2.768286630392066581e+04 4.356245581756419580e-19
3.072112998861759115e+04 3.656691137757655160e-19
3.409285069746814406e+04 3.068161304603400060e-19
3.783462617131928710e+04 2.573345212397232197e-19
4.198707084443910571e+04 2.157221110633032453e-19
4.659525668664683326e+04 1.807865044606507276e-19
5.170920242896761192e+04 1.513963431802460037e-19
5.738441648302398244e+04 1.267446766912847600e-19
6.368249944718585903e+04 1.060338376418095872e-19
7.067181273927491566e+04 8.865899287047412902e-20
7.842822061337680498e+04 7.407610374297431072e-20
8.703591361485165544e+04 6.185900553638289921e-20
9.658832241158708348e+04 5.160853616171777423e-20
1.071891319205127511e+05 4.302955507255972533e-20
1.189534067370319535e+05 3.584356508140259025e-20
1.320088400831418112e+05 2.983100437558382538e-20
1.464971398307286145e+05 2.480444058675042039e-20
1.625755666443794908e+05 2.060325254116048921e-20
1.804186409392071655e+05 1.709734339980876176e-20
2.002200371815584658e+05 1.417515576728778966e-20
2.221946860939523904e+05 1.173877912712434102e-20
2.465811075822604180e+05 9.713185508663931290e-21
2.736439997074671555e+05 8.030914416407883285e-21
3.036771118035460822e+05 6.633451653083779284e-21
3.370064329271928291e+05 5.474628883860343229e-21
3.739937302478798083e+05 4.514718392930142787e-21
4.150404757850476308e+05 3.719837907874629274e-21
4.605922041145108524e+05 3.062116717863296645e-21
5.111433483440171112e+05 2.517938726500264484e-21
5.672426068491977639e+05 2.068572873397999203e-21
6.294988990221888525e+05 1.697272963027980396e-21
6.985879746785250027e+05 1.390988543288323922e-21
7.752597488629464060e+05 1.138477494724376042e-21
8.603464416684507160e+05 9.306844887158793794e-22
9.547716114208066138e+05 7.598137532060137657e-22
1.059560179277617019e+06 6.193722757877706070e-22
1.175849554052158026e+06 5.039502563673715882e-22
1.304901978014401859e+06 4.094709842533354577e-22
1.448118227674532915e+06 3.321134009755619802e-22
1.607052818261638284e+06 2.688592346184895799e-22
1.783430876931909472e+06 2.171771570161953873e-22
1.979166867853557458e+06 1.751128251389651143e-22
2.196385372416546568e+06 1.408640375649227080e-22
2.437444150122222025e+06 1.130113931080435161e-22
2.704959730463137385e+06 9.044504639699442416e-23
3.001835813575591892e+06 7.216592247473495656e-23
3.331294787934676744e+06 5.739350231197517937e-23
3.696912707195031922e+06 4.546906091254734284e-23
4.102658105827190448e+06 3.589824204342527738e-23
4.552935074866947718e+06 2.820514680312321985e-23
5.052631065335679799e+06 2.205139171808643529e-23
5.607169938205458224e+06 1.714251247460118137e-23
6.222570836730230600e+06 1.325693895308702835e-23
6.905513520162330940e+06 1.017635942113180702e-23
7.663410868007462472e+06 7.761010761695039390e-24
8.504489341802684590e+06 5.874897137955749246e-24
9.437878277775391936e+06 4.409844491486230409e-24
1.047370897959450819e+07 3.278233734536492149e-24
1.162322468679854274e+07 2.408911157130826566e-24
1.289890261253307760e+07 1.745470069009805379e-24
1.431458937523478456e+07 1.243073505820112371e-24
1.588565129428052530e+07 8.655144311685830780e-25
1.762914118095947802e+07 5.848414362355540453e-25
1.956398343517064676e+07 3.791344824029447645e-25
2.171117945694505423e+07 2.313723611834540636e-25
2.409403560239527002e+07 1.290225021177803751e-25
2.673841615839949250e+07 6.195933309632780855e-26
2.967302408188872784e+07 2.238014842057916272e-26
3.292971255097155273e+07 4.015025300655328471e-27
3.654383070957254618e+07 8.446969660914674580e-29
