1.000000000000000000e+02 4.908412155970454975e-14
1.109752496412072134e+02 4.029946558751104215e-14
1.231550603292826196e+02 3.322327993900685781e-14
1.366716356462005990e+02 2.751038682777035634e-14
1.516716888470922413e+02 2.288511920447663650e-14
1.683180353330956791e+02 1.912157963633006550e-14
1.867913599020782840e+02 1.604715333261952134e-14
2.072921779595371845e+02 1.352018832020731226e-14
2.300430119772916839e+02 1.142699928309411662e-14
2.552908068239516410e+02 9.684900107475243608e-15
2.833096101839323637e+02 8.223082415516149972e-15
3.144035471591500368e+02 6.994163476858519418e-15
3.489101213406774491e+02 5.953681097042183332e-15
3.872038781812557318e+02 5.070453094766194663e-15
4.297004704320843871e+02 4.320035950681375278e-15
4.768611697714468960e+02 3.679607618748064613e-15
5.291978735958442712e+02 3.132882743208261446e-15
5.872786613189482523e+02 2.666522199550071001e-15
6.517339604882420190e+02 2.267914438821703114e-15
7.232633896483533817e+02 1.926431140792685125e-15
8.026433522257173081e+02 1.635357691338643939e-15
8.907354638610439679e+02 1.386678203949395846e-15
9.884959046625587007e+02 1.173990999085513774e-15
1.096985797892383971e+03 9.926414329041535892e-16
1.217382727739662187e+03 8.379511586526229377e-16
1.350993521198027793e+03 7.059832865024163457e-16
1.499268432786045423e+03 5.938098339219380616e-16
1.663816886076128640e+03 4.985767067325797516e-16
1.846424942895544291e+03 4.175058404681328036e-16
2.049074689815845886e+03 3.486848131803135452e-16
2.273965752357927613e+03 2.905794139095598754e-16
2.523539170434765765e+03 2.416108590506330062e-16
2.800503894183631019e+03 2.002569894888393820e-16
3.107866187782013640e+03 1.653448320838735387e-16
3.448962260405759935e+03 1.362484173654754603e-16
3.827494478516314757e+03 1.119093092731010168e-16
4.247571552536898707e+03 9.156139027496777203e-17
4.713753134116724141e+03 7.468765072067818139e-17
5.231099308056262998e+03 6.075551092280847132e-17
5.805225516094896193e+03 4.924463296777153910e-17
6.442363508721369726e+03 3.978157979574314393e-17
7.149428986597576113e+03 3.206080747211193647e-17
7.934096665797491369e+03 2.574412373927093430e-17
8.804883581643463913e+03 2.060794049506184380e-17
9.771241535346502133e+03 1.644874489312413130e-17
1.084365968689610963e+04 1.306874411540003566e-17
1.203377840777589154e+04 1.033632799496005824e-17
1.335451562929898682e+04 8.130865468698394768e-18
1.482020705798858762e+04 6.349782959035818795e-18
1.644676177994664249e+04 4.916239228174785424e-18
1.825183494319044257e+04 3.768050825271380952e-18
2.025501939230666540e+04 2.854794088997556936e-18
2.247805833548725059e+04 2.137627286302777465e-18
2.494508135230316839e+04 1.583422409004505718e-18
2.768286630392066581e+04 1.164564037488881376e-18
3.072112998861759115e+04 8.582350082863923005e-19
3.409285069746814406e+04 6.405435263163278914e-19
3.783462617131928710e+04 4.893034515620356688e-19
4.198707084443910571e+04 3.828332999542323499e-19
4.659525668664683326e+04 3.047226075871469232e-19
5.170920242896761192e+04 2.447134216773227011e-19
5.738441648302398244e+04 1.971837778225622482e-19
6.368249944718585903e+04 1.589166011802852386e-19
7.067181273927491566e+04 1.279274556418427025e-19
7.842822061337680498e+04 1.027447112864251322e-19
8.703591361485165544e+04 8.230862242709090684e-20
9.658832241158708348e+04 6.575975576280396645e-20
1.071891319205127511e+05 5.240142552689667760e-20
1.189534067370319535e+05 4.160523968594867502e-20
1.320088400831418112e+05 3.294093145007256339e-20
1.464971398307286145e+05 2.598921625661038206e-20
1.625755666443794908e+05 2.043532292692018623e-20
1.804186409392071655e+05 1.600818546247952379e-20
2.002200371815584658e+05 1.249191730196145758e-20
2.221946860939523904e+05 9.711649529796394434e-21
2.465811075822604180e+05 7.511065601456226768e-21
2.736439997074671555e+05 5.793955750725150928e-21
3.036771118035460822e+05 4.439635022605073106e-21
3.370064329271928291e+05 3.391703916641122022e-21
3.739937302478798083e+05 2.571619813838570101e-21
4.150404757850476308e+05 1.946103155799011924e-21
4.605922041145108524e+05 1.461291024260658331e-21
5.111433483440171112e+05 1.092336969930240315e-21
5.672426068491977639e+05 8.115279099944111636e-22
6.294988990221888525e+05 5.999360245257553176e-22
6.985879746785250027e+05 4.411799260760767743e-22
7.752597488629464060e+05 3.223751439000908625e-22
8.603464416684507160e+05 2.347437850900565892e-22
9.547716114208066138e+05 1.695719669272380142e-22
1.059560179277617019e+06 1.221726619424434366e-22
1.175849554052158026e+06 8.740631166582312302e-23
1.304901978014401859e+06 6.220494434893618358e-23
1.448118227674532915e+06 4.400235744118232841e-23
1.607052818261638284e+06 3.092681695704526961e-23
1.783430876931909472e+06 2.153681073312952578e-23
1.979166867853557458e+06 1.486464572555186714e-23
2.196385372416546568e+06 1.013165963677042536e-23
2.437444150122222025e+06 6.796006090197296893e-24
2.704959730463137385e+06 4.504358070111988701e-24
3.001835813575591892e+06 2.918313682913595149e-24
3.331294787934676744e+06 1.847343772435914119e-24
3.696912707195031922e+06 1.139242658510458169e-24
4.102658105827190448e+06 6.824707749418516391e-25
4.552935074866947718e+06 3.959822411419640907e-25
5.052631065335679799e+06 2.221928690943764073e-25
5.607169938205458224e+06 1.203616156184676288e-25
6.222570836730230600e+06 6.278228311316715434e-26
6.905513520162330940e+06 3.132011131761413277e-26
7.663410868007462472e+06 1.471742794525927609e-26
8.504489341802684590e+06 6.304185280532838515e-27
9.437878277775391936e+06 2.386028281556817874e-27
1.047370897959450819e+07 7.817264255412036509e-28
1.162322468679854274e+07 2.190307408412144318e-28
1.289890261253307760e+07 5.153996110561388891e-29
1.431458937523478456e+07 1.000804709817539944e-29
1.588565129428052530e+07 1.577072733529209253e-30
1.762914118095947802e+07 1.985019572556071486e-31
1.956398343517064676e+07 1.963070207806904249e-32
2.171117945694505423e+07 1.499240141055826482e-33
2.409403560239527002e+07 8.681339963386468839e-35
2.673841615839949250e+07 3.735026022450274844e-36
2.967302408188872784e+07 1.166729954180571391e-37
3.292971255097155273e+07 2.579734821133141674e-39
3.654383070957254618e+07 3.923574037188391785e-41
4.055460735840827972e+07 3.972576824643985312e-43
4.500557675700496882e+07 2.577937729886201012e-45
4.994505115855139494e+07 1.026125149305882598e-47
5.542664520663107187e+07 2.381553296005172639e-50
6.150985788580504060e+07 3.045033036134273943e-53
6.826071834272393584e+07 2.009578500069370343e-56
7.575250258771920204e+07 6.344203238682833060e-60
8.406652885618332028e+07 8.771415899017616181e-64
9.329304026284696162e+07 4.801327797058582610e-68
1.035321843295663744e+08 9.277379988279702271e-73
1.148951000187308788e+08 5.550190641829925755e-78
1.275051240713012964e+08 8.828461375691483584e-84
1.414991297434575856e+08 3.795960137338068987e-90
1.570290124729377627e+08 2.267406553293926500e-91
1.742633386009651124e+08 1.252810982983099070e-91
1.933891750455232263e+08 6.274445903333786125e-92
2.146141197858406007e+08 2.692210565970671426e-92
2.381685551976160705e+08 8.941426398362130761e-93
2.643081486974108517e+08 1.939188435479384275e-93
2.933166278390048146e+08 2.420433091520199206e-94
3.255088599835056663e+08 2.683155978086454660e-99
