1.000000000000000000e+02 1.140157686584751853e-11
1.109752496412072134e+02 9.979388321008161057e-12
1.231550603292826196e+02 8.732105551679652327e-12
1.366716356462005990e+02 7.638560640309327183e-12
1.516716888470922413e+02 6.678019220574575049e-12
1.683180353330956791e+02 5.836173087108061718e-12
1.867913599020782840e+02 5.098373154656674666e-12
2.072921779595371845e+02 4.452335907653447466e-12
2.300430119772916839e+02 3.886168414459207252e-12
2.552908068239516410e+02 3.389896183563526371e-12
2.833096101839323637e+02 2.955478447666642801e-12
3.144035471591500368e+02 2.575341960882761870e-12
3.489101213406774491e+02 2.242933367061703914e-12
3.872038781812557318e+02 1.951776937296096181e-12
4.297004704320843871e+02 1.697460873812472390e-12
4.768611697714468960e+02 1.475559904104314061e-12
5.291978735958442712e+02 1.281120614616882867e-12
5.872786613189482523e+02 1.111746366115740252e-12
6.517339604882420190e+02 9.639717037506238541e-13
7.232633896483533817e+02 8.349234855476124609e-13
8.026433522257173081e+02 7.226350488332654907e-13
8.907354638610439679e+02 6.244858581560443851e-13
9.884959046625587007e+02 5.394341542402419482e-13
1.096985797892383971e+03 4.651173904181373451e-13
1.217382727739662187e+03 4.007233565123857411e-13
1.350993521198027793e+03 3.447910350170323372e-13
1.499268432786045423e+03 2.962369342196638773e-13
1.663816886076128640e+03 2.541811927168729384e-13
1.846424942895544291e+03 2.177620893108840691e-13
2.049074689815845886e+03 1.862424344050417557e-13
2.273965752357927613e+03 1.590510418030584294e-13
2.523539170434765765e+03 1.355942395320571267e-13
2.800503894183631019e+03 1.153459022507935497e-13
3.107866187782013640e+03 9.796318134510841533e-14
3.448962260405759935e+03 8.304545081656529209e-14
3.827494478516314757e+03 7.024284919670526608e-14
4.247571552536898707e+03 5.932692545949418815e-14
4.713753134116724141e+03 4.992243809154849438e-14
5.231099308056262998e+03 4.197021995539945930e-14
5.805225516094896193e+03 3.518101029267275626e-14
6.442363508721369726e+03 2.942200373477939875e-14
7.149428986597576113e+03 2.453131401445656468e-14
7.934096665797491369e+03 2.042383605903673466e-14
8.804883581643463913e+03 1.694758205838775092e-14
9.771241535346502133e+03 1.402993846505389856e-14
1.084365968689610963e+04 1.158055340311468572e-14
1.203377840777589154e+04 9.532627551126004373e-15
1.335451562929898682e+04 7.823212108216618193e-15
1.482020705798858762e+04 6.400870398860513441e-15
1.644676177994664249e+04 5.220922316090676741e-15
1.825183494319044257e+04 4.249988220208478371e-15
2.025501939230666540e+04 3.444125804571643976e-15
2.247805833548725059e+04 2.790271777330226832e-15
2.494508135230316839e+04 2.249496988947871873e-15
2.768286630392066581e+04 1.813895749659246530e-15
3.072112998861759115e+04 1.456037113024387809e-15
3.409285069746814406e+04 1.169753270082665256e-15
3.783462617131928710e+04 9.369322082043790480e-16
4.198707084443910571e+04 7.502526072734990395e-16
4.659525668664683326e+04 6.001680989912380974e-16
5.170920242896761192e+04 4.809101301924487661e-16
5.738441648302398244e+04 3.843502298894150936e-16
6.368249944718585903e+04 3.076476707735420204e-16
7.067181273927491566e+04 2.463875355352079530e-16
7.842822061337680498e+04 1.969222013256956176e-16
8.703591361485165544e+04 1.575275095706311420e-16
9.658832241158708348e+04 1.259048033153683157e-16
1.071891319205127511e+05 1.003354265536256644e-16
1.189534067370319535e+05 7.991305801502421584e-17
1.320088400831418112e+05 6.336963510259982757e-17
1.464971398307286145e+05 5.004648724581841463e-17
1.625755666443794908e+05 3.943778658477987626e-17
1.804186409392071655e+05 3.088297901791326924e-17
2.002200371815584658e+05 2.406002696539310404e-17
2.221946860939523904e+05 1.864528284977526522e-17
2.465811075822604180e+05 1.437079770009897927e-17
2.736439997074671555e+05 1.101326906158188990e-17
3.036771118035460822e+05 8.388682503193565446e-18
3.370064329271928291e+05 6.361052199249680407e-18
3.739937302478798083e+05 4.798490965761563253e-18
4.150404757850476308e+05 3.603573183693934608e-18
4.605922041145108524e+05 2.694768741653903569e-18
5.111433483440171112e+05 2.006832071136259128e-18
5.672426068491977639e+05 1.489177961447925457e-18
6.294988990221888525e+05 1.100374034094459814e-18
6.985879746785250027e+05 8.075215958160726834e-19
7.752597488629464060e+05 5.887538250311449523e-19
8.603464416684507160e+05 4.247436299133611905e-19
9.547716114208066138e+05 3.021187622792949407e-19
1.059560179277617019e+06 2.109870723409902798e-19
1.175849554052158026e+06 1.439586648646329533e-19
1.304901978014401859e+06 9.472453098127551555e-20
1.448118227674532915e+06 5.990123235211668554e-20
1.607052818261638284e+06 3.524425012008280841e-20
1.783430876931909472e+06 1.929523614560509680e-20
1.979166867853557458e+06 9.749204239468192095e-21
2.196385372416546568e+06 4.713294681723203694e-21
2.437444150122222025e+06 2.333878943563936804e-21
2.704959730463137385e+06 1.240846425077350778e-21
3.001835813575591892e+06 7.233379900242825010e-22
3.331294787934676744e+06 4.655052582568911806e-22
3.696912707195031922e+06 3.248371194460015314e-22
4.102658105827190448e+06 2.377240654552064224e-22
4.552935074866947718e+06 1.776456549825522356e-22
5.052631065335679799e+06 1.337535574742509117e-22
5.607169938205458224e+06 1.009302190614965900e-22
6.222570836730230600e+06 7.619789986085090046e-23
6.905513520162330940e+06 5.752787329755503334e-23
7.663410868007462472e+06 4.342358800857215616e-23
8.504489341802684590e+06 3.275728713972877547e-23
9.437878277775391936e+06 2.468217537582949078e-23
1.047370897959450819e+07 1.857723232203918909e-23
1.162322468679854274e+07 1.395683015088772859e-23
1.289890261253307760e+07 1.046801962771447019e-23
1.431458937523478456e+07 7.832622351513376120e-24
1.588565129428052530e+07 5.846580511782334401e-24
1.762914118095947802e+07 4.352467872134449440e-24
1.956398343517064676e+07 3.230576341630070284e-24
2.171117945694505423e+07 2.389084366201434134e-24
2.409403560239527002e+07 1.759356450430319900e-24
2.673841615839949250e+07 1.290980913722633649e-24
2.967302408188872784e+07 9.415062046147695766e-25
3.292971255097155273e+07 6.831894424170399000e-25
3.654383070957254618e+07 4.924791470660420911e-25
4.055460735840827972e+07 3.523985941363275112e-25
4.500557675700496882e+07 2.500329533645434935e-25
4.994505115855139494e+07 1.755255122226639726e-25
5.542664520663107187e+07 1.218452089746231549e-25
6.150985788580504060e+07 8.339170288741457476e-26
6.826071834272393584e+07 5.613263972121944417e-26
7.575250258771920204e+07 3.703449287966148265e-26
8.406652885618332028e+07 2.388851906575055210e-26
9.329304026284696162e+07 1.484703299095360233e-26
1.035321843295663744e+08 8.882988744043773124e-27
1.148951000187308788e+08 5.041535393328313865e-27
1.275051240713012964e+08 2.662083293752504180e-27
1.414991297434575856e+08 1.274666583561260795e-27
1.570290124729377627e+08 5.344054829388869503e-28
1.742633386009651124e+08 1.890419891349865934e-28
1.933891750455232263e+08 5.175825968207793967e-29
2.146141197858406007e+08 3.675237991445749295e-30
2.381685551976160705e+08 4.591598201387584541e-55
