1.000000000000000000e+02 6.602213875038307400e-12
1.109752496412072134e+02 5.361266931440833032e-12
1.231550603292826196e+02 4.349735388725541754e-12
1.366716356462005990e+02 3.526356132242015655e-12
1.516716888470922413e+02 2.855744210596457194e-12
1.683180353330956791e+02 2.316026537294163090e-12
1.867913599020782840e+02 1.880633177191978591e-12
2.072921779595371845e+02 1.530107994722159043e-12
2.300430119772916839e+02 1.249678294070454340e-12
2.552908068239516410e+02 1.024585250452338007e-12
2.833096101839323637e+02 8.436339494641705030e-13
3.144035471591500368e+02 6.980019514608772673e-13
3.489101213406774491e+02 5.799972591012417749e-13
3.872038781812557318e+02 4.842086398832957977e-13
4.297004704320843871e+02 4.058509721125063417e-13
4.768611697714468960e+02 3.413307785175805705e-13
5.291978735958442712e+02 2.881120524254892876e-13
5.872786613189482523e+02 2.434380636213472359e-13
6.517339604882420190e+02 2.061194371029762399e-13
7.232633896483533817e+02 1.748266236675585152e-13
8.026433522257173081e+02 1.482028478486212595e-13
8.907354638610439679e+02 1.257051881883473539e-13
9.884959046625587007e+02 1.066264338056471845e-13
1.096985797892383971e+03 9.034763794298484193e-14
1.217382727739662187e+03 7.649607644544172208e-14
1.350993521198027793e+03 6.471271907575503759e-14
1.499268432786045423e+03 5.465212843070566088e-14
1.663816886076128640e+03 4.608376840656145559e-14
1.846424942895544291e+03 3.880133209323434959e-14
2.049074689815845886e+03 3.261592990160412801e-14
2.273965752357927613e+03 2.734330850284499614e-14
2.523539170434765765e+03 2.286266763659269127e-14
2.800503894183631019e+03 1.909208615512953854e-14
3.107866187782013640e+03 1.588757935629439790e-14
3.448962260405759935e+03 1.318134063793495188e-14
3.827494478516314757e+03 1.091373342319520312e-14
4.247571552536898707e+03 9.006985360974185727e-15
4.713753134116724141e+03 7.403103297885892347e-15
5.231099308056262998e+03 6.067279702103645425e-15
5.805225516094896193e+03 4.954639750062904191e-15
6.442363508721369726e+03 4.028085880051660426e-15
7.149428986597576113e+03 3.263950148501413647e-15
7.934096665797491369e+03 2.631765987063022432e-15
8.804883581643463913e+03 2.111881048153451868e-15
9.771241535346502133e+03 1.685454966746600066e-15
1.084365968689610963e+04 1.338308858559891282e-15
1.203377840777589154e+04 1.054442795317594534e-15
1.335451562929898682e+04 8.246054658961144641e-16
1.482020705798858762e+04 6.387462959577319177e-16
1.644676177994664249e+04 4.886675637580589591e-16
1.825183494319044257e+04 3.695681437632914651e-16
2.025501939230666540e+04 2.748389331172311892e-16
2.247805833548725059e+04 2.010341738761587259e-16
2.494508135230316839e+04 1.431460965881467374e-16
2.768286630392066581e+04 9.967233353319776352e-17
3.072112998861759115e+04 6.767344150308190676e-17
3.409285069746814406e+04 4.493831011499335622e-17
3.783462617131928710e+04 2.952885971758245684e-17
4.198707084443910571e+04 1.953807467348887891e-17
4.659525668664683326e+04 1.339020722915680936e-17
5.170920242896761192e+04 9.685177516095354862e-18
5.738441648302398244e+04 7.381226288497896252e-18
6.368249944718585903e+04 5.839369343498101653e-18
7.067181273927491566e+04 4.724160630502139208e-18
7.842822061337680498e+04 3.866298763809109737e-18
8.703591361485165544e+04 3.180538983543460927e-18
9.658832241158708348e+04 2.620907767103171687e-18
1.071891319205127511e+05 2.160144573097265118e-18
1.189534067370319535e+05 1.779414880137890174e-18
1.320088400831418112e+05 1.464179468152550758e-18
1.464971398307286145e+05 1.203345915345859133e-18
1.625755666443794908e+05 9.877351183367073904e-19
1.804186409392071655e+05 8.098839905307671771e-19
2.002200371815584658e+05 6.632059127450963926e-19
2.221946860939523904e+05 5.424537419597267086e-19
2.465811075822604180e+05 4.430794837035121520e-19
2.736439997074671555e+05 3.614808410750174714e-19
3.036771118035460822e+05 2.945206871057996622e-19
3.370064329271928291e+05 2.397208472336846727e-19
3.739937302478798083e+05 1.948771985569706645e-19
4.150404757850476308e+05 1.582780804761978778e-19
4.605922041145108524e+05 1.284015978549638866e-19
5.111433483440171112e+05 1.040490245271440443e-19
5.672426068491977639e+05 8.419728307757695703e-20
6.294988990221888525e+05 6.805655991077533533e-20
6.985879746785250027e+05 5.493565004665336761e-20
7.752597488629464060e+05 4.428051528521186818e-20
8.603464416684507160e+05 3.564056813709931557e-20
9.547716114208066138e+05 2.864829658694247504e-20
1.059560179277617019e+06 2.298775096980205370e-20
1.175849554052158026e+06 1.841744693129098712e-20
1.304901978014401859e+06 1.473041250260031531e-20
1.448118227674532915e+06 1.176292604948322551e-20
1.607052818261638284e+06 9.374548556370114697e-21
1.783430876931909472e+06 7.458491463187729252e-21
1.979166867853557458e+06 5.922147803090299936e-21
2.196385372416546568e+06 4.693034387070651350e-21
2.437444150122222025e+06 3.712145461671604430e-21
2.704959730463137385e+06 2.929319595595633729e-21
3.001835813575591892e+06 2.307205805893772980e-21
3.331294787934676744e+06 1.812902073244215253e-21
3.696912707195031922e+06 1.421507594905175673e-21
4.102658105827190448e+06 1.111878884587568151e-21
4.552935074866947718e+06 8.677207259111991009e-22
5.052631065335679799e+06 6.756881774228110313e-22
5.607169938205458224e+06 5.246955188104961135e-22
6.222570836730230600e+06 4.064578397271227085e-22
6.905513520162330940e+06 3.141305888768893365e-22
7.663410868007462472e+06 2.421145826151035294e-22
8.504489341802684590e+06 1.861324827938306662e-22
9.437878277775391936e+06 1.427288246941510201e-22
1.047370897959450819e+07 1.091524811551689332e-22
1.162322468679854274e+07 8.324293955918507734e-23
1.289890261253307760e+07 6.332046759759987641e-23
1.431458937523478456e+07 4.802750977023961021e-23
1.588565129428052530e+07 3.633109328356229537e-23
1.762914118095947802e+07 2.739780200711612049e-23
1.956398343517064676e+07 2.060300067594637923e-23
2.171117945694505423e+07 1.544538517885762763e-23
2.409403560239527002e+07 1.154068960902923939e-23
2.673841615839949250e+07 8.594472844359805540e-24
2.967302408188872784e+07 6.377349533724783198e-24
3.292971255097155273e+07 4.713092851224785511e-24
3.654383070957254618e+07 3.468002552494875853e-24
4.055460735840827972e+07 2.540562711238619416e-24
4.500557675700496882e+07 1.849726604832176339e-24
4.994505115855139494e+07 1.339954670240025250e-24
5.542664520663107187e+07 9.643773780507236651e-25
6.150985788580504060e+07 6.889783367142019871e-25
6.826071834272393584e+07 4.878095347513212354e-25
7.575250258771920204e+07 3.428324148453083120e-25
8.406652885618332028e+07 2.381793923926886156e-25
9.329304026284696162e+07 1.630019688747250434e-25
1.035321843295663744e+08 1.099483710473366951e-25
1.148951000187308788e+08 7.280761375426233912e-26
1.275051240713012964e+08 4.712276085006529478e-26
1.414991297434575856e+08 2.963083848267937900e-26
1.570290124729377627e+08 1.792046641594190810e-26
1.742633386009651124e+08 1.028847206336719881e-26
1.933891750455232263e+08 5.503844089697535898e-27
2.146141197858406007e+08 2.649703333521985299e-27
2.381685551976160705e+08 1.096054583465272239e-27
2.643081486974108517e+08 3.602537768580926418e-28
2.933166278390048146e+08 7.888019590151355052e-29
3.255088599835056663e+08 9.687765886832911154e-32
3.612342699709430337e+08 2.492116407138451855e-42
4.008806328898465633e+08 2.553997993100513507e-59
4.448782831127585173e+08 3.733161281902497567e-80
4.937047852839003801e+08 3.044971186510425250e-106
5.478901179593944550e+08 3.468937437038181118e-141
