1.000000000000000000e+02 4.906391029621757617e-12
1.109752496412072134e+02 4.008025572001546321e-12
1.231550603292826196e+02 3.255633376108816085e-12
1.366716356462005990e+02 2.629063054872254409e-12
1.516716888470922413e+02 2.116134418311385983e-12
1.683180353330956791e+02 1.691730313123275624e-12
1.867913599020782840e+02 1.343756449596203678e-12
2.072921779595371845e+02 1.064359989143138058e-12
2.300430119772916839e+02 8.377930438891514768e-13
2.552908068239516410e+02 6.575987825982778909e-13
2.833096101839323637e+02 5.137784410956563440e-13
3.144035471591500368e+02 4.012327566540796715e-13
3.489101213406774491e+02 3.126731721053943201e-13
3.872038781812557318e+02 2.437992154612790583e-13
4.297004704320843871e+02 1.896148597381303602e-13
4.768611697714468960e+02 1.483117063111445978e-13
5.291978735958442712e+02 1.160565594156209297e-13
5.872786613189482523e+02 9.159167863870148920e-14
6.517339604882420190e+02 7.204840617254396391e-14
7.232633896483533817e+02 5.728316102534904369e-14
8.026433522257173081e+02 4.542497476921726949e-14
8.907354638610439679e+02 3.631187444359535240e-14
9.884959046625587007e+02 2.897176812352698346e-14
1.096985797892383971e+03 2.320296725512513675e-14
1.217382727739662187e+03 1.857600972420163760e-14
1.350993521198027793e+03 1.486346474033089902e-14
1.499268432786045423e+03 1.189586541265047463e-14
1.663816886076128640e+03 9.510412956060346710e-15
1.846424942895544291e+03 7.597660141424733734e-15
2.049074689815845886e+03 6.073080911916870767e-15
2.273965752357927613e+03 4.857413848140705605e-15
2.523539170434765765e+03 3.887311479480636248e-15
2.800503894183631019e+03 3.124165434937600387e-15
3.107866187782013640e+03 2.516690742722810353e-15
3.448962260405759935e+03 2.039840428324466884e-15
3.827494478516314757e+03 1.660456863259846541e-15
4.247571552536898707e+03 1.361705058280244272e-15
4.713753134116724141e+03 1.122582076849709032e-15
5.231099308056262998e+03 9.322614389680330919e-16
5.805225516094896193e+03 7.780134121493725003e-16
6.442363508721369726e+03 6.534587301690517128e-16
7.149428986597576113e+03 5.502054733643430091e-16
7.934096665797491369e+03 4.650095211883380210e-16
8.804883581643463913e+03 3.939712585723037467e-16
9.771241535346502133e+03 3.339679524761386391e-16
1.084365968689610963e+04 2.832496067049746786e-16
1.203377840777589154e+04 2.399956056080061190e-16
1.335451562929898682e+04 2.032618731985395921e-16
1.482020705798858762e+04 1.717665239489399358e-16
1.644676177994664249e+04 1.446853273833403832e-16
1.825183494319044257e+04 1.216638254690921342e-16
2.025501939230666540e+04 1.020987287117964939e-16
2.247805833548725059e+04 8.504453914850886956e-17
2.494508135230316839e+04 7.058233239405367962e-17
2.768286630392066581e+04 5.835606632459966091e-17
3.072112998861759115e+04 4.795451215054945574e-17
3.409285069746814406e+04 3.913712314935421923e-17
3.783462617131928710e+04 3.168794792382605678e-17
4.198707084443910571e+04 2.544322430442447801e-17
4.659525668664683326e+04 2.024881891012846481e-17
5.170920242896761192e+04 1.594396266694915853e-17
5.738441648302398244e+04 1.240728738829954778e-17
6.368249944718585903e+04 9.511192901733121835e-18
7.067181273927491566e+04 7.193814575363004642e-18
7.842822061337680498e+04 5.337033678353015873e-18
8.703591361485165544e+04 3.889834367275513181e-18
9.658832241158708348e+04 2.771440811389361221e-18
1.071891319205127511e+05 1.932693769409339880e-18
1.189534067370319535e+05 1.317629011410706325e-18
1.320088400831418112e+05 8.827355010503092975e-19
1.464971398307286145e+05 5.834330632631575894e-19
1.625755666443794908e+05 3.862314183553942837e-19
1.804186409392071655e+05 2.615280680780297681e-19
2.002200371815584658e+05 1.852643242833671579e-19
2.221946860939523904e+05 1.385783542948987755e-19
2.465811075822604180e+05 1.083782854691376158e-19
2.736439997074671555e+05 8.716044034677922269e-20
3.036771118035460822e+05 7.114410500030823585e-20
3.370064329271928291e+05 5.847083118507168403e-20
3.739937302478798083e+05 4.816858960932308489e-20
4.150404757850476308e+05 3.969995016997231311e-20
4.605922041145108524e+05 3.271058567972670338e-20
5.111433483440171112e+05 2.692660527178107780e-20
5.672426068491977639e+05 2.214801899982593154e-20
6.294988990221888525e+05 1.819676722010364563e-20
6.985879746785250027e+05 1.493949362255856665e-20
7.752597488629464060e+05 1.225307011872694027e-20
8.603464416684507160e+05 1.003709476171904655e-20
9.547716114208066138e+05 8.213090898711738755e-21
1.059560179277617019e+06 6.712561704609942232e-21
1.175849554052158026e+06 5.478550343848697585e-21
1.304901978014401859e+06 4.465307905905639572e-21
1.448118227674532915e+06 3.634614673379362771e-21
1.607052818261638284e+06 2.953706710666357293e-21
1.783430876931909472e+06 2.395936105413009843e-21
1.979166867853557458e+06 1.940223577576707762e-21
2.196385372416546568e+06 1.568277731534239290e-21
2.437444150122222025e+06 1.264898866713553194e-21
2.704959730463137385e+06 1.018099694182526520e-21
3.001835813575591892e+06 8.175578653001260363e-22
3.331294787934676744e+06 6.548626672504972692e-22
3.696912707195031922e+06 5.229888739179198197e-22
4.102658105827190448e+06 4.166676459181127076e-22
4.552935074866947718e+06 3.307437115175052313e-22
5.052631065335679799e+06 2.617799382094767789e-22
5.607169938205458224e+06 2.062736071938603987e-22
6.222570836730230600e+06 1.619147818338828454e-22
6.905513520162330940e+06 1.265360888579646491e-22
7.663410868007462472e+06 9.836121930121653683e-23
8.504489341802684590e+06 7.605664070992918325e-23
9.437878277775391936e+06 5.846287515473529294e-23
1.047370897959450819e+07 4.463988167704967691e-23
1.162322468679854274e+07 3.380619473806402581e-23
1.289890261253307760e+07 2.541693424803043608e-23
1.431458937523478456e+07 1.891369429276565404e-23
1.588565129428052530e+07 1.391158214470924396e-23
1.762914118095947802e+07 1.011531214107965259e-23
1.956398343517064676e+07 7.240129649724597028e-24
2.171117945694505423e+07 5.091120913255104377e-24
2.409403560239527002e+07 3.505705984138381763e-24
2.673841615839949250e+07 2.355769827296883289e-24
2.967302408188872784e+07 1.536947229602334117e-24
3.292971255097155273e+07 9.684472452979121815e-25
3.654383070957254618e+07 5.858197027468974930e-25
4.055460735840827972e+07 3.386611492545903949e-25
4.500557675700496882e+07 1.860585104236661274e-25
4.994505115855139494e+07 9.710588937656929288e-26
5.542664520663107187e+07 4.810301038287123545e-26
6.150985788580504060e+07 2.222592228002179227e-26
6.826071834272393584e+07 8.910324276496316558e-27
7.575250258771920204e+07 2.544849141176480436e-27
8.406652885618332028e+07 3.236268438956185552e-28
9.329304026284696162e+07 9.511997603390111002e-30
1.035321843295663744e+08 4.264283698240435895e-34
1.148951000187308788e+08 1.748751221234465739e-44
1.275051240713012964e+08 1.153714300930549260e-63
