1.000000000000000000e+02 3.173523223599753098e-13
1.109752496412072134e+02 2.721424618354127303e-13
1.231550603292826196e+02 2.332096248595220819e-13
1.366716356462005990e+02 1.997158483293212274e-13
1.516716888470922413e+02 1.709242384231557176e-13
1.683180353330956791e+02 1.461893898479823155e-13
1.867913599020782840e+02 1.249454925172458633e-13
2.072921779595371845e+02 1.067252440580301492e-13
2.300430119772916839e+02 9.109208585948919029e-14
2.552908068239516410e+02 7.769286073884247670e-14
2.833096101839323637e+02 6.622383315039157809e-14
3.144035471591500368e+02 5.640085239697231020e-14
3.489101213406774491e+02 4.800768161469131286e-14
3.872038781812557318e+02 4.083212619003335799e-14
4.297004704320843871e+02 3.469807879103781298e-14
4.768611697714468960e+02 2.946405241066922775e-14
5.291978735958442712e+02 2.499917426804284195e-14
5.872786613189482523e+02 2.119081952237489727e-14
6.517339604882420190e+02 1.795443651680986046e-14
7.232633896483533817e+02 1.518605312092244676e-14
8.026433522257173081e+02 1.284050341701476068e-14
8.907354638610439679e+02 1.084157586972124782e-14
9.884959046625587007e+02 9.144493324351309234e-15
1.096985797892383971e+03 7.705665938444819475e-15
1.217382727739662187e+03 6.481818284696888474e-15
1.350993521198027793e+03 5.446764279597656680e-15
1.499268432786045423e+03 4.568628559362642702e-15
1.663816886076128640e+03 3.827039908107869765e-15
1.846424942895544291e+03 3.199390039000893958e-15
2.049074689815845886e+03 2.670549295612487094e-15
2.273965752357927613e+03 2.224278510817361067e-15
2.523539170434765765e+03 1.847939640385997799e-15
2.800503894183631019e+03 1.532156552321610408e-15
3.107866187782013640e+03 1.266511830546884933e-15
3.448962260405759935e+03 1.045420822799277444e-15
3.827494478516314757e+03 8.586999758076764555e-16
4.247571552536898707e+03 7.046450414862447380e-16
4.713753134116724141e+03 5.751911188431562689e-16
5.231099308056262998e+03 4.685856700792518048e-16
5.805225516094896193e+03 3.801134722643347009e-16
6.442363508721369726e+03 3.072538555459639856e-16
7.149428986597576113e+03 2.473068339620106059e-16
7.934096665797491369e+03 1.981795514878587006e-16
8.804883581643463913e+03 1.583712330526891860e-16
9.771241535346502133e+03 1.258436692017390722e-16
1.084365968689610963e+04 9.983123266865412235e-17
1.203377840777589154e+04 7.868397393336606118e-17
1.335451562929898682e+04 6.200385365986919579e-17
1.482020705798858762e+04 4.853521862672115041e-17
1.644676177994664249e+04 3.804313961370183389e-17
1.825183494319044257e+04 2.965369942468132400e-17
2.025501939230666540e+04 2.314747558737246501e-17
2.247805833548725059e+04 1.800954591603613687e-17
2.494508135230316839e+04 1.407637487944262331e-17
2.768286630392066581e+04 1.095059680562926826e-17
3.072112998861759115e+04 8.566629540747065244e-18
3.409285069746814406e+04 6.712583603597230386e-18
3.783462617131928710e+04 5.266571031463718422e-18
4.198707084443910571e+04 4.144976668652088836e-18
4.659525668664683326e+04 3.263044225513654519e-18
5.170920242896761192e+04 2.579776046805189522e-18
5.738441648302398244e+04 2.033803349028182583e-18
6.368249944718585903e+04 1.606479192076770997e-18
7.067181273927491566e+04 1.266776351302708010e-18
7.842822061337680498e+04 9.975158431138106486e-19
8.703591361485165544e+04 7.830547491680011886e-19
9.658832241158708348e+04 6.128193623358815425e-19
1.071891319205127511e+05 4.775349393842591272e-19
1.189534067370319535e+05 3.709519576405937737e-19
1.320088400831418112e+05 2.868767772733560881e-19
1.464971398307286145e+05 2.211582236061814210e-19
1.625755666443794908e+05 1.698819181528911885e-19
1.804186409392071655e+05 1.301912416898228177e-19
2.002200371815584658e+05 9.960588335364547383e-20
2.221946860939523904e+05 7.623672095716482681e-20
2.465811075822604180e+05 5.841191971987107377e-20
2.736439997074671555e+05 4.488896048104755001e-20
3.036771118035460822e+05 3.463576109826897931e-20
3.370064329271928291e+05 2.687286344393971550e-20
3.739937302478798083e+05 2.096620863156559537e-20
4.150404757850476308e+05 1.645476246503263555e-20
4.605922041145108524e+05 1.298440421867089929e-20
5.111433483440171112e+05 1.029142302814465227e-20
5.672426068491977639e+05 8.183142692144985564e-21
6.294988990221888525e+05 6.518728787037746902e-21
6.985879746785250027e+05 5.197388453801158698e-21
7.752597488629464060e+05 4.142384053660738619e-21
8.603464416684507160e+05 3.302936573804070502e-21
9.547716114208066138e+05 2.632999110642463714e-21
1.059560179277617019e+06 2.102885722369862228e-21
1.175849554052158026e+06 1.686242651506802922e-21
1.304901978014401859e+06 1.360096372721333272e-21
1.448118227674532915e+06 1.105534650257608970e-21
1.607052818261638284e+06 9.053510810598190989e-22
1.783430876931909472e+06 7.460265902726419689e-22
1.979166867853557458e+06 6.167290799950501952e-22
2.196385372416546568e+06 5.105784507290678298e-22
2.437444150122222025e+06 4.228533781447871902e-22
2.704959730463137385e+06 3.500043376336267484e-22
3.001835813575591892e+06 2.894045108528559792e-22
3.331294787934676744e+06 2.390327922334300085e-22
3.696912707195031922e+06 1.971723725358290068e-22
4.102658105827190448e+06 1.623956474946914467e-22
4.552935074866947718e+06 1.335435177678290092e-22
5.052631065335679799e+06 1.096285961867403293e-22
5.607169938205458224e+06 8.984807055753499714e-23
6.222570836730230600e+06 7.349034705127160397e-23
6.905513520162330940e+06 5.998285479584062217e-23
7.663410868007462472e+06 4.886308136315699924e-23
8.504489341802684590e+06 3.970622307422779567e-23
9.437878277775391936e+06 3.218672803669638919e-23
1.047370897959450819e+07 2.601583080320343651e-23
1.162322468679854274e+07 2.095738440448293347e-23
1.289890261253307760e+07 1.682918383676252650e-23
1.431458937523478456e+07 1.346589301464686001e-23
1.588565129428052530e+07 1.073706493034578648e-23
1.762914118095947802e+07 8.528180626849956831e-24
1.956398343517064676e+07 6.739968140416064337e-24
2.171117945694505423e+07 5.287856300848368068e-24
2.409403560239527002e+07 4.123902837923377014e-24
2.673841615839949250e+07 3.200704291992478115e-24
2.967302408188872784e+07 2.461428217703248408e-24
3.292971255097155273e+07 1.875129235675168260e-24
3.654383070957254618e+07 1.413451148569043014e-24
4.055460735840827972e+07 1.052122246275179721e-24
4.500557675700496882e+07 7.715381951740406415e-25
4.994505115855139494e+07 5.556947035390565862e-25
5.542664520663107187e+07 3.911531565950246206e-25
6.150985788580504060e+07 2.688359772255302401e-25
6.826071834272393584e+07 1.785400553883484511e-25
7.575250258771920204e+07 1.137919715081937819e-25
8.406652885618332028e+07 6.880663799788631429e-26
9.329304026284696162e+07 3.883804746363597644e-26
1.035321843295663744e+08 2.002424800671710354e-26
1.148951000187308788e+08 9.144040185569969969e-27
1.275051240713012964e+08 3.580413981938192157e-27
1.414991297434575856e+08 1.194349170229993796e-27
1.570290124729377627e+08 3.350735842205405481e-28
1.742633386009651124e+08 3.568736482852223535e-29
1.933891750455232263e+08 9.529826477786596560e-32
2.146141197858406007e+08 9.018446336636450944e-41
2.381685551976160705e+08 3.552175553436224728e-81
