1.000000000000000000e+02 3.873737945462022172e-12
1.109752496412072134e+02 3.218004768080638367e-12
1.231550603292826196e+02 2.671143850438063288e-12
1.366716356462005990e+02 2.215238223139969631e-12
1.516716888470922413e+02 1.833050973321052272e-12
1.683180353330956791e+02 1.518069579566246169e-12
1.867913599020782840e+02 1.253141742313639688e-12
2.072921779595371845e+02 1.036008147764866591e-12
2.300430119772916839e+02 8.540189144731614076e-13
2.552908068239516410e+02 7.048571130906473842e-13
2.833096101839323637e+02 5.803103967088290933e-13
3.144035471591500368e+02 4.781968364233420520e-13
3.489101213406774491e+02 3.929809721080357852e-13
3.872038781812557318e+02 3.232024497152322464e-13
4.297004704320843871e+02 2.649237959735828221e-13
4.768611697714468960e+02 2.173216954872172880e-13
5.291978735958442712e+02 1.775100652467532931e-13
5.872786613189482523e+02 1.451409281649035443e-13
6.517339604882420190e+02 1.180823495349385328e-13
7.232633896483533817e+02 9.613952901302629986e-14
8.026433522257173081e+02 7.785526219605692933e-14
8.907354638610439679e+02 6.308823937057418258e-14
9.884959046625587007e+02 5.088332305744822243e-14
1.096985797892383971e+03 4.100206886404800373e-14
1.217382727739662187e+03 3.297786299092737547e-14
1.350993521198027793e+03 2.651836828545797768e-14
1.499268432786045423e+03 2.126051935888794940e-14
1.663816886076128640e+03 1.707551038702421510e-14
1.846424942895544291e+03 1.368880458765779807e-14
2.049074689815845886e+03 1.100969427195580554e-14
2.273965752357927613e+03 8.849873533465237708e-15
2.523539170434765765e+03 7.149629799854838762e-15
2.800503894183631019e+03 5.779625716245734023e-15
3.107866187782013640e+03 4.700396407967592443e-15
3.448962260405759935e+03 3.829247614639484341e-15
3.827494478516314757e+03 3.138905626631118975e-15
4.247571552536898707e+03 2.577569576797913667e-15
4.713753134116724141e+03 2.129869494416783820e-15
5.231099308056262998e+03 1.761527497294182943e-15
5.805225516094896193e+03 1.463481113240057498e-15
6.442363508721369726e+03 1.216969858984420429e-15
7.149428986597576113e+03 1.013880513878952455e-15
7.934096665797491369e+03 8.450634777592036546e-16
8.804883581643463913e+03 7.042710207748874346e-16
9.771241535346502133e+03 5.864973028071627715e-16
1.084365968689610963e+04 4.875580975395053907e-16
1.203377840777589154e+04 4.047034740741312262e-16
1.335451562929898682e+04 3.348212398100250466e-16
1.482020705798858762e+04 2.766333403704629460e-16
1.644676177994664249e+04 2.274807910685655477e-16
1.825183494319044257e+04 1.862262992717194179e-16
2.025501939230666540e+04 1.518634132898815368e-16
2.247805833548725059e+04 1.233066196238648027e-16
2.494508135230316839e+04 9.960699432328611660e-17
2.768286630392066581e+04 7.998198711866558218e-17
3.072112998861759115e+04 6.387059209641811483e-17
3.409285069746814406e+04 5.068597285745504602e-17
3.783462617131928710e+04 3.998518257475529024e-17
4.198707084443910571e+04 3.134536887713604273e-17
4.659525668664683326e+04 2.444093264651445897e-17
5.170920242896761192e+04 1.896164957642974309e-17
5.738441648302398244e+04 1.464951485604635333e-17
6.368249944718585903e+04 1.128885127676954607e-17
7.067181273927491566e+04 8.690483157053204353e-18
7.842822061337680498e+04 6.699222647129692799e-18
8.703591361485165544e+04 5.187026454000363117e-18
9.658832241158708348e+04 4.039030567203790423e-18
1.071891319205127511e+05 3.169934307475785228e-18
1.189534067370319535e+05 2.510947388779696764e-18
1.320088400831418112e+05 2.007786198588499592e-18
1.464971398307286145e+05 1.618340837321095944e-18
1.625755666443794908e+05 1.312375205193693200e-18
1.804186409392071655e+05 1.069165145367833655e-18
2.002200371815584658e+05 8.738943715965941302e-19
2.221946860939523904e+05 7.155100237138789130e-19
2.465811075822604180e+05 5.860753839526485510e-19
2.736439997074671555e+05 4.799769339348355253e-19
3.036771118035460822e+05 3.928185647717248216e-19
3.370064329271928291e+05 3.211567944440676322e-19
3.739937302478798083e+05 2.621961714068982539e-19
4.150404757850476308e+05 2.138186972935896904e-19
4.605922041145108524e+05 1.740925365842650317e-19
5.111433483440171112e+05 1.415101558502735330e-19
5.672426068491977639e+05 1.148842041235041282e-19
6.294988990221888525e+05 9.305969240082299824e-20
6.985879746785250027e+05 7.519993242295382998e-20
7.752597488629464060e+05 6.067296506303250005e-20
8.603464416684507160e+05 4.886624772360503475e-20
9.547716114208066138e+05 3.923591101123677933e-20
1.059560179277617019e+06 3.142217086934930476e-20
1.175849554052158026e+06 2.506679991538880195e-20
1.304901978014401859e+06 1.997018463276919555e-20
1.448118227674532915e+06 1.582987695277258309e-20
1.607052818261638284e+06 1.249527407428976324e-20
1.783430876931909472e+06 9.836256542368486687e-21
1.979166867853557458e+06 7.702383532393409233e-21
2.196385372416546568e+06 5.999500934783744520e-21
2.437444150122222025e+06 4.651873866985750148e-21
2.704959730463137385e+06 3.585449198881831414e-21
3.001835813575591892e+06 2.745371647587661752e-21
3.331294787934676744e+06 2.090404339716261734e-21
3.696912707195031922e+06 1.578782183503788080e-21
4.102658105827190448e+06 1.186485496056921711e-21
4.552935074866947718e+06 8.842972070692233546e-22
5.052631065335679799e+06 6.544026100533729386e-22
5.607169938205458224e+06 4.791173440832796646e-22
6.222570836730230600e+06 3.499761239603503819e-22
6.905513520162330940e+06 2.526274114085163376e-22
7.663410868007462472e+06 1.804934157356446706e-22
8.504489341802684590e+06 1.274174880922641472e-22
9.437878277775391936e+06 8.811852257390361280e-23
1.047370897959450819e+07 6.023277753754509396e-23
1.162322468679854274e+07 3.973541147735843946e-23
1.289890261253307760e+07 2.523683388802784443e-23
1.431458937523478456e+07 1.511523799895816800e-23
1.588565129428052530e+07 8.345797452527011399e-24
1.762914118095947802e+07 4.108658124794845965e-24
1.956398343517064676e+07 1.703365338199991658e-24
2.171117945694505423e+07 5.664557520197623651e-25
2.409403560239527002e+07 1.467211062983166818e-25
2.673841615839949250e+07 2.921141813981578292e-26
2.967302408188872784e+07 3.715488595772796192e-27
3.292971255097155273e+07 2.805746009921210985e-28
3.654383070957254618e+07 1.291976975346141172e-29
4.055460735840827972e+07 3.438490712685828260e-31
4.500557675700496882e+07 4.920210786308707975e-33
4.994505115855139494e+07 3.360567427888539007e-35
5.542664520663107187e+07 8.702925740450620017e-38
6.150985788580504060e+07 4.580594634040433784e-41
6.826071834272393584e+07 6.982063244728555643e-46
7.575250258771920204e+07 3.271012836155904519e-55
