1.000000000000000000e+02 2.820808817447112480e-12
1.109752496412072134e+02 2.301579442524392028e-12
1.231550603292826196e+02 1.902042473241875325e-12
1.366716356462005990e+02 1.587882635171196783e-12
1.516716888470922413e+02 1.335279613635782514e-12
1.683180353330956791e+02 1.128748807232362734e-12
1.867913599020782840e+02 9.567693833165849646e-13
2.072921779595371845e+02 8.124984820956077500e-13
2.300430119772916839e+02 6.901865480720127780e-13
2.552908068239516410e+02 5.865527102142411813e-13
2.833096101839323637e+02 4.983800305709682841e-13
3.144035471591500368e+02 4.231464919082281580e-13
3.489101213406774491e+02 3.593015458719700770e-13
3.872038781812557318e+02 3.046303037657629698e-13
4.297004704320843871e+02 2.581713966875073247e-13
4.768611697714468960e+02 2.186696516565285011e-13
5.291978735958442712e+02 1.851137432351214642e-13
5.872786613189482523e+02 1.565985735407388639e-13
6.517339604882420190e+02 1.322730132113873155e-13
7.232633896483533817e+02 1.117074666289522237e-13
8.026433522257173081e+02 9.423404309910005544e-14
8.907354638610439679e+02 7.943435088980499330e-14
9.884959046625587007e+02 6.691804995344938543e-14
1.096985797892383971e+03 5.628723324169448462e-14
1.217382727739662187e+03 4.731378639069309071e-14
1.350993521198027793e+03 3.972740083526052927e-14
1.499268432786045423e+03 3.333267879090567596e-14
1.663816886076128640e+03 2.792254098449099711e-14
1.846424942895544291e+03 2.337235894710139884e-14
2.049074689815845886e+03 1.954203927344718495e-14
2.273965752357927613e+03 1.631554822072187730e-14
2.523539170434765765e+03 1.360493636943019276e-14
2.800503894183631019e+03 1.133486947036337736e-14
3.107866187782013640e+03 9.423695420440920893e-15
3.448962260405759935e+03 7.826441870005985763e-15
3.827494478516314757e+03 6.491798867277396966e-15
4.247571552536898707e+03 5.374577035085254170e-15
4.713753134116724141e+03 4.442843779081845915e-15
5.231099308056262998e+03 3.666501957413667814e-15
5.805225516094896193e+03 3.020957655119020685e-15
6.442363508721369726e+03 2.483575020126462812e-15
7.149428986597576113e+03 2.038452317341600081e-15
7.934096665797491369e+03 1.669796403263690023e-15
8.804883581643463913e+03 1.365225533298797511e-15
9.771241535346502133e+03 1.113391166002742712e-15
1.084365968689610963e+04 9.058865324350044159e-16
1.203377840777589154e+04 7.348083249380011620e-16
1.335451562929898682e+04 5.957796797624310360e-16
1.482020705798858762e+04 4.812470409751734041e-16
1.644676177994664249e+04 3.877069520466827566e-16
1.825183494319044257e+04 3.115877616222298945e-16
2.025501939230666540e+04 2.495915437794178036e-16
2.247805833548725059e+04 1.993605381631923565e-16
2.494508135230316839e+04 1.587803074480442475e-16
2.768286630392066581e+04 1.260313607971268615e-16
3.072112998861759115e+04 9.970332864476182867e-17
3.409285069746814406e+04 7.858203413507672235e-17
3.783462617131928710e+04 6.180174161005707912e-17
4.198707084443910571e+04 4.838370612334446329e-17
4.659525668664683326e+04 3.775204000108025834e-17
5.170920242896761192e+04 2.935766733794597312e-17
5.738441648302398244e+04 2.274543339192987448e-17
6.368249944718585903e+04 1.756048297477303763e-17
7.067181273927491566e+04 1.351081217534087385e-17
7.842822061337680498e+04 1.036153403211601145e-17
8.703591361485165544e+04 7.922722880955912577e-18
9.658832241158708348e+04 6.041028944556167905e-18
1.071891319205127511e+05 4.595411998478391063e-18
1.189534067370319535e+05 3.487594246936572639e-18
1.320088400831418112e+05 2.641864435564880006e-18
1.464971398307286145e+05 1.997230355648595319e-18
1.625755666443794908e+05 1.507046733814982650e-18
1.804186409392071655e+05 1.134966821532941210e-18
2.002200371815584658e+05 8.530388181415520815e-19
2.221946860939523904e+05 6.398857731295632152e-19
2.465811075822604180e+05 4.791405417325731418e-19
2.736439997074671555e+05 3.580989246650305450e-19
3.036771118035460822e+05 2.671306445427066626e-19
3.370064329271928291e+05 1.989431662306998575e-19
3.739937302478798083e+05 1.478915249329839841e-19
4.150404757850476308e+05 1.097351663554083768e-19
4.605922041145108524e+05 8.130943300566713645e-20
5.111433483440171112e+05 6.013977577219824309e-20
5.672426068491977639e+05 4.440447041520979277e-20
6.294988990221888525e+05 3.274310332950590201e-20
6.985879746785250027e+05 2.410275087285185282e-20
7.752597488629464060e+05 1.771774107016703918e-20
8.603464416684507160e+05 1.300633832455413385e-20
9.547716114208066138e+05 9.533012526430103627e-21
1.059560179277617019e+06 6.978596343529908095e-21
1.175849554052158026e+06 5.101955023347471341e-21
1.304901978014401859e+06 3.724841972274126992e-21
1.448118227674532915e+06 2.716376429391563878e-21
1.607052818261638284e+06 1.978483820662464038e-21
1.783430876931909472e+06 1.439324222205241639e-21
1.979166867853557458e+06 1.045974264626587403e-21
2.196385372416546568e+06 7.592870780869313133e-22
2.437444150122222025e+06 5.505628221117117323e-22
2.704959730463137385e+06 3.988292998254286895e-22
3.001835813575591892e+06 2.886166170528863437e-22
3.331294787934676744e+06 2.086537426188387290e-22
3.696912707195031922e+06 1.507097251192631984e-22
4.102658105827190448e+06 1.087547069373064348e-22
4.552935074866947718e+06 7.840590331453563443e-23
5.052631065335679799e+06 5.648203445181681257e-23
5.607169938205458224e+06 4.065111494272167682e-23
6.222570836730230600e+06 2.923394985354980499e-23
6.905513520162330940e+06 2.100679284559699010e-23
7.663410868007462472e+06 1.508260613673072286e-23
8.504489341802684590e+06 1.082072376349803646e-23
9.437878277775391936e+06 7.757584942872185573e-24
1.047370897959450819e+07 5.556961117599895749e-24
1.162322468679854274e+07 3.977816572155440368e-24
1.289890261253307760e+07 2.845359640585354677e-24
1.431458937523478456e+07 2.033674080384245704e-24
1.588565129428052530e+07 1.452504173499449280e-24
1.762914118095947802e+07 1.036674601072138126e-24
1.956398343517064676e+07 7.393072543490933149e-25
2.171117945694505423e+07 5.268321001730193210e-25
2.409403560239527002e+07 3.751165698769168589e-25
2.673841615839949250e+07 2.668812310200081924e-25
2.967302408188872784e+07 1.897162886011099599e-25
3.292971255097155273e+07 1.347402413395047724e-25
3.654383070957254618e+07 9.560288475502873700e-26
4.055460735840827972e+07 6.776666814908467355e-26
4.500557675700496882e+07 4.798562769631956850e-26
4.994505115855139494e+07 3.393961319609081701e-26
5.542664520663107187e+07 2.397455204290928341e-26
6.150985788580504060e+07 1.691195414424456247e-26
6.826071834272393584e+07 1.191260779248619756e-26
7.575250258771920204e+07 8.377375812323313490e-27
8.406652885618332028e+07 5.880767908199372292e-27
9.329304026284696162e+07 4.119486899834604931e-27
1.035321843295663744e+08 2.878988620847037491e-27
1.148951000187308788e+08 2.007468271141015656e-27
1.275051240713012964e+08 1.395240829709101317e-27
1.414991297434575856e+08 9.667043040618592841e-28
1.570290124729377627e+08 6.672432172735574658e-28
1.742633386009651124e+08 4.585425671675988584e-28
1.933891750455232263e+08 3.135626129725193061e-28
2.146141197858406007e+08 2.131758172696537339e-28
2.381685551976160705e+08 1.439398237350896842e-28
2.643081486974108517e+08 9.640463938891391827e-29
2.933166278390048146e+08 6.395300284884679829e-29
3.255088599835056663e+08 4.193634839215659595e-29
3.612342699709430337e+08 2.711371635777926907e-29
4.008806328898465633e+08 1.722169741763062423e-29
4.448782831127585173e+08 1.069864633915186244e-29
4.937047852839003801e+08 6.454257580300731071e-30
5.478901179593944550e+08 3.744542737707870859e-30
6.080224261649426222e+08 2.054539055981797203e-30
6.747544053110699654e+08 1.035798698819417621e-30
7.488103857590031624e+08 4.530923678463188511e-31
8.309941949353404045e+08 1.489778165663900585e-31
9.221978823334341049e+08 2.201976054948088777e-32
