1.000000000000000000e+02 5.099809137677585906e-12
1.109752496412072134e+02 4.179375172829270420e-12
1.231550603292826196e+02 3.517646632137727906e-12
1.366716356462005990e+02 2.998913329687784490e-12
1.516716888470922413e+02 2.570183472131450572e-12
1.683180353330956791e+02 2.206050012527989121e-12
1.867913599020782840e+02 1.893462185919754584e-12
2.072921779595371845e+02 1.624844829103675664e-12
2.300430119772916839e+02 1.393002554524446194e-12
2.552908068239516410e+02 1.193392931771112177e-12
2.833096101839323637e+02 1.021932715713688384e-12
3.144035471591500368e+02 8.745181311524485519e-13
3.489101213406774491e+02 7.478766840360014976e-13
3.872038781812557318e+02 6.392086615681391306e-13
4.297004704320843871e+02 5.459412872619187296e-13
4.768611697714468960e+02 4.660286236640344446e-13
5.291978735958442712e+02 3.976404237296068902e-13
5.872786613189482523e+02 3.422233508500043604e-13
6.517339604882420190e+02 2.888552801085685001e-13
7.232633896483533817e+02 2.460260214966303904e-13
8.026433522257173081e+02 2.093581428568476616e-13
8.907354638610439679e+02 1.780578107337833977e-13
9.884959046625587007e+02 1.513717770484750024e-13
1.096985797892383971e+03 1.285490029338006372e-13
1.217382727739662187e+03 1.091028941382876636e-13
1.350993521198027793e+03 9.254245630437963472e-14
1.499268432786045423e+03 7.843669923624560196e-14
1.663816886076128640e+03 6.645217508440423241e-14
1.846424942895544291e+03 5.624606786753549408e-14
2.049074689815845886e+03 4.758078020407279026e-14
2.273965752357927613e+03 4.023050990603377839e-14
2.523539170434765765e+03 3.398890155447750456e-14
2.800503894183631019e+03 2.870487604300973732e-14
3.107866187782013640e+03 2.422644193071415866e-14
3.448962260405759935e+03 2.043804376525002513e-14
3.827494478516314757e+03 1.723332267485477866e-14
4.247571552536898707e+03 1.452398753379868792e-14
4.713753134116724141e+03 1.223465056665648801e-14
5.231099308056262998e+03 1.030277773597331568e-14
5.805225516094896193e+03 8.671424424949974380e-15
6.442363508721369726e+03 7.295513744326070026e-15
7.149428986597576113e+03 6.134992366829382926e-15
7.934096665797491369e+03 5.156707914337085975e-15
8.804883581643463913e+03 4.332123627714206121e-15
9.771241535346502133e+03 3.637874910607763674e-15
1.084365968689610963e+04 3.052721567392952509e-15
1.203377840777589154e+04 2.560318720310243604e-15
1.335451562929898682e+04 2.146016828874127353e-15
1.482020705798858762e+04 1.797554800637701070e-15
1.644676177994664249e+04 1.504647797879679254e-15
1.825183494319044257e+04 1.258393080643282700e-15
2.025501939230666540e+04 1.051614975841916569e-15
2.247805833548725059e+04 8.798066866630263666e-16
2.494508135230316839e+04 7.325855792942379443e-16
2.768286630392066581e+04 6.105887114121971613e-16
3.072112998861759115e+04 5.084204804235979915e-16
3.409285069746814406e+04 4.228843626553807335e-16
3.783462617131928710e+04 3.513468060862506327e-16
4.198707084443910571e+04 2.915974472225627090e-16
4.659525668664683326e+04 2.417280938887906429e-16
5.170920242896761192e+04 2.001521883706153274e-16
5.738441648302398244e+04 1.655072021865931918e-16
6.368249944718585903e+04 1.366997189195775673e-16
7.067181273927491566e+04 1.127555196014232946e-16
7.842822061337680498e+04 9.291261730303608716e-17
8.703591361485165544e+04 7.645542172527931532e-17
9.658832241158708348e+04 6.283554293015907520e-17
1.071891319205127511e+05 5.158870770458156840e-17
1.189534067370319535e+05 4.230976382895616045e-17
1.320088400831418112e+05 3.466321281814760293e-17
1.464971398307286145e+05 2.836934345137635952e-17
1.625755666443794908e+05 2.319481278343270667e-17
1.804186409392071655e+05 1.894642919991742240e-17
2.002200371815584658e+05 1.545900796976942019e-17
2.221946860939523904e+05 1.259949058141555055e-17
2.465811075822604180e+05 1.025606927801799941e-17
2.736439997074671555e+05 8.343813728306427639e-18
3.036771118035460822e+05 6.778608821406790359e-18
3.370064329271928291e+05 5.500683213374342597e-18
3.739937302478798083e+05 4.458186157484082523e-18
4.150404757850476308e+05 3.609406117617653726e-18
4.605922041145108524e+05 2.918504655206668285e-18
5.111433483440171112e+05 2.357092990066194622e-18
5.672426068491977639e+05 1.901254623157044558e-18
6.294988990221888525e+05 1.531759050772025781e-18
6.985879746785250027e+05 1.232742691928129574e-18
7.752597488629464060e+05 9.905163434834165433e-19
8.603464416684507160e+05 7.948947922794263901e-19
9.547716114208066138e+05 6.369807853706198046e-19
1.059560179277617019e+06 5.098924225640232924e-19
1.175849554052158026e+06 4.076217286864983573e-19
1.304901978014401859e+06 3.253935437404746404e-19
1.448118227674532915e+06 2.594470747481488252e-19
1.607052818261638284e+06 2.065354039980486531e-19
1.783430876931909472e+06 1.642144351170368807e-19
1.979166867853557458e+06 1.303746467823571398e-19
2.196385372416546568e+06 1.033643498448146370e-19
2.437444150122222025e+06 8.183715185726834508e-20
2.704959730463137385e+06 6.470353024808915199e-20
3.001835813575591892e+06 5.108381002568284507e-20
3.331294787934676744e+06 4.028445356315913356e-20
3.696912707195031922e+06 3.170528645869691708e-20
4.102658105827190448e+06 2.492290282731020420e-20
4.552935074866947718e+06 1.956182879241983921e-20
5.052631065335679799e+06 1.533139886846584936e-20
5.607169938205458224e+06 1.199918479816305659e-20
6.222570836730230600e+06 9.376432858157400618e-21
6.905513520162330940e+06 7.315609737180213239e-21
7.663410868007462472e+06 5.699319785519323520e-21
8.504489341802684590e+06 4.432922682749818719e-21
9.437878277775391936e+06 3.442823170089956198e-21
1.047370897959450819e+07 2.669498295927919360e-21
1.162322468679854274e+07 2.066343186890808701e-21
1.289890261253307760e+07 1.597071852153771561e-21
1.431458937523478456e+07 1.232129189653705527e-21
1.588565129428052530e+07 9.491142190467843211e-22
1.762914118095947802e+07 7.299900373935631581e-22
1.956398343517064676e+07 5.603882796622887440e-22
2.171117945694505423e+07 4.294756938894795929e-22
2.409403560239527002e+07 3.285800177544404382e-22
2.673841615839949250e+07 2.510291042087327043e-22
2.967302408188872784e+07 1.913841554776786345e-22
3.292971255097155273e+07 1.456611820213917016e-22
3.654383070957254618e+07 1.106658330959555445e-22
4.055460735840827972e+07 8.392452029684204450e-23
4.500557675700496882e+07 6.352799783393463089e-23
4.994505115855139494e+07 4.800249810873357202e-23
5.542664520663107187e+07 3.619810026460578672e-23
6.150985788580504060e+07 2.724968100554817655e-23
6.826071834272393584e+07 2.047099891880275897e-23
7.575250258771920204e+07 1.534775986729775651e-23
8.406652885618332028e+07 1.148388144831731852e-23
9.329304026284696162e+07 8.575477478247684006e-24
1.035321843295663744e+08 6.389203814486927325e-24
1.148951000187308788e+08 4.750334462549984236e-24
1.275051240713012964e+08 3.523281640023914492e-24
1.414991297434575856e+08 2.606939138155616256e-24
1.570290124729377627e+08 1.924288965161082656e-24
1.742633386009651124e+08 1.416430585903142914e-24
1.933891750455232263e+08 1.039791085163748856e-24
2.146141197858406007e+08 7.611457038775754214e-25
2.381685551976160705e+08 5.552893874589398198e-25
2.643081486974108517e+08 4.037628686963094342e-25
2.933166278390048146e+08 2.925065804858795338e-25
3.255088599835056663e+08 2.110904534912365918e-25
3.612342699709430337e+08 1.516831579471201718e-25
4.008806328898465633e+08 1.084871525958898442e-25
4.448782831127585173e+08 7.719197563166753973e-26
4.937047852839003801e+08 5.460772597270418034e-26
5.478901179593944550e+08 3.838298756321994126e-26
6.080224261649426222e+08 2.678232355928987048e-26
6.747544053110699654e+08 1.853128748013228567e-26
7.488103857590031624e+08 1.269858536959916404e-26
8.309941949353404045e+08 8.600841772548281206e-27
9.221978823334341049e+08 5.745905877005951403e-27
1.023411402105452657e+09 3.773267605272026878e-27
1.135733358343105316e+09 2.425185739152675481e-27
1.260382929679727316e+09 1.515359938199770778e-27
1.398713102647238731e+09 9.109336303340294115e-28
1.552225357427047968e+09 5.177420631875915163e-28
1.722585965398787737e+09 2.690632911680255588e-28
1.911644075385703564e+09 1.184528214251992501e-28
2.121451784910631895e+09 3.428562231881029810e-29
2.354286414322420120e+09 9.896298080257799838e-31
