1.000000000000000000e+02 5.562159804403397365e-11
1.109752496412072134e+02 4.566431484131616917e-11
1.231550603292826196e+02 3.760192639966223106e-11
1.366716356462005990e+02 3.109516357022502095e-11
1.516716888470922413e+02 2.582348697159086409e-11
1.683180353330956791e+02 2.153480025055321180e-11
1.867913599020782840e+02 1.802878671260812164e-11
2.072921779595371845e+02 1.514980847670818368e-11
2.300430119772916839e+02 1.276603278545993135e-11
2.552908068239516410e+02 1.079101909659198284e-11
2.833096101839323637e+02 9.137619495199215894e-12
3.144035471591500368e+02 7.749284247869406808e-12
3.489101213406774491e+02 6.577568864817760038e-12
3.872038781812557318e+02 5.585817834791124945e-12
4.297004704320843871e+02 4.741539684837490826e-12
4.768611697714468960e+02 4.025021654813402650e-12
5.291978735958442712e+02 3.414403769584855889e-12
5.872786613189482523e+02 2.891423127749285418e-12
6.517339604882420190e+02 2.446918978012847510e-12
7.232633896483533817e+02 2.068265050751449967e-12
8.026433522257173081e+02 1.742772587572862105e-12
8.907354638610439679e+02 1.466063896000040259e-12
9.884959046625587007e+02 1.230940364783877186e-12
1.096985797892383971e+03 1.029953347393939393e-12
1.217382727739662187e+03 8.593385614127396764e-13
1.350993521198027793e+03 7.149055368198460753e-13
1.499268432786045423e+03 5.929599590263706414e-13
1.663816886076128640e+03 4.893234307464958485e-13
1.846424942895544291e+03 4.024079377727941289e-13
2.049074689815845886e+03 3.297625856445082536e-13
2.273965752357927613e+03 2.687325028177224842e-13
2.523539170434765765e+03 2.179231745364168741e-13
2.800503894183631019e+03 1.760068574883239122e-13
3.107866187782013640e+03 1.413528982475593138e-13
3.448962260405759935e+03 1.128799853637504061e-13
3.827494478516314757e+03 8.971554973147010839e-14
4.247571552536898707e+03 7.096602313716458700e-14
4.713753134116724141e+03 5.581305300398212908e-14
5.231099308056262998e+03 4.374469129764741111e-14
5.805225516094896193e+03 3.412311876587123694e-14
6.442363508721369726e+03 2.650987470030738688e-14
7.149428986597576113e+03 2.035368923377386930e-14
7.934096665797491369e+03 1.588156547680169900e-14
8.804883581643463913e+03 1.222420363342920464e-14
9.771241535346502133e+03 9.407721482364548525e-15
1.084365968689610963e+04 7.228665784987353719e-15
1.203377840777589154e+04 5.542999561231164587e-15
1.335451562929898682e+04 4.235511357158495234e-15
1.482020705798858762e+04 3.231241998732706451e-15
1.644676177994664249e+04 2.464273459386313424e-15
1.825183494319044257e+04 1.876732624840554595e-15
2.025501939230666540e+04 1.431260581898383911e-15
2.247805833548725059e+04 1.098598820123441703e-15
2.494508135230316839e+04 8.519220101326448704e-16
2.768286630392066581e+04 6.692922474954781159e-16
3.072112998861759115e+04 5.321440495521970581e-16
3.409285069746814406e+04 4.274227613620516738e-16
3.783462617131928710e+04 3.455739091898060759e-16
4.198707084443910571e+04 2.801308081441747736e-16
4.659525668664683326e+04 2.270541986323179716e-16
5.170920242896761192e+04 1.835007642672960656e-16
5.738441648302398244e+04 1.477078552680621140e-16
6.368249944718585903e+04 1.183905644983286245e-16
7.067181273927491566e+04 9.442298143286098469e-17
7.842822061337680498e+04 7.491140519882864348e-17
8.703591361485165544e+04 5.906636310173061779e-17
9.658832241158708348e+04 4.626714516655711530e-17
1.071891319205127511e+05 3.601330162077096311e-17
1.189534067370319535e+05 2.789739979866084379e-17
1.320088400831418112e+05 2.150018324766179307e-17
1.464971398307286145e+05 1.652254372268341964e-17
1.625755666443794908e+05 1.269160605961634454e-17
1.804186409392071655e+05 9.775275662079792530e-18
2.002200371815584658e+05 7.574810027755156197e-18
2.221946860939523904e+05 5.921216094895647825e-18
2.465811075822604180e+05 4.670526086527055347e-18
2.736439997074671555e+05 3.715242855899118832e-18
3.036771118035460822e+05 2.972218843160013184e-18
3.370064329271928291e+05 2.384659335074069123e-18
3.739937302478798083e+05 1.915044700915235148e-18
4.150404757850476308e+05 1.537574887279313464e-18
4.605922041145108524e+05 1.233710320940992822e-18
5.111433483440171112e+05 9.893081964881553472e-19
5.672426068491977639e+05 7.926067500466181958e-19
6.294988990221888525e+05 6.344566526311938101e-19
6.985879746785250027e+05 5.074269899508515401e-19
7.752597488629464060e+05 4.053763615018354314e-19
8.603464416684507160e+05 3.234713417225930766e-19
9.547716114208066138e+05 2.578088442030494084e-19
1.059560179277617019e+06 2.052458282588969965e-19
1.175849554052158026e+06 1.631510050173440671e-19
1.304901978014401859e+06 1.295364227331159014e-19
1.448118227674532915e+06 1.027120750180269969e-19
1.607052818261638284e+06 8.131045132533451955e-20
1.783430876931909472e+06 6.427409405803879669e-20
1.979166867853557458e+06 5.073157884961448356e-20
2.196385372416546568e+06 3.997720768593981286e-20
2.437444150122222025e+06 3.144952487184772597e-20
2.704959730463137385e+06 2.470373399786672042e-20
3.001835813575591892e+06 1.936988587951929881e-20
3.331294787934676744e+06 1.516152490237776135e-20
3.696912707195031922e+06 1.184599739809070498e-20
4.102658105827190448e+06 9.235675514127544155e-21
4.552935074866947718e+06 7.187583982846415482e-21
5.052631065335679799e+06 5.583210356936633410e-21
5.607169938205458224e+06 4.327823515614874352e-21
6.222570836730230600e+06 3.347691872493990026e-21
6.905513520162330940e+06 2.583638667428159682e-21
7.663410868007462472e+06 1.989627469490561187e-21
8.504489341802684590e+06 1.528561563491826333e-21
9.437878277775391936e+06 1.171423599627038417e-21
1.047370897959450819e+07 8.953639602479816606e-22
1.162322468679854274e+07 6.826089037273470617e-22
1.289890261253307760e+07 5.189296615962122786e-22
1.431458937523478456e+07 3.934269009644159884e-22
1.588565129428052530e+07 2.973960167813952759e-22
1.762914118095947802e+07 2.240825835881485842e-22
1.956398343517064676e+07 1.683231164510690624e-22
2.171117945694505423e+07 1.260020782068300527e-22
2.409403560239527002e+07 9.399318049971997895e-23
2.673841615839949250e+07 6.984761599612774483e-23
2.967302408188872784e+07 5.170058654695455851e-23
3.292971255097155273e+07 3.811015051623678478e-23
3.654383070957254618e+07 2.796734391859277617e-23
4.055460735840827972e+07 2.042504132131285589e-23
4.500557675700496882e+07 1.483845998508518205e-23
4.994505115855139494e+07 1.071995819558142684e-23
5.542664520663107187e+07 7.695906096039203997e-24
6.150985788580504060e+07 5.486877011804364013e-24
6.826071834272393584e+07 3.881546852483312214e-24
7.575250258771920204e+07 2.721948598799729868e-24
8.406652885618332028e+07 1.889526322778386440e-24
9.329304026284696162e+07 1.296376199859091749e-24
1.035321843295663744e+08 8.774094546117846657e-25
1.148951000187308788e+08 5.837781101567820898e-25
1.275051240713012964e+08 3.807045152876946224e-25
1.414991297434575856e+08 2.420370736027551177e-25
1.570290124729377627e+08 1.489753455764920558e-25
1.742633386009651124e+08 8.787070356439771467e-26
1.933891750455232263e+08 4.891347233763861722e-26
2.146141197858406007e+08 2.505680383003033422e-26
2.381685551976160705e+08 1.130638457806983759e-26
2.643081486974108517e+08 4.055290252057496162e-27
2.933166278390048146e+08 6.755413265970866656e-28
