1.000000000000000000e+02 1.108235101705316894e-11
1.109752496412072134e+02 8.794316271524704764e-12
1.231550603292826196e+02 6.942242463591480893e-12
1.366716356462005990e+02 5.452838828438097199e-12
1.516716888470922413e+02 4.265191849138802576e-12
1.683180353330956791e+02 3.320619685026933394e-12
1.867913599020782840e+02 2.576640787754885391e-12
2.072921779595371845e+02 1.994478114454456859e-12
2.300430119772916839e+02 1.541608285184872273e-12
2.552908068239516410e+02 1.190889115739059424e-12
2.833096101839323637e+02 9.203228041819766403e-13
3.144035471591500368e+02 7.123658970497482427e-13
3.489101213406774491e+02 5.528802594964041143e-13
3.872038781812557318e+02 4.304105069042853446e-13
4.297004704320843871e+02 3.372224230851103421e-13
4.768611697714468960e+02 2.651999618801375359e-13
5.291978735958442712e+02 2.100279762198293321e-13
5.872786613189482523e+02 1.671549031260981729e-13
6.517339604882420190e+02 1.343119400564101577e-13
7.232633896483533817e+02 1.081041362481387992e-13
8.026433522257173081e+02 8.783580481307308405e-14
8.907354638610439679e+02 7.168079193431171630e-14
9.884959046625587007e+02 5.882336213575475392e-14
1.096985797892383971e+03 4.842762662989539843e-14
1.217382727739662187e+03 4.011872420789110784e-14
1.350993521198027793e+03 3.323155034575406122e-14
1.499268432786045423e+03 2.755121751543896884e-14
1.663816886076128640e+03 2.281579035106082214e-14
1.846424942895544291e+03 1.890182511173693111e-14
2.049074689815845886e+03 1.557229369110237847e-14
2.273965752357927613e+03 1.274586318826821466e-14
2.523539170434765765e+03 1.040766781379526993e-14
2.800503894183631019e+03 8.464536981467768635e-15
3.107866187782013640e+03 6.798881442444066494e-15
3.448962260405759935e+03 5.400527094774309998e-15
3.827494478516314757e+03 4.269627107107757107e-15
4.247571552536898707e+03 3.330188854195382774e-15
4.713753134116724141e+03 2.561005854242668024e-15
5.231099308056262998e+03 1.953997848925846949e-15
5.805225516094896193e+03 1.467463856184548686e-15
6.442363508721369726e+03 1.087732630340486119e-15
7.149428986597576113e+03 7.959499174657692165e-16
7.934096665797491369e+03 5.755597796981793216e-16
8.804883581643463913e+03 4.120594851053738489e-16
9.771241535346502133e+03 2.929926216504485497e-16
1.084365968689610963e+04 2.079445498633566713e-16
1.203377840777589154e+04 1.471399684768119873e-16
1.335451562929898682e+04 1.041850910141204393e-16
1.482020705798858762e+04 7.395246978147709596e-17
1.644676177994664249e+04 5.217669248355991885e-17
1.825183494319044257e+04 3.646389465890700922e-17
2.025501939230666540e+04 2.496869558092711728e-17
2.247805833548725059e+04 1.659672992820866990e-17
2.494508135230316839e+04 1.064154331895875292e-17
2.768286630392066581e+04 6.607956765570996972e-18
3.072112998861759115e+04 4.065686394593353697e-18
3.409285069746814406e+04 2.590933508293293576e-18
3.783462617131928710e+04 1.761727745534008011e-18
4.198707084443910571e+04 1.260459073492950249e-18
4.659525668664683326e+04 9.299178443818427850e-19
5.170920242896761192e+04 6.986216531922007911e-19
5.738441648302398244e+04 5.329008636783290781e-19
6.368249944718585903e+04 4.118508081210183204e-19
7.067181273927491566e+04 3.203892137322639858e-19
7.842822061337680498e+04 2.498186113256021685e-19
8.703591361485165544e+04 1.946732938603638374e-19
9.658832241158708348e+04 1.514811989845047000e-19
1.071891319205127511e+05 1.176924742371238403e-19
1.189534067370319535e+05 9.131874877815600671e-20
1.320088400831418112e+05 7.072288162327906405e-20
1.464971398307286145e+05 5.466533460754063577e-20
1.625755666443794908e+05 4.218322449000899167e-20
1.804186409392071655e+05 3.250241441760117234e-20
2.002200371815584658e+05 2.499931896426131300e-20
2.221946860939523904e+05 1.919545837782346740e-20
2.465811075822604180e+05 1.472155771064540036e-20
2.736439997074671555e+05 1.127919856073905065e-20
3.036771118035460822e+05 8.633964674138347561e-21
3.370064329271928291e+05 6.606270562116719017e-21
3.739937302478798083e+05 5.051283725748625408e-21
4.150404757850476308e+05 3.859755422276365541e-21
4.605922041145108524e+05 2.947443925125276555e-21
5.111433483440171112e+05 2.249370447499250068e-21
5.672426068491977639e+05 1.715303344280389369e-21
6.294988990221888525e+05 1.307028343852010848e-21
6.985879746785250027e+05 9.952448129664341736e-22
7.752597488629464060e+05 7.571951164990122023e-22
8.603464416684507160e+05 5.756002148696414041e-22
9.547716114208066138e+05 4.371873325838756678e-22
1.059560179277617019e+06 3.317579427863269234e-22
1.175849554052158026e+06 2.515117119753672056e-22
1.304901978014401859e+06 1.904878452024616772e-22
1.448118227674532915e+06 1.441229606690725021e-22
1.607052818261638284e+06 1.089325036354295112e-22
1.783430876931909472e+06 8.224068978867022898e-23
1.979166867853557458e+06 6.201804806742352939e-23
2.196385372416546568e+06 4.671398262696387452e-23
2.437444150122222025e+06 3.514106434391964407e-23
2.704959730463137385e+06 2.640355965854747624e-23
3.001835813575591892e+06 1.981221169656231673e-23
3.331294787934676744e+06 1.484646450587726250e-23
3.696912707195031922e+06 1.110918401146066630e-23
4.102658105827190448e+06 8.300865366167633865e-24
4.552935074866947718e+06 6.193188666033249857e-24
5.052631065335679799e+06 4.613275343204568361e-24
5.607169938205458224e+06 3.430663056021008848e-24
6.222570836730230600e+06 2.547041401410060815e-24
6.905513520162330940e+06 1.888015764681827614e-24
7.663410868007462472e+06 1.396954402206788602e-24
8.504489341802684590e+06 1.031539330939594049e-24
9.437878277775391936e+06 7.602202128923632175e-25
1.047370897959450819e+07 5.592132856892559184e-25
1.162322468679854274e+07 4.105122967352094730e-25
1.289890261253307760e+07 3.006284239852415479e-25
1.431458937523478456e+07 2.196436555980748902e-25
1.588565129428052530e+07 1.601100316309963335e-25
1.762914118095947802e+07 1.163942791954802208e-25
1.956398343517064676e+07 8.438359109580752414e-26
2.171117945694505423e+07 6.099340358625624653e-26
2.409403560239527002e+07 4.394560089619530207e-26
2.673841615839949250e+07 3.154757294844286484e-26
2.967302408188872784e+07 2.256881024791183352e-26
3.292971255097155273e+07 1.607348531294851077e-26
3.654383070957254618e+07 1.139687904852968117e-26
4.055460735840827972e+07 8.038587806729269787e-27
4.500557675700496882e+07 5.637831910105899230e-27
4.994505115855139494e+07 3.928642636194123261e-27
5.542664520663107187e+07 2.717484849273170358e-27
6.150985788580504060e+07 1.863320683718602206e-27
6.826071834272393584e+07 1.265120802823684440e-27
7.575250258771920204e+07 8.489529775599638643e-28
8.406652885618332028e+07 5.617176752672477937e-28
9.329304026284696162e+07 3.654796047944979558e-28
1.035321843295663744e+08 2.328381941556475904e-28
1.148951000187308788e+08 1.445556382645540567e-28
1.275051240713012964e+08 8.675525756210160940e-29
1.414991297434575856e+08 4.982146768238905136e-29
1.570290124729377627e+08 2.692118254895630069e-29
1.742633386009651124e+08 1.332131000916541512e-29
1.933891750455232263e+08 5.751014387433664575e-30
2.146141197858406007e+08 1.929999386760198637e-30
2.381685551976160705e+08 3.075112872072911580e-31
