1.000000000000000000e+02 6.355892126540851594e-12
1.109752496412072134e+02 5.498374791093854660e-12
1.231550603292826196e+02 4.752134436182412360e-12
1.366716356462005990e+02 4.103422684949330657e-12
1.516716888470922413e+02 3.540303561397760636e-12
1.683180353330956791e+02 3.051215665731624126e-12
1.867913599020782840e+02 2.627256784586559234e-12
2.072921779595371845e+02 2.259832189755132372e-12
2.300430119772916839e+02 1.941445345878167201e-12
2.552908068239516410e+02 1.666302997856697680e-12
2.833096101839323637e+02 1.428233492799832273e-12
3.144035471591500368e+02 1.222476182193991676e-12
3.489101213406774491e+02 1.045413109555320489e-12
3.872038781812557318e+02 8.919388103519722510e-13
4.297004704320843871e+02 7.606093236319147984e-13
4.768611697714468960e+02 6.471172547204445012e-13
5.291978735958442712e+02 5.499619325495666939e-13
5.872786613189482523e+02 4.666290925561837824e-13
6.517339604882420190e+02 3.951212010519793362e-13
7.232633896483533817e+02 3.340889698783066204e-13
8.026433522257173081e+02 2.818527576336692791e-13
8.907354638610439679e+02 2.374012553969964954e-13
9.884959046625587007e+02 1.995487484973789375e-13
1.096985797892383971e+03 1.674171362550310750e-13
1.217382727739662187e+03 1.401800610286857061e-13
1.350993521198027793e+03 1.171034920557803452e-13
1.499268432786045423e+03 9.765711249800537756e-14
1.663816886076128640e+03 8.121988111239206383e-14
1.846424942895544291e+03 6.745115285572130976e-14
2.049074689815845886e+03 5.585009836926397027e-14
2.273965752357927613e+03 4.618268296797166814e-14
2.523539170434765765e+03 3.806639752791816994e-14
2.800503894183631019e+03 3.132774224852725202e-14
3.107866187782013640e+03 2.572501812667568059e-14
3.448962260405759935e+03 2.107173687004995391e-14
3.827494478516314757e+03 1.723232868704403243e-14
4.247571552536898707e+03 1.405396249181065078e-14
4.713753134116724141e+03 1.144758317800625105e-14
5.231099308056262998e+03 9.296446981976466914e-15
5.805225516094896193e+03 7.536122264350807175e-15
6.442363508721369726e+03 6.101164743645786798e-15
7.149428986597576113e+03 4.925277714302951314e-15
7.934096665797491369e+03 3.972910217710740703e-15
8.804883581643463913e+03 3.194751851476616819e-15
9.771241535346502133e+03 2.568270571861584844e-15
1.084365968689610963e+04 2.056777717508793711e-15
1.203377840777589154e+04 1.648664689762035568e-15
1.335451562929898682e+04 1.314676398828816231e-15
1.482020705798858762e+04 1.049565005202292065e-15
1.644676177994664249e+04 8.342951482411255062e-16
1.825183494319044257e+04 6.638128256767805506e-16
2.025501939230666540e+04 5.254792195034992822e-16
2.247805833548725059e+04 4.155038755085240359e-16
2.494508135230316839e+04 3.281569652596545982e-16
2.768286630392066581e+04 2.575573626803743967e-16
3.072112998861759115e+04 2.025310490890708991e-16
3.409285069746814406e+04 1.578974592463172629e-16
3.783462617131928710e+04 1.231175439252642500e-16
4.198707084443910571e+04 9.556718795174026691e-17
4.659525668664683326e+04 7.383485790824731116e-17
5.170920242896761192e+04 5.700760807856292645e-17
5.738441648302398244e+04 4.370987238492666950e-17
6.368249944718585903e+04 3.347045047597542705e-17
7.067181273927491566e+04 2.555151732407230068e-17
7.842822061337680498e+04 1.943254876968700005e-17
8.703591361485165544e+04 1.475483338627455099e-17
9.658832241158708348e+04 1.119811593163900303e-17
1.071891319205127511e+05 8.481753981642217505e-18
1.189534067370319535e+05 6.425196335550235884e-18
1.320088400831418112e+05 4.869153794692695135e-18
1.464971398307286145e+05 3.693539232917976812e-18
1.625755666443794908e+05 2.803306878830730758e-18
1.804186409392071655e+05 2.128572275832302333e-18
2.002200371815584658e+05 1.616162123767208120e-18
2.221946860939523904e+05 1.225779878717280393e-18
2.465811075822604180e+05 9.268217301601005903e-19
2.736439997074671555e+05 6.969220331509550685e-19
3.036771118035460822e+05 5.206597099659929155e-19
3.370064329271928291e+05 3.850669747667476379e-19
3.739937302478798083e+05 2.811920203397759945e-19
4.150404757850476308e+05 2.023792481824573697e-19
4.605922041145108524e+05 1.430719713626891606e-19
5.111433483440171112e+05 9.918663265479501855e-20
5.672426068491977639e+05 6.718335133292654519e-20
6.294988990221888525e+05 4.430676008396546654e-20
6.985879746785250027e+05 2.831872649002442811e-20
7.752597488629464060e+05 1.744498858822569679e-20
8.603464416684507160e+05 1.030168727734411292e-20
9.547716114208066138e+05 5.830303036802158687e-21
1.059560179277617019e+06 3.202163594331648851e-21
1.175849554052158026e+06 1.771473017318352681e-21
1.304901978014401859e+06 1.038397607096924133e-21
1.448118227674532915e+06 6.644449854343839141e-22
1.607052818261638284e+06 4.623059404661024531e-22
1.783430876931909472e+06 3.404384140367625458e-22
1.979166867853557458e+06 2.579112299069776076e-22
2.196385372416546568e+06 1.976624449356669739e-22
2.437444150122222025e+06 1.520738849989861127e-22
2.704959730463137385e+06 1.170260671696835725e-22
3.001835813575591892e+06 8.993417298869315172e-23
3.331294787934676744e+06 6.901010011113430556e-23
3.696912707195031922e+06 5.287990911380751288e-23
4.102658105827190448e+06 4.045374900495375817e-23
4.552935074866947718e+06 3.089612093136254337e-23
5.052631065335679799e+06 2.355117825267266740e-23
5.607169938205458224e+06 1.791370879408366565e-23
6.222570836730230600e+06 1.359537338323810975e-23
6.905513520162330940e+06 1.029440373837242021e-23
7.663410868007462472e+06 7.775377403307413471e-24
8.504489341802684590e+06 5.856335355931098310e-24
9.437878277775391936e+06 4.398411705467396251e-24
1.047370897959450819e+07 3.292553274248748969e-24
1.162322468679854274e+07 2.456456829146292501e-24
1.289890261253307760e+07 1.825903306525393941e-24
1.431458937523478456e+07 1.351753084675940212e-24
1.588565129428052530e+07 9.960428282578185691e-25
1.762914118095947802e+07 7.303185415551758697e-25
1.956398343517064676e+07 5.329970886679111815e-25
2.171117945694505423e+07 3.864382762969544923e-25
2.409403560239527002e+07 2.782388776663236732e-25
2.673841615839949250e+07 1.988303138183469732e-25
2.967302408188872784e+07 1.408881429211888679e-25
3.292971255097155273e+07 9.883781232675457438e-26
3.654383070957254618e+07 6.858192254868479148e-26
4.055460735840827972e+07 4.696258653883423886e-26
4.500557675700496882e+07 3.167366470531005887e-26
4.994505115855139494e+07 2.097781991929639818e-26
5.542664520663107187e+07 1.359220012606203313e-26
6.150985788580504060e+07 8.578875836772965310e-27
6.826071834272393584e+07 5.232121484063302702e-27
7.575250258771920204e+07 3.061831570598937315e-27
8.406652885618332028e+07 1.701425502739507524e-27
9.329304026284696162e+07 8.848561668139591665e-28
1.035321843295663744e+08 4.231497974625440104e-28
1.148951000187308788e+08 1.810513282723330533e-28
1.275051240713012964e+08 6.388383704389666233e-29
1.414991297434575856e+08 1.245856064800204841e-29
1.570290124729377627e+08 3.232256234014327950e-32
1.742633386009651124e+08 7.698415544278305254e-46
1.933891750455232263e+08 2.385254354500719718e-81
