1.000000000000000000e+02 1.213306568541868479e-11
1.109752496412072134e+02 1.011702210232921423e-11
1.231550603292826196e+02 8.412962409451823599e-12
1.366716356462005990e+02 6.970952196968019503e-12
1.516716888470922413e+02 5.762658850414892214e-12
1.683180353330956791e+02 4.739414768864732156e-12
1.867913599020782840e+02 3.882938697895968843e-12
2.072921779595371845e+02 3.168068451925007375e-12
2.300430119772916839e+02 2.570829128898347698e-12
2.552908068239516410e+02 2.077534004896051572e-12
2.833096101839323637e+02 1.673497391136522045e-12
3.144035471591500368e+02 1.341237686487656669e-12
3.489101213406774491e+02 1.071541917003842723e-12
3.872038781812557318e+02 8.539557988628407505e-13
4.297004704320843871e+02 6.791895103752359211e-13
4.768611697714468960e+02 5.393809687131243486e-13
5.291978735958442712e+02 4.285940388679135899e-13
5.872786613189482523e+02 3.412936320700769050e-13
6.517339604882420190e+02 2.724817778120491427e-13
7.232633896483533817e+02 2.183243700086065164e-13
8.026433522257173081e+02 1.758540685405665214e-13
8.907354638610439679e+02 1.424574810434937753e-13
9.884959046625587007e+02 1.160934975879249902e-13
1.096985797892383971e+03 9.511248641252473051e-14
1.217382727739662187e+03 7.841328703888720632e-14
1.350993521198027793e+03 6.488589705595981302e-14
1.499268432786045423e+03 5.410034747166018623e-14
1.663816886076128640e+03 4.514866165936638059e-14
1.846424942895544291e+03 3.784972230062754243e-14
2.049074689815845886e+03 3.185774562716611484e-14
2.273965752357927613e+03 2.677749358855475213e-14
2.523539170434765765e+03 2.256442885679864618e-14
2.800503894183631019e+03 1.902480383022209149e-14
3.107866187782013640e+03 1.603646424200420791e-14
3.448962260405759935e+03 1.351548811407827854e-14
3.827494478516314757e+03 1.137350938993334343e-14
4.247571552536898707e+03 9.552449692946450799e-15
4.713753134116724141e+03 8.013629755524561797e-15
5.231099308056262998e+03 6.706755751110266622e-15
5.805225516094896193e+03 5.588689806404462452e-15
6.442363508721369726e+03 4.629765734705399372e-15
7.149428986597576113e+03 3.828229832292340963e-15
7.934096665797491369e+03 3.158499345207652317e-15
8.804883581643463913e+03 2.582707393073906751e-15
9.771241535346502133e+03 2.095918199924496816e-15
1.084365968689610963e+04 1.697494393550142579e-15
1.203377840777589154e+04 1.365462175855275803e-15
1.335451562929898682e+04 1.088524512540735753e-15
1.482020705798858762e+04 8.629903730588685862e-16
1.644676177994664249e+04 6.823627403646992793e-16
1.825183494319044257e+04 5.342050140394366826e-16
2.025501939230666540e+04 4.142907099883203161e-16
2.247805833548725059e+04 3.201742620832365064e-16
2.494508135230316839e+04 2.457839913724796223e-16
2.768286630392066581e+04 1.873217019827097063e-16
3.072112998861759115e+04 1.398642947002829827e-16
3.409285069746814406e+04 1.030416536087426265e-16
3.783462617131928710e+04 7.391149766910859644e-17
4.198707084443910571e+04 5.109381652438273884e-17
4.659525668664683326e+04 3.355947420110282339e-17
5.170920242896761192e+04 2.056612163267377151e-17
5.738441648302398244e+04 1.151331213664504746e-17
6.368249944718585903e+04 5.808975017769120717e-18
7.067181273927491566e+04 2.695949394147875930e-18
7.842822061337680498e+04 1.248923267991153893e-18
8.703591361485165544e+04 6.398146163507107717e-19
9.658832241158708348e+04 3.818005072903854162e-19
1.071891319205127511e+05 2.605729150748071800e-19
1.189534067370319535e+05 1.917849535743209153e-19
1.320088400831418112e+05 1.458537920310688036e-19
1.464971398307286145e+05 1.120000510504000017e-19
1.625755666443794908e+05 8.613116365095045602e-20
1.804186409392071655e+05 6.614152044281276723e-20
2.002200371815584658e+05 5.072795580737053487e-20
2.221946860939523904e+05 3.888216173596730039e-20
2.465811075822604180e+05 2.979679094160311138e-20
2.736439997074671555e+05 2.282749880389395639e-20
3.036771118035460822e+05 1.748362574773517664e-20
3.370064329271928291e+05 1.338738657425560299e-20
3.739937302478798083e+05 1.024657694741771453e-20
4.150404757850476308e+05 7.838814613179271766e-21
4.605922041145108524e+05 5.994286359736781266e-21
5.111433483440171112e+05 4.582207191231274694e-21
5.672426068491977639e+05 3.500763797673722579e-21
6.294988990221888525e+05 2.673370033858741763e-21
6.985879746785250027e+05 2.040587403877536868e-21
7.752597488629464060e+05 1.556659325686045408e-21
8.603464416684507160e+05 1.186907337999237174e-21
9.547716114208066138e+05 9.045360669291228579e-22
1.059560179277617019e+06 6.888962027180554798e-22
1.175849554052158026e+06 5.243463635667027471e-22
1.304901978014401859e+06 3.988780451151698235e-22
1.448118227674532915e+06 3.032379166921950782e-22
1.607052818261638284e+06 2.303865502722710597e-22
1.783430876931909472e+06 1.749013737812103892e-22
1.979166867853557458e+06 1.326942279033570774e-22
2.196385372416546568e+06 1.005856537107792962e-22
2.437444150122222025e+06 7.618192658587359648e-23
2.704959730463137385e+06 5.765396968666173476e-23
3.001835813575591892e+06 4.359352799765609749e-23
3.331294787934676744e+06 3.293007022033069363e-23
3.696912707195031922e+06 2.484851093970695947e-23
4.102658105827190448e+06 1.873085624660965249e-23
4.552935074866947718e+06 1.410444156585295771e-23
5.052631065335679799e+06 1.060733985681030921e-23
5.607169938205458224e+06 7.967760953216913011e-24
6.222570836730230600e+06 5.977502818167363510e-24
6.905513520162330940e+06 4.478797920571365208e-24
7.663410868007462472e+06 3.350378019543201997e-24
8.504489341802684590e+06 2.502623708634760528e-24
9.437878277775391936e+06 1.866571238648867428e-24
1.047370897959450819e+07 1.389854704253711884e-24
1.162322468679854274e+07 1.033027032934025103e-24
1.289890261253307760e+07 7.664124057834675758e-25
1.431458937523478456e+07 5.675576837176529193e-25
1.588565129428052530e+07 4.194267399129423521e-25
1.762914118095947802e+07 3.092981666009095732e-25
1.956398343517064676e+07 2.275490170783245064e-25
2.171117945694505423e+07 1.670036367117347027e-25
2.409403560239527002e+07 1.222484169543848938e-25
2.673841615839949250e+07 8.924743756609544292e-26
2.967302408188872784e+07 6.495011811981948265e-26
3.292971255097155273e+07 4.711476072957271092e-26
3.654383070957254618e+07 3.405854004902584433e-26
4.055460735840827972e+07 2.452072789986069157e-26
4.500557675700496882e+07 1.757969355325984330e-26
4.994505115855139494e+07 1.254309588455213734e-26
5.542664520663107187e+07 8.901901716540729427e-27
6.150985788580504060e+07 6.280376916274080406e-27
6.826071834272393584e+07 4.400441498263961641e-27
7.575250258771920204e+07 3.058933195769701079e-27
8.406652885618332028e+07 2.107494552042862842e-27
9.329304026284696162e+07 1.436555664388315313e-27
1.035321843295663744e+08 9.669369009907080014e-28
1.148951000187308788e+08 6.410537239163879379e-28
1.275051240713012964e+08 4.171967905542757966e-28
1.414991297434575856e+08 2.653097186124039461e-28
1.570290124729377627e+08 1.638285704415925935e-28
1.742633386009651124e+08 9.737104135473908983e-29
1.933891750455232263e+08 5.495080426830521072e-29
2.146141197858406007e+08 2.883820490915483806e-29
2.381685551976160705e+08 1.360990606735665916e-29
2.643081486974108517e+08 5.444336888789227468e-30
2.933166278390048146e+08 1.640710982794041449e-30
3.255088599835056663e+08 1.936137171074608985e-31
