1.000000000000000000e+02 6.293113785463888577e-11
1.109752496412072134e+02 5.190639894865715834e-11
1.231550603292826196e+02 4.272395612138495317e-11
1.366716356462005990e+02 3.508905456225946656e-11
1.516716888470922413e+02 2.872943205669321338e-11
1.683180353330956791e+02 2.345383399588416932e-11
1.867913599020782840e+02 1.907350665132361344e-11
2.072921779595371845e+02 1.546145798590388825e-11
2.300430119772916839e+02 1.248113495190540992e-11
2.552908068239516410e+02 1.003491818278587748e-11
2.833096101839323637e+02 8.027071325601430182e-12
3.144035471591500368e+02 6.395373200114566000e-12
3.489101213406774491e+02 5.072320312385165397e-12
3.872038781812557318e+02 4.007188889515989177e-12
4.297004704320843871e+02 3.151211867682451857e-12
4.768611697714468960e+02 2.473897233473169477e-12
5.291978735958442712e+02 1.936497103223616572e-12
5.872786613189482523e+02 1.514792363174662726e-12
6.517339604882420190e+02 1.185193368213879776e-12
7.232633896483533817e+02 9.285392792895084277e-13
8.026433522257173081e+02 7.310258190511985297e-13
8.907354638610439679e+02 5.777656438558627408e-13
9.884959046625587007e+02 4.600849449636120114e-13
1.096985797892383971e+03 3.691650356030344804e-13
1.217382727739662187e+03 2.987737445457927217e-13
1.350993521198027793e+03 2.440893705990233816e-13
1.499268432786045423e+03 2.010128575726851009e-13
1.663816886076128640e+03 1.669255499238905308e-13
1.846424942895544291e+03 1.395785466101733268e-13
2.049074689815845886e+03 1.173572105903043394e-13
2.273965752357927613e+03 9.907358231312727940e-14
2.523539170434765765e+03 8.392097177388460735e-14
2.800503894183631019e+03 7.118252055956965424e-14
3.107866187782013640e+03 6.040772025177294608e-14
3.448962260405759935e+03 5.128995892009866707e-14
3.827494478516314757e+03 4.347641800092701502e-14
4.247571552536898707e+03 3.682162659296195829e-14
4.713753134116724141e+03 3.103981161702125363e-14
5.231099308056262998e+03 2.620140161489247099e-14
5.805225516094896193e+03 2.201053107528220289e-14
6.442363508721369726e+03 1.842711519798240503e-14
7.149428986597576113e+03 1.537193787693214819e-14
7.934096665797491369e+03 1.275317660117405548e-14
8.804883581643463913e+03 1.053450362052127972e-14
9.771241535346502133e+03 8.675881311147958910e-15
1.084365968689610963e+04 7.088214288294183031e-15
1.203377840777589154e+04 5.744223971746979965e-15
1.335451562929898682e+04 4.631992224462484526e-15
1.482020705798858762e+04 3.714820245026109560e-15
1.644676177994664249e+04 2.949361000792018403e-15
1.825183494319044257e+04 2.311395103565879414e-15
2.025501939230666540e+04 1.800624750177435715e-15
2.247805833548725059e+04 1.391405816885657241e-15
2.494508135230316839e+04 1.059907626209435721e-15
2.768286630392066581e+04 7.954177285620565816e-16
3.072112998861759115e+04 5.902086403117826081e-16
3.409285069746814406e+04 4.330861586370067235e-16
3.783462617131928710e+04 3.140347063625368630e-16
4.198707084443910571e+04 2.252283511014143651e-16
4.659525668664683326e+04 1.597365476404104014e-16
5.170920242896761192e+04 1.125186660148152917e-16
5.738441648302398244e+04 7.903708329708140893e-17
6.368249944718585903e+04 5.567184045889248222e-17
7.067181273927491566e+04 3.947273387853541623e-17
7.842822061337680498e+04 2.838481101816279759e-17
8.703591361485165544e+04 2.079127768753552000e-17
9.658832241158708348e+04 1.555284843655355172e-17
1.071891319205127511e+05 1.184400019225043112e-17
1.189534067370319535e+05 9.149959364236331368e-18
1.320088400831418112e+05 7.115086848405703188e-18
1.464971398307286145e+05 5.556495121353042810e-18
1.625755666443794908e+05 4.331035787327822003e-18
1.804186409392071655e+05 3.371193991505232676e-18
2.002200371815584658e+05 2.610097464354602539e-18
2.221946860939523904e+05 2.015320087381193631e-18
2.465811075822604180e+05 1.546045796136365860e-18
2.736439997074671555e+05 1.182832471146781553e-18
3.036771118035460822e+05 8.986495084825516759e-19
3.370064329271928291e+05 6.804997799825757606e-19
3.739937302478798083e+05 5.113029604801136064e-19
4.150404757850476308e+05 3.823878888083612326e-19
4.605922041145108524e+05 2.835851473965805035e-19
5.111433483440171112e+05 2.089324948223050211e-19
5.672426068491977639e+05 1.521281136914282014e-19
6.294988990221888525e+05 1.098686674012896840e-19
6.985879746785250027e+05 7.845532339649837976e-20
7.752597488629464060e+05 5.535425853229763480e-20
8.603464416684507160e+05 3.853985370588089148e-20
9.547716114208066138e+05 2.648788835083922228e-20
1.059560179277617019e+06 1.786576136415358625e-20
1.175849554052158026e+06 1.186811746564886201e-20
1.304901978014401859e+06 7.750474267891686802e-21
1.448118227674532915e+06 4.972830733088239106e-21
1.607052818261638284e+06 3.135690597704896877e-21
1.783430876931909472e+06 1.944420456465406463e-21
1.979166867853557458e+06 1.187862464512865904e-21
2.196385372416546568e+06 7.149001802056176796e-22
2.437444150122222025e+06 4.244844336600166401e-22
2.704959730463137385e+06 2.464169501897094971e-22
3.001835813575591892e+06 1.394468844375255828e-22
3.331294787934676744e+06 7.562365436563713074e-23
3.696912707195031922e+06 3.840207827110952627e-23
4.102658105827190448e+06 1.769256411435057199e-23
4.552935074866947718e+06 7.220549801566235026e-24
5.052631065335679799e+06 2.585397823265941957e-24
5.607169938205458224e+06 8.080736164710091098e-25
6.222570836730230600e+06 2.176861160401143286e-25
6.905513520162330940e+06 4.997545436984723578e-26
7.663410868007462472e+06 9.664899624655068650e-27
8.504489341802684590e+06 1.560964823151845957e-27
9.437878277775391936e+06 2.083928635891372657e-28
1.047370897959450819e+07 2.275957281797540345e-29
1.162322468679854274e+07 2.010904498273568832e-30
1.289890261253307760e+07 1.420117689224736156e-31
1.431458937523478456e+07 7.910197701035705714e-33
1.588565129428052530e+07 3.409081689903817857e-34
1.762914118095947802e+07 1.110902326111828150e-35
1.956398343517064676e+07 2.679692489659581502e-37
2.171117945694505423e+07 4.692226334840991117e-39
2.409403560239527002e+07 5.823617695642849520e-41
2.673841615839949250e+07 4.983035866481316618e-43
2.967302408188872784e+07 2.845885696992220989e-45
3.292971255097155273e+07 1.045784609133828892e-47
3.654383070957254618e+07 2.373420458112730124e-50
4.055460735840827972e+07 3.177276470572277198e-53
4.500557675700496882e+07 2.381376609582905793e-56
4.994505115855139494e+07 9.368433706448490067e-60
5.542664520663107187e+07 1.736903200122747511e-63
6.150985788580504060e+07 1.416092561799752761e-67
6.826071834272393584e+07 4.727541372087502253e-72
7.575250258771920204e+07 5.886625435532438688e-77
8.406652885618332028e+07 2.443897303152046208e-82
9.329304026284696162e+07 3.096652578364044724e-88
1.035321843295663744e+08 5.490333460895218265e-92
1.148951000187308788e+08 2.434648377628039035e-98
1.275051240713012964e+08 7.603455324544708815e-110
1.414991297434575856e+08 1.366857468315291789e-118
1.570290124729377627e+08 2.853147835566580098e-128
1.742633386009651124e+08 4.895678135041676878e-139
1.933891750455232263e+08 3.993979344320492537e-151
