1.000000000000000000e+02 3.166793620900988922e-13
1.109752496412072134e+02 2.801604744949868604e-13
1.231550603292826196e+02 2.478149009054780059e-13
1.366716356462005990e+02 2.191419449392842768e-13
1.516716888470922413e+02 1.937427418070299450e-13
1.683180353330956791e+02 1.712396084671705773e-13
1.867913599020782840e+02 1.513128255799600145e-13
2.072921779595371845e+02 1.336740950561538466e-13
2.300430119772916839e+02 1.180506079214974129e-13
2.552908068239516410e+02 1.042245069710827441e-13
2.833096101839323637e+02 9.198714756831791060e-14
3.144035471591500368e+02 8.115998949336817588e-14
3.489101213406774491e+02 7.158107335151150835e-14
3.872038781812557318e+02 6.311877193476999455e-14
4.297004704320843871e+02 5.562746705571349746e-14
4.768611697714468960e+02 4.901218059513142451e-14
5.291978735958442712e+02 4.316100415691446038e-14
5.872786613189482523e+02 3.799641040626039225e-14
6.517339604882420190e+02 3.343232243386306689e-14
7.232633896483533817e+02 2.940674511738303612e-14
8.026433522257173081e+02 2.585139144540632285e-14
8.907354638610439679e+02 2.271671329025334120e-14
9.884959046625587007e+02 1.995007765475055801e-14
1.096985797892383971e+03 1.751291134456366031e-14
1.217382727739662187e+03 1.542025405843675587e-14
1.350993521198027793e+03 1.347282277222293408e-14
1.499268432786045423e+03 1.180601239389147361e-14
1.663816886076128640e+03 1.034046416248546567e-14
1.846424942895544291e+03 9.049756689942466360e-15
2.049074689815845886e+03 7.917036443275908607e-15
2.273965752357927613e+03 6.919845637934406982e-15
2.523539170434765765e+03 6.045785546886665760e-15
2.800503894183631019e+03 5.277613986911100203e-15
3.107866187782013640e+03 4.604656582007012014e-15
3.448962260405759935e+03 4.013808948665095718e-15
3.827494478516314757e+03 3.496995074651838927e-15
4.247571552536898707e+03 3.044064406652683320e-15
4.713753134116724141e+03 2.648282612812288374e-15
5.231099308056262998e+03 2.302083997437350045e-15
5.805225516094896193e+03 1.999541013167108075e-15
6.442363508721369726e+03 1.735889580345193273e-15
7.149428986597576113e+03 1.505704459361447052e-15
7.934096665797491369e+03 1.305150344706227464e-15
8.804883581643463913e+03 1.130467787696526956e-15
9.771241535346502133e+03 9.785687513728034283e-16
1.084365968689610963e+04 8.464195064986840085e-16
1.203377840777589154e+04 7.316490142446496561e-16
1.335451562929898682e+04 6.320362416369541196e-16
1.482020705798858762e+04 5.455768193557766068e-16
1.644676177994664249e+04 4.706787882329409317e-16
1.825183494319044257e+04 4.057507546100161575e-16
2.025501939230666540e+04 3.495837642419850503e-16
2.247805833548725059e+04 3.009305895036611265e-16
2.494508135230316839e+04 2.589295261543230893e-16
2.768286630392066581e+04 2.226189959257803272e-16
3.072112998861759115e+04 1.912499341597330118e-16
3.409285069746814406e+04 1.642102256790125605e-16
3.783462617131928710e+04 1.408725140298653917e-16
4.198707084443910571e+04 1.207536741152595538e-16
4.659525668664683326e+04 1.034258225570034210e-16
5.170920242896761192e+04 8.851780260390568477e-17
5.738441648302398244e+04 7.568889860770735729e-17
6.368249944718585903e+04 6.466767368564017752e-17
7.067181273927491566e+04 5.520183069657532740e-17
7.842822061337680498e+04 4.707127704824344243e-17
8.703591361485165544e+04 4.010355178616061950e-17
9.658832241158708348e+04 3.413764203592206974e-17
1.071891319205127511e+05 2.902575222018295815e-17
1.189534067370319535e+05 2.465606688060056335e-17
1.320088400831418112e+05 2.092422372165849903e-17
1.464971398307286145e+05 1.773876659859840732e-17
1.625755666443794908e+05 1.502027758860082737e-17
1.804186409392071655e+05 1.270822572361667881e-17
2.002200371815584658e+05 1.074089650397845720e-17
2.221946860939523904e+05 9.068030010527357065e-18
2.465811075822604180e+05 7.647932636402101939e-18
2.736439997074671555e+05 6.444048030627672767e-18
3.036771118035460822e+05 5.424712822811196383e-18
3.370064329271928291e+05 4.561101369446276943e-18
3.739937302478798083e+05 3.831167545881515110e-18
4.150404757850476308e+05 3.214824481891472209e-18
4.605922041145108524e+05 2.694912223979631422e-18
5.111433483440171112e+05 2.256509073824459403e-18
5.672426068491977639e+05 1.887370263632382676e-18
6.294988990221888525e+05 1.576961796076830795e-18
6.985879746785250027e+05 1.315997357839851624e-18
7.752597488629464060e+05 1.096921534333925223e-18
8.603464416684507160e+05 9.132736731781131932e-19
9.547716114208066138e+05 7.594936016396300656e-19
1.059560179277617019e+06 6.308635053323656225e-19
1.175849554052158026e+06 5.233872704758470933e-19
1.304901978014401859e+06 4.337495539517043066e-19
1.448118227674532915e+06 3.590241125133587721e-19
1.607052818261638284e+06 2.968237978252929240e-19
1.783430876931909472e+06 2.450853174785175873e-19
1.979166867853557458e+06 2.021210986259328111e-19
2.196385372416546568e+06 1.664578712766912607e-19
2.437444150122222025e+06 1.369277303237258429e-19
2.704959730463137385e+06 1.124754153062915390e-19
3.001835813575591892e+06 9.224027332314541671e-20
3.331294787934676744e+06 7.553761970949282278e-20
3.696912707195031922e+06 6.175078257229687567e-20
4.102658105827190448e+06 5.039801203688287982e-20
4.552935074866947718e+06 4.105723135641359059e-20
5.052631065335679799e+06 3.337922350987204241e-20
5.607169938205458224e+06 2.708877131498071813e-20
6.222570836730230600e+06 2.192900531839880460e-20
6.905513520162330940e+06 1.771532595485102724e-20
7.663410868007462472e+06 1.427299350490109776e-20
8.504489341802684590e+06 1.146923949336316820e-20
9.437878277775391936e+06 9.188831776508536510e-21
1.047370897959450819e+07 7.340771261460583455e-21
1.162322468679854274e+07 5.844061449121170824e-21
1.289890261253307760e+07 4.635499112897754736e-21
1.431458937523478456e+07 3.662907335288828228e-21
1.588565129428052530e+07 2.880575835076069703e-21
1.762914118095947802e+07 2.255705090216237336e-21
1.956398343517064676e+07 1.756845974362388229e-21
2.171117945694505423e+07 1.360775937385864618e-21
2.409403560239527002e+07 1.047292934860388380e-21
2.673841615839949250e+07 8.006158487487819290e-22
2.967302408188872784e+07 6.074320201039871010e-22
3.292971255097155273e+07 4.568155264749541649e-22
3.654383070957254618e+07 3.402943323855322800e-22
4.055460735840827972e+07 2.503711663829237943e-22
4.500557675700496882e+07 1.819446032274149659e-22
4.994505115855139494e+07 1.301994510773725535e-22
5.542664520663107187e+07 9.164057702662347129e-23
6.150985788580504060e+07 6.323560225820289971e-23
6.826071834272393584e+07 4.270739164469278540e-23
7.575250258771920204e+07 2.809769129917382010e-23
8.406652885618332028e+07 1.790195813745103142e-23
9.329304026284696162e+07 1.093474508403519113e-23
1.035321843295663744e+08 6.311505286262582938e-24
1.148951000187308788e+08 3.406111644460472206e-24
1.275051240713012964e+08 1.725893379433582015e-24
1.414991297434575856e+08 8.016185326787881442e-25
1.570290124729377627e+08 3.026281344732370960e-25
1.742633386009651124e+08 8.892132076959278737e-26
1.933891750455232263e+08 1.995758080463772804e-26
2.146141197858406007e+08 3.306293974262038197e-27
2.381685551976160705e+08 3.905080808683416793e-28
2.643081486974108517e+08 3.164762925081203874e-29
2.933166278390048146e+08 1.646640342587177208e-30
3.255088599835056663e+08 3.788020127892134742e-32
