1.000000000000000000e+02 5.132454774646621350e-12
1.109752496412072134e+02 4.281058682409121349e-12
1.231550603292826196e+02 3.561521518814575243e-12
1.366716356462005990e+02 2.960653868811867216e-12
1.516716888470922413e+02 2.453931588719198724e-12
1.683180353330956791e+02 2.031271948860893943e-12
1.867913599020782840e+02 1.676304669131272006e-12
2.072921779595371845e+02 1.380635683665225210e-12
2.300430119772916839e+02 1.133833660129337442e-12
2.552908068239516410e+02 9.286297465269585142e-13
2.833096101839323637e+02 7.583876394563876789e-13
3.144035471591500368e+02 6.174282839010100041e-13
3.489101213406774491e+02 5.010582702722894991e-13
3.872038781812557318e+02 4.057228550478147998e-13
4.297004704320843871e+02 3.268147170514549362e-13
4.768611697714468960e+02 2.626783005333962156e-13
5.291978735958442712e+02 2.105276387249531212e-13
5.872786613189482523e+02 1.682402360031798854e-13
6.517339604882420190e+02 1.341500507735412693e-13
7.232633896483533817e+02 1.067096923677573732e-13
8.026433522257173081e+02 8.476840440087688342e-14
8.907354638610439679e+02 6.730341355705448032e-14
9.884959046625587007e+02 5.338798965680569951e-14
1.096985797892383971e+03 4.240404847967093566e-14
1.217382727739662187e+03 3.372474122121076462e-14
1.350993521198027793e+03 2.688168823935790855e-14
1.499268432786045423e+03 2.150037375012497810e-14
1.663816886076128640e+03 1.725055706645652018e-14
1.846424942895544291e+03 1.391211720581212979e-14
2.049074689815845886e+03 1.126491268181902783e-14
2.273965752357927613e+03 9.166770810271312445e-15
2.523539170434765765e+03 7.491494464665388635e-15
2.800503894183631019e+03 6.149773625162694552e-15
3.107866187782013640e+03 5.061273646163802979e-15
3.448962260405759935e+03 4.180310038529206977e-15
3.827494478516314757e+03 3.457174526238321606e-15
4.247571552536898707e+03 2.863614822563644038e-15
4.713753134116724141e+03 2.371799960769466377e-15
5.231099308056262998e+03 1.963053687524386792e-15
5.805225516094896193e+03 1.623719949405124620e-15
6.442363508721369726e+03 1.340104900511141170e-15
7.149428986597576113e+03 1.103774117067035502e-15
7.934096665797491369e+03 9.054488412736719037e-16
8.804883581643463913e+03 7.407130323943568385e-16
9.771241535346502133e+03 6.038189290319361401e-16
1.084365968689610963e+04 4.895282561460594971e-16
1.203377840777589154e+04 3.944817188923199625e-16
1.335451562929898682e+04 3.163189576925714693e-16
1.482020705798858762e+04 2.523286674176154035e-16
1.644676177994664249e+04 1.999404232743971145e-16
1.825183494319044257e+04 1.568940718951309443e-16
2.025501939230666540e+04 1.222675312052200283e-16
2.247805833548725059e+04 9.436175191019937944e-17
2.494508135230316839e+04 7.225953980846708547e-17
2.768286630392066581e+04 5.477282848557479493e-17
3.072112998861759115e+04 4.111672923744215189e-17
3.409285069746814406e+04 3.045032122024266720e-17
3.783462617131928710e+04 2.232155370005790535e-17
4.198707084443910571e+04 1.618655851820763621e-17
4.659525668664683326e+04 1.162539165505044460e-17
5.170920242896761192e+04 8.278760468906754131e-18
5.738441648302398244e+04 5.859679799190370819e-18
6.368249944718585903e+04 4.138901692551381665e-18
7.067181273927491566e+04 2.933630043501877065e-18
7.842822061337680498e+04 2.099772579069006615e-18
8.703591361485165544e+04 1.526183063451253875e-18
9.658832241158708348e+04 1.130859455383447015e-18
1.071891319205127511e+05 8.551391136517834235e-19
1.189534067370319535e+05 6.587409030742592154e-19
1.320088400831418112e+05 5.155565881286505966e-19
1.464971398307286145e+05 4.076649542514364111e-19
1.625755666443794908e+05 3.244265011974794901e-19
1.804186409392071655e+05 2.591248243696271987e-19
2.002200371815584658e+05 2.073036628317463149e-19
2.221946860939523904e+05 1.658941705678037937e-19
2.465811075822604180e+05 1.327094680633215945e-19
2.736439997074671555e+05 1.060976159039566370e-19
3.036771118035460822e+05 8.476226089598463806e-20
3.370064329271928291e+05 6.766859452576922145e-20
3.739937302478798083e+05 5.398942279402578267e-20
4.150404757850476308e+05 4.304267981596685932e-20
4.605922041145108524e+05 3.429436535525457112e-20
5.111433483440171112e+05 2.730101301318335350e-20
5.672426068491977639e+05 2.171646739478934616e-20
6.294988990221888525e+05 1.726204112209720795e-20
6.985879746785250027e+05 1.370922352084168439e-20
7.752597488629464060e+05 1.087786619202989037e-20
8.603464416684507160e+05 8.623712051925117276e-21
9.547716114208066138e+05 6.830579049291130889e-21
1.059560179277617019e+06 5.405120795891562525e-21
1.175849554052158026e+06 4.272690134334448541e-21
1.304901978014401859e+06 3.374119239308171321e-21
1.448118227674532915e+06 2.661244284898240967e-21
1.607052818261638284e+06 2.096565305446053002e-21
1.783430876931909472e+06 1.649788324779859686e-21
1.979166867853557458e+06 1.296736311299634557e-21
2.196385372416546568e+06 1.017828799064368577e-21
2.437444150122222025e+06 7.977468288677586695e-22
2.704959730463137385e+06 6.243663597131038523e-22
3.001835813575591892e+06 4.878829459751497948e-22
3.331294787934676744e+06 3.805914206221629066e-22
3.696912707195031922e+06 2.963567456138362282e-22
4.102658105827190448e+06 2.303215744245902509e-22
4.552935074866947718e+06 1.786302350237862688e-22
5.052631065335679799e+06 1.382481931026140845e-22
5.607169938205458224e+06 1.067554238669862075e-22
6.222570836730230600e+06 8.222048947582903769e-23
6.905513520162330940e+06 6.314391670067330605e-23
7.663410868007462472e+06 4.833456058226883860e-23
8.504489341802684590e+06 3.688467339970165705e-23
9.437878277775391936e+06 2.804453734964329849e-23
1.047370897959450819e+07 2.123539552885164925e-23
1.162322468679854274e+07 1.600654216505651854e-23
1.289890261253307760e+07 1.201220222008455162e-23
1.431458937523478456e+07 8.951217456623310740e-24
1.588565129428052530e+07 6.635371186452620807e-24
1.762914118095947802e+07 4.888627230510276133e-24
1.956398343517064676e+07 3.567033220985308584e-24
2.171117945694505423e+07 2.582599901000470270e-24
2.409403560239527002e+07 1.848709789307526656e-24
2.673841615839949250e+07 1.307266778012008576e-24
2.967302408188872784e+07 9.118025102908963543e-25
3.292971255097155273e+07 6.256597384645966728e-25
3.654383070957254618e+07 4.214985263421356142e-25
4.055460735840827972e+07 2.777940943601816681e-25
4.500557675700496882e+07 1.781353950162323076e-25
4.994505115855139494e+07 1.101805951213208276e-25
5.542664520663107187e+07 6.462792330808486126e-26
6.150985788580504060e+07 3.497431472997435874e-26
6.826071834272393584e+07 1.655251172524937318e-26
7.575250258771920204e+07 6.149402084100550197e-27
8.406652885618332028e+07 1.317334708281603125e-27
9.329304026284696162e+07 4.931601494374194438e-29
1.035321843295663744e+08 1.076276999453202255e-31
1.148951000187308788e+08 1.958901981395255871e-37
1.275051240713012964e+08 2.874945009906211212e-47
1.414991297434575856e+08 4.158309367950904878e-67
1.570290124729377627e+08 1.908162214251374609e-115
