1.000000000000000000e+02 8.238658247431189391e-11
1.109752496412072134e+02 7.108144231688593316e-11
1.231550603292826196e+02 6.127999236005816509e-11
1.366716356462005990e+02 5.275245313029472377e-11
1.516716888470922413e+02 4.528286639206412415e-11
1.683180353330956791e+02 3.878817818988430266e-11
1.867913599020782840e+02 3.313226428191302835e-11
2.072921779595371845e+02 2.819513517051945080e-11
2.300430119772916839e+02 2.390744536915900066e-11
2.552908068239516410e+02 2.018207257046067526e-11
2.833096101839323637e+02 1.696365166386829211e-11
3.144035471591500368e+02 1.417557024352449583e-11
3.489101213406774491e+02 1.178205019488337858e-11
3.872038781812557318e+02 9.734045824994497433e-12
4.297004704320843871e+02 7.987224596677293228e-12
4.768611697714468960e+02 6.509149937035166856e-12
5.291978735958442712e+02 5.265676560154669798e-12
5.872786613189482523e+02 4.228029837318531615e-12
6.517339604882420190e+02 3.368054604279694964e-12
7.232633896483533817e+02 2.661712092508866555e-12
8.026433522257173081e+02 2.085062398272298566e-12
8.907354638610439679e+02 1.623018239016763565e-12
9.884959046625587007e+02 1.253975167308959398e-12
1.096985797892383971e+03 9.624465935903212809e-13
1.217382727739662187e+03 7.347700828127672844e-13
1.350993521198027793e+03 5.587324516482708492e-13
1.499268432786045423e+03 4.249383403213990739e-13
1.663816886076128640e+03 3.235822325633191076e-13
1.846424942895544291e+03 2.475795662212970481e-13
2.049074689815845886e+03 1.910345993616946497e-13
2.273965752357927613e+03 1.486725201213620344e-13
2.523539170434765765e+03 1.178850121244091757e-13
2.800503894183631019e+03 9.460765132701120668e-14
3.107866187782013640e+03 7.702956018333400511e-14
3.448962260405759935e+03 6.350447653948333975e-14
3.827494478516314757e+03 5.296887006004330412e-14
4.247571552536898707e+03 4.457165835273513150e-14
4.713753134116724141e+03 3.767469132865096403e-14
5.231099308056262998e+03 3.202154200227703015e-14
5.805225516094896193e+03 2.727482700583731713e-14
6.442363508721369726e+03 2.319535548929466676e-14
7.149428986597576113e+03 1.972997389770704314e-14
7.934096665797491369e+03 1.678111141329327575e-14
8.804883581643463913e+03 1.422446588694871179e-14
9.771241535346502133e+03 1.200882063240553987e-14
1.084365968689610963e+04 1.012245071969916090e-14
1.203377840777589154e+04 8.493541163174884455e-15
1.335451562929898682e+04 7.082818697028800781e-15
1.482020705798858762e+04 5.882738625386541121e-15
1.644676177994664249e+04 4.858961733319267211e-15
1.825183494319044257e+04 3.977580382868989460e-15
2.025501939230666540e+04 3.240598891458479217e-15
2.247805833548725059e+04 2.611951460096371099e-15
2.494508135230316839e+04 2.084958243887087836e-15
2.768286630392066581e+04 1.652554675946833012e-15
3.072112998861759115e+04 1.288611584049368729e-15
3.409285069746814406e+04 9.915848164952382705e-16
3.783462617131928710e+04 7.543374890377703496e-16
4.198707084443910571e+04 5.658235450463124902e-16
4.659525668664683326e+04 4.161512514132620013e-16
5.170920242896761192e+04 2.990058636889643098e-16
5.738441648302398244e+04 2.107035057411241088e-16
6.368249944718585903e+04 1.452712539301787278e-16
7.067181273927491566e+04 9.753626946311434266e-17
7.842822061337680498e+04 6.376203693819067018e-17
8.703591361485165544e+04 4.102328323591330662e-17
9.658832241158708348e+04 2.646402631753809088e-17
1.071891319205127511e+05 1.791379845705711105e-17
1.189534067370319535e+05 1.293041459495794973e-17
1.320088400831418112e+05 9.791837573492831818e-18
1.464971398307286145e+05 7.602470771015084474e-18
1.625755666443794908e+05 5.959867941827160831e-18
1.804186409392071655e+05 4.686495506861223596e-18
2.002200371815584658e+05 3.685578604950681488e-18
2.221946860939523904e+05 2.896050976375024497e-18
2.465811075822604180e+05 2.273934301438599894e-18
2.736439997074671555e+05 1.784288688884541646e-18
3.036771118035460822e+05 1.399038948589084757e-18
3.370064329271928291e+05 1.095969505234724819e-18
3.739937302478798083e+05 8.577827021292331340e-19
4.150404757850476308e+05 6.707003223810133001e-19
4.605922041145108524e+05 5.238812642019449855e-19
5.111433483440171112e+05 4.087653738447511902e-19
5.672426068491977639e+05 3.186053462817661394e-19
6.294988990221888525e+05 2.479992353904481644e-19
6.985879746785250027e+05 1.928414739195905441e-19
7.752597488629464060e+05 1.497559490272172447e-19
8.603464416684507160e+05 1.161474147015399767e-19
9.547716114208066138e+05 8.997136685441302194e-20
1.059560179277617019e+06 6.960000702281883683e-20
1.175849554052158026e+06 5.376602058845481133e-20
1.304901978014401859e+06 4.147145284137554024e-20
1.448118227674532915e+06 3.194732820238559225e-20
1.607052818261638284e+06 2.457289488155554290e-20
1.783430876931909472e+06 1.887380530379833795e-20
1.979166867853557458e+06 1.447375693933936024e-20
2.196385372416546568e+06 1.108211397840048865e-20
2.437444150122222025e+06 8.471266021767190388e-21
2.704959730463137385e+06 6.464907080603903332e-21
3.001835813575591892e+06 4.925651378344837711e-21
3.331294787934676744e+06 3.746723852979158761e-21
3.696912707195031922e+06 2.845117129984587335e-21
4.102658105827190448e+06 2.156161359889418537e-21
4.552935074866947718e+06 1.631448407041861543e-21
5.052631065335679799e+06 1.231997776897466630e-21
5.607169938205458224e+06 9.286981783682800848e-22
6.222570836730230600e+06 6.986497776317864302e-22
6.905513520162330940e+06 5.245501238132316471e-22
7.663410868007462472e+06 3.929888113025568888e-22
8.504489341802684590e+06 2.939296321198654891e-22
9.437878277775391936e+06 2.193538652152737307e-22
1.047370897959450819e+07 1.633755286823839695e-22
1.162322468679854274e+07 1.214245588544178788e-22
1.289890261253307760e+07 9.004289826461679071e-23
1.431458937523478456e+07 6.663057363120306358e-23
1.588565129428052530e+07 4.919416099674488851e-23
1.762914118095947802e+07 3.624113652354477110e-23
1.956398343517064676e+07 2.663993916431198600e-23
2.171117945694505423e+07 1.953932488684151256e-23
2.409403560239527002e+07 1.429921116639302855e-23
2.673841615839949250e+07 1.044011470260076100e-23
2.967302408188872784e+07 7.604755610010634678e-24
3.292971255097155273e+07 5.526931923634559002e-24
3.654383070957254618e+07 4.007574275515924632e-24
4.055460735840827972e+07 2.899247861083720555e-24
4.500557675700496882e+07 2.092421163326993027e-24
4.994505115855139494e+07 1.506664466544321470e-24
5.542664520663107187e+07 1.082314672618026329e-24
6.150985788580504060e+07 7.755318515862609583e-25
6.826071834272393584e+07 5.544013158973551108e-25
7.575250258771920204e+07 3.953421703944117389e-25
8.406652885618332028e+07 2.812184561315541884e-25
9.329304026284696162e+07 1.995114750423415343e-25
1.035321843295663744e+08 1.411531814027521019e-25
1.148951000187308788e+08 9.959041855600964942e-26
1.275051240713012964e+08 7.005340539394282576e-26
1.414991297434575856e+08 4.911987042949639552e-26
1.570290124729377627e+08 3.432305131855333881e-26
1.742633386009651124e+08 2.389580979908767309e-26
1.933891750455232263e+08 1.656701617938775132e-26
2.146141197858406007e+08 1.143261846934113220e-26
2.381685551976160705e+08 7.850031446493144029e-27
2.643081486974108517e+08 5.357796471939488648e-27
2.933166278390048146e+08 3.632351377354797142e-27
3.255088599835056663e+08 2.442980177206548709e-27
3.612342699709430337e+08 1.627651867758539028e-27
4.008806328898465633e+08 1.072359840495219897e-27
4.448782831127585173e+08 6.964438785145079600e-28
4.937047852839003801e+08 4.445393608709141186e-28
5.478901179593944550e+08 2.774400925159441332e-28
6.080224261649426222e+08 1.680713463880590478e-28
6.747544053110699654e+08 9.771092422766381013e-29
7.488103857590031624e+08 5.349852331348988921e-29
8.309941949353404045e+08 2.665533676658841472e-29
9.221978823334341049e+08 1.123629772320237782e-29
1.023411402105452657e+09 3.301731769648036560e-30
1.135733358343105316e+09 1.496727732164258305e-31
