1.000000000000000000e+02 1.468412003245840713e-12
1.109752496412072134e+02 1.216780257917339780e-12
1.231550603292826196e+02 1.004969933496797500e-12
1.366716356462005990e+02 8.265316292773634099e-13
1.516716888470922413e+02 6.767043599665153481e-13
1.683180353330956791e+02 5.523704090606711977e-13
1.867913599020782840e+02 4.482942961073013251e-13
2.072921779595371845e+02 3.627884349016005425e-13
2.300430119772916839e+02 2.915683549958635801e-13
2.552908068239516410e+02 2.341681823697172580e-13
2.833096101839323637e+02 1.863274593930226795e-13
3.144035471591500368e+02 1.484416219613690345e-13
3.489101213406774491e+02 1.170478419158559694e-13
3.872038781812557318e+02 9.253344669589582716e-14
4.297004704320843871e+02 7.241346944724938970e-14
4.768611697714468960e+02 5.676263606714033784e-14
5.291978735958442712e+02 4.427870194421021246e-14
5.872786613189482523e+02 3.462173023248714688e-14
6.517339604882420190e+02 2.690825549676598974e-14
7.232633896483533817e+02 2.098864849318783056e-14
8.026433522257173081e+02 1.636461681562876182e-14
8.907354638610439679e+02 1.278969740915733958e-14
9.884959046625587007e+02 1.002199444922421226e-14
1.096985797892383971e+03 7.872884918983709065e-15
1.217382727739662187e+03 6.210900817456379403e-15
1.350993521198027793e+03 4.909097341078824600e-15
1.499268432786045423e+03 3.896033743980320406e-15
1.663816886076128640e+03 3.099464373364295020e-15
1.846424942895544291e+03 2.472341072260523189e-15
2.049074689815845886e+03 1.974285535301224165e-15
2.273965752357927613e+03 1.578982520266506019e-15
2.523539170434765765e+03 1.263402283464238255e-15
2.800503894183631019e+03 1.011396461946542952e-15
3.107866187782013640e+03 8.097066927968284408e-16
3.448962260405759935e+03 6.484903685536067125e-16
3.827494478516314757e+03 5.189760784225080635e-16
4.247571552536898707e+03 4.159999178641109981e-16
4.713753134116724141e+03 3.333863579664742052e-16
5.231099308056262998e+03 2.679732417476688292e-16
5.805225516094896193e+03 2.154463509833657255e-16
6.442363508721369726e+03 1.739919598231577823e-16
7.149428986597576113e+03 1.407253243313590312e-16
7.934096665797491369e+03 1.142742091187392868e-16
8.804883581643463913e+03 9.323356991115844689e-17
9.771241535346502133e+03 7.622290427536186701e-17
1.084365968689610963e+04 6.265452937887794447e-17
1.203377840777589154e+04 5.161121225151222233e-17
1.335451562929898682e+04 4.267805909776407527e-17
1.482020705798858762e+04 3.535100006841465467e-17
1.644676177994664249e+04 2.935742984828255276e-17
1.825183494319044257e+04 2.439735803753027768e-17
2.025501939230666540e+04 2.028775026910079621e-17
2.247805833548725059e+04 1.687066317635994595e-17
2.494508135230316839e+04 1.401762844467039697e-17
2.768286630392066581e+04 1.163960908718763543e-17
3.072112998861759115e+04 9.655653284738799858e-18
3.409285069746814406e+04 7.989579452495533754e-18
3.783462617131928710e+04 6.593826112431496808e-18
4.198707084443910571e+04 5.431337161272598953e-18
4.659525668664683326e+04 4.462446897220611131e-18
5.170920242896761192e+04 3.654935406832184548e-18
5.738441648302398244e+04 2.982533214662871426e-18
6.368249944718585903e+04 2.425231292044664388e-18
7.067181273927491566e+04 1.964815950544897012e-18
7.842822061337680498e+04 1.586301742896765630e-18
8.703591361485165544e+04 1.275590678332166320e-18
9.658832241158708348e+04 1.021881679608991348e-18
1.071891319205127511e+05 8.161185413322907232e-19
1.189534067370319535e+05 6.497830093506102255e-19
1.320088400831418112e+05 5.163827777954465375e-19
1.464971398307286145e+05 4.104847701596342171e-19
1.625755666443794908e+05 3.269468253598619755e-19
1.804186409392071655e+05 2.613376425620798275e-19
2.002200371815584658e+05 2.101779806801210554e-19
2.221946860939523904e+05 1.704230094231685955e-19
2.465811075822604180e+05 1.393878199058690873e-19
2.736439997074671555e+05 1.149082805649742719e-19
3.036771118035460822e+05 9.533448475510991452e-20
3.370064329271928291e+05 7.941581819577616084e-20
3.739937302478798083e+05 6.630825252730635130e-20
4.150404757850476308e+05 5.542239479250794640e-20
4.605922041145108524e+05 4.633131504120447554e-20
5.111433483440171112e+05 3.872616928477599739e-20
5.672426068491977639e+05 3.234889298206424883e-20
6.294988990221888525e+05 2.701013791612549209e-20
6.985879746785250027e+05 2.253342807603101275e-20
7.752597488629464060e+05 1.878617198162294153e-20
8.603464416684507160e+05 1.564707739632596332e-20
9.547716114208066138e+05 1.302336241508666549e-20
1.059560179277617019e+06 1.082858805142553393e-20
1.175849554052158026e+06 8.996009767840936227e-21
1.304901978014401859e+06 7.466239903319562412e-21
1.448118227674532915e+06 6.190064134571054085e-21
1.607052818261638284e+06 5.127144318572038533e-21
1.783430876931909472e+06 4.241376814988872556e-21
1.979166867853557458e+06 3.504902019333636418e-21
2.196385372416546568e+06 2.892629522994318347e-21
2.437444150122222025e+06 2.384221742057992098e-21
2.704959730463137385e+06 1.962489348851380428e-21
3.001835813575591892e+06 1.613254287981369481e-21
3.331294787934676744e+06 1.324131153643666254e-21
3.696912707195031922e+06 1.084892309663899349e-21
4.102658105827190448e+06 8.876458641004750444e-22
4.552935074866947718e+06 7.247028637179559584e-22
5.052631065335679799e+06 5.908060355396935421e-22
5.607169938205458224e+06 4.805473279284667787e-22
6.222570836730230600e+06 3.901114389218883792e-22
6.905513520162330940e+06 3.159463889138498880e-22
7.663410868007462472e+06 2.552804645441352586e-22
8.504489341802684590e+06 2.057370896166004465e-22
9.437878277775391936e+06 1.653574648769508273e-22
1.047370897959450819e+07 1.325090886930439747e-22
1.162322468679854274e+07 1.058376585642278076e-22
1.289890261253307760e+07 8.421496525935956168e-23
1.431458937523478456e+07 6.681636859191163663e-23
1.588565129428052530e+07 5.274615413757254131e-23
1.762914118095947802e+07 4.147727874744271833e-23
1.956398343517064676e+07 3.246924159803255433e-23
2.171117945694505423e+07 2.527991520348314710e-23
2.409403560239527002e+07 1.951706378392641794e-23
2.673841615839949250e+07 1.499344383764627072e-23
2.967302408188872784e+07 1.141967555579081797e-23
3.292971255097155273e+07 8.616301155369852028e-24
3.654383070957254618e+07 6.441552778652028450e-24
4.055460735840827972e+07 4.758109330393404383e-24
4.500557675700496882e+07 3.466519427509649956e-24
4.994505115855139494e+07 2.486328476916163422e-24
5.542664520663107187e+07 1.750376231523527810e-24
6.150985788580504060e+07 1.205919217792047358e-24
6.826071834272393584e+07 8.083435413628223680e-25
7.575250258771920204e+07 5.239490550172453319e-25
8.406652885618332028e+07 3.252412748895689453e-25
9.329304026284696162e+07 1.907022571381451176e-25
1.035321843295663744e+08 1.033967613610408696e-25
1.148951000187308788e+08 5.041493392234474430e-26
1.275051240713012964e+08 2.116844171112023155e-26
1.414991297434575856e+08 7.276861812635410065e-27
1.570290124729377627e+08 2.050322437121554142e-27
1.742633386009651124e+08 4.246728374620578347e-28
1.933891750455232263e+08 2.750566036290081615e-30
2.146141197858406007e+08 6.022869033746243814e-36
2.381685551976160705e+08 5.304714178780290521e-48
2.643081486974108517e+08 7.777132167652204518e-73
2.933166278390048146e+08 5.896740098999143745e-130
