1.000000000000000000e+02 5.662109033227908196e-11
1.109752496412072134e+02 4.920460708077932336e-11
1.231550603292826196e+02 4.274115082157723039e-11
1.366716356462005990e+02 3.711465258791755280e-11
1.516716888470922413e+02 3.221878076656225794e-11
1.683180353330956791e+02 2.795771278740752987e-11
1.867913599020782840e+02 2.425069228868200035e-11
2.072921779595371845e+02 2.102695532824232185e-11
2.300430119772916839e+02 1.822404436762107604e-11
2.552908068239516410e+02 1.578811760359597728e-11
2.833096101839323637e+02 1.367051079298631997e-11
3.144035471591500368e+02 1.183288074272657825e-11
3.489101213406774491e+02 1.023607944472268162e-11
3.872038781812557318e+02 8.850396781410784738e-12
4.297004704320843871e+02 7.647906103505349546e-12
4.768611697714468960e+02 6.605353384849294333e-12
5.291978735958442712e+02 5.701010192248310618e-12
5.872786613189482523e+02 4.918256179244796766e-12
6.517339604882420190e+02 4.239195142050410186e-12
7.232633896483533817e+02 3.652511834634494093e-12
8.026433522257173081e+02 3.143783815392409414e-12
8.907354638610439679e+02 2.704590277491969288e-12
9.884959046625587007e+02 2.324966011667042914e-12
1.096985797892383971e+03 1.996729778639222692e-12
1.217382727739662187e+03 1.713969224299665972e-12
1.350993521198027793e+03 1.469418771791337033e-12
1.499268432786045423e+03 1.259111419229491605e-12
1.663816886076128640e+03 1.077584316393203105e-12
1.846424942895544291e+03 9.214960055391729410e-13
2.049074689815845886e+03 7.872313971968740987e-13
2.273965752357927613e+03 6.718055272234727792e-13
2.523539170434765765e+03 5.727548527704464107e-13
2.800503894183631019e+03 4.876991622704191645e-13
3.107866187782013640e+03 4.148634788164169689e-13
3.448962260405759935e+03 3.524182029090136197e-13
3.827494478516314757e+03 2.990918141768180146e-13
4.247571552536898707e+03 2.534344407809759008e-13
4.713753134116724141e+03 2.145227491008580577e-13
5.231099308056262998e+03 1.813903697453906309e-13
5.805225516094896193e+03 1.530703102792445227e-13
6.442363508721369726e+03 1.291298670765655834e-13
7.149428986597576113e+03 1.086502513015321936e-13
7.934096665797491369e+03 9.138305912894495306e-14
8.804883581643463913e+03 7.670875799605575075e-14
9.771241535346502133e+03 6.434844767329701757e-14
1.084365968689610963e+04 5.387579464146716740e-14
1.203377840777589154e+04 4.506487226340278242e-14
1.335451562929898682e+04 3.765083167227705586e-14
1.482020705798858762e+04 3.140682369461173562e-14
1.644676177994664249e+04 2.617500918725240640e-14
1.825183494319044257e+04 2.178578710464869014e-14
2.025501939230666540e+04 1.812435185911156436e-14
2.247805833548725059e+04 1.504786480512120203e-14
2.494508135230316839e+04 1.250367808716208475e-14
2.768286630392066581e+04 1.036213128860013238e-14
3.072112998861759115e+04 8.594218639316395719e-15
3.409285069746814406e+04 7.102711282711786241e-15
3.783462617131928710e+04 5.883067708448036847e-15
4.198707084443910571e+04 4.856913372092411401e-15
4.659525668664683326e+04 4.010183668164017105e-15
5.170920242896761192e+04 3.307529289855909089e-15
5.738441648302398244e+04 2.722377620190635247e-15
6.368249944718585903e+04 2.238342720901826087e-15
7.067181273927491566e+04 1.836006366230783045e-15
7.842822061337680498e+04 1.502737055730219724e-15
8.703591361485165544e+04 1.227554481790124365e-15
9.658832241158708348e+04 9.979133352797822103e-16
1.071891319205127511e+05 8.096939421419936505e-16
1.189534067370319535e+05 6.541585343132607197e-16
1.320088400831418112e+05 5.262828460619881425e-16
1.464971398307286145e+05 4.218276344368669344e-16
1.625755666443794908e+05 3.363864814427980704e-16
1.804186409392071655e+05 2.669570544673663833e-16
2.002200371815584658e+05 2.107246137218268021e-16
2.221946860939523904e+05 1.655143530492478631e-16
2.465811075822604180e+05 1.292657447096071664e-16
2.736439997074671555e+05 1.003648556320036119e-16
3.036771118035460822e+05 7.750064282968862313e-17
3.370064329271928291e+05 5.947540391947518783e-17
3.739937302478798083e+05 4.542223341263342663e-17
4.150404757850476308e+05 3.445251596535313863e-17
4.605922041145108524e+05 2.597717537170176045e-17
5.111433483440171112e+05 1.946890196903972268e-17
5.672426068491977639e+05 1.448839063841377468e-17
6.294988990221888525e+05 1.070050202314126083e-17
6.985879746785250027e+05 7.818876814177122046e-18
7.752597488629464060e+05 5.647804447078576905e-18
8.603464416684507160e+05 4.015719726674549497e-18
9.547716114208066138e+05 2.794108333596190864e-18
1.059560179277617019e+06 1.892874626688546773e-18
1.175849554052158026e+06 1.234111044716881693e-18
1.304901978014401859e+06 7.616857769837463523e-19
1.448118227674532915e+06 4.363839817606549086e-19
1.607052818261638284e+06 2.254708688643722766e-19
1.783430876931909472e+06 1.024758672810031820e-19
1.979166867853557458e+06 4.096209336765071874e-20
2.196385372416546568e+06 1.507337745506403871e-20
2.437444150122222025e+06 5.628987852103773278e-21
2.704959730463137385e+06 2.464583246166207920e-21
3.001835813575591892e+06 1.368576902449153214e-21
3.331294787934676744e+06 9.016090153306950345e-22
3.696912707195031922e+06 6.428475538065651793e-22
4.102658105827190448e+06 4.715945351276563460e-22
4.552935074866947718e+06 3.491505743989405272e-22
5.052631065335679799e+06 2.589600403298032622e-22
5.607169938205458224e+06 1.920892552171556032e-22
6.222570836730230600e+06 1.425945603170366834e-22
6.905513520162330940e+06 1.058919189396179374e-22
7.663410868007462472e+06 7.867604863165163446e-23
8.504489341802684590e+06 5.838965341471907569e-23
9.437878277775391936e+06 4.328988916576546899e-23
1.047370897959450819e+07 3.208920385125850427e-23
1.162322468679854274e+07 2.376506809152163268e-23
1.289890261253307760e+07 1.758102056253607610e-23
1.431458937523478456e+07 1.299006857973637753e-23
1.588565129428052530e+07 9.586108594709814849e-24
1.762914118095947802e+07 7.062434433118238589e-24
1.956398343517064676e+07 5.194097264245202017e-24
2.171117945694505423e+07 3.813475533193691712e-24
2.409403560239527002e+07 2.793420675616190923e-24
2.673841615839949250e+07 2.042122595558575035e-24
2.967302408188872784e+07 1.489308447271308402e-24
3.292971255097155273e+07 1.083266934614035917e-24
3.654383070957254618e+07 7.857522692594900913e-25
4.055460735840827972e+07 5.681335055135997956e-25
4.500557675700496882e+07 4.093650967310921588e-25
4.994505115855139494e+07 2.938345475021447726e-25
5.542664520663107187e+07 2.099509656733826284e-25
6.150985788580504060e+07 1.493442432104170969e-25
6.826071834272393584e+07 1.056660919270086891e-25
7.575250258771920204e+07 7.429636923556956032e-26
8.406652885618332028e+07 5.185972157318466662e-26
9.329304026284696162e+07 3.590306750171734066e-26
1.035321843295663744e+08 2.461442970544044857e-26
1.148951000187308788e+08 1.667895584461602044e-26
1.275051240713012964e+08 1.114373752028877017e-26
1.414991297434575856e+08 7.317129899945273100e-27
1.570290124729377627e+08 4.702141285898736047e-27
1.742633386009651124e+08 2.940925585785407745e-27
1.933891750455232263e+08 1.773712426834792050e-27
2.146141197858406007e+08 1.019723733928370719e-27
2.381685551976160705e+08 5.477303236221972646e-28
2.643081486974108517e+08 2.663995556889721489e-28
2.933166278390048146e+08 1.113623090385006148e-28
3.255088599835056663e+08 3.687806849601219965e-29
3.612342699709430337e+08 8.447843508250141491e-30
