1.000000000000000000e+02 1.115415610381557573e-11
1.109752496412072134e+02 9.703953522171300476e-12
1.231550603292826196e+02 8.436883386476892117e-12
1.366716356462005990e+02 7.326178453047934076e-12
1.516716888470922413e+02 6.357132718217171839e-12
1.683180353330956791e+02 5.509872369293055969e-12
1.867913599020782840e+02 4.771023628681484924e-12
2.072921779595371845e+02 4.125716060713885688e-12
2.300430119772916839e+02 3.564575613541819881e-12
2.552908068239516410e+02 3.075556930283110197e-12
2.833096101839323637e+02 2.651051820287764441e-12
3.144035471591500368e+02 2.281766007092936017e-12
3.489101213406774491e+02 1.961623451974810357e-12
3.872038781812557318e+02 1.684213148057662136e-12
4.297004704320843871e+02 1.444155796414609845e-12
4.768611697714468960e+02 1.236537768738125257e-12
5.291978735958442712e+02 1.057410669598468414e-12
5.872786613189482523e+02 9.031187044530702313e-13
6.517339604882420190e+02 7.699398793262126410e-13
7.232633896483533817e+02 6.557178627498839070e-13
8.026433522257173081e+02 5.574990025950863371e-13
8.907354638610439679e+02 4.733939541981982079e-13
9.884959046625587007e+02 4.013501027732080829e-13
1.096985797892383971e+03 3.398234554751789871e-13
1.217382727739662187e+03 2.873842911338506109e-13
1.350993521198027793e+03 2.426415949503853049e-13
1.499268432786045423e+03 2.047077299189014239e-13
1.663816886076128640e+03 1.724648714891169772e-13
1.846424942895544291e+03 1.451155675005192069e-13
2.049074689815845886e+03 1.220110199141809407e-13
2.273965752357927613e+03 1.024679285902331494e-13
2.523539170434765765e+03 8.600086514708650003e-14
2.800503894183631019e+03 7.212393264877392400e-14
3.107866187782013640e+03 6.043250414012231269e-14
3.448962260405759935e+03 5.062728289178342165e-14
3.827494478516314757e+03 4.237516012116423766e-14
4.247571552536898707e+03 3.545775201185725032e-14
4.713753134116724141e+03 2.965394553272810170e-14
5.231099308056262998e+03 2.478881894712022594e-14
5.805225516094896193e+03 2.071703618869736442e-14
6.442363508721369726e+03 1.730365452800112372e-14
7.149428986597576113e+03 1.444807840165385297e-14
7.934096665797491369e+03 1.205917716912130142e-14
8.804883581643463913e+03 1.005989082045512158e-14
9.771241535346502133e+03 8.387512962917590175e-15
1.084365968689610963e+04 6.990234708566508718e-15
1.203377840777589154e+04 5.822644166762673726e-15
1.335451562929898682e+04 4.847534398806281577e-15
1.482020705798858762e+04 4.033404864175659619e-15
1.644676177994664249e+04 3.354233411418422250e-15
1.825183494319044257e+04 2.787913187546701545e-15
2.025501939230666540e+04 2.315943070026880987e-15
2.247805833548725059e+04 1.922789747063607154e-15
2.494508135230316839e+04 1.595681045499666209e-15
2.768286630392066581e+04 1.323425359935074122e-15
3.072112998861759115e+04 1.097026189923223615e-15
3.409285069746814406e+04 9.089367575884140770e-16
3.783462617131928710e+04 7.527521403479655234e-16
4.198707084443910571e+04 6.231334898299647723e-16
4.659525668664683326e+04 5.155357604241674180e-16
5.170920242896761192e+04 4.263571839349242351e-16
5.738441648302398244e+04 3.524353866121764508e-16
6.368249944718585903e+04 2.911558003400318360e-16
7.067181273927491566e+04 2.404448771955095293e-16
7.842822061337680498e+04 1.984524495798977977e-16
8.703591361485165544e+04 1.636904128178381754e-16
9.658832241158708348e+04 1.349591597339329755e-16
1.071891319205127511e+05 1.111982815247530315e-16
1.189534067370319535e+05 9.155342802573304972e-17
1.320088400831418112e+05 7.534525237988963946e-17
1.464971398307286145e+05 6.194756959924553995e-17
1.625755666443794908e+05 5.090376075589583140e-17
1.804186409392071655e+05 4.182626657534677287e-17
2.002200371815584658e+05 3.429101163999675374e-17
2.221946860939523904e+05 2.810855592723982572e-17
2.465811075822604180e+05 2.302403220343881799e-17
2.736439997074671555e+05 1.884123743999353930e-17
3.036771118035460822e+05 1.540706034815307058e-17
3.370064329271928291e+05 1.258697826271642812e-17
3.739937302478798083e+05 1.027397915065139446e-17
4.150404757850476308e+05 8.378801648618838924e-18
4.605922041145108524e+05 6.828200915946603894e-18
5.111433483440171112e+05 5.560243715181429644e-18
5.672426068491977639e+05 4.524429285594885803e-18
6.294988990221888525e+05 3.678160049957928346e-18
6.985879746785250027e+05 2.988133823953407995e-18
7.752597488629464060e+05 2.424908734695797282e-18
8.603464416684507160e+05 1.966328306248865730e-18
9.547716114208066138e+05 1.592962500404613931e-18
1.059560179277617019e+06 1.289490563416658913e-18
1.175849554052158026e+06 1.042611082596398957e-18
1.304901978014401859e+06 8.422238780959064149e-19
1.448118227674532915e+06 6.795279098276205878e-19
1.607052818261638284e+06 5.477694294634601524e-19
1.783430876931909472e+06 4.410373509449262771e-19
1.979166867853557458e+06 3.547496398155137207e-19
2.196385372416546568e+06 2.849561403253094939e-19
2.437444150122222025e+06 2.286186606940318981e-19
2.704959730463137385e+06 1.832071103103996294e-19
3.001835813575591892e+06 1.466166547837739668e-19
3.331294787934676744e+06 1.171993630976284634e-19
3.696912707195031922e+06 9.353065724656117743e-20
4.102658105827190448e+06 7.455094413100416578e-20
4.552935074866947718e+06 5.933021656049304866e-20
5.052631065335679799e+06 4.715542185628690802e-20
5.607169938205458224e+06 3.741612285477033101e-20
6.222570836730230600e+06 2.964356459898305378e-20
6.905513520162330940e+06 2.344710051888755670e-20
7.663410868007462472e+06 1.851351930583109998e-20
8.504489341802684590e+06 1.459553651743216837e-20
9.437878277775391936e+06 1.148504190378655267e-20
1.047370897959450819e+07 9.021734558315842079e-21
1.162322468679854274e+07 7.073744722491191202e-21
1.289890261253307760e+07 5.535007864894409232e-21
1.431458937523478456e+07 4.322901446253668497e-21
1.588565129428052530e+07 3.369363765609821435e-21
1.762914118095947802e+07 2.620591668078601898e-21
1.956398343517064676e+07 2.033709472758907815e-21
2.171117945694505423e+07 1.575056741122145462e-21
2.409403560239527002e+07 1.216805322479989363e-21
2.673841615839949250e+07 9.379508574403524235e-22
2.967302408188872784e+07 7.211752785663418688e-22
3.292971255097155273e+07 5.531280608573652786e-22
3.654383070957254618e+07 4.231704150826746989e-22
4.055460735840827972e+07 3.227670832976775595e-22
4.500557675700496882e+07 2.455748136334279175e-22
4.994505115855139494e+07 1.862678856001165915e-22
5.542664520663107187e+07 1.408674936597186433e-22
6.150985788580504060e+07 1.061917597572582646e-22
6.826071834272393584e+07 7.979267126971253023e-23
7.575250258771920204e+07 5.976258867531881864e-23
8.406652885618332028e+07 4.459239612579312214e-23
9.329304026284696162e+07 3.314692748873386971e-23
1.035321843295663744e+08 2.454290688101939155e-23
1.148951000187308788e+08 1.809095296473565890e-23
1.275051240713012964e+08 1.327454340962938817e-23
1.414991297434575856e+08 9.691167059532260626e-24
1.570290124729377627e+08 7.036015588863985137e-24
1.742633386009651124e+08 5.077552338579995653e-24
1.933891750455232263e+08 3.640004024489168024e-24
2.146141197858406007e+08 2.589974960301374946e-24
2.381685551976160705e+08 1.826704584580857289e-24
2.643081486974108517e+08 1.276165067879855632e-24
2.933166278390048146e+08 8.817297612415203687e-25
3.255088599835056663e+08 6.010522207318062035e-25
3.612342699709430337e+08 4.035177315023986223e-25
4.008806328898465633e+08 2.655679801857882764e-25
4.448782831127585173e+08 1.704986457343985845e-25
4.937047852839003801e+08 1.060757102846763579e-25
5.478901179593944550e+08 6.309527345406316049e-26
6.080224261649426222e+08 3.533169648374240522e-26
6.747544053110699654e+08 1.791251587206830291e-26
7.488103857590031624e+08 7.670138789083052007e-27
8.309941949353404045e+08 2.275828665887143985e-27
9.221978823334341049e+08 2.049983966803190460e-28
1.023411402105452657e+09 4.653739054954336920e-42
