1.000000000000000000e+02 3.047366014067163433e-12
1.109752496412072134e+02 2.625873525203689604e-12
1.231550603292826196e+02 2.260232309984777689e-12
1.366716356462005990e+02 1.942309626488333612e-12
1.516716888470922413e+02 1.665886076401983936e-12
1.683180353330956791e+02 1.428659969004592980e-12
1.867913599020782840e+02 1.221505826526926666e-12
2.072921779595371845e+02 1.042277638546189127e-12
2.300430119772916839e+02 8.886563384727074288e-13
2.552908068239516410e+02 7.553312907451770761e-13
2.833096101839323637e+02 6.410927674904828486e-13
3.144035471591500368e+02 5.426034293021016296e-13
3.489101213406774491e+02 4.583786478885567013e-13
3.872038781812557318e+02 3.862728788006217518e-13
4.297004704320843871e+02 3.245595432257674928e-13
4.768611697714468960e+02 2.723080729602646246e-13
5.291978735958442712e+02 2.276144936463456921e-13
5.872786613189482523e+02 1.901986156241855380e-13
6.517339604882420190e+02 1.581288911740108085e-13
7.232633896483533817e+02 1.315418819024913545e-13
8.026433522257173081e+02 1.090167734964535488e-13
8.907354638610439679e+02 9.028010545328305573e-14
9.884959046625587007e+02 7.459669423809950875e-14
1.096985797892383971e+03 6.163583225751211485e-14
1.217382727739662187e+03 5.082794114532509306e-14
1.350993521198027793e+03 4.198325184049816531e-14
1.499268432786045423e+03 3.457915306355127556e-14
1.663816886076128640e+03 2.855424816110569350e-14
1.846424942895544291e+03 2.352168935408970809e-14
2.049074689815845886e+03 1.943373554125565686e-14
2.273965752357927613e+03 1.602645661702077796e-14
2.523539170434765765e+03 1.323876803392746069e-14
2.800503894183631019e+03 1.092366867692173824e-14
3.107866187782013640e+03 9.011653085382948432e-15
3.448962260405759935e+03 7.426729021661863356e-15
3.827494478516314757e+03 6.107613480934751288e-15
4.247571552536898707e+03 5.014370523023677989e-15
4.713753134116724141e+03 4.100913095157304433e-15
5.231099308056262998e+03 3.344554692648519067e-15
5.805225516094896193e+03 2.714006054638474137e-15
6.442363508721369726e+03 2.194220017579123915e-15
7.149428986597576113e+03 1.763349364761069675e-15
7.934096665797491369e+03 1.410952773505706220e-15
8.804883581643463913e+03 1.121054485850184117e-15
9.771241535346502133e+03 8.867765900418263988e-16
1.084365968689610963e+04 6.992658653403451393e-16
1.203377840777589154e+04 5.464686860751977152e-16
1.335451562929898682e+04 4.235503385365662744e-16
1.482020705798858762e+04 3.298670361348780916e-16
1.644676177994664249e+04 2.543271245592216598e-16
1.825183494319044257e+04 1.960323326028138949e-16
2.025501939230666540e+04 1.521869038867720670e-16
2.247805833548725059e+04 1.170562304005649667e-16
2.494508135230316839e+04 9.086476917100692069e-17
2.768286630392066581e+04 7.105972746600640808e-17
3.072112998861759115e+04 5.574961550890024812e-17
3.409285069746814406e+04 4.411025517540863393e-17
3.783462617131928710e+04 3.521355822585840298e-17
4.198707084443910571e+04 2.829377766195672821e-17
4.659525668664683326e+04 2.286609910622493196e-17
5.170920242896761192e+04 1.858304348778756419e-17
5.738441648302398244e+04 1.514658682475622408e-17
6.368249944718585903e+04 1.235834182762612787e-17
7.067181273927491566e+04 1.007483616856912060e-17
7.842822061337680498e+04 8.193913039869153976e-18
8.703591361485165544e+04 6.637253699130591070e-18
9.658832241158708348e+04 5.344543059519872065e-18
1.071891319205127511e+05 4.273403991406471598e-18
1.189534067370319535e+05 3.384987019270730499e-18
1.320088400831418112e+05 2.650099140990895124e-18
1.464971398307286145e+05 2.045959267196009473e-18
1.625755666443794908e+05 1.552781057924601388e-18
1.804186409392071655e+05 1.154301839647884879e-18
2.002200371815584658e+05 8.339750540644080600e-19
2.221946860939523904e+05 5.831359355827160201e-19
2.465811075822604180e+05 3.912583678606609851e-19
2.736439997074671555e+05 2.490840705743667454e-19
3.036771118035460822e+05 1.485358370020629906e-19
3.370064329271928291e+05 8.184300344129464074e-20
3.739937302478798083e+05 4.115229421475926037e-20
4.150404757850476308e+05 1.891648576313336379e-20
4.605922041145108524e+05 8.166133643810105040e-21
5.111433483440171112e+05 3.514504314608667099e-21
5.672426068491977639e+05 1.621140446887199461e-21
6.294988990221888525e+05 8.426585755365524472e-22
6.985879746785250027e+05 4.924568341486080529e-22
7.752597488629464060e+05 3.095397545942104976e-22
8.603464416684507160e+05 2.004795804803152309e-22
9.547716114208066138e+05 1.299651575322447344e-22
1.059560179277617019e+06 8.310504480233789057e-23
1.175849554052158026e+06 5.233437781630119060e-23
1.304901978014401859e+06 3.251493617830077224e-23
1.448118227674532915e+06 1.993078890861752703e-23
1.607052818261638284e+06 1.201969868300373715e-23
1.783430876931909472e+06 7.114649422084443815e-24
1.979166867853557458e+06 4.116890321342370422e-24
2.196385372416546568e+06 2.310491987156351233e-24
2.437444150122222025e+06 1.241880590053913189e-24
2.704959730463137385e+06 6.278061696810641173e-25
3.001835813575591892e+06 2.909003665326669221e-25
3.331294787934676744e+06 1.203903261448095411e-25
3.696912707195031922e+06 4.394645259083253292e-26
4.102658105827190448e+06 1.411186223900013367e-26
4.552935074866947718e+06 3.940171951942189155e-27
5.052631065335679799e+06 9.453707169207856720e-28
5.607169938205458224e+06 1.925492995041358073e-28
6.222570836730230600e+06 3.293607919084910838e-29
6.905513520162330940e+06 4.676931369145308863e-30
7.663410868007462472e+06 5.450590588400937815e-31
8.504489341802684590e+06 5.153507509074272304e-32
9.437878277775391936e+06 3.906385743840747787e-33
1.047370897959450819e+07 2.345366530344142113e-34
1.162322468679854274e+07 1.101538373157099019e-35
1.289890261253307760e+07 3.992204280452307009e-37
1.431458937523478456e+07 1.099100623063334211e-38
1.588565129428052530e+07 2.251872036697403108e-40
1.762914118095947802e+07 3.337108577501384133e-42
1.956398343517064676e+07 3.461388337330765492e-44
2.171117945694505423e+07 2.418196314894940915e-46
2.409403560239527002e+07 1.089527133122193202e-48
2.673841615839949250e+07 3.024651575010399449e-51
2.967302408188872784e+07 4.938833609103000349e-54
3.292971255097155273e+07 4.511072723721446375e-57
3.654383070957254618e+07 2.182350570307339058e-60
4.055460735840827972e+07 5.263613288534047041e-64
4.500557675700496882e+07 5.881285224447165416e-68
4.994505115855139494e+07 2.784522271669692743e-72
5.542664520663107187e+07 5.044399226874712249e-77
6.150985788580504060e+07 3.119057541857848150e-82
6.826071834272393584e+07 5.790453977106328620e-88
7.575250258771920204e+07 2.787008837777286448e-94
8.406652885618332028e+07 2.940233366606812460e-101
9.329304026284696162e+07 5.619196343243422753e-109
1.035321843295663744e+08 1.567390649118348180e-117
1.148951000187308788e+08 4.981932434450291102e-127
1.275051240713012964e+08 1.347705107174396030e-137
1.414991297434575856e+08 2.185295200852766594e-149
