1.000000000000000000e+02 1.801573844870267469e-12
1.109752496412072134e+02 1.263630435007002426e-12
1.231550603292826196e+02 9.209394585601456131e-13
1.366716356462005990e+02 6.989700642499414149e-13
1.516716888470922413e+02 5.507843662425753451e-13
1.683180353330956791e+02 4.473298783136363108e-13
1.867913599020782840e+02 3.712491255072624604e-13
2.072921779595371845e+02 3.123879996493292409e-13
2.300430119772916839e+02 2.649330808793621724e-13
2.552908068239516410e+02 2.255676982979044377e-13
2.833096101839323637e+02 1.923793634999479865e-13
3.144035471591500368e+02 1.641265873293406868e-13
3.489101213406774491e+02 1.399936214123712098e-13
3.872038781812557318e+02 1.193337958510672572e-13
4.297004704320843871e+02 1.016668244623343384e-13
4.768611697714468960e+02 8.655033660820866292e-14
5.291978735958442712e+02 7.362629067256075432e-14
5.872786613189482523e+02 6.258172259303599502e-14
6.517339604882420190e+02 5.314981544479144129e-14
7.232633896483533817e+02 4.511909697793762374e-14
8.026433522257173081e+02 3.824874851839618190e-14
8.907354638610439679e+02 3.240653021644865628e-14
9.884959046625587007e+02 2.743196401560982440e-14
1.096985797892383971e+03 2.319724324258502071e-14
1.217382727739662187e+03 1.959993378333997936e-14
1.350993521198027793e+03 1.654486980899308553e-14
1.499268432786045423e+03 1.395046095280995934e-14
1.663816886076128640e+03 1.175200584990256679e-14
1.846424942895544291e+03 9.890670066007306974e-15
2.049074689815845886e+03 8.314035677937690885e-15
2.273965752357927613e+03 6.981363158787700384e-15
2.523539170434765765e+03 5.855937611084596074e-15
2.800503894183631019e+03 4.906808905892030454e-15
3.107866187782013640e+03 4.105983902453286222e-15
3.448962260405759935e+03 3.432709743575959109e-15
3.827494478516314757e+03 2.865628035406867972e-15
4.247571552536898707e+03 2.389289286012194083e-15
4.713753134116724141e+03 1.989314770969784876e-15
5.231099308056262998e+03 1.654758980554413297e-15
5.805225516094896193e+03 1.374248133916096573e-15
6.442363508721369726e+03 1.139535955600822017e-15
7.149428986597576113e+03 9.436548585449909986e-16
7.934096665797491369e+03 7.802777349311101021e-16
8.804883581643463913e+03 6.440977984104309342e-16
9.771241535346502133e+03 5.308256465359735012e-16
1.084365968689610963e+04 4.366351326477601754e-16
1.203377840777589154e+04 3.585446458178117121e-16
1.335451562929898682e+04 2.937946268236978042e-16
1.482020705798858762e+04 2.402959057723366630e-16
1.644676177994664249e+04 1.960852898026465330e-16
1.825183494319044257e+04 1.596419339684115378e-16
2.025501939230666540e+04 1.296590126515851952e-16
2.247805833548725059e+04 1.050384180414201657e-16
2.494508135230316839e+04 8.487180825461876472e-17
2.768286630392066581e+04 6.839319194949401395e-17
3.072112998861759115e+04 5.494711518985415542e-17
3.409285069746814406e+04 4.401980661649186762e-17
3.783462617131928710e+04 3.514654187861951139e-17
4.198707084443910571e+04 2.796981991836052906e-17
4.659525668664683326e+04 2.218484007845117368e-17
5.170920242896761192e+04 1.753087413867445638e-17
5.738441648302398244e+04 1.380377898117476503e-17
6.368249944718585903e+04 1.082829680008033156e-17
7.067181273927491566e+04 8.461194909276643518e-18
7.842822061337680498e+04 6.585793620410935221e-18
8.703591361485165544e+04 5.105182880480082741e-18
9.658832241158708348e+04 3.942214437097742458e-18
1.071891319205127511e+05 3.032480266002603384e-18
1.189534067370319535e+05 2.324372151658463121e-18
1.320088400831418112e+05 1.775260632283275658e-18
1.464971398307286145e+05 1.351716503553188921e-18
1.625755666443794908e+05 1.026551398781680743e-18
1.804186409392071655e+05 7.778797137601187473e-19
2.002200371815584658e+05 5.883323210471507521e-19
2.221946860939523904e+05 4.442154451110788756e-19
2.465811075822604180e+05 3.348108762905484463e-19
2.736439997074671555e+05 2.519126091284229163e-19
3.036771118035460822e+05 1.892416637424171241e-19
3.370064329271928291e+05 1.419457772491693408e-19
3.739937302478798083e+05 1.062899340695699022e-19
4.150404757850476308e+05 7.947919544107176131e-20
4.605922041145108524e+05 5.934701602325136187e-20
5.111433483440171112e+05 4.424878591861894210e-20
5.672426068491977639e+05 3.294908950912958213e-20
6.294988990221888525e+05 2.450346843284147554e-20
6.985879746785250027e+05 1.819918785953799940e-20
7.752597488629464060e+05 1.350070400645936074e-20
8.603464416684507160e+05 1.000383507463689181e-20
9.547716114208066138e+05 7.403865566862556484e-21
1.059560179277617019e+06 5.474154932594496629e-21
1.175849554052158026e+06 4.042916064096451722e-21
1.304901978014401859e+06 2.982749849355053117e-21
1.448118227674532915e+06 2.198553735359718538e-21
1.607052818261638284e+06 1.618857008502689516e-21
1.783430876931909472e+06 1.190912362311209059e-21
1.979166867853557458e+06 8.753118332989919824e-22
2.196385372416546568e+06 6.427303216250456104e-22
2.437444150122222025e+06 4.715227140694083578e-22
2.704959730463137385e+06 3.456225475203541466e-22
3.001835813575591892e+06 2.531044609846668769e-22
3.331294787934676744e+06 1.851931100563207139e-22
3.696912707195031922e+06 1.353814043705055744e-22
4.102658105827190448e+06 9.888409267008885096e-23
4.552935074866947718e+06 7.215764891328655474e-23
5.052631065335679799e+06 5.260706767026193162e-23
5.607169938205458224e+06 3.831854138607248715e-23
6.222570836730230600e+06 2.788487347931582051e-23
6.905513520162330940e+06 2.027337090144552466e-23
7.663410868007462472e+06 1.472512106023614411e-23
8.504489341802684590e+06 1.068490173016819513e-23
9.437878277775391936e+06 7.745516893003230364e-24
1.047370897959450819e+07 5.608982802912576569e-24
1.162322468679854274e+07 4.057517460653857697e-24
1.289890261253307760e+07 2.931974683544604365e-24
1.431458937523478456e+07 2.116293394213711293e-24
1.588565129428052530e+07 1.525830433339703615e-24
1.762914118095947802e+07 1.098784857852035334e-24
1.956398343517064676e+07 7.903170217443496619e-25
2.171117945694505423e+07 5.677156872742510106e-25
2.409403560239527002e+07 4.072783246239765585e-25
2.673841615839949250e+07 2.917868718302217917e-25
2.967302408188872784e+07 2.087535621354250259e-25
3.292971255097155273e+07 1.491265828632464912e-25
3.654383070957254618e+07 1.063644940171004907e-25
4.055460735840827972e+07 7.573424485244033418e-26
4.500557675700496882e+07 5.383183416257674705e-26
4.994505115855139494e+07 3.819166157211370926e-26
5.542664520663107187e+07 2.704151341357864499e-26
6.150985788580504060e+07 1.910568784407595705e-26
6.826071834272393584e+07 1.346529951127032434e-26
7.575250258771920204e+07 9.465079992083942087e-27
8.406652885618332028e+07 6.635772376534161844e-27
9.329304026284696162e+07 4.636082757188801777e-27
1.035321843295663744e+08 3.227632383711075643e-27
1.148951000187308788e+08 2.237995479267803247e-27
1.275051240713012964e+08 1.544636426364241542e-27
1.414991297434575856e+08 1.060515777533576472e-27
1.570290124729377627e+08 7.236833616536786217e-28
1.742633386009651124e+08 4.903438097921239801e-28
1.933891750455232263e+08 3.294702988586666168e-28
2.146141197858406007e+08 2.192031571707421260e-28
2.381685551976160705e+08 1.441141062040680117e-28
2.643081486974108517e+08 9.339025473637484003e-29
2.933166278390048146e+08 5.944150110608539064e-29
3.255088599835056663e+08 3.699120482095480694e-29
3.612342699709430337e+08 2.235434268797899650e-29
4.008806328898465633e+08 1.298885776165593233e-29
4.448782831127585173e+08 7.141659652429321148e-30
4.937047852839003801e+08 3.615384505762064027e-30
5.478901179593944550e+08 1.596811379995213352e-30
6.080224261649426222e+08 5.398647684301508454e-31
6.747544053110699654e+08 7.909965522247313997e-32
