1.000000000000000000e+02 4.910052466952639918e-16
1.109752496412072134e+02 4.265819639545814743e-16
1.231550603292826196e+02 3.704324978803545908e-16
1.366716356462005990e+02 3.215153327845298011e-16
1.516716888470922413e+02 2.789430198498681352e-16
1.683180353330956791e+02 2.418887140561857175e-16
1.867913599020782840e+02 2.096164263902508356e-16
2.072921779595371845e+02 1.815686149902397079e-16
2.300430119772916839e+02 1.571542127985893554e-16
2.552908068239516410e+02 1.359420423818147803e-16
2.833096101839323637e+02 1.175175523996754375e-16
3.144035471591500368e+02 1.015039892094236493e-16
3.489101213406774491e+02 8.762577028471027014e-17
3.872038781812557318e+02 7.556151915060447183e-17
4.297004704320843871e+02 6.512153255363479473e-17
4.768611697714468960e+02 5.606918165626643925e-17
5.291978735958442712e+02 4.823080722820320066e-17
5.872786613189482523e+02 4.145423513355513960e-17
6.517339604882420190e+02 3.559399756526153588e-17
7.232633896483533817e+02 3.053428140079911870e-17
8.026433522257173081e+02 2.617010018135127269e-17
8.907354638610439679e+02 2.240645345491733470e-17
9.884959046625587007e+02 1.916872149810201590e-17
1.096985797892383971e+03 1.638021376825406178e-17
1.217382727739662187e+03 1.398821883705245308e-17
1.350993521198027793e+03 1.193170042880817678e-17
1.499268432786045423e+03 1.017059827227903907e-17
1.663816886076128640e+03 8.660099013333368194e-18
1.846424942895544291e+03 7.370412845058059578e-18
2.049074689815845886e+03 6.265393495917471376e-18
2.273965752357927613e+03 5.323655523497643967e-18
2.523539170434765765e+03 4.518609472187506967e-18
2.800503894183631019e+03 3.833481341211482070e-18
3.107866187782013640e+03 3.249065632898583383e-18
3.448962260405759935e+03 2.752175379799705313e-18
3.827494478516314757e+03 2.329012976882482691e-18
4.247571552536898707e+03 1.969501772484645568e-18
4.713753134116724141e+03 1.664018803805494352e-18
5.231099308056262998e+03 1.404506028309398401e-18
5.805225516094896193e+03 1.184633988811355634e-18
6.442363508721369726e+03 9.980063463117303977e-19
7.149428986597576113e+03 8.401213128178225034e-19
7.934096665797491369e+03 7.063665377707422213e-19
8.804883581643463913e+03 5.932815735222076209e-19
9.771241535346502133e+03 4.977983057125059726e-19
1.084365968689610963e+04 4.172182145100244905e-19
1.203377840777589154e+04 3.493003209018477479e-19
1.335451562929898682e+04 2.921455000706449429e-19
1.482020705798858762e+04 2.441043044202349175e-19
1.644676177994664249e+04 2.037268645927716608e-19
1.825183494319044257e+04 1.698929358637970741e-19
2.025501939230666540e+04 1.415401203887057892e-19
2.247805833548725059e+04 1.178317008770083116e-19
2.494508135230316839e+04 9.802026991333261400e-20
2.768286630392066581e+04 8.147016411523139416e-20
3.072112998861759115e+04 6.767357612409365477e-20
3.409285069746814406e+04 5.618509365667647119e-20
3.783462617131928710e+04 4.661657281094957984e-20
4.198707084443910571e+04 3.865566295952155038e-20
4.659525668664683326e+04 3.203791988686790196e-20
5.170920242896761192e+04 2.653893378786942989e-20
5.738441648302398244e+04 2.196928953109629318e-20
6.368249944718585903e+04 1.817849012092545836e-20
7.067181273927491566e+04 1.503205535346408435e-20
7.842822061337680498e+04 1.242195800058033986e-20
8.703591361485165544e+04 1.025798249934044664e-20
9.658832241158708348e+04 8.464220824176686651e-21
1.071891319205127511e+05 6.978744780672879560e-21
1.189534067370319535e+05 5.748060481168333420e-21
1.320088400831418112e+05 4.729796737447504230e-21
1.464971398307286145e+05 3.887395487629114054e-21
1.625755666443794908e+05 3.190799918096673097e-21
1.804186409392071655e+05 2.615100885846971501e-21
2.002200371815584658e+05 2.139616083318239076e-21
2.221946860939523904e+05 1.747491559564768373e-21
2.465811075822604180e+05 1.424448411239672869e-21
2.736439997074671555e+05 1.158673852418194444e-21
3.036771118035460822e+05 9.402748925836720825e-22
3.370064329271928291e+05 7.616361227571119903e-22
3.739937302478798083e+05 6.155694428747491873e-22
4.150404757850476308e+05 4.963165980188159701e-22
4.605922041145108524e+05 3.992858783738084291e-22
5.111433483440171112e+05 3.205148336702165565e-22
5.672426068491977639e+05 2.565442542771486450e-22
6.294988990221888525e+05 2.047520088093752575e-22
6.985879746785250027e+05 1.629580290668310068e-22
7.752597488629464060e+05 1.292985691962611732e-22
8.603464416684507160e+05 1.022749767081604461e-22
9.547716114208066138e+05 8.064285322960331908e-23
1.059560179277617019e+06 6.336040153420032693e-23
1.175849554052158026e+06 4.960173975205442179e-23
1.304901978014401859e+06 3.868899294099068974e-23
1.448118227674532915e+06 3.007317745223902130e-23
1.607052818261638284e+06 2.329895849238465377e-23
1.783430876931909472e+06 1.798459223086995129e-23
1.979166867853557458e+06 1.384292873900800806e-23
2.196385372416546568e+06 1.062160678445535661e-23
2.437444150122222025e+06 8.114842277563318170e-24
2.704959730463137385e+06 6.172643324129938433e-24
3.001835813575591892e+06 4.666576554796454419e-24
3.331294787934676744e+06 3.497430202895070833e-24
3.696912707195031922e+06 2.593697243232391217e-24
4.102658105827190448e+06 1.894811090488035929e-24
4.552935074866947718e+06 1.355954320963332364e-24
5.052631065335679799e+06 9.436463136010975041e-25
5.607169938205458224e+06 6.333238602630451463e-25
6.222570836730230600e+06 4.043636867460541014e-25
6.905513520162330940e+06 2.413730750584810862e-25
7.663410868007462472e+06 1.312938853096377284e-25
8.504489341802684590e+06 6.294668747981520572e-26
9.437878277775391936e+06 2.576926496823783887e-26
1.047370897959450819e+07 9.443700691720009574e-27
1.162322468679854274e+07 3.900342547407814564e-27
1.289890261253307760e+07 1.655042804511889118e-27
1.431458937523478456e+07 2.375195120750983099e-28
