1.000000000000000000e+02 5.590770724933363847e-11
1.109752496412072134e+02 4.785114604903972961e-11
1.231550603292826196e+02 4.093978813114135975e-11
1.366716356462005990e+02 3.501229170114128813e-11
1.516716888470922413e+02 2.993392678412057383e-11
1.683180353330956791e+02 2.557912987001063053e-11
1.867913599020782840e+02 2.185080198142986158e-11
2.072921779595371845e+02 1.865544816828605628e-11
2.300430119772916839e+02 1.592210998624413979e-11
2.552908068239516410e+02 1.358190364089590660e-11
2.833096101839323637e+02 1.158172282786746245e-11
3.144035471591500368e+02 9.870166051493751951e-12
3.489101213406774491e+02 8.408831975616115620e-12
3.872038781812557318e+02 7.158613864719838670e-12
4.297004704320843871e+02 6.093052781817716070e-12
4.768611697714468960e+02 5.182219952111744926e-12
5.291978735958442712e+02 4.405909819739421357e-12
5.872786613189482523e+02 3.743714678547980688e-12
6.517339604882420190e+02 3.179744914276325885e-12
7.232633896483533817e+02 2.699114846443028622e-12
8.026433522257173081e+02 2.290036316603729550e-12
8.907354638610439679e+02 1.941899189447135877e-12
9.884959046625587007e+02 1.645898466921243625e-12
1.096985797892383971e+03 1.394259107856377729e-12
1.217382727739662187e+03 1.180620060318176947e-12
1.350993521198027793e+03 9.990608055792704695e-13
1.499268432786045423e+03 8.450799855050861970e-13
1.663816886076128640e+03 7.144813560658670676e-13
1.846424942895544291e+03 6.037665055880650360e-13
2.049074689815845886e+03 5.098988969844272988e-13
2.273965752357927613e+03 4.304645021320905810e-13
2.523539170434765765e+03 3.632264132104489463e-13
2.800503894183631019e+03 3.063351301594192127e-13
3.107866187782013640e+03 2.582271708440698528e-13
3.448962260405759935e+03 2.175561783290878320e-13
3.827494478516314757e+03 1.832042197289123190e-13
4.247571552536898707e+03 1.542006277548718133e-13
4.713753134116724141e+03 1.297116681383672249e-13
5.231099308056262998e+03 1.090613103929839046e-13
5.805225516094896193e+03 9.164841747067972242e-14
6.442363508721369726e+03 7.696986387744080114e-14
7.149428986597576113e+03 6.460457894305445334e-14
7.934096665797491369e+03 5.419605563395807225e-14
8.804883581643463913e+03 4.543418327203187972e-14
9.771241535346502133e+03 3.807008481244174959e-14
1.084365968689610963e+04 3.187630580788710849e-14
1.203377840777589154e+04 2.667507504740840385e-14
1.335451562929898682e+04 2.230801735536138629e-14
1.482020705798858762e+04 1.864340741878640872e-14
1.644676177994664249e+04 1.557067265572883151e-14
1.825183494319044257e+04 1.299629503460103862e-14
2.025501939230666540e+04 1.084156961824524443e-14
2.247805833548725059e+04 9.036838490625383493e-15
2.494508135230316839e+04 7.528297091745349437e-15
2.768286630392066581e+04 6.267652643554264391e-15
3.072112998861759115e+04 5.214552321205671219e-15
3.409285069746814406e+04 4.335261232052229474e-15
3.783462617131928710e+04 3.602490567983446491e-15
4.198707084443910571e+04 2.991480543825430829e-15
4.659525668664683326e+04 2.482258528664658954e-15
5.170920242896761192e+04 2.058475931986224177e-15
5.738441648302398244e+04 1.705942822973259107e-15
6.368249944718585903e+04 1.412619881110725511e-15
7.067181273927491566e+04 1.168728384207497374e-15
7.842822061337680498e+04 9.662012150648853674e-16
8.703591361485165544e+04 7.980914086998747529e-16
9.658832241158708348e+04 6.585059588347306262e-16
1.071891319205127511e+05 5.427969797259019127e-16
1.189534067370319535e+05 4.469081561027036306e-16
1.320088400831418112e+05 3.675570077979025700e-16
1.464971398307286145e+05 3.019159762949281114e-16
1.625755666443794908e+05 2.476288446304063434e-16
1.804186409392071655e+05 2.028348554803150439e-16
2.002200371815584658e+05 1.659072361066600269e-16
2.221946860939523904e+05 1.354213704730294859e-16
2.465811075822604180e+05 1.104389199192880397e-16
2.736439997074671555e+05 8.982162816706498556e-17
3.036771118035460822e+05 7.297815438011304298e-17
3.370064329271928291e+05 5.915152330477488640e-17
3.739937302478798083e+05 4.785300726338582269e-17
4.150404757850476308e+05 3.862360182529569665e-17
4.605922041145108524e+05 3.110999479339439172e-17
5.111433483440171112e+05 2.499157440171308625e-17
5.672426068491977639e+05 2.003629966056753248e-17
6.294988990221888525e+05 1.600923778468432887e-17
6.985879746785250027e+05 1.276737329271534960e-17
7.752597488629464060e+05 1.014331086390602613e-17
8.603464416684507160e+05 8.042068753392589527e-18
9.547716114208066138e+05 6.349690180065119508e-18
1.059560179277617019e+06 5.002006714006648310e-18
1.175849554052158026e+06 3.922518937648750379e-18
1.304901978014401859e+06 3.069173097005819044e-18
1.448118227674532915e+06 2.389421442832083426e-18
1.607052818261638284e+06 1.855251752523201381e-18
1.783430876931909472e+06 1.433988355967276709e-18
1.979166867853557458e+06 1.104618053151811095e-18
2.196385372416546568e+06 8.471375867070437662e-19
2.437444150122222025e+06 6.467624021246709693e-19
2.704959730463137385e+06 4.912759501816103691e-19
3.001835813575591892e+06 3.712990426778321952e-19
3.331294787934676744e+06 2.787008901939520161e-19
3.696912707195031922e+06 2.083310334880339689e-19
4.102658105827190448e+06 1.539577633651922083e-19
4.552935074866947718e+06 1.131076366506658691e-19
5.052631065335679799e+06 8.227388375870939636e-20
5.607169938205458224e+06 5.924013865717542524e-20
6.222570836730230600e+06 4.219422853505190002e-20
6.905513520162330940e+06 2.963569299625261817e-20
7.663410868007462472e+06 2.061295168103014791e-20
8.504489341802684590e+06 1.417822671272523778e-20
9.437878277775391936e+06 9.630146359809699361e-21
1.047370897959450819e+07 6.495438710719375162e-21
1.162322468679854274e+07 4.340141384494377232e-21
1.289890261253307760e+07 2.888857703666390380e-21
1.431458937523478456e+07 1.902575138413901728e-21
1.588565129428052530e+07 1.233579773013012268e-21
1.762914118095947802e+07 7.815833021465671208e-22
1.956398343517064676e+07 4.824550490350283166e-22
2.171117945694505423e+07 2.921246075480824087e-22
2.409403560239527002e+07 1.778558721759158521e-22
2.673841615839949250e+07 1.114364591125123380e-22
2.967302408188872784e+07 7.326632187998364307e-23
3.292971255097155273e+07 5.010804600828251882e-23
3.654383070957254618e+07 3.512287268255265276e-23
4.055460735840827972e+07 2.492320648185134142e-23
4.500557675700496882e+07 1.775747346660446598e-23
4.994505115855139494e+07 1.266091408110868502e-23
5.542664520663107187e+07 9.022709063711222928e-24
6.150985788580504060e+07 6.420531510033836360e-24
6.826071834272393584e+07 4.557090751636956983e-24
7.575250258771920204e+07 3.221796727676727368e-24
8.406652885618332028e+07 2.268361497451214965e-24
9.329304026284696162e+07 1.587913040484166036e-24
1.035321843295663744e+08 1.103715527654890051e-24
1.148951000187308788e+08 7.611636417206074832e-25
1.275051240713012964e+08 5.199379409453798153e-25
1.414991297434575856e+08 3.509146015562810263e-25
1.570290124729377627e+08 2.334623971215963314e-25
1.742633386009651124e+08 1.525018903390542797e-25
1.933891750455232263e+08 9.726804893098684918e-26
2.146141197858406007e+08 6.015717796570442414e-26
2.381685551976160705e+08 3.565747426367216157e-26
2.643081486974108517e+08 1.993291691664690195e-26
2.933166278390048146e+08 1.022226365465713844e-26
3.255088599835056663e+08 4.587042712354003955e-27
3.612342699709430337e+08 1.636355178529558305e-27
4.008806328898465633e+08 3.907408136790401744e-28
4.448782831127585173e+08 5.012256984917171935e-29
4.937047852839003801e+08 1.988197026133511323e-38
5.478901179593944550e+08 8.326917591435584702e-74
6.080224261649426222e+08 1.651242096821186125e-134
