1.000000000000000000e+02 6.292849452300643613e-13
1.109752496412072134e+02 5.314576941683821587e-13
1.231550603292826196e+02 4.469397840057929406e-13
1.366716356462005990e+02 3.752165213556485154e-13
1.516716888470922413e+02 3.134469489773266280e-13
1.683180353330956791e+02 2.613609528158732589e-13
1.867913599020782840e+02 2.171227303678383059e-13
2.072921779595371845e+02 1.793313860031157048e-13
2.300430119772916839e+02 1.479470717495903180e-13
2.552908068239516410e+02 1.212573065194205008e-13
2.833096101839323637e+02 9.894529199008485085e-14
3.144035471591500368e+02 8.061061261677650303e-14
3.489101213406774491e+02 6.517116575564307061e-14
3.872038781812557318e+02 5.269178106283009083e-14
4.297004704320843871e+02 4.221993280893236828e-14
4.768611697714468960e+02 3.389079588305286957e-14
5.291978735958442712e+02 2.695236435663518482e-14
5.872786613189482523e+02 2.150020833997242167e-14
6.517339604882420190e+02 1.701230260287132145e-14
7.232633896483533817e+02 1.351143358079606131e-14
8.026433522257173081e+02 1.067115031465724526e-14
8.907354638610439679e+02 8.468026979129813271e-15
9.884959046625587007e+02 6.699381371894013381e-15
1.096985797892383971e+03 5.329100453653471700e-15
1.217382727739662187e+03 4.235899916769215506e-15
1.350993521198027793e+03 3.385676750814993123e-15
1.499268432786045423e+03 2.711157674383799532e-15
1.663816886076128640e+03 2.180570569812204707e-15
1.846424942895544291e+03 1.758503445152903774e-15
2.049074689815845886e+03 1.421617992245046645e-15
2.273965752357927613e+03 1.152915822296914238e-15
2.523539170434765765e+03 9.354596523742893771e-16
2.800503894183631019e+03 7.599454938390536949e-16
3.107866187782013640e+03 6.169266397288107837e-16
3.448962260405759935e+03 5.012397419231846920e-16
3.827494478516314757e+03 4.066096945161669255e-16
4.247571552536898707e+03 3.296487894416023560e-16
4.713753134116724141e+03 2.669414037674753877e-16
5.231099308056262998e+03 2.160019794163270650e-16
5.805225516094896193e+03 1.747262918475381578e-16
6.442363508721369726e+03 1.412641017570520101e-16
7.149428986597576113e+03 1.144000437521044957e-16
7.934096665797491369e+03 9.261732038607804619e-17
8.804883581643463913e+03 7.519700315261739550e-17
9.771241535346502133e+03 6.120912837487520153e-17
1.084365968689610963e+04 4.990109042793451124e-17
1.203377840777589154e+04 4.092563358993780252e-17
1.335451562929898682e+04 3.358856043878516275e-17
1.482020705798858762e+04 2.771514293169866364e-17
1.644676177994664249e+04 2.292853633094984210e-17
1.825183494319044257e+04 1.903769256234851201e-17
2.025501939230666540e+04 1.584364020302057689e-17
2.247805833548725059e+04 1.320739576609766942e-17
2.494508135230316839e+04 1.103439227766888635e-17
2.768286630392066581e+04 9.222132273967373548e-18
3.072112998861759115e+04 7.713197522410591120e-18
3.409285069746814406e+04 6.451776578395799348e-18
3.783462617131928710e+04 5.392036267800244874e-18
4.198707084443910571e+04 4.502549566220703187e-18
4.659525668664683326e+04 3.756022693741621830e-18
5.170920242896761192e+04 3.129225735445263253e-18
5.738441648302398244e+04 2.603512955488911559e-18
6.368249944718585903e+04 2.161601533024338066e-18
7.067181273927491566e+04 1.790741762453925517e-18
7.842822061337680498e+04 1.480428797172395758e-18
8.703591361485165544e+04 1.221292886516615230e-18
9.658832241158708348e+04 1.005371110871770143e-18
1.071891319205127511e+05 8.257229879303181845e-19
1.189534067370319535e+05 6.767201306304284841e-19
1.320088400831418112e+05 5.535978158689322753e-19
1.464971398307286145e+05 4.523051794671673592e-19
1.625755666443794908e+05 3.692246633642444079e-19
1.804186409392071655e+05 3.014799779376148544e-19
2.002200371815584658e+05 2.465279280714376680e-19
2.221946860939523904e+05 2.020964959918770086e-19
2.465811075822604180e+05 1.662148321045248614e-19
2.736439997074671555e+05 1.372228039569513243e-19
3.036771118035460822e+05 1.137035367294491817e-19
3.370064329271928291e+05 9.451039727774545481e-20
3.739937302478798083e+05 7.870110349539050045e-20
4.150404757850476308e+05 6.559259224551290706e-20
4.605922041145108524e+05 5.467769127662407097e-20
5.111433483440171112e+05 4.556486014203796394e-20
5.672426068491977639e+05 3.794498008574433526e-20
6.294988990221888525e+05 3.158106585268228580e-20
6.985879746785250027e+05 2.625760102802693090e-20
7.752597488629464060e+05 2.181424985188102740e-20
8.603464416684507160e+05 1.810843789614049143e-20
9.547716114208066138e+05 1.501582784140606848e-20
1.059560179277617019e+06 1.244196185294636279e-20
1.175849554052158026e+06 1.029566283994472507e-20
1.304901978014401859e+06 8.512047005163248307e-21
1.448118227674532915e+06 7.029211349186492599e-21
1.607052818261638284e+06 5.797799717727270688e-21
1.783430876931909472e+06 4.776275040215992372e-21
1.979166867853557458e+06 3.928903255159904657e-21
2.196385372416546568e+06 3.228055860935698782e-21
2.437444150122222025e+06 2.648278021500945400e-21
2.704959730463137385e+06 2.169145561726937009e-21
3.001835813575591892e+06 1.774066168442514487e-21
3.331294787934676744e+06 1.448557802053305564e-21
3.696912707195031922e+06 1.180619449912102968e-21
4.102658105827190448e+06 9.604069375671948590e-22
4.552935074866947718e+06 7.798223947333676939e-22
5.052631065335679799e+06 6.318503181265777930e-22
5.607169938205458224e+06 5.109100012446598790e-22
6.222570836730230600e+06 4.121523772968600522e-22
6.905513520162330940e+06 3.316790970974266529e-22
7.663410868007462472e+06 2.663048930341244806e-22
8.504489341802684590e+06 2.132355651824495374e-22
9.437878277775391936e+06 1.702703689547590252e-22
1.047370897959450819e+07 1.355601694057508989e-22
1.162322468679854274e+07 1.075985553119833186e-22
1.289890261253307760e+07 8.511052195388107384e-23
1.431458937523478456e+07 6.708134373931975767e-23
1.588565129428052530e+07 5.267306749512047931e-23
1.762914118095947802e+07 4.118729114321741662e-23
1.956398343517064676e+07 3.206993678439486839e-23
2.171117945694505423e+07 2.486182025042492346e-23
2.409403560239527002e+07 1.916512957237034734e-23
2.673841615839949250e+07 1.468648060367033865e-23
2.967302408188872784e+07 1.119634028622089568e-23
3.292971255097155273e+07 8.473183019080310937e-24
3.654383070957254618e+07 6.361312940277790461e-24
4.055460735840827972e+07 4.741055608048115203e-24
4.500557675700496882e+07 3.501235595239329771e-24
4.994505115855139494e+07 2.556982846329478976e-24
5.542664520663107187e+07 1.846089012982118859e-24
6.150985788580504060e+07 1.313791164507145100e-24
6.826071834272393584e+07 9.197856910858281999e-25
7.575250258771920204e+07 6.315824335643164443e-25
8.406652885618332028e+07 4.236982711318952360e-25
9.329304026284696162e+07 2.758127592141157065e-25
1.035321843295663744e+08 1.731189002820149509e-25
1.148951000187308788e+08 1.034670836436928801e-25
1.275051240713012964e+08 5.792806167803200161e-26
1.414991297434575856e+08 2.960799199482965665e-26
1.570290124729377627e+08 1.324821704929465476e-26
1.742633386009651124e+08 4.873381742499970017e-27
1.933891750455232263e+08 1.381997540686508682e-27
2.146141197858406007e+08 2.981498506426362152e-28
2.381685551976160705e+08 5.746018292403799949e-30
2.643081486974108517e+08 4.218869954046949732e-59
