1.000000000000000000e+02 1.674541570443265975e-13
1.109752496412072134e+02 1.447761545018720592e-13
1.231550603292826196e+02 1.251205869718295399e-13
1.366716356462005990e+02 1.080463442324507333e-13
1.516716888470922413e+02 9.326511938858172877e-14
1.683180353330956791e+02 8.043436636488552974e-14
1.867913599020782840e+02 6.933397381248956507e-14
2.072921779595371845e+02 5.972818149852754764e-14
2.300430119772916839e+02 5.142105719666616250e-14
2.552908068239516410e+02 4.424057810242066334e-14
2.833096101839323637e+02 3.803547706804420858e-14
3.144035471591500368e+02 3.267754436140065063e-14
3.489101213406774491e+02 2.805233099067292303e-14
3.872038781812557318e+02 2.406458681886154572e-14
4.297004704320843871e+02 2.062578194992822323e-14
4.768611697714468960e+02 1.766106769816854667e-14
5.291978735958442712e+02 1.510835122440975616e-14
5.872786613189482523e+02 1.291355880881642954e-14
6.517339604882420190e+02 1.102505911828723574e-14
7.232633896483533817e+02 9.404767714948981599e-15
8.026433522257173081e+02 8.012243538835251963e-15
8.907354638610439679e+02 6.820230109824722967e-15
9.884959046625587007e+02 5.797806719346794016e-15
1.096985797892383971e+03 4.924446119086969714e-15
1.217382727739662187e+03 4.177784650210885168e-15
1.350993521198027793e+03 3.540543229291189100e-15
1.499268432786045423e+03 2.997317257302625878e-15
1.663816886076128640e+03 2.535204336275927556e-15
1.846424942895544291e+03 2.142251304936489808e-15
2.049074689815845886e+03 1.808513666375688623e-15
2.273965752357927613e+03 1.525522541792591668e-15
2.523539170434765765e+03 1.285833404847464878e-15
2.800503894183631019e+03 1.082878940354815978e-15
3.107866187782013640e+03 9.114258297066120415e-16
3.448962260405759935e+03 7.665281275835692573e-16
3.827494478516314757e+03 6.443295563314940063e-16
4.247571552536898707e+03 5.411647726364777982e-16
4.713753134116724141e+03 4.543524301736917229e-16
5.231099308056262998e+03 3.810942300283472961e-16
5.805225516094896193e+03 3.195099527765019574e-16
6.442363508721369726e+03 2.676359126927926677e-16
7.149428986597576113e+03 2.240238199960309372e-16
7.934096665797491369e+03 1.873677957897865134e-16
8.804883581643463913e+03 1.565479564634020584e-16
9.771241535346502133e+03 1.306820147479741437e-16
1.084365968689610963e+04 1.089756013007521808e-16
1.203377840777589154e+04 9.076066602434003750e-17
1.335451562929898682e+04 7.548483786372292028e-17
1.482020705798858762e+04 6.270464562265963705e-17
1.644676177994664249e+04 5.200784198424525465e-17
1.825183494319044257e+04 4.307071734399343436e-17
2.025501939230666540e+04 3.560489871111462488e-17
2.247805833548725059e+04 2.937173257899970440e-17
2.494508135230316839e+04 2.418901600296151132e-17
2.768286630392066581e+04 1.986932462087630973e-17
3.072112998861759115e+04 1.628666685276577470e-17
3.409285069746814406e+04 1.331468185679606770e-17
3.783462617131928710e+04 1.085346125156219199e-17
4.198707084443910571e+04 8.823543002016516333e-18
4.659525668664683326e+04 7.152759626188476786e-18
5.170920242896761192e+04 5.778032782860272360e-18
5.738441648302398244e+04 4.650675055316379696e-18
6.368249944718585903e+04 3.733441580866852720e-18
7.067181273927491566e+04 2.983263376505904764e-18
7.842822061337680498e+04 2.377812856979485896e-18
8.703591361485165544e+04 1.887985852986413552e-18
9.658832241158708348e+04 1.492311998935928773e-18
1.071891319205127511e+05 1.176303176232494325e-18
1.189534067370319535e+05 9.240376422071145646e-19
1.320088400831418112e+05 7.220939375032668272e-19
1.464971398307286145e+05 5.621949409283991699e-19
1.625755666443794908e+05 4.359143286792191675e-19
1.804186409392071655e+05 3.362494944264107367e-19
2.002200371815584658e+05 2.581575604106604519e-19
2.221946860939523904e+05 1.971249550022758450e-19
2.465811075822604180e+05 1.497511052838264398e-19
2.736439997074671555e+05 1.130934898718546991e-19
3.036771118035460822e+05 8.486219451943926031e-20
3.370064329271928291e+05 6.327099808461366427e-20
3.739937302478798083e+05 4.684080095161441423e-20
4.150404757850476308e+05 3.443022966250307287e-20
4.605922041145108524e+05 2.509711544031899789e-20
5.111433483440171112e+05 1.814903769579420590e-20
5.672426068491977639e+05 1.299976157757919535e-20
6.294988990221888525e+05 9.221790218817746523e-21
6.985879746785250027e+05 6.474266110253417259e-21
7.752597488629464060e+05 4.486036390331700643e-21
8.603464416684507160e+05 3.069350859373828709e-21
9.547716114208066138e+05 2.067862201377542184e-21
1.059560179277617019e+06 1.369709561592875926e-21
1.175849554052158026e+06 8.894444078035397278e-22
1.304901978014401859e+06 5.641547179176925228e-22
1.448118227674532915e+06 3.481654500962567933e-22
1.607052818261638284e+06 2.079575004144022999e-22
1.783430876931909472e+06 1.193812666957663498e-22
1.979166867853557458e+06 6.533319102017053522e-23
2.196385372416546568e+06 3.364338242199922016e-23
2.437444150122222025e+06 1.603712862786762921e-23
2.704959730463137385e+06 6.945565537424554777e-24
3.001835813575591892e+06 2.712789439071862564e-24
3.331294787934676744e+06 9.525735312337291989e-25
3.696912707195031922e+06 2.982830089167908067e-25
4.102658105827190448e+06 8.247354630293195908e-26
4.552935074866947718e+06 1.995019380150046004e-26
5.052631065335679799e+06 4.186388804364124246e-27
5.607169938205458224e+06 7.559462977511072588e-28
6.222570836730230600e+06 1.163073479579545093e-28
6.905513520162330940e+06 1.513579026368920084e-29
7.663410868007462472e+06 1.650390477248806113e-30
8.504489341802684590e+06 1.494082499269492081e-31
9.437878277775391936e+06 1.111047358098409429e-32
1.047370897959450819e+07 6.706328728066922448e-34
1.162322468679854274e+07 3.243394518706317318e-35
1.289890261253307760e+07 1.239020023395643985e-36
1.431458937523478456e+07 3.680127473427552176e-38
1.588565129428052530e+07 8.344056709848267657e-40
1.762914118095947802e+07 1.413803871137922801e-41
1.956398343517064676e+07 1.747381346894161219e-43
2.171117945694505423e+07 1.533968208068373513e-45
2.409403560239527002e+07 9.278260475673395947e-48
2.673841615839949250e+07 3.731703009029737419e-50
2.967302408188872784e+07 9.572378900434323653e-53
3.292971255097155273e+07 1.492895619858614771e-55
3.654383070957254618e+07 1.341564955595349380e-58
4.055460735840827972e+07 6.534998956632064998e-62
4.500557675700496882e+07 1.607568684573044438e-65
4.994505115855139494e+07 1.838207807051301957e-69
5.542664520663107187e+07 8.890835249788628433e-74
6.150985788580504060e+07 1.635027838407650639e-78
6.826071834272393584e+07 1.013945159784686874e-83
7.575250258771920204e+07 1.168138249383658354e-88
8.406652885618332028e+07 4.694829779124426977e-89
9.329304026284696162e+07 3.301731933965564690e-89
1.035321843295663744e+08 2.294702387006065203e-89
1.148951000187308788e+08 1.575563100018134286e-89
1.275051240713012964e+08 1.065703634867120768e-89
1.414991297434575856e+08 7.082063779234646893e-90
1.570290124729377627e+08 4.604664077179682656e-90
1.742633386009651124e+08 2.912871846429611019e-90
1.933891750455232263e+08 1.777526487745166859e-90
2.146141197858406007e+08 1.034317850392758734e-90
2.381685551976160705e+08 5.629815870654986068e-91
2.643081486974108517e+08 2.779589757920285954e-91
2.933166278390048146e+08 1.177609790969687470e-91
3.255088599835056663e+08 3.737211617539095176e-92
3.612342699709430337e+08 2.446324739561977263e-93
