1.000000000000000000e+02 2.206988168301302200e-12
1.109752496412072134e+02 1.875281421409020419e-12
1.231550603292826196e+02 1.590846429860106543e-12
1.366716356462005990e+02 1.343767862957648596e-12
1.516716888470922413e+02 1.132898673193494685e-12
1.683180353330956791e+02 9.505598398337687756e-13
1.867913599020782840e+02 7.956773079943411065e-13
2.072921779595371845e+02 6.626027215285421657e-13
2.300430119772916839e+02 5.502034461708905630e-13
2.552908068239516410e+02 4.544499425877454194e-13
2.833096101839323637e+02 3.741106074999959263e-13
3.144035471591500368e+02 3.063228713941547130e-13
3.489101213406774491e+02 2.499536847512003861e-13
3.872038781812557318e+02 2.027578360407455843e-13
4.297004704320843871e+02 1.639933312570906306e-13
4.768611697714468960e+02 1.317735770879183675e-13
5.291978735958442712e+02 1.057053673990498385e-13
5.872786613189482523e+02 8.416198873859263087e-14
6.517339604882420190e+02 6.701243718805210171e-14
7.232633896483533817e+02 5.298758568989457113e-14
8.026433522257173081e+02 4.190037460594446970e-14
8.907354638610439679e+02 3.297345637591690312e-14
9.884959046625587007e+02 2.597312347716740368e-14
1.096985797892383971e+03 2.040460240274874307e-14
1.217382727739662187e+03 1.606642062420256689e-14
1.350993521198027793e+03 1.263459853802271473e-14
1.499268432786045423e+03 9.961911894233039302e-15
1.663816886076128640e+03 7.867304254662827327e-15
1.846424942895544291e+03 6.219988140036994287e-15
2.049074689815845886e+03 4.934461497280789206e-15
2.273965752357927613e+03 3.914720087842739772e-15
2.523539170434765765e+03 3.111280595343143680e-15
2.800503894183631019e+03 2.479680907971001955e-15
3.107866187782013640e+03 1.970877905311503198e-15
3.448962260405759935e+03 1.567486313203911265e-15
3.827494478516314757e+03 1.244033892736760539e-15
4.247571552536898707e+03 9.860944520225932157e-16
4.713753134116724141e+03 7.789803575601911948e-16
5.231099308056262998e+03 6.140083998179725000e-16
5.805225516094896193e+03 4.821830944613151021e-16
6.442363508721369726e+03 3.776309320015017493e-16
7.149428986597576113e+03 2.948397398727998493e-16
7.934096665797491369e+03 2.297041380740902300e-16
8.804883581643463913e+03 1.785877894495787991e-16
9.771241535346502133e+03 1.386675215008773619e-16
1.084365968689610963e+04 1.078645851569011965e-16
1.203377840777589154e+04 8.399059906186124520e-17
1.335451562929898682e+04 6.561111179097272267e-17
1.482020705798858762e+04 5.142122473614102214e-17
1.644676177994664249e+04 4.059296216585384809e-17
1.825183494319044257e+04 3.221137466164512331e-17
2.025501939230666540e+04 2.573099954831022000e-17
2.247805833548725059e+04 2.071806275868555889e-17
2.494508135230316839e+04 1.678502933901404729e-17
2.768286630392066581e+04 1.367767345841560786e-17
3.072112998861759115e+04 1.121123971956409416e-17
3.409285069746814406e+04 9.221873248280324615e-18
3.783462617131928710e+04 7.609018158034331492e-18
4.198707084443910571e+04 6.289553494541759311e-18
4.659525668664683326e+04 5.202423741459776152e-18
5.170920242896761192e+04 4.302272430253538835e-18
5.738441648302398244e+04 3.551198873036214357e-18
6.368249944718585903e+04 2.923484601252675076e-18
7.067181273927491566e+04 2.399260052045450179e-18
7.842822061337680498e+04 1.960289521176995270e-18
8.703591361485165544e+04 1.594550492699151706e-18
9.658832241158708348e+04 1.289856871570050148e-18
1.071891319205127511e+05 1.037353961863480464e-18
1.189534067370319535e+05 8.286853459706882733e-19
1.320088400831418112e+05 6.575927191708689560e-19
1.464971398307286145e+05 5.185068636518841935e-19
1.625755666443794908e+05 4.066033126719048359e-19
1.804186409392071655e+05 3.177052613715244069e-19
2.002200371815584658e+05 2.479167416004436638e-19
2.221946860939523904e+05 1.938553870858989045e-19
2.465811075822604180e+05 1.525460369274125033e-19
2.736439997074671555e+05 1.211516849873642388e-19
3.036771118035460822e+05 9.728662433115169557e-20
3.370064329271928291e+05 7.897072782535330685e-20
3.739937302478798083e+05 6.471293950169756589e-20
4.150404757850476308e+05 5.339460220033045663e-20
4.605922041145108524e+05 4.425871550173865823e-20
5.111433483440171112e+05 3.678047744899033626e-20
5.672426068491977639e+05 3.060043890440134598e-20
6.294988990221888525e+05 2.547010518240774349e-20
6.985879746785250027e+05 2.119328087777415299e-20
7.752597488629464060e+05 1.762745060874716396e-20
8.603464416684507160e+05 1.465013317770027100e-20
9.547716114208066138e+05 1.216734222440062283e-20
1.059560179277617019e+06 1.009507866960737500e-20
1.175849554052158026e+06 8.368305537388268861e-21
1.304901978014401859e+06 6.928850893816809021e-21
1.448118227674532915e+06 5.730789342872597624e-21
1.607052818261638284e+06 4.733911328491481898e-21
1.783430876931909472e+06 3.905648649387891790e-21
1.979166867853557458e+06 3.217824516983582986e-21
2.196385372416546568e+06 2.647755154619193039e-21
2.437444150122222025e+06 2.174134639657105410e-21
2.704959730463137385e+06 1.782123104873017505e-21
3.001835813575591892e+06 1.457763115355453631e-21
3.331294787934676744e+06 1.189833664465069757e-21
3.696912707195031922e+06 9.690415886282007817e-22
4.102658105827190448e+06 7.871144934014781944e-22
4.552935074866947718e+06 6.374510408088814627e-22
5.052631065335679799e+06 5.145580771421070790e-22
5.607169938205458224e+06 4.139548246177141247e-22
6.222570836730230600e+06 3.318162079029688989e-22
6.905513520162330940e+06 2.646339723447524757e-22
7.663410868007462472e+06 2.100851075561674208e-22
8.504489341802684590e+06 1.656503864273978266e-22
9.437878277775391936e+06 1.299372442708910808e-22
1.047370897959450819e+07 1.013161255354021813e-22
1.162322468679854274e+07 7.824430195314735993e-23
1.289890261253307760e+07 5.977674999884340673e-23
1.431458937523478456e+07 4.522997332286244261e-23
1.588565129428052530e+07 3.377383919378271993e-23
1.762914118095947802e+07 2.484932145862034790e-23
1.956398343517064676e+07 1.795884028708638173e-23
2.171117945694505423e+07 1.273320507235090221e-23
2.409403560239527002e+07 8.808122823425200356e-24
2.673841615839949250e+07 5.933354122775881578e-24
2.967302408188872784e+07 3.873555984783933245e-24
3.292971255097155273e+07 2.443141269829974771e-24
3.654383070957254618e+07 1.482816219440205680e-24
4.055460735840827972e+07 8.683437985386101639e-25
4.500557675700496882e+07 4.827737852584224920e-25
4.994505115855139494e+07 2.581986301936909203e-25
5.542664520663107187e+07 1.307980832940588535e-25
6.150985788580504060e+07 6.021768302074668132e-26
6.826071834272393584e+07 2.289742394835970167e-26
7.575250258771920204e+07 5.886815728381206508e-27
8.406652885618332028e+07 5.303084545985474499e-28
9.329304026284696162e+07 1.563562559038709983e-30
