1.000000000000000000e+02 8.570822744085890455e-12
1.109752496412072134e+02 7.115668312077801388e-12
1.231550603292826196e+02 5.874412872898169052e-12
1.366716356462005990e+02 4.825161345610717523e-12
1.516716888470922413e+02 3.939849212839331832e-12
1.683180353330956791e+02 3.198444395346215197e-12
1.867913599020782840e+02 2.583300264888163990e-12
2.072921779595371845e+02 2.076015920256302903e-12
2.300430119772916839e+02 1.658843505310002567e-12
2.552908068239516410e+02 1.321043167291899295e-12
2.833096101839323637e+02 1.048886868714040864e-12
3.144035471591500368e+02 8.307454636552041486e-13
3.489101213406774491e+02 6.574789001323179117e-13
3.872038781812557318e+02 5.205774336047538114e-13
4.297004704320843871e+02 4.132205210985999958e-13
4.768611697714468960e+02 3.293750653518291917e-13
5.291978735958442712e+02 2.640095172495925438e-13
5.872786613189482523e+02 2.132422500480479344e-13
6.517339604882420190e+02 1.736198876877686682e-13
7.232633896483533817e+02 1.426066938816236711e-13
8.026433522257173081e+02 1.182017750703013966e-13
8.907354638610439679e+02 9.877392215910059039e-14
9.884959046625587007e+02 8.319057140597959223e-14
1.096985797892383971e+03 7.050517330319132929e-14
1.217382727739662187e+03 6.003595603183909327e-14
1.350993521198027793e+03 5.133987058234020326e-14
1.499268432786045423e+03 4.401160734465185375e-14
1.663816886076128640e+03 3.777404674835408110e-14
1.846424942895544291e+03 3.244960020507574498e-14
2.049074689815845886e+03 2.787469716496966794e-14
2.273965752357927613e+03 2.391464277504174052e-14
2.523539170434765765e+03 2.050385120978134378e-14
2.800503894183631019e+03 1.754487997774319402e-14
3.107866187782013640e+03 1.497010350334520114e-14
3.448962260405759935e+03 1.274903482758716433e-14
3.827494478516314757e+03 1.082899933438043729e-14
4.247571552536898707e+03 9.170006913340179708e-15
4.713753134116724141e+03 7.725985282446149596e-15
5.231099308056262998e+03 6.493557502288626107e-15
5.805225516094896193e+03 5.442544866162612350e-15
6.442363508721369726e+03 4.537682429672831342e-15
7.149428986597576113e+03 3.760702204552192210e-15
7.934096665797491369e+03 3.108335675077632913e-15
8.804883581643463913e+03 2.560221979937173595e-15
9.771241535346502133e+03 2.095709642242394665e-15
1.084365968689610963e+04 1.703355812691306163e-15
1.203377840777589154e+04 1.381435223503820466e-15
1.335451562929898682e+04 1.115670691000088980e-15
1.482020705798858762e+04 8.942569984885561214e-16
1.644676177994664249e+04 7.148954162240446792e-16
1.825183494319044257e+04 5.682248940550862339e-16
2.025501939230666540e+04 4.506640535630530509e-16
2.247805833548725059e+04 3.543901070403807508e-16
2.494508135230316839e+04 2.779672952527561148e-16
2.768286630392066581e+04 2.167045039515354513e-16
3.072112998861759115e+04 1.680515950201093444e-16
3.409285069746814406e+04 1.295054986594564731e-16
3.783462617131928710e+04 9.901980519638757843e-17
4.198707084443910571e+04 7.548008455624841575e-17
4.659525668664683326e+04 5.720570001264171231e-17
5.170920242896761192e+04 4.343178256015441302e-17
5.738441648302398244e+04 3.310468175871324913e-17
6.368249944718585903e+04 2.538873471459876288e-17
7.067181273927491566e+04 1.959435432677292696e-17
7.842822061337680498e+04 1.514340911025405906e-17
8.703591361485165544e+04 1.170143337641137893e-17
9.658832241158708348e+04 9.023404252195379023e-18
1.071891319205127511e+05 6.921265297725773462e-18
1.189534067370319535e+05 5.279340061558568744e-18
1.320088400831418112e+05 4.003286136183738971e-18
1.464971398307286145e+05 3.015747756735361293e-18
1.625755666443794908e+05 2.257501442699078793e-18
1.804186409392071655e+05 1.679682794824258916e-18
2.002200371815584658e+05 1.243374391349750716e-18
2.221946860939523904e+05 9.162858925928764740e-19
2.465811075822604180e+05 6.714721308861751819e-19
2.736439997074671555e+05 4.906269575605229480e-19
3.036771118035460822e+05 3.575323892549413245e-19
3.370064329271928291e+05 2.599064183591992183e-19
3.739937302478798083e+05 1.885188667044089733e-19
4.150404757850476308e+05 1.363313737208995427e-19
4.605922041145108524e+05 9.813142353027910764e-20
5.111433483440171112e+05 7.012965451187650694e-20
5.672426068491977639e+05 4.963394305279114007e-20
6.294988990221888525e+05 3.465130590679763706e-20
6.985879746785250027e+05 2.380835420056515803e-20
7.752597488629464060e+05 1.601813824836954102e-20
8.603464416684507160e+05 1.052483600327846177e-20
9.547716114208066138e+05 6.689328397123169951e-21
1.059560179277617019e+06 4.070799771187697295e-21
1.175849554052158026e+06 2.350061405453073534e-21
1.304901978014401859e+06 1.278342237522201100e-21
1.448118227674532915e+06 6.572744200905620407e-22
1.607052818261638284e+06 3.247365685911486447e-22
1.783430876931909472e+06 1.578460830022852693e-22
1.979166867853557458e+06 7.646256859153463030e-23
2.196385372416546568e+06 3.696550147871973438e-23
2.437444150122222025e+06 1.766181330329398790e-23
2.704959730463137385e+06 8.201262655794130312e-24
3.001835813575591892e+06 3.630196383562345750e-24
3.331294787934676744e+06 1.502544046943291595e-24
3.696912707195031922e+06 5.740342384050792886e-25
4.102658105827190448e+06 2.000850938222722505e-25
4.552935074866947718e+06 6.290916199728865683e-26
5.052631065335679799e+06 1.765871228803505594e-26
5.607169938205458224e+06 4.385770208210177176e-27
6.222570836730230600e+06 9.559070446676892075e-28
6.905513520162330940e+06 1.814955246149633970e-28
7.663410868007462472e+06 2.981137201686392593e-29
8.504489341802684590e+06 4.206441913087756296e-30
9.437878277775391936e+06 5.060411001521286118e-31
1.047370897959450819e+07 5.148353564516244453e-32
1.162322468679854274e+07 4.390732844924871397e-33
1.289890261253307760e+07 3.105848544871038453e-34
1.431458937523478456e+07 1.797572324491787432e-35
1.588565129428052530e+07 8.392659432420721111e-37
1.762914118095947802e+07 3.115027486902433925e-38
1.956398343517064676e+07 9.045663721180802306e-40
2.171117945694505423e+07 2.019324032725461608e-41
2.409403560239527002e+07 3.397371543409426560e-43
2.673841615839949250e+07 4.208309158350585949e-45
2.967302408188872784e+07 3.734965948072858707e-47
3.292971255097155273e+07 2.302652425104763249e-49
3.654383070957254618e+07 9.522914340745811763e-52
4.055460735840827972e+07 2.539520492214874722e-54
4.500557675700496882e+07 4.170828461264968027e-57
4.994505115855139494e+07 3.944771687359059973e-60
5.542664520663107187e+07 1.976425187484015641e-63
6.150985788580504060e+07 5.021571914321397533e-67
6.826071834272393584e+07 5.988976271256408224e-71
7.575250258771920204e+07 3.077617091716774817e-75
8.406652885618332028e+07 6.164035586145202553e-80
9.329304026284696162e+07 4.316677493882661208e-85
1.035321843295663744e+08 6.618191922256700695e-90
1.148951000187308788e+08 6.669459551127681017e-91
1.275051240713012964e+08 1.193176624914066796e-91
1.414991297434575856e+08 8.649207402970020288e-94
1.570290124729377627e+08 1.006175361516038718e-98
1.742633386009651124e+08 1.976956435909198662e-118
1.933891750455232263e+08 1.463873822084684547e-138
2.146141197858406007e+08 3.756221328208099968e-151
2.381685551976160705e+08 4.540219846862546506e-164
