1.000000000000000000e+02 4.704810220257891235e-13
1.109752496412072134e+02 4.013840073648330670e-13
1.231550603292826196e+02 3.419072730795727748e-13
1.366716356462005990e+02 2.905928408617979701e-13
1.516716888470922413e+02 2.461835316648645864e-13
1.683180353330956791e+02 2.081449989480718736e-13
1.867913599020782840e+02 1.756285033586819048e-13
2.072921779595371845e+02 1.477194419931591624e-13
2.300430119772916839e+02 1.238911356502182039e-13
2.552908068239516410e+02 1.036935260609731992e-13
2.833096101839323637e+02 8.657557420077910784e-14
3.144035471591500368e+02 7.195467420703691362e-14
3.489101213406774491e+02 5.966753827131498968e-14
3.872038781812557318e+02 4.933694574743150392e-14
4.297004704320843871e+02 4.065112679619731940e-14
4.768611697714468960e+02 3.337907830236897844e-14
5.291978735958442712e+02 2.731900364595040948e-14
5.872786613189482523e+02 2.225657788224135779e-14
6.517339604882420190e+02 1.809354515231537856e-14
7.232633896483533817e+02 1.463986159602683038e-14
8.026433522257173081e+02 1.179807685447090072e-14
8.907354638610439679e+02 9.468174745667847390e-15
9.884959046625587007e+02 7.583913086437011946e-15
1.096985797892383971e+03 6.012695330544712513e-15
1.217382727739662187e+03 4.765936068092740431e-15
1.350993521198027793e+03 3.755243209127052904e-15
1.499268432786045423e+03 2.943673595704570437e-15
1.663816886076128640e+03 2.297923625527492170e-15
1.846424942895544291e+03 1.779478332647339673e-15
2.049074689815845886e+03 1.377768226091223230e-15
2.273965752357927613e+03 1.054784242380083852e-15
2.523539170434765765e+03 8.041460368803512232e-16
2.800503894183631019e+03 6.089062661692139871e-16
3.107866187782013640e+03 4.590533860995306163e-16
3.448962260405759935e+03 3.436090664842037770e-16
3.827494478516314757e+03 2.555529421430191844e-16
4.247571552536898707e+03 1.885899966643764056e-16
4.713753134116724141e+03 1.381785735033273063e-16
5.231099308056262998e+03 1.006169460661031899e-16
5.805225516094896193e+03 7.268897597851878587e-17
6.442363508721369726e+03 5.208627532529186468e-17
7.149428986597576113e+03 3.709332912446114204e-17
7.934096665797491369e+03 2.619848310942943074e-17
8.804883581643463913e+03 1.837488373735597929e-17
9.771241535346502133e+03 1.279835838904857553e-17
1.084365968689610963e+04 8.859685125148960351e-18
1.203377840777589154e+04 6.076626607838643767e-18
1.335451562929898682e+04 4.165348907870248801e-18
1.482020705798858762e+04 2.854060611369084308e-18
1.644676177994664249e+04 1.946570770479400847e-18
1.825183494319044257e+04 1.327021640979032436e-18
2.025501939230666540e+04 9.066952010588407994e-19
2.247805833548725059e+04 6.216098993450263070e-19
2.494508135230316839e+04 4.291432547936432587e-19
2.768286630392066581e+04 2.974723956644383456e-19
3.072112998861759115e+04 2.082905096286309504e-19
3.409285069746814406e+04 1.482083677807967832e-19
3.783462617131928710e+04 1.072836060888693175e-19
4.198707084443910571e+04 7.918716903089026958e-20
4.659525668664683326e+04 5.963011293057055562e-20
5.170920242896761192e+04 4.549411950581318254e-20
5.738441648302398244e+04 3.502336489315925743e-20
6.368249944718585903e+04 2.716225954265676096e-20
7.067181273927491566e+04 2.119354953981134182e-20
7.842822061337680498e+04 1.660990714552253185e-20
8.703591361485165544e+04 1.304036078888133998e-20
9.658832241158708348e+04 1.024042085542242520e-20
1.071891319205127511e+05 8.037336576748198073e-21
1.189534067370319535e+05 6.303782637586053060e-21
1.320088400831418112e+05 4.942151132466876106e-21
1.464971398307286145e+05 3.871471717565580913e-21
1.625755666443794908e+05 3.029021012631442755e-21
1.804186409392071655e+05 2.369036857998369472e-21
2.002200371815584658e+05 1.851414108481272003e-21
2.221946860939523904e+05 1.444624329532222900e-21
2.465811075822604180e+05 1.126342239765048243e-21
2.736439997074671555e+05 8.776619352672003165e-22
3.036771118035460822e+05 6.829006997210447717e-22
3.370064329271928291e+05 5.307474790237180148e-22
3.739937302478798083e+05 4.121337806897412876e-22
4.150404757850476308e+05 3.196409610678849707e-22
4.605922041145108524e+05 2.476256063654214235e-22
5.111433483440171112e+05 1.916084793172407102e-22
5.672426068491977639e+05 1.480745186362093660e-22
6.294988990221888525e+05 1.143007282961321802e-22
6.985879746785250027e+05 8.812071192658953993e-23
7.752597488629464060e+05 6.785068808535271431e-23
8.603464416684507160e+05 5.218029202005084814e-23
9.547716114208066138e+05 4.007530380799617835e-23
1.059560179277617019e+06 3.073982621799225316e-23
1.175849554052158026e+06 2.354904340769630463e-23
1.304901978014401859e+06 1.801361794112362370e-23
1.448118227674532915e+06 1.376360078484448013e-23
1.607052818261638284e+06 1.050056305149375151e-23
1.783430876931909472e+06 8.000361734438290455e-24
1.979166867853557458e+06 6.087209047488671667e-24
2.196385372416546568e+06 4.624903518935719577e-24
2.437444150122222025e+06 3.508839234633145041e-24
2.704959730463137385e+06 2.658442598839657718e-24
3.001835813575591892e+06 2.010950752419150054e-24
3.331294787934676744e+06 1.519100992853280570e-24
3.696912707195031922e+06 1.145898587142532948e-24
4.102658105827190448e+06 8.629200828448011755e-25
4.552935074866947718e+06 6.488197122997229706e-25
5.052631065335679799e+06 4.871029753088389265e-25
5.607169938205458224e+06 3.650844559106717648e-25
6.222570836730230600e+06 2.731800817390561120e-25
6.905513520162330940e+06 2.040580702209897968e-25
7.663410868007462472e+06 1.521695895464439684e-25
8.504489341802684590e+06 1.132757939767676656e-25
9.437878277775391936e+06 8.416038963032923083e-26
1.047370897959450819e+07 6.240349774169626652e-26
1.162322468679854274e+07 4.618027309858262641e-26
1.289890261253307760e+07 3.410554890215419493e-26
1.431458937523478456e+07 2.513064864622973234e-26
1.588565129428052530e+07 1.847286792169954593e-26
1.762914118095947802e+07 1.354650976444069537e-26
1.956398343517064676e+07 9.908878632070256242e-27
2.171117945694505423e+07 7.226850057505230553e-27
2.409403560239527002e+07 5.254318626397330534e-27
2.673841615839949250e+07 3.807888298117230224e-27
2.967302408188872784e+07 2.750232620025560050e-27
3.292971255097155273e+07 1.978188860333630149e-27
3.654383070957254618e+07 1.416850403680695621e-27
4.055460735840827972e+07 1.009892257893751654e-27
4.500557675700496882e+07 7.159559063182542905e-28
4.994505115855139494e+07 5.045042946297738488e-28
5.542664520663107187e+07 3.530691837064541542e-28
6.150985788580504060e+07 2.451373335604586489e-28
6.826071834272393584e+07 1.686290454629590188e-28
7.575250258771920204e+07 1.147792873321593096e-28
8.406652885618332028e+07 7.711025768890698452e-29
9.329304026284696162e+07 5.102486693756884002e-29
1.035321843295663744e+08 3.312300165107381354e-29
1.148951000187308788e+08 2.100052440218842988e-29
1.275051240713012964e+08 1.291161761176241577e-29
1.414991297434575856e+08 7.621801940876482152e-30
1.570290124729377627e+08 4.249933864049988034e-30
1.742633386009651124e+08 2.176422361126572155e-30
1.933891750455232263e+08 9.686856778752874831e-31
2.146141197858406007e+08 3.251921408206349424e-31
2.381685551976160705e+08 4.210720448206639892e-32
