1.000000000000000000e+02 5.104595379820377526e-11
1.109752496412072134e+02 4.400537433644151983e-11
1.231550603292826196e+02 3.784029571430730500e-11
1.366716356462005990e+02 3.252689069930151842e-11
1.516716888470922413e+02 2.788122806607095731e-11
1.683180353330956791e+02 2.389697304534988650e-11
1.867913599020782840e+02 2.041224205171153104e-11
2.072921779595371845e+02 1.744463307919945371e-11
2.300430119772916839e+02 1.484186552360789450e-11
2.552908068239516410e+02 1.264288465652966420e-11
2.833096101839323637e+02 1.071443376158805212e-11
3.144035471591500368e+02 9.085872542730932056e-12
3.489101213406774491e+02 7.664701131048431566e-12
3.872038781812557318e+02 6.464191165077771871e-12
4.297004704320843871e+02 5.422028058249917500e-12
4.768611697714468960e+02 4.544118908493457409e-12
5.291978735958442712e+02 3.785642394693885762e-12
5.872786613189482523e+02 3.144636526069199838e-12
6.517339604882420190e+02 2.596773708855797017e-12
7.232633896483533817e+02 2.134432989823601163e-12
8.026433522257173081e+02 1.745918983144985878e-12
8.907354638610439679e+02 1.419202508972131927e-12
9.884959046625587007e+02 1.146282652788949248e-12
1.096985797892383971e+03 9.204127833360355080e-13
1.217382727739662187e+03 7.344208648791605743e-13
1.350993521198027793e+03 5.812818333622492847e-13
1.499268432786045423e+03 4.578231254324204273e-13
1.663816886076128640e+03 3.582452506461969859e-13
1.846424942895544291e+03 2.786516809995594982e-13
2.049074689815845886e+03 2.157435002952157306e-13
2.273965752357927613e+03 1.661608914114161483e-13
2.523539170434765765e+03 1.280137195183275529e-13
2.800503894183631019e+03 9.841807932764803540e-14
3.107866187782013640e+03 7.600626366915774420e-14
3.448962260405759935e+03 5.884855022727138740e-14
3.827494478516314757e+03 4.601417220559073061e-14
4.247571552536898707e+03 3.630767338713020247e-14
4.713753134116724141e+03 2.896736037950937323e-14
5.231099308056262998e+03 2.337608265549431890e-14
5.805225516094896193e+03 1.913615941418470183e-14
6.442363508721369726e+03 1.582149743924983833e-14
7.149428986597576113e+03 1.320038268966700490e-14
7.934096665797491369e+03 1.111344937445511886e-14
8.804883581643463913e+03 9.394915789756136267e-15
9.771241535346502133e+03 7.976872842607192459e-15
1.084365968689610963e+04 6.781528109032782297e-15
1.203377840777589154e+04 5.773212940059420211e-15
1.335451562929898682e+04 4.910709089212355363e-15
1.482020705798858762e+04 4.168407339589316557e-15
1.644676177994664249e+04 3.534117660595447548e-15
1.825183494319044257e+04 2.981890253560914160e-15
2.025501939230666540e+04 2.507102277815341268e-15
2.247805833548725059e+04 2.104366653863293764e-15
2.494508135230316839e+04 1.752687680803544084e-15
2.768286630392066581e+04 1.451016775966225875e-15
3.072112998861759115e+04 1.193950439385420877e-15
3.409285069746814406e+04 9.758193844096737507e-16
3.783462617131928710e+04 7.914200997753899334e-16
4.198707084443910571e+04 6.349297188247149848e-16
4.659525668664683326e+04 5.018375059937520847e-16
5.170920242896761192e+04 3.912629471000532239e-16
5.738441648302398244e+04 3.006714078009644925e-16
6.368249944718585903e+04 2.261961532220380855e-16
7.067181273927491566e+04 1.667305406310987338e-16
7.842822061337680498e+04 1.196268126559650391e-16
8.703591361485165544e+04 8.319390303978685229e-17
9.658832241158708348e+04 5.587716044642181104e-17
1.071891319205127511e+05 3.604101838020544926e-17
1.189534067370319535e+05 2.229485966612279183e-17
1.320088400831418112e+05 1.342227083729792529e-17
1.464971398307286145e+05 7.926203617589557957e-18
1.625755666443794908e+05 4.744984119365007885e-18
1.804186409392071655e+05 2.987133949315441901e-18
2.002200371815584658e+05 2.020245628638410339e-18
2.221946860939523904e+05 1.456669206401938751e-18
2.465811075822604180e+05 1.094275300378636467e-18
2.736439997074671555e+05 8.393475955122300937e-19
3.036771118035460822e+05 6.495038297038616483e-19
3.370064329271928291e+05 5.039098777262120623e-19
3.739937302478798083e+05 3.909566154829557610e-19
4.150404757850476308e+05 3.031175191489316472e-19
4.605922041145108524e+05 2.349108338446215811e-19
5.111433483440171112e+05 1.819293714741577080e-19
5.672426068491977639e+05 1.407975226954367821e-19
6.294988990221888525e+05 1.088943292768868116e-19
6.985879746785250027e+05 8.415755554563910522e-20
7.752597488629464060e+05 6.497633652587959081e-20
8.603464416684507160e+05 5.011815298660997145e-20
9.547716114208066138e+05 3.861880043769948025e-20
1.059560179277617019e+06 2.972776823161429341e-20
1.175849554052158026e+06 2.285857788844467979e-20
1.304901978014401859e+06 1.755546824174807296e-20
1.448118227674532915e+06 1.346581514825170828e-20
1.607052818261638284e+06 1.031523477604226842e-20
1.783430876931909472e+06 7.891416550445010669e-21
1.979166867853557458e+06 6.028933530742126278e-21
2.196385372416546568e+06 4.598604929331495157e-21
2.437444150122222025e+06 3.502562932054652339e-21
2.704959730463137385e+06 2.663317223022891221e-21
3.001835813575591892e+06 2.021801698874378022e-21
3.331294787934676744e+06 1.532161881904578995e-21
3.696912707195031922e+06 1.158961331564636776e-21
4.102658105827190448e+06 8.749986047839789188e-22
4.552935074866947718e+06 6.591925652637730273e-22
5.052631065335679799e+06 4.955932200069505496e-22
5.607169938205458224e+06 3.718070287050667982e-22
6.222570836730230600e+06 2.783243214836114870e-22
6.905513520162330940e+06 2.078428381653618336e-22
7.663410868007462472e+06 1.548161536129396061e-22
8.504489341802684590e+06 1.150309603116221314e-22
9.437878277775391936e+06 8.523508629426520032e-23
1.047370897959450819e+07 6.297475440554934440e-23
1.162322468679854274e+07 4.639260076473236211e-23
1.289890261253307760e+07 3.406735439519639695e-23
1.431458937523478456e+07 2.493260051519805523e-23
1.588565129428052530e+07 1.818295903790681484e-23
1.762914118095947802e+07 1.320965016031961991e-23
1.956398343517064676e+07 9.558521130055566081e-24
2.171117945694505423e+07 6.884546296842129080e-24
2.409403560239527002e+07 4.935841878003281148e-24
2.673841615839949250e+07 3.520194077541589020e-24
2.967302408188872784e+07 2.496529052032721616e-24
3.292971255097155273e+07 1.759410773808061348e-24
3.654383070957254618e+07 1.231058154978778365e-24
4.055460735840827972e+07 8.545059476125214657e-25
4.500557675700496882e+07 5.878140014889292938e-25
4.994505115855139494e+07 4.001022100857856047e-25
5.542664520663107187e+07 2.690229771049329782e-25
6.150985788580504060e+07 1.782800521781221169e-25
6.826071834272393584e+07 1.160867735722566252e-25
7.575250258771920204e+07 7.398718696780654327e-26
8.406652885618332028e+07 4.590254734380767495e-26
9.329304026284696162e+07 2.751334838304341029e-26
1.035321843295663744e+08 1.574491392546092514e-26
1.148951000187308788e+08 8.450287462154784713e-27
1.275051240713012964e+08 4.113395874748362790e-27
1.414991297434575856e+08 1.686181368857081058e-27
1.570290124729377627e+08 4.618044775862547774e-28
1.742633386009651124e+08 1.557035418499552957e-29
