1.000000000000000000e+02 9.735806202809620551e-14
1.109752496412072134e+02 7.885195317919922881e-14
1.231550603292826196e+02 6.401178690896066486e-14
1.366716356462005990e+02 5.206911639545520882e-14
1.516716888470922413e+02 4.247939693530556816e-14
1.683180353330956791e+02 3.476247462724672336e-14
1.867913599020782840e+02 2.855423732238611768e-14
2.072921779595371845e+02 2.353549513946949422e-14
2.300430119772916839e+02 1.947409687104199732e-14
2.552908068239516410e+02 1.618618262239792355e-14
2.833096101839323637e+02 1.349394514499589633e-14
3.144035471591500368e+02 1.130011611906551794e-14
3.489101213406774491e+02 9.491589134795842240e-15
3.872038781812557318e+02 7.998000736027742249e-15
4.297004704320843871e+02 6.755566534901656729e-15
4.768611697714468960e+02 5.722262762901081256e-15
5.291978735958442712e+02 4.851333799665149837e-15
5.872786613189482523e+02 4.117028273805667036e-15
6.517339604882420190e+02 3.501404103828649738e-15
7.232633896483533817e+02 2.975791794372192400e-15
8.026433522257173081e+02 2.528903758800135707e-15
8.907354638610439679e+02 2.148310637813791394e-15
9.884959046625587007e+02 1.822427845030387225e-15
1.096985797892383971e+03 1.544476105952762451e-15
1.217382727739662187e+03 1.306605618150122504e-15
1.350993521198027793e+03 1.103391934220008667e-15
1.499268432786045423e+03 9.299227743942181558e-16
1.663816886076128640e+03 7.816515277845422387e-16
1.846424942895544291e+03 6.553854158067238944e-16
2.049074689815845886e+03 5.480315028334621331e-16
2.273965752357927613e+03 4.569576359745252022e-16
2.523539170434765765e+03 3.797006563601668582e-16
2.800503894183631019e+03 3.144156945741127577e-16
3.107866187782013640e+03 2.595310521971066067e-16
3.448962260405759935e+03 2.134753224643651551e-16
3.827494478516314757e+03 1.748562210864746173e-16
4.247571552536898707e+03 1.424294092568361916e-16
4.713753134116724141e+03 1.155733403507559699e-16
5.231099308056262998e+03 9.336801889254663641e-17
5.805225516094896193e+03 7.505758965532483723e-17
6.442363508721369726e+03 5.991579175106838762e-17
7.149428986597576113e+03 4.752194519240358864e-17
7.934096665797491369e+03 3.745094452028968336e-17
8.804883581643463913e+03 2.929727120103947222e-17
9.771241535346502133e+03 2.273920893390972347e-17
1.084365968689610963e+04 1.747979868511864826e-17
1.203377840777589154e+04 1.330551135375443145e-17
1.335451562929898682e+04 1.002591474731599789e-17
1.482020705798858762e+04 7.472719838307364931e-18
1.644676177994664249e+04 5.503588888937647988e-18
1.825183494319044257e+04 4.007580110083885237e-18
2.025501939230666540e+04 2.885636424031565630e-18
2.247805833548725059e+04 2.057732216525877604e-18
2.494508135230316839e+04 1.455537239549043802e-18
2.768286630392066581e+04 1.024876784826865841e-18
3.072112998861759115e+04 7.217707039302452352e-19
3.409285069746814406e+04 5.112518268135514601e-19
3.783462617131928710e+04 3.665955356972659014e-19
4.198707084443910571e+04 2.675761059688313194e-19
4.659525668664683326e+04 1.996755494772574210e-19
5.170920242896761192e+04 1.525615479019829608e-19
5.738441648302398244e+04 1.191683030814971749e-19
6.368249944718585903e+04 9.481196086182602781e-20
7.067181273927491566e+04 7.648538453742341443e-20
7.842822061337680498e+04 6.227147659109057028e-20
8.703591361485165544e+04 5.100250307097860799e-20
9.658832241158708348e+04 4.191588882897649288e-20
1.071891319205127511e+05 3.450892310377619943e-20
1.189534067370319535e+05 2.844397066318991268e-20
1.320088400831418112e+05 2.346286061299519973e-20
1.464971398307286145e+05 1.936928655773894646e-20
1.625755666443794908e+05 1.600026235825910671e-20
1.804186409392071655e+05 1.322901389960705500e-20
2.002200371815584658e+05 1.094708233785846145e-20
2.221946860939523904e+05 9.062879228863111809e-21
2.465811075822604180e+05 7.504664068676918027e-21
2.736439997074671555e+05 6.213253837435247849e-21
3.036771118035460822e+05 5.140657091431980901e-21
3.370064329271928291e+05 4.250486195012711809e-21
3.739937302478798083e+05 3.511133941353341146e-21
4.150404757850476308e+05 2.897645748535518061e-21
4.605922041145108524e+05 2.388984390203298970e-21
5.111433483440171112e+05 1.967999461090611084e-21
5.672426068491977639e+05 1.618745208429887863e-21
6.294988990221888525e+05 1.329822379772528268e-21
6.985879746785250027e+05 1.091020751486713530e-21
7.752597488629464060e+05 8.937005971093267681e-22
8.603464416684507160e+05 7.306735142952876273e-22
9.547716114208066138e+05 5.964139725504969380e-22
1.059560179277617019e+06 4.857905171061089766e-22
1.175849554052158026e+06 3.947162480018791954e-22
1.304901978014401859e+06 3.201054155820001393e-22
1.448118227674532915e+06 2.587773563427610441e-22
1.607052818261638284e+06 2.086143771351586173e-22
1.783430876931909472e+06 1.676733302180882476e-22
1.979166867853557458e+06 1.342663200252802919e-22
2.196385372416546568e+06 1.070919781486700671e-22
2.437444150122222025e+06 8.505000179636444055e-23
2.704959730463137385e+06 6.723333163279155897e-23
3.001835813575591892e+06 5.287300093373109955e-23
3.331294787934676744e+06 4.134914435437081842e-23
3.696912707195031922e+06 3.213093870252476345e-23
4.102658105827190448e+06 2.478996386854350180e-23
4.552935074866947718e+06 1.899551911472657920e-23
5.052631065335679799e+06 1.443181583849964678e-23
5.607169938205458224e+06 1.086927486964992980e-23
6.222570836730230600e+06 8.106301025860624787e-24
6.905513520162330940e+06 5.986237795587355275e-24
7.663410868007462472e+06 4.371851489773031778e-24
8.504489341802684590e+06 3.155973712382138011e-24
9.437878277775391936e+06 2.250852203390708851e-24
1.047370897959450819e+07 1.586190509043138199e-24
1.162322468679854274e+07 1.103707824403055864e-24
1.289890261253307760e+07 7.581558513914790883e-25
1.431458937523478456e+07 5.138870359819944180e-25
1.588565129428052530e+07 3.431101839396105197e-25
1.762914118095947802e+07 2.245072925090874813e-25
1.956398343517064676e+07 1.427802653372865234e-25
2.171117945694505423e+07 8.672551616861239106e-26
2.409403560239527002e+07 4.892013904737306770e-26
2.673841615839949250e+07 2.441407009070877352e-26
2.967302408188872784e+07 9.820468780944275959e-27
3.292971255097155273e+07 2.566103559106975366e-27
3.654383070957254618e+07 2.498317378622372213e-28
4.055460735840827972e+07 1.776202176989817772e-29
4.500557675700496882e+07 6.126755953159894460e-34
