1.000000000000000000e+02 9.255709701053138827e-12
1.109752496412072134e+02 8.087656247059575425e-12
1.231550603292826196e+02 7.065994674666392705e-12
1.366716356462005990e+02 6.171132431430266979e-12
1.516716888470922413e+02 5.388256661564486996e-12
1.683180353330956791e+02 4.703287548268963863e-12
1.867913599020782840e+02 4.103834930378209909e-12
2.072921779595371845e+02 3.579684970057961765e-12
2.300430119772916839e+02 3.121665416610588976e-12
2.552908068239516410e+02 2.721034174163622007e-12
2.833096101839323637e+02 2.371234296865340749e-12
3.144035471591500368e+02 2.065299381978805029e-12
3.489101213406774491e+02 1.798147857816524117e-12
3.872038781812557318e+02 1.564762789698177025e-12
4.297004704320843871e+02 1.361116797367610318e-12
4.768611697714468960e+02 1.183430813570864064e-12
5.291978735958442712e+02 1.028362238868705580e-12
5.872786613189482523e+02 8.931578413333510168e-13
6.517339604882420190e+02 7.752978060018973980e-13
7.232633896483533817e+02 6.725078993410979623e-13
8.026433522257173081e+02 5.830652599683981349e-13
8.907354638610439679e+02 5.051464079034268793e-13
9.884959046625587007e+02 4.373675740731999593e-13
1.096985797892383971e+03 3.783662615412991802e-13
1.217382727739662187e+03 3.270895439546747070e-13
1.350993521198027793e+03 2.825563853353284614e-13
1.499268432786045423e+03 2.438752312510207386e-13
1.663816886076128640e+03 2.102971154837106180e-13
1.846424942895544291e+03 1.811717225565002266e-13
2.049074689815845886e+03 1.559480328690535845e-13
2.273965752357927613e+03 1.341018445897408515e-13
2.523539170434765765e+03 1.151801206225487039e-13
2.800503894183631019e+03 9.884644011454396671e-14
3.107866187782013640e+03 8.471782191542655540e-14
3.448962260405759935e+03 7.253658186676470893e-14
3.827494478516314757e+03 6.203668883921371680e-14
4.247571552536898707e+03 5.299577937292807103e-14
4.713753134116724141e+03 4.521228825987167955e-14
5.231099308056262998e+03 3.853388651521150871e-14
5.805225516094896193e+03 3.278754121171355505e-14
6.442363508721369726e+03 2.787859612546665200e-14
7.149428986597576113e+03 2.365787988838077324e-14
7.934096665797491369e+03 2.006058753518455015e-14
8.804883581643463913e+03 1.698110420939268971e-14
9.771241535346502133e+03 1.435788034644374212e-14
1.084365968689610963e+04 1.212011301195671099e-14
1.203377840777589154e+04 1.021603611885043417e-14
1.335451562929898682e+04 8.600704994473363754e-15
1.482020705798858762e+04 7.226349492512206897e-15
1.644676177994664249e+04 6.066810540810327752e-15
1.825183494319044257e+04 5.080620345314723994e-15
2.025501939230666540e+04 4.251376431946147386e-15
2.247805833548725059e+04 3.549637940639006330e-15
2.494508135230316839e+04 2.959024558496859542e-15
2.768286630392066581e+04 2.462554928171562071e-15
3.072112998861759115e+04 2.044799130363791662e-15
3.409285069746814406e+04 1.695289331091608074e-15
3.783462617131928710e+04 1.403018668045779049e-15
4.198707084443910571e+04 1.157970634320110609e-15
4.659525668664683326e+04 9.542448683396387102e-16
5.170920242896761192e+04 7.845496201232440033e-16
5.738441648302398244e+04 6.435469600553812206e-16
6.368249944718585903e+04 5.266234096672490467e-16
7.067181273927491566e+04 4.299791503470093047e-16
7.842822061337680498e+04 3.502174890718189693e-16
8.703591361485165544e+04 2.847025770965410845e-16
9.658832241158708348e+04 2.303816408256994857e-16
1.071891319205127511e+05 1.863647362467769315e-16
1.189534067370319535e+05 1.501867721620120228e-16
1.320088400831418112e+05 1.208359980056743731e-16
1.464971398307286145e+05 9.694674995138064959e-17
1.625755666443794908e+05 7.759265450120922508e-17
1.804186409392071655e+05 6.194139690389804242e-17
2.002200371815584658e+05 4.936089408313835320e-17
2.221946860939523904e+05 3.922972594649391880e-17
2.465811075822604180e+05 3.111283802048699478e-17
2.736439997074671555e+05 2.460933304957143819e-17
3.036771118035460822e+05 1.942351746828311222e-17
3.370064329271928291e+05 1.528051311912651343e-17
3.739937302478798083e+05 1.198200975171283516e-17
4.150404757850476308e+05 9.358163781472452062e-18
4.605922041145108524e+05 7.272589082248425332e-18
5.111433483440171112e+05 5.628083534695022137e-18
5.672426068491977639e+05 4.325914651847502924e-18
6.294988990221888525e+05 3.306520114817942809e-18
6.985879746785250027e+05 2.499920646249120021e-18
7.752597488629464060e+05 1.875563718903394160e-18
8.603464416684507160e+05 1.392611591823336547e-18
9.547716114208066138e+05 1.022992843765748180e-18
1.059560179277617019e+06 7.421568929076071307e-19
1.175849554052158026e+06 5.312331400870102831e-19
1.304901978014401859e+06 3.751654648246372750e-19
1.448118227674532915e+06 2.618835940185444937e-19
1.607052818261638284e+06 1.800790520710691996e-19
1.783430876931909472e+06 1.228745914683830465e-19
1.979166867853557458e+06 8.340445904057494683e-20
2.196385372416546568e+06 5.659954687767709651e-20
2.437444150122222025e+06 3.860233599305003334e-20
2.704959730463137385e+06 2.657108314969489269e-20
3.001835813575591892e+06 1.842168791444711992e-20
3.331294787934676744e+06 1.282633084592126675e-20
3.696912707195031922e+06 8.933205330981997065e-21
4.102658105827190448e+06 6.208297803494046565e-21
4.552935074866947718e+06 4.302906075771587042e-21
5.052631065335679799e+06 2.977884288814100965e-21
5.607169938205458224e+06 2.039395999298066401e-21
6.222570836730230600e+06 1.380173455077213596e-21
6.905513520162330940e+06 9.181264858771695881e-22
7.663410868007462472e+06 5.973889404536129359e-22
8.504489341802684590e+06 3.780098714847254641e-22
9.437878277775391936e+06 2.347067593555994896e-22
1.047370897959450819e+07 1.447407958419847177e-22
1.162322468679854274e+07 8.941584922390207316e-23
1.289890261253307760e+07 5.665683586141427216e-23
1.431458937523478456e+07 3.692301632486349316e-23
1.588565129428052530e+07 2.476675990709681144e-23
1.762914118095947802e+07 1.698715170837754081e-23
1.956398343517064676e+07 1.179903539771242501e-23
2.171117945694505423e+07 8.238591364532246516e-24
2.409403560239527002e+07 5.753742055447791357e-24
2.673841615839949250e+07 4.012779469872441291e-24
2.967302408188872784e+07 2.789900360435754108e-24
3.292971255097155273e+07 1.930026110255866799e-24
3.654383070957254618e+07 1.326226688608798880e-24
4.055460735840827972e+07 9.031306750488920760e-25
4.500557675700496882e+07 6.081761643331635614e-25
4.994505115855139494e+07 4.038550938139643815e-25
5.542664520663107187e+07 2.636072515315566604e-25
6.150985788580504060e+07 1.684682897698257918e-25
6.826071834272393584e+07 1.048999189690542916e-25
7.575250258771920204e+07 6.320908602844133192e-26
8.406652885618332028e+07 3.655997168042246016e-26
9.329304026284696162e+07 2.005752446338546634e-26
1.035321843295663744e+08 1.027445765828990191e-26
1.148951000187308788e+08 4.816974624660126561e-27
1.275051240713012964e+08 2.016949379083808677e-27
1.414991297434575856e+08 7.057166677220975441e-28
1.570290124729377627e+08 1.444378314438102995e-28
1.742633386009651124e+08 1.049479204692181093e-30
1.933891750455232263e+08 2.013542050960707075e-36
2.146141197858406007e+08 2.503715224825528162e-69
2.381685551976160705e+08 3.598228526407126990e-93
2.643081486974108517e+08 5.794142066872891041e-113
2.933166278390048146e+08 2.206063980574057801e-131
3.255088599835056663e+08 3.735220545315305977e-150
