1.000000000000000000e+02 1.600148180924996742e-12
1.109752496412072134e+02 1.300202433833474322e-12
1.231550603292826196e+02 1.057592441303421626e-12
1.366716356462005990e+02 8.621211472916193520e-13
1.516716888470922413e+02 7.028209483001128131e-13
1.683180353330956791e+02 5.725822051129441520e-13
1.867913599020782840e+02 4.659823018857980347e-13
2.072921779595371845e+02 3.785747723240797569e-13
2.300430119772916839e+02 3.068228428534558957e-13
2.552908068239516410e+02 2.479804739969918500e-13
2.833096101839323637e+02 1.997596793263192302e-13
3.144035471591500368e+02 1.604157999579734400e-13
3.489101213406774491e+02 1.284716373174633350e-13
3.872038781812557318e+02 1.024556563114957251e-13
4.297004704320843871e+02 8.183349330558070718e-14
4.768611697714468960e+02 6.520640679952406823e-14
5.291978735958442712e+02 5.197752368292917376e-14
5.872786613189482523e+02 4.149318546611136153e-14
6.517339604882420190e+02 3.323578568303262155e-14
7.232633896483533817e+02 2.673267249007764297e-14
8.026433522257173081e+02 2.164920431508986708e-14
8.907354638610439679e+02 1.764665574262545083e-14
9.884959046625587007e+02 1.449390072777266047e-14
1.096985797892383971e+03 1.199896100270473450e-14
1.217382727739662187e+03 1.000862201681898481e-14
1.350993521198027793e+03 8.407543554240141066e-15
1.499268432786045423e+03 7.104008109882741728e-15
1.663816886076128640e+03 6.032134965397841840e-15
1.846424942895544291e+03 5.139082229041982340e-15
2.049074689815845886e+03 4.392203121959219765e-15
2.273965752357927613e+03 3.758593835685351609e-15
2.523539170434765765e+03 3.216731952962985378e-15
2.800503894183631019e+03 2.753815478213552963e-15
3.107866187782013640e+03 2.356211081227377524e-15
3.448962260405759935e+03 2.012856374790419769e-15
3.827494478516314757e+03 1.715589734282605934e-15
4.247571552536898707e+03 1.459433917808767077e-15
4.713753134116724141e+03 1.239124174615326125e-15
5.231099308056262998e+03 1.047663815899849741e-15
5.805225516094896193e+03 8.820068213778408152e-16
6.442363508721369726e+03 7.403330498810626375e-16
7.149428986597576113e+03 6.190077886094320650e-16
7.934096665797491369e+03 5.142534610135960298e-16
8.804883581643463913e+03 4.245680183723498772e-16
9.771241535346502133e+03 3.487912854060383032e-16
1.084365968689610963e+04 2.846039629935274616e-16
1.203377840777589154e+04 2.299776090878890724e-16
1.335451562929898682e+04 1.844671851648667344e-16
1.482020705798858762e+04 1.466731405207474476e-16
1.644676177994664249e+04 1.151523860249685243e-16
1.825183494319044257e+04 8.946555448753393091e-17
2.025501939230666540e+04 6.876314136477424114e-17
2.247805833548725059e+04 5.197998473981799367e-17
2.494508135230316839e+04 3.867897243523325702e-17
2.768286630392066581e+04 2.844646397533615231e-17
3.072112998861759115e+04 2.068730692767264130e-17
3.409285069746814406e+04 1.472489174086529570e-17
3.783462617131928710e+04 1.039363380900154948e-17
4.198707084443910571e+04 7.281704113412476898e-18
4.659525668664683326e+04 5.115445440181782928e-18
5.170920242896761192e+04 3.623291382394280597e-18
5.738441648302398244e+04 2.608911625605375967e-18
6.368249944718585903e+04 1.918638923388918626e-18
7.067181273927491566e+04 1.446430385172158442e-18
7.842822061337680498e+04 1.116965431426617601e-18
8.703591361485165544e+04 8.798564968142357773e-19
9.658832241158708348e+04 7.034589283381664326e-19
1.071891319205127511e+05 5.674988905296989693e-19
1.189534067370319535e+05 4.597045955984252935e-19
1.320088400831418112e+05 3.729628011124797363e-19
1.464971398307286145e+05 3.025389115936961575e-19
1.625755666443794908e+05 2.451568493928083674e-19
1.804186409392071655e+05 1.983642763480789516e-19
2.002200371815584658e+05 1.602633600907404729e-19
2.221946860939523904e+05 1.292357397226884983e-19
2.465811075822604180e+05 1.040382590737893322e-19
2.736439997074671555e+05 8.358601604508099549e-20
3.036771118035460822e+05 6.702985815063616109e-20
3.370064329271928291e+05 5.365092209138746860e-20
3.739937302478798083e+05 4.287027617683363624e-20
4.150404757850476308e+05 3.420741843764945253e-20
4.605922041145108524e+05 2.726590489451517643e-20
5.111433483440171112e+05 2.171821150763902099e-20
5.672426068491977639e+05 1.728378977013441781e-20
6.294988990221888525e+05 1.374409168830275522e-20
6.985879746785250027e+05 1.091853279107304109e-20
7.752597488629464060e+05 8.666728925165200798e-21
8.603464416684507160e+05 6.872117621642595481e-21
9.547716114208066138e+05 5.443889845135158660e-21
1.059560179277617019e+06 4.308205363499290599e-21
1.175849554052158026e+06 3.405885884073209809e-21
1.304901978014401859e+06 2.689195427090714655e-21
1.448118227674532915e+06 2.121006829104385567e-21
1.607052818261638284e+06 1.670825392728402382e-21
1.783430876931909472e+06 1.314435667426492797e-21
1.979166867853557458e+06 1.032703860824042904e-21
2.196385372416546568e+06 8.102037502897507746e-22
2.437444150122222025e+06 6.348057620190267894e-22
2.704959730463137385e+06 4.965960471179469329e-22
3.001835813575591892e+06 3.878779793465530379e-22
3.331294787934676744e+06 3.024772735467567205e-22
3.696912707195031922e+06 2.354799916546891128e-22
4.102658105827190448e+06 1.830065724405702774e-22
4.552935074866947718e+06 1.419913037654143585e-22
5.052631065335679799e+06 1.099361814361839661e-22
5.607169938205458224e+06 8.497151804965133200e-23
6.222570836730230600e+06 6.554018312858940347e-23
6.905513520162330940e+06 5.045421118238772408e-23
7.663410868007462472e+06 3.876114293676798574e-23
8.504489341802684590e+06 2.971109843395964474e-23
9.437878277775391936e+06 2.272448041732744659e-23
1.047370897959450819e+07 1.734204065463671052e-23
1.162322468679854274e+07 1.320269397030599670e-23
1.289890261253307760e+07 1.002843789134324644e-23
1.431458937523478456e+07 7.598287347043269723e-24
1.588565129428052530e+07 5.741758858103875179e-24
1.762914118095947802e+07 4.328767568370729052e-24
1.956398343517064676e+07 3.254575157747825537e-24
2.171117945694505423e+07 2.440118310244440327e-24
2.409403560239527002e+07 1.824727635014704628e-24
2.673841615839949250e+07 1.360467015777029265e-24
2.967302408188872784e+07 1.011395344297251215e-24
3.292971255097155273e+07 7.496062156247367365e-25
3.654383070957254618e+07 5.537727357710817841e-25
4.055460735840827972e+07 4.077674893897683376e-25
4.500557675700496882e+07 2.993057719666227569e-25
4.994505115855139494e+07 2.188570348334755223e-25
5.542664520663107187e+07 1.593829682262826674e-25
6.150985788580504060e+07 1.156817036245166029e-25
6.826071834272393584e+07 8.352186148935585536e-26
7.575250258771920204e+07 6.005628088701368479e-26
8.406652885618332028e+07 4.294780705793464955e-26
9.329304026284696162e+07 3.054613500475481402e-26
1.035321843295663744e+08 2.158801193220070714e-26
1.148951000187308788e+08 1.514906015760232579e-26
1.275051240713012964e+08 1.054546258902364118e-26
1.414991297434575856e+08 7.272290515384512594e-27
1.570290124729377627e+08 4.961720670677634465e-27
1.742633386009651124e+08 3.340868929323104570e-27
1.933891750455232263e+08 2.215171491764923520e-27
2.146141197858406007e+08 1.440605917515195905e-27
2.381685551976160705e+08 9.145497992360179206e-28
2.643081486974108517e+08 5.624381885152669095e-28
2.933166278390048146e+08 3.316788459275857840e-28
3.255088599835056663e+08 1.841834728520198703e-28
3.612342699709430337e+08 9.351786895604453803e-29
4.008806328898465633e+08 4.105074946987645490e-29
4.448782831127585173e+08 1.380051846547984582e-29
4.937047852839003801e+08 2.678904285960428478e-30
5.478901179593944550e+08 1.512837733142877499e-31
