1.000000000000000000e+02 2.418972331211779486e-14
1.109752496412072134e+02 2.097902364969636427e-14
1.231550603292826196e+02 1.819003294192947463e-14
1.366716356462005990e+02 1.574903959914864089e-14
1.516716888470922413e+02 1.361255413132641354e-14
1.683180353330956791e+02 1.175034003038157748e-14
1.867913599020782840e+02 1.011256806757448041e-14
2.072921779595371845e+02 8.676625463144969886e-15
2.300430119772916839e+02 7.431177510061727423e-15
2.552908068239516410e+02 6.338802616177211507e-15
2.833096101839323637e+02 5.385211376521153724e-15
3.144035471591500368e+02 4.564458206741712137e-15
3.489101213406774491e+02 3.852286720886282787e-15
3.872038781812557318e+02 3.234452192142029051e-15
4.297004704320843871e+02 2.708286510886143146e-15
4.768611697714468960e+02 2.257453763349300413e-15
5.291978735958442712e+02 1.872149098551830474e-15
5.872786613189482523e+02 1.546766632979377265e-15
6.517339604882420190e+02 1.271486984816030369e-15
7.232633896483533817e+02 1.040885439805966320e-15
8.026433522257173081e+02 8.488193681871290785e-16
8.907354638610439679e+02 6.893576012905881378e-16
9.884959046625587007e+02 5.570680974606821324e-16
1.096985797892383971e+03 4.489221131431573296e-16
1.217382727739662187e+03 3.611446896218809533e-16
1.350993521198027793e+03 2.900830671319036099e-16
1.499268432786045423e+03 2.321200107032842006e-16
1.663816886076128640e+03 1.857757215435784460e-16
1.846424942895544291e+03 1.488607851387061512e-16
2.049074689815845886e+03 1.195263668325840141e-16
2.273965752357927613e+03 9.600514852179988706e-17
2.523539170434765765e+03 7.732636526022618629e-17
2.800503894183631019e+03 6.251559902510497993e-17
3.107866187782013640e+03 5.073122159500089297e-17
3.448962260405759935e+03 4.130153816510366178e-17
3.827494478516314757e+03 3.372101225408599760e-17
4.247571552536898707e+03 2.762357419187533621e-17
4.713753134116724141e+03 2.267863996926671344e-17
5.231099308056262998e+03 1.865620413691408447e-17
5.805225516094896193e+03 1.536733519200031929e-17
6.442363508721369726e+03 1.267047419669433398e-17
7.149428986597576113e+03 1.045640058842477455e-17
7.934096665797491369e+03 8.632610622831393076e-18
8.804883581643463913e+03 7.133927232808238372e-18
9.771241535346502133e+03 5.901456389647255811e-18
1.084365968689610963e+04 4.891767220251330194e-18
1.203377840777589154e+04 4.062673085329765286e-18
1.335451562929898682e+04 3.381804751841327672e-18
1.482020705798858762e+04 2.820256017935743219e-18
1.644676177994664249e+04 2.355442925393613164e-18
1.825183494319044257e+04 1.968698059366198489e-18
2.025501939230666540e+04 1.645824418889685454e-18
2.247805833548725059e+04 1.375624292454930381e-18
2.494508135230316839e+04 1.149295659410190050e-18
2.768286630392066581e+04 9.594276937449240815e-19
3.072112998861759115e+04 8.003676115321047941e-19
3.409285069746814406e+04 6.670961273995672148e-19
3.783462617131928710e+04 5.555036184902152444e-19
4.198707084443910571e+04 4.622163911778682827e-19
4.659525668664683326e+04 3.843262920340453656e-19
5.170920242896761192e+04 3.193398716935997679e-19
5.738441648302398244e+04 2.651462952005497479e-19
6.368249944718585903e+04 2.200181788763310053e-19
7.067181273927491566e+04 1.824519960176519306e-19
7.842822061337680498e+04 1.512122814644577751e-19
8.703591361485165544e+04 1.252470746972092045e-19
9.658832241158708348e+04 1.036776232243042849e-19
1.071891319205127511e+05 8.576660293934210736e-20
1.189534067370319535e+05 7.089581203983932027e-20
1.320088400831418112e+05 5.856083503507201340e-20
1.464971398307286145e+05 4.832484206377856826e-20
1.625755666443794908e+05 3.983973255940998560e-20
1.804186409392071655e+05 3.280597974726761436e-20
2.002200371815584658e+05 2.698193013333850131e-20
2.221946860939523904e+05 2.215976804717677822e-20
2.465811075822604180e+05 1.817052572964250722e-20
2.736439997074671555e+05 1.487250432406530776e-20
3.036771118035460822e+05 1.215210193730966996e-20
3.370064329271928291e+05 9.912151429236591582e-21
3.739937302478798083e+05 8.070527885897253134e-21
4.150404757850476308e+05 6.561471902155844645e-21
4.605922041145108524e+05 5.326321860662405344e-21
5.111433483440171112e+05 4.319197863582197604e-21
5.672426068491977639e+05 3.498782325770659996e-21
6.294988990221888525e+05 2.831256649782959330e-21
6.985879746785250027e+05 2.289290336006262174e-21
7.752597488629464060e+05 1.848911846911504631e-21
8.603464416684507160e+05 1.491454291814672172e-21
9.547716114208066138e+05 1.201564125183900446e-21
1.059560179277617019e+06 9.669510758128209617e-22
1.175849554052158026e+06 7.768708010961557442e-22
1.304901978014401859e+06 6.232558026558499677e-22
1.448118227674532915e+06 4.991355261745725591e-22
1.607052818261638284e+06 3.989027442887950285e-22
1.783430876931909472e+06 3.180604103375053129e-22
1.979166867853557458e+06 2.530706074525284793e-22
2.196385372416546568e+06 2.007620549867104355e-22
2.437444150122222025e+06 1.587331212579173944e-22
2.704959730463137385e+06 1.250739061300053294e-22
3.001835813575591892e+06 9.817151175217428343e-23
3.331294787934676744e+06 7.665740614379569164e-23
3.696912707195031922e+06 5.953100095442410158e-23
4.102658105827190448e+06 4.605077701224877512e-23
4.552935074866947718e+06 3.534643179581729902e-23
5.052631065335679799e+06 2.693607388194981431e-23
5.607169938205458224e+06 2.035883733526219994e-23
6.222570836730230600e+06 1.525032195157933025e-23
6.905513520162330940e+06 1.130966445578839514e-23
7.663410868007462472e+06 8.298119696781814421e-24
8.504489341802684590e+06 6.019109190231212513e-24
9.437878277775391936e+06 4.310029676230096339e-24
1.047370897959450819e+07 3.057424776056099097e-24
1.162322468679854274e+07 2.142594622608547692e-24
1.289890261253307760e+07 1.486998699629073682e-24
1.431458937523478456e+07 1.023064933280362712e-24
1.588565129428052530e+07 6.990781312448430437e-25
1.762914118095947802e+07 4.737421665328292337e-25
1.956398343517064676e+07 3.167056098072362915e-25
2.171117945694505423e+07 2.065069601233505228e-25
2.409403560239527002e+07 1.290635931978914176e-25
2.673841615839949250e+07 7.499354243002246363e-26
2.967302408188872784e+07 3.853139086479224192e-26
3.292971255097155273e+07 1.604043104178370498e-26
3.654383070957254618e+07 4.639174715917357953e-27
4.055460735840827972e+07 7.293100819422506723e-28
4.500557675700496882e+07 5.048004247957591037e-29
4.994505115855139494e+07 1.030740242161653285e-30
