1.000000000000000000e+02 8.156985864204837010e-13
1.109752496412072134e+02 6.949929231637145986e-13
1.231550603292826196e+02 5.927281375589169034e-13
1.366716356462005990e+02 5.057151448610700828e-13
1.516716888470922413e+02 4.317327133746992406e-13
1.683180353330956791e+02 3.686235158757591245e-13
1.867913599020782840e+02 3.148187107653441241e-13
2.072921779595371845e+02 2.688267564514071419e-13
2.300430119772916839e+02 2.294849863204694755e-13
2.552908068239516410e+02 1.958526974935668488e-13
2.833096101839323637e+02 1.670779580257408797e-13
3.144035471591500368e+02 1.424352978368316295e-13
3.489101213406774491e+02 1.213750945658717590e-13
3.872038781812557318e+02 1.033340600318159478e-13
4.297004704320843871e+02 8.792547389704266279e-14
4.768611697714468960e+02 7.474754825694522118e-14
5.291978735958442712e+02 6.350163522429481105e-14
5.872786613189482523e+02 5.389998720011226925e-14
6.517339604882420190e+02 4.570264682825962317e-14
7.232633896483533817e+02 3.872490143178520558e-14
8.026433522257173081e+02 3.278136148881099057e-14
8.907354638610439679e+02 2.772218043464681463e-14
9.884959046625587007e+02 2.341978391020737160e-14
1.096985797892383971e+03 1.977008769729783642e-14
1.217382727739662187e+03 1.667131954462938504e-14
1.350993521198027793e+03 1.404322865781671884e-14
1.499268432786045423e+03 1.181974598598679040e-14
1.663816886076128640e+03 9.938345681334548584e-15
1.846424942895544291e+03 8.347607511398919019e-15
2.049074689815845886e+03 7.005979102016734408e-15
2.273965752357927613e+03 5.875151417938925527e-15
2.523539170434765765e+03 4.922092224585379313e-15
2.800503894183631019e+03 4.121038536075083971e-15
3.107866187782013640e+03 3.447642927382045982e-15
3.448962260405759935e+03 2.882416207118616813e-15
3.827494478516314757e+03 2.408328949466935941e-15
4.247571552536898707e+03 2.010683032251212609e-15
4.713753134116724141e+03 1.677716408285446154e-15
5.231099308056262998e+03 1.398819498498028568e-15
5.805225516094896193e+03 1.165171912532594361e-15
6.442363508721369726e+03 9.697038701913497032e-16
7.149428986597576113e+03 8.063344217498990081e-16
7.934096665797491369e+03 6.697414868318472782e-16
8.804883581643463913e+03 5.558532059616094770e-16
9.771241535346502133e+03 4.609245185697788870e-16
1.084365968689610963e+04 3.820068932528968711e-16
1.203377840777589154e+04 3.165214107509563916e-16
1.335451562929898682e+04 2.623068307723829275e-16
1.482020705798858762e+04 2.174984166472583201e-16
1.644676177994664249e+04 1.805564049741116320e-16
1.825183494319044257e+04 1.500986198846809754e-16
2.025501939230666540e+04 1.249519263542902834e-16
2.247805833548725059e+04 1.041741682288117049e-16
2.494508135230316839e+04 8.695015093469870343e-17
2.768286630392066581e+04 7.260953215036069575e-17
3.072112998861759115e+04 6.065358500695430673e-17
3.409285069746814406e+04 5.066107903570848707e-17
3.783462617131928710e+04 4.229350900956046510e-17
4.198707084443910571e+04 3.528540958927686720e-17
4.659525668664683326e+04 2.942037919660953260e-17
5.170920242896761192e+04 2.450663973249605984e-17
5.738441648302398244e+04 2.039738726646026018e-17
6.368249944718585903e+04 1.695966070858160801e-17
7.067181273927491566e+04 1.409131809496873219e-17
7.842822061337680498e+04 1.169456682692388051e-17
8.703591361485165544e+04 9.696590088866180871e-18
9.658832241158708348e+04 8.030519674474704737e-18
1.071891319205127511e+05 6.644226155661834133e-18
1.189534067370319535e+05 5.490775549759181649e-18
1.320088400831418112e+05 4.531296135887225428e-18
1.464971398307286145e+05 3.735574519944740713e-18
1.625755666443794908e+05 3.075552358064754861e-18
1.804186409392071655e+05 2.528490449204634334e-18
2.002200371815584658e+05 2.076350721842752595e-18
2.221946860939523904e+05 1.702313112416004300e-18
2.465811075822604180e+05 1.393814838355880328e-18
2.736439997074671555e+05 1.139182884167006254e-18
3.036771118035460822e+05 9.299842810359345044e-19
3.370064329271928291e+05 7.575280783411581962e-19
3.739937302478798083e+05 6.161695653445598878e-19
4.150404757850476308e+05 5.001422462362623082e-19
4.605922041145108524e+05 4.051946742955793829e-19
5.111433483440171112e+05 3.275355595079023087e-19
5.672426068491977639e+05 2.641857226025501403e-19
6.294988990221888525e+05 2.124736629706161082e-19
6.985879746785250027e+05 1.705560616624573935e-19
7.752597488629464060e+05 1.364159977740605486e-19
8.603464416684507160e+05 1.088565471842014644e-19
9.547716114208066138e+05 8.654659007527271324e-20
1.059560179277617019e+06 6.858504881475768387e-20
1.175849554052158026e+06 5.415071029106207770e-20
1.304901978014401859e+06 4.258440822318028748e-20
1.448118227674532915e+06 3.336084881219127516e-20
1.607052818261638284e+06 2.599924780233576236e-20
1.783430876931909472e+06 2.017822205925011775e-20
1.979166867853557458e+06 1.555953915920994332e-20
2.196385372416546568e+06 1.195035493704865336e-20
2.437444150122222025e+06 9.113439721528104368e-21
2.704959730463137385e+06 6.913605801584462617e-21
3.001835813575591892e+06 5.212239697484529227e-21
3.331294787934676744e+06 3.895067695922725085e-21
3.696912707195031922e+06 2.900533133144694642e-21
4.102658105827190448e+06 2.137406555592002234e-21
4.552935074866947718e+06 1.564398361450120635e-21
5.052631065335679799e+06 1.139333557079868948e-21
5.607169938205458224e+06 8.206118963850549371e-22
6.222570836730230600e+06 5.865937437964010715e-22
6.905513520162330940e+06 4.160255767067296712e-22
7.663410868007462472e+06 2.917065099622449402e-22
8.504489341802684590e+06 2.019752837385034302e-22
9.437878277775391936e+06 1.377070419581102136e-22
1.047370897959450819e+07 9.205170360224748621e-23
1.162322468679854274e+07 5.981300200743423136e-23
1.289890261253307760e+07 3.776885857086165147e-23
1.431458937523478456e+07 2.266444698080832970e-23
1.588565129428052530e+07 1.284353111935782675e-23
1.762914118095947802e+07 6.721675853149729974e-24
1.956398343517064676e+07 3.198783490332589325e-24
2.171117945694505423e+07 1.355933543670117836e-24
2.409403560239527002e+07 5.075135405400511109e-25
2.673841615839949250e+07 1.650246522314838066e-25
2.967302408188872784e+07 4.605016015055522215e-26
3.292971255097155273e+07 1.084648685217432289e-26
3.654383070957254618e+07 2.137087209048674593e-27
4.055460735840827972e+07 3.446341447034411853e-28
4.500557675700496882e+07 4.479998488322572674e-29
4.994505115855139494e+07 4.606431531526447299e-30
5.542664520663107187e+07 3.671289413891122244e-31
6.150985788580504060e+07 2.221753009994773920e-32
6.826071834272393584e+07 9.980617901942756709e-34
7.575250258771920204e+07 3.241311262984874816e-35
8.406652885618332028e+07 7.375068655813557736e-37
9.329304026284696162e+07 1.120992500317561044e-38
1.035321843295663744e+08 1.084130581916540583e-40
1.148951000187308788e+08 6.280509590442211107e-43
1.275051240713012964e+08 2.015222771347745501e-45
1.414991297434575856e+08 3.213669547462683766e-48
1.570290124729377627e+08 2.119209858362117014e-51
1.742633386009651124e+08 2.423390212204410961e-55
1.933891750455232263e+08 6.132410191643763716e-61
2.146141197858406007e+08 4.219691859240645563e-68
2.381685551976160705e+08 1.230417880892426505e-76
2.643081486974108517e+08 5.691326362964215057e-87
2.933166278390048146e+08 3.477079565768253766e-100
3.255088599835056663e+08 8.023439244808468836e-118
3.612342699709430337e+08 3.532563809887836206e-142
