1.000000000000000000e+02 2.205980582833451883e-12
1.109752496412072134e+02 1.935850083921940319e-12
1.231550603292826196e+02 1.697104540841594905e-12
1.366716356462005990e+02 1.486106874264292749e-12
1.516716888470922413e+02 1.300126019865438474e-12
1.683180353330956791e+02 1.135754915301715352e-12
1.867913599020782840e+02 9.914675218340257804e-13
2.072921779595371845e+02 8.638814750859154029e-13
2.300430119772916839e+02 7.521531138888631686e-13
2.552908068239516410e+02 6.535111426637226938e-13
2.833096101839323637e+02 5.673963970249312578e-13
3.144035471591500368e+02 4.914753661779237838e-13
3.489101213406774491e+02 4.252943273608041855e-13
3.872038781812557318e+02 3.671696455811819215e-13
4.297004704320843871e+02 3.165353279242188309e-13
4.768611697714468960e+02 2.722882684383181071e-13
5.291978735958442712e+02 2.337405469811655158e-13
5.872786613189482523e+02 2.002648033910347881e-13
6.517339604882420190e+02 1.711167072795370146e-13
7.232633896483533817e+02 1.459400020451998813e-13
8.026433522257173081e+02 1.241177595486521144e-13
8.907354638610439679e+02 1.052610823494906421e-13
9.884959046625587007e+02 8.905013924964359423e-14
1.096985797892383971e+03 7.510987180365770104e-14
1.217382727739662187e+03 6.316692592825437096e-14
1.350993521198027793e+03 5.296917730429491878e-14
1.499268432786045423e+03 4.424767450349610510e-14
1.663816886076128640e+03 3.687439714304926800e-14
1.846424942895544291e+03 3.059564551629806363e-14
2.049074689815845886e+03 2.531864248137074473e-14
2.273965752357927613e+03 2.086278261525258112e-14
2.523539170434765765e+03 1.713629578511061129e-14
2.800503894183631019e+03 1.401726125912863438e-14
3.107866187782013640e+03 1.142108426950739799e-14
3.448962260405759935e+03 9.279573383180155889e-15
3.827494478516314757e+03 7.496371838155455093e-15
4.247571552536898707e+03 6.047406456317954682e-15
4.713753134116724141e+03 4.846371416473766156e-15
5.231099308056262998e+03 3.881018707773008133e-15
5.805225516094896193e+03 3.088937371623920008e-15
6.442363508721369726e+03 2.456845353279075997e-15
7.149428986597576113e+03 1.946171766854917579e-15
7.934096665797491369e+03 1.538738718395836426e-15
8.804883581643463913e+03 1.214087195542718637e-15
9.771241535346502133e+03 9.573557825055451106e-16
1.084365968689610963e+04 7.539912031593981133e-16
1.203377840777589154e+04 5.937325256745706633e-16
1.335451562929898682e+04 4.679391213069782670e-16
1.482020705798858762e+04 3.685649752357564153e-16
1.644676177994664249e+04 2.914051800856810091e-16
1.825183494319044257e+04 2.302616700564561259e-16
2.025501939230666540e+04 1.828088652529854132e-16
2.247805833548725059e+04 1.450741060252688703e-16
2.494508135230316839e+04 1.154062057912147219e-16
2.768286630392066581e+04 9.185794223089854517e-17
3.072112998861759115e+04 7.315938106082966601e-17
3.409285069746814406e+04 5.811058197427101100e-17
3.783462617131928710e+04 4.628346954082975541e-17
4.198707084443910571e+04 3.661477835020115888e-17
4.659525668664683326e+04 2.894996261616542729e-17
5.170920242896761192e+04 2.286688138002076615e-17
5.738441648302398244e+04 1.791392145549577972e-17
6.368249944718585903e+04 1.398923595385197641e-17
7.067181273927491566e+04 1.089101261820375709e-17
7.842822061337680498e+04 8.429888683631861525e-18
8.703591361485165544e+04 6.493053167135266243e-18
9.658832241158708348e+04 4.981431582752650996e-18
1.071891319205127511e+05 3.814415223578055550e-18
1.189534067370319535e+05 2.902582761760362459e-18
1.320088400831418112e+05 2.212790212301317664e-18
1.464971398307286145e+05 1.683221911638119481e-18
1.625755666443794908e+05 1.281412691404427803e-18
1.804186409392071655e+05 9.771908929595566495e-19
2.002200371815584658e+05 7.474983306307349503e-19
2.221946860939523904e+05 5.738882775867514148e-19
2.465811075822604180e+05 4.424954390421614090e-19
2.736439997074671555e+05 3.424207599817491824e-19
3.036771118035460822e+05 2.658085530531330402e-19
3.370064329271928291e+05 2.068017230206648943e-19
3.739937302478798083e+05 1.609175046340693542e-19
4.150404757850476308e+05 1.251483623581355521e-19
4.605922041145108524e+05 9.712309780028669567e-20
5.111433483440171112e+05 7.515404353503336974e-20
5.672426068491977639e+05 5.797650041177773763e-20
6.294988990221888525e+05 4.456734673473107985e-20
6.985879746785250027e+05 3.420152421737523273e-20
7.752597488629464060e+05 2.624959049620375755e-20
8.603464416684507160e+05 2.020987274630189992e-20
9.547716114208066138e+05 1.566449561046534290e-20
1.059560179277617019e+06 1.226386522855482405e-20
1.175849554052158026e+06 9.717695563396446901e-21
1.304901978014401859e+06 7.785828305173534793e-21
1.448118227674532915e+06 6.286380818454581159e-21
1.607052818261638284e+06 5.097649164741489105e-21
1.783430876931909472e+06 4.141659370661683829e-21
1.979166867853557458e+06 3.367060472616986065e-21
2.196385372416546568e+06 2.736440079731773364e-21
2.437444150122222025e+06 2.222727058832124394e-21
2.704959730463137385e+06 1.803744036838246606e-21
3.001835813575591892e+06 1.462374200282363544e-21
3.331294787934676744e+06 1.184194037037373377e-21
3.696912707195031922e+06 9.580786090222186769e-22
4.102658105827190448e+06 7.741320721341264889e-22
4.552935074866947718e+06 6.249259490116279512e-22
5.052631065335679799e+06 5.037444904843229724e-22
5.607169938205458224e+06 4.056108278600358722e-22
6.222570836730230600e+06 3.261229542156003807e-22
6.905513520162330940e+06 2.618500986900129302e-22
7.663410868007462472e+06 2.099299389483789959e-22
8.504489341802684590e+06 1.680586996332109651e-22
9.437878277775391936e+06 1.343122962909780410e-22
1.047370897959450819e+07 1.071589149230571929e-22
1.162322468679854274e+07 8.532994243022395680e-23
1.289890261253307760e+07 6.781330586248398865e-23
1.431458937523478456e+07 5.378469663905080559e-23
1.588565129428052530e+07 4.256850180660655026e-23
1.762914118095947802e+07 3.361153761205597764e-23
1.956398343517064676e+07 2.646841302641700915e-23
2.171117945694505423e+07 2.078968653316381675e-23
2.409403560239527002e+07 1.627848287362259611e-23
2.673841615839949250e+07 1.270502677247939338e-23
2.967302408188872784e+07 9.883756480268448568e-24
3.292971255097155273e+07 7.658134848043614344e-24
3.654383070957254618e+07 5.907311312682429146e-24
4.055460735840827972e+07 4.535050454184132930e-24
4.500557675700496882e+07 3.464469813162769779e-24
4.994505115855139494e+07 2.627527231133148063e-24
5.542664520663107187e+07 1.980086840232856036e-24
6.150985788580504060e+07 1.480734251668707169e-24
6.826071834272393584e+07 1.096473087791144926e-24
7.575250258771920204e+07 8.037156291715076367e-25
8.406652885618332028e+07 5.811506031679276769e-25
9.329304026284696162e+07 4.136977059894220365e-25
1.035321843295663744e+08 2.889504541027212593e-25
1.148951000187308788e+08 1.968171558137312132e-25
1.275051240713012964e+08 1.300909395772812991e-25
1.414991297434575856e+08 8.260751597007228710e-26
1.570290124729377627e+08 4.966491183889326282e-26
1.742633386009651124e+08 2.762682679486206281e-26
1.933891750455232263e+08 1.371846501036122412e-26
2.146141197858406007e+08 5.693006764879301899e-27
2.381685551976160705e+08 1.774048852501144326e-27
2.643081486974108517e+08 3.833886962271282970e-28
2.933166278390048146e+08 4.889465677039731512e-29
3.255088599835056663e+08 1.003458052706735826e-76
