1.000000000000000000e+02 8.426112842186351120e-15
1.109752496412072134e+02 7.132359242318509469e-15
1.231550603292826196e+02 6.021971932009331239e-15
1.366716356462005990e+02 5.069629241359717380e-15
1.516716888470922413e+02 4.253957428917474454e-15
1.683180353330956791e+02 3.556739292850504327e-15
1.867913599020782840e+02 2.961574396841010171e-15
2.072921779595371845e+02 2.455146019566065755e-15
2.300430119772916839e+02 2.025511563432120577e-15
2.552908068239516410e+02 1.662333128639255923e-15
2.833096101839323637e+02 1.356602026435126155e-15
3.144035471591500368e+02 1.100264059548294216e-15
3.489101213406774491e+02 8.866550145937222423e-16
3.872038781812557318e+02 7.097982928612212115e-16
4.297004704320843871e+02 5.645452797149434700e-16
4.768611697714468960e+02 4.462868649373898580e-16
5.291978735958442712e+02 3.511274200165946942e-16
5.872786613189482523e+02 2.754500055655488962e-16
6.517339604882420190e+02 2.160955848232051109e-16
7.232633896483533817e+02 1.701035907522972147e-16
8.026433522257173081e+02 1.348280410252146732e-16
8.907354638610439679e+02 1.079053283495921907e-16
9.884959046625587007e+02 8.736751839528354743e-17
1.096985797892383971e+03 7.159607099308366917e-17
1.217382727739662187e+03 5.933216341458089100e-17
1.350993521198027793e+03 4.961864435938874166e-17
1.499268432786045423e+03 4.178253977052822340e-17
1.663816886076128640e+03 3.534402277753256459e-17
1.846424942895544291e+03 2.997080875931020958e-17
2.049074689815845886e+03 2.544087740612418040e-17
2.273965752357927613e+03 2.160142313201747412e-17
2.523539170434765765e+03 1.833492779871624937e-17
2.800503894183631019e+03 1.555683521899500429e-17
3.107866187782013640e+03 1.318819791267632552e-17
3.448962260405759935e+03 1.117422776123143194e-17
3.827494478516314757e+03 9.460587661612132027e-18
4.247571552536898707e+03 8.004425349487441839e-18
4.713753134116724141e+03 6.767343373441779779e-18
5.231099308056262998e+03 5.716968391370528097e-18
5.805225516094896193e+03 4.825450897622095000e-18
6.442363508721369726e+03 4.069481035550038096e-18
7.149428986597576113e+03 3.428876738524831083e-18
7.934096665797491369e+03 2.886252412012376213e-18
8.804883581643463913e+03 2.427890029186862284e-18
9.771241535346502133e+03 2.040529994102592618e-18
1.084365968689610963e+04 1.713255523682818409e-18
1.203377840777589154e+04 1.437494191557374625e-18
1.335451562929898682e+04 1.205178253322690005e-18
1.482020705798858762e+04 1.009614179708753556e-18
1.644676177994664249e+04 8.451593227951455359e-19
1.825183494319044257e+04 7.068489828867084654e-19
2.025501939230666540e+04 5.907384728159183466e-19
2.247805833548725059e+04 4.933322080056999517e-19
2.494508135230316839e+04 4.116609962902790035e-19
2.768286630392066581e+04 3.431693111897541705e-19
3.072112998861759115e+04 2.858559430245725068e-19
3.409285069746814406e+04 2.378917709144579226e-19
3.783462617131928710e+04 1.977925489691149762e-19
4.198707084443910571e+04 1.642633926210590229e-19
4.659525668664683326e+04 1.362789696011298901e-19
5.170920242896761192e+04 1.129494154086439046e-19
5.738441648302398244e+04 9.349989208522626894e-20
6.368249944718585903e+04 7.730302037275455388e-20
7.067181273927491566e+04 6.384038855627590186e-20
7.842822061337680498e+04 5.264118415743286462e-20
8.703591361485165544e+04 4.335401978894239413e-20
9.658832241158708348e+04 3.565425776619167214e-20
1.071891319205127511e+05 2.927885966549901193e-20
1.189534067370319535e+05 2.400657276243923525e-20
1.320088400831418112e+05 1.965211477401700615e-20
1.464971398307286145e+05 1.606119256601067826e-20
1.625755666443794908e+05 1.310660481014489305e-20
1.804186409392071655e+05 1.067709013742718568e-20
2.002200371815584658e+05 8.683709072212953891e-21
2.221946860939523904e+05 7.050472228622076558e-21
2.465811075822604180e+05 5.715476061753368441e-21
2.736439997074671555e+05 4.626126167264379006e-21
3.036771118035460822e+05 3.736853507275275501e-21
3.370064329271928291e+05 3.014051485801043595e-21
3.739937302478798083e+05 2.426570870366937695e-21
4.150404757850476308e+05 1.949656221913178547e-21
4.605922041145108524e+05 1.563457757294880168e-21
5.111433483440171112e+05 1.251414281663447110e-21
5.672426068491977639e+05 9.994254328555940202e-22
6.294988990221888525e+05 7.964161125448549192e-22
6.985879746785250027e+05 6.333904811600887232e-22
7.752597488629464060e+05 5.025426528173569050e-22
8.603464416684507160e+05 3.976993587583108894e-22
9.547716114208066138e+05 3.139996041499983899e-22
1.059560179277617019e+06 2.472712994496156919e-22
1.175849554052158026e+06 1.941793529214832516e-22
1.304901978014401859e+06 1.520692847477810783e-22
1.448118227674532915e+06 1.187388980665766667e-22
1.607052818261638284e+06 9.244168451932690834e-23
1.783430876931909472e+06 7.174616822689956868e-23
1.979166867853557458e+06 5.549041896262591175e-23
2.196385372416546568e+06 4.276876175354629533e-23
2.437444150122222025e+06 3.284285001231433243e-23
2.704959730463137385e+06 2.511787978728758864e-23
3.001835813575591892e+06 1.913094016987204490e-23
3.331294787934676744e+06 1.450593081227347634e-23
3.696912707195031922e+06 1.094706561784653340e-23
4.102658105827190448e+06 8.219524772043903051e-24
4.552935074866947718e+06 6.136624825047898347e-24
5.052631065335679799e+06 4.554927963632825716e-24
5.607169938205458224e+06 3.359001516149004780e-24
6.222570836730230600e+06 2.459501714158730519e-24
6.905513520162330940e+06 1.786830362882831375e-24
7.663410868007462472e+06 1.287149254538340317e-24
8.504489341802684590e+06 9.182343148058341525e-25
9.437878277775391936e+06 6.481011213423997238e-25
1.047370897959450819e+07 4.517743174081144879e-25
1.162322468679854274e+07 3.103697283163299114e-25
1.289890261253307760e+07 2.095177701355359330e-25
1.431458937523478456e+07 1.384196999771764936e-25
1.588565129428052530e+07 8.892597848791096859e-26
1.762914118095947802e+07 5.506625236066045241e-26
1.956398343517064676e+07 3.239316019884213878e-26
2.171117945694505423e+07 1.767773375456115273e-26
2.409403560239527002e+07 8.588138350431092668e-27
2.673841615839949250e+07 3.410347407215245774e-27
2.967302408188872784e+07 8.955917776256733265e-28
3.292971255097155273e+07 8.294394183208280899e-29
3.654383070957254618e+07 3.494183861480209265e-30
