1.000000000000000000e+02 4.891132737928305625e-13
1.109752496412072134e+02 4.290066819164266224e-13
1.231550603292826196e+02 3.758159212760805708e-13
1.366716356462005990e+02 3.279531391976620145e-13
1.516716888470922413e+02 2.858532202075540142e-13
1.683180353330956791e+02 2.486254972183644670e-13
1.867913599020782840e+02 2.154363956947622321e-13
2.072921779595371845e+02 1.862648156956874998e-13
2.300430119772916839e+02 1.606547028747682881e-13
2.552908068239516410e+02 1.379542970683172077e-13
2.833096101839323637e+02 1.181569203421124881e-13
3.144035471591500368e+02 1.007175617635846180e-13
3.489101213406774491e+02 8.567201643666571764e-14
3.872038781812557318e+02 7.242361981112830980e-14
4.297004704320843871e+02 6.108728506632792781e-14
4.768611697714468960e+02 5.122354133457315905e-14
5.291978735958442712e+02 4.280067081303705336e-14
5.872786613189482523e+02 3.560381693640193455e-14
6.517339604882420190e+02 2.945919659066852743e-14
7.232633896483533817e+02 2.426843806223470798e-14
8.026433522257173081e+02 1.989111273871603993e-14
8.907354638610439679e+02 1.625854815135655620e-14
9.884959046625587007e+02 1.319207778997057705e-14
1.096985797892383971e+03 1.071365126286779794e-14
1.217382727739662187e+03 8.614303159599322357e-15
1.350993521198027793e+03 6.939469793861049695e-15
1.499268432786045423e+03 5.563606289410419138e-15
1.663816886076128640e+03 4.467061257019891982e-15
1.846424942895544291e+03 3.571809994738757622e-15
2.049074689815845886e+03 2.868290772640191401e-15
2.273965752357927613e+03 2.297725060730651715e-15
2.523539170434765765e+03 1.850643071807198955e-15
2.800503894183631019e+03 1.489911584682577061e-15
3.107866187782013640e+03 1.207759439698777436e-15
3.448962260405759935e+03 9.786183055658852525e-16
3.827494478516314757e+03 7.977148829904843335e-16
4.247571552536898707e+03 6.510197425578503483e-16
4.713753134116724141e+03 5.323384809666627240e-16
5.231099308056262998e+03 4.356107377296247460e-16
5.805225516094896193e+03 3.567316038441238142e-16
6.442363508721369726e+03 2.917798254842091958e-16
7.149428986597576113e+03 2.383251208801344888e-16
7.934096665797491369e+03 1.942169727590660197e-16
8.804883581643463913e+03 1.578384768914502349e-16
9.771241535346502133e+03 1.279690098923591579e-16
1.084365968689610963e+04 1.034271271261802256e-16
1.203377840777589154e+04 8.347572371353159728e-17
1.335451562929898682e+04 6.707352948747023264e-17
1.482020705798858762e+04 5.398181581394276619e-17
1.644676177994664249e+04 4.328281457741976950e-17
1.825183494319044257e+04 3.471602125101606058e-17
2.025501939230666540e+04 2.796287065100356406e-17
2.247805833548725059e+04 2.245588771650461647e-17
2.494508135230316839e+04 1.814261018747362515e-17
2.768286630392066581e+04 1.470571482082183241e-17
3.072112998861759115e+04 1.196356607834712719e-17
3.409285069746814406e+04 9.784440079932797077e-18
3.783462617131928710e+04 8.028963391357502493e-18
4.198707084443910571e+04 6.616814705306668096e-18
4.659525668664683326e+04 5.475707086609531555e-18
5.170920242896761192e+04 4.542647261591129684e-18
5.738441648302398244e+04 3.776505751626934498e-18
6.368249944718585903e+04 3.144535095356238538e-18
7.067181273927491566e+04 2.618980161173110078e-18
7.842822061337680498e+04 2.180431539362054898e-18
8.703591361485165544e+04 1.814132635291103717e-18
9.658832241158708348e+04 1.507245820231807380e-18
1.071891319205127511e+05 1.249773458587500242e-18
1.189534067370319535e+05 1.033599937372856234e-18
1.320088400831418112e+05 8.521814481617810876e-19
1.464971398307286145e+05 7.000731332579916883e-19
1.625755666443794908e+05 5.727467326447404220e-19
1.804186409392071655e+05 4.665414210691519668e-19
2.002200371815584658e+05 3.782296175436644980e-19
2.221946860939523904e+05 3.050603750496770582e-19
2.465811075822604180e+05 2.449240455973187451e-19
2.736439997074671555e+05 1.958890605759922526e-19
3.036771118035460822e+05 1.564119299924385127e-19
3.370064329271928291e+05 1.248467726456814705e-19
3.739937302478798083e+05 9.996359355525479488e-20
4.150404757850476308e+05 8.048207629244979063e-20
4.605922041145108524e+05 6.519906069628687166e-20
5.111433483440171112e+05 5.308765093494368972e-20
5.672426068491977639e+05 4.335700518525933576e-20
6.294988990221888525e+05 3.546148829738096131e-20
6.985879746785250027e+05 2.901132528729113796e-20
7.752597488629464060e+05 2.372762648989415043e-20
8.603464416684507160e+05 1.939421232095355839e-20
9.547716114208066138e+05 1.583847255780381566e-20
1.059560179277617019e+06 1.292603337787937669e-20
1.175849554052158026e+06 1.053927742239188083e-20
1.304901978014401859e+06 8.585697991383932120e-21
1.448118227674532915e+06 6.988409424873578980e-21
1.607052818261638284e+06 5.682005399716712837e-21
1.783430876931909472e+06 4.615851041251102487e-21
1.979166867853557458e+06 3.745285445176078319e-21
2.196385372416546568e+06 3.035907636798565853e-21
2.437444150122222025e+06 2.457745732397439360e-21
2.704959730463137385e+06 1.987354289886747061e-21
3.001835813575591892e+06 1.605073961141000285e-21
3.331294787934676744e+06 1.294520301147002225e-21
3.696912707195031922e+06 1.042787114342750577e-21
4.102658105827190448e+06 8.386610192486567393e-22
4.552935074866947718e+06 6.734672954183500175e-22
5.052631065335679799e+06 5.398989343620566249e-22
5.607169938205458224e+06 4.321574619166356773e-22
6.222570836730230600e+06 3.452930209350046187e-22
6.905513520162330940e+06 2.753340520323827570e-22
7.663410868007462472e+06 2.191622504086362614e-22
8.504489341802684590e+06 1.740481158605198472e-22
9.437878277775391936e+06 1.379392070192922975e-22
1.047370897959450819e+07 1.090606767813750181e-22
1.162322468679854274e+07 8.601570484377749080e-23
1.289890261253307760e+07 6.765753530146276636e-23
1.431458937523478456e+07 5.306797519184856164e-23
1.588565129428052530e+07 4.150628190184960252e-23
1.762914118095947802e+07 3.235453061046123176e-23
1.956398343517064676e+07 2.513226952458494520e-23
2.171117945694505423e+07 1.945354700750207053e-23
2.409403560239527002e+07 1.499544480692522310e-23
2.673841615839949250e+07 1.150883000868865704e-23
2.967302408188872784e+07 8.793347473232126255e-24
3.292971255097155273e+07 6.680829326733556934e-24
3.654383070957254618e+07 5.045085735803517201e-24
4.055460735840827972e+07 3.790384935484720274e-24
4.500557675700496882e+07 2.820451822649813882e-24
4.994505115855139494e+07 2.084699168890310204e-24
5.542664520663107187e+07 1.526398964516575502e-24
6.150985788580504060e+07 1.106028334971880462e-24
6.826071834272393584e+07 7.910898182369334915e-25
7.575250258771920204e+07 5.576646509876023026e-25
8.406652885618332028e+07 3.863656293229279191e-25
9.329304026284696162e+07 2.621441474196544901e-25
1.035321843295663744e+08 1.733617913581737470e-25
1.148951000187308788e+08 1.109189574480682816e-25
1.275051240713012964e+08 6.804955933663102521e-26
1.414991297434575856e+08 3.947969391930416768e-26
1.570290124729377627e+08 2.119094554732318295e-26
1.742633386009651124e+08 1.018104559087700660e-26
1.933891750455232263e+08 4.139786074403124155e-27
2.146141197858406007e+08 1.319671869082491078e-27
2.381685551976160705e+08 3.126625723236499805e-28
2.643081486974108517e+08 3.112578970922656164e-29
2.933166278390048146e+08 5.897484337614114558e-42
