1.000000000000000000e+02 5.536710900727884154e-15
1.109752496412072134e+02 4.848072565899971412e-15
1.231550603292826196e+02 4.240602114220666103e-15
1.366716356462005990e+02 3.704345158365218714e-15
1.516716888470922413e+02 3.231886599989638277e-15
1.683180353330956791e+02 2.816837971893057326e-15
1.867913599020782840e+02 2.451603156989273368e-15
2.072921779595371845e+02 2.131520479671418021e-15
2.300430119772916839e+02 1.851034926590151029e-15
2.552908068239516410e+02 1.605544642565719613e-15
2.833096101839323637e+02 1.391220271489959165e-15
3.144035471591500368e+02 1.203941081410654085e-15
3.489101213406774491e+02 1.041089444777337130e-15
3.872038781812557318e+02 8.991465028816014695e-16
4.297004704320843871e+02 7.761049202054499785e-16
4.768611697714468960e+02 6.691768460303573942e-16
5.291978735958442712e+02 5.766437548526292978e-16
5.872786613189482523e+02 4.964814608146785150e-16
6.517339604882420190e+02 4.271648442571015217e-16
7.232633896483533817e+02 3.673239406945145231e-16
8.026433522257173081e+02 3.156042270189808403e-16
8.907354638610439679e+02 2.710583898641490849e-16
9.884959046625587007e+02 2.326225124049719542e-16
1.096985797892383971e+03 1.995542513998892736e-16
1.217382727739662187e+03 1.709799865545193131e-16
1.350993521198027793e+03 1.464655967738178363e-16
1.499268432786045423e+03 1.253288260202370350e-16
1.663816886076128640e+03 1.071591163496561066e-16
1.846424942895544291e+03 9.156755055614943965e-17
2.049074689815845886e+03 7.810735538683645509e-17
2.273965752357927613e+03 6.661195903146188948e-17
2.523539170434765765e+03 5.669000663815421514e-17
2.800503894183631019e+03 4.820924635383551005e-17
3.107866187782013640e+03 4.091203235886594887e-17
3.448962260405759935e+03 3.468880925380339307e-17
3.827494478516314757e+03 2.933933487190635838e-17
4.247571552536898707e+03 2.480108175331493889e-17
4.713753134116724141e+03 2.088803798209044314e-17
5.231099308056262998e+03 1.758499897191354322e-17
5.805225516094896193e+03 1.475003293708782528e-17
6.442363508721369726e+03 1.236569371253322538e-17
7.149428986597576113e+03 1.032619274160596825e-17
7.934096665797491369e+03 8.617514104187800922e-18
8.804883581643463913e+03 7.164134625633243188e-18
9.771241535346502133e+03 5.951251927568362087e-18
1.084365968689610963e+04 4.928278912188243047e-18
1.203377840777589154e+04 4.076473293030405053e-18
1.335451562929898682e+04 3.365585623975003053e-18
1.482020705798858762e+04 2.776164069341148359e-18
1.644676177994664249e+04 2.286373066555015625e-18
1.825183494319044257e+04 1.882492354278244366e-18
2.025501939230666540e+04 1.549889755890432784e-18
2.247805833548725059e+04 1.275927488616840506e-18
2.494508135230316839e+04 1.051012150660209356e-18
2.768286630392066581e+04 8.666584611711941934e-19
3.072112998861759115e+04 7.147949315652837663e-19
3.409285069746814406e+04 5.906886922312287152e-19
3.783462617131928710e+04 4.883926229930649377e-19
4.198707084443910571e+04 4.039020311666963023e-19
4.659525668664683326e+04 3.339706593751235524e-19
5.170920242896761192e+04 2.764026068646113029e-19
5.738441648302398244e+04 2.285384997611285068e-19
6.368249944718585903e+04 1.887531367367384366e-19
7.067181273927491566e+04 1.556213062656863697e-19
7.842822061337680498e+04 1.280899883928722754e-19
8.703591361485165544e+04 1.053462194003662466e-19
9.658832241158708348e+04 8.628093038731167576e-20
1.071891319205127511e+05 7.055401376675234612e-20
1.189534067370319535e+05 5.763213194608390177e-20
1.320088400831418112e+05 4.692363793525979399e-20
1.464971398307286145e+05 3.814292671166249653e-20
1.625755666443794908e+05 3.097640616652699307e-20
1.804186409392071655e+05 2.514502437309039917e-20
2.002200371815584658e+05 2.041563146550237592e-20
2.221946860939523904e+05 1.658201680889449804e-20
2.465811075822604180e+05 1.348198405353323507e-20
2.736439997074671555e+05 1.097936349365918322e-20
3.036771118035460822e+05 8.957633932826784123e-21
3.370064329271928291e+05 7.321689914088882374e-21
3.739937302478798083e+05 5.994236231851541643e-21
4.150404757850476308e+05 4.914553776462572723e-21
4.605922041145108524e+05 4.032311235345331338e-21
5.111433483440171112e+05 3.310791954756719401e-21
5.672426068491977639e+05 2.718477688815158239e-21
6.294988990221888525e+05 2.230424078969418062e-21
6.985879746785250027e+05 1.828201699261472045e-21
7.752597488629464060e+05 1.496296070361775080e-21
8.603464416684507160e+05 1.222516241881030234e-21
9.547716114208066138e+05 9.970193256788666685e-22
1.059560179277617019e+06 8.115363541714195232e-22
1.175849554052158026e+06 6.597711112237039947e-22
1.304901978014401859e+06 5.360961245759847184e-22
1.448118227674532915e+06 4.357395622092875806e-22
1.607052818261638284e+06 3.544141660403995971e-22
1.783430876931909472e+06 2.884745334854046783e-22
1.979166867853557458e+06 2.348269174928836231e-22
2.196385372416546568e+06 1.910375951497805991e-22
2.437444150122222025e+06 1.552319178521808800e-22
2.704959730463137385e+06 1.259577385162727176e-22
3.001835813575591892e+06 1.020260351491689697e-22
3.331294787934676744e+06 8.253979742864599038e-23
3.696912707195031922e+06 6.663739043609924836e-23
4.102658105827190448e+06 5.370528795177637455e-23
4.552935074866947718e+06 4.319840628522384875e-23
5.052631065335679799e+06 3.467261407848246849e-23
5.607169938205458224e+06 2.776749707933041674e-23
6.222570836730230600e+06 2.218444719763682754e-23
6.905513520162330940e+06 1.767403239566210070e-23
7.663410868007462472e+06 1.404348468230769500e-23
8.504489341802684590e+06 1.112457573318729016e-23
9.437878277775391936e+06 8.783895449035588056e-24
1.047370897959450819e+07 6.913201300322897181e-24
1.162322468679854274e+07 5.419348632636185142e-24
1.289890261253307760e+07 4.232186529385011213e-24
1.431458937523478456e+07 3.290168031240002850e-24
1.588565129428052530e+07 2.546367486501212025e-24
1.762914118095947802e+07 1.961018718988759791e-24
1.956398343517064676e+07 1.500347890751750654e-24
2.171117945694505423e+07 1.140781856305586109e-24
2.409403560239527002e+07 8.619070450390017795e-25
2.673841615839949250e+07 6.453645939101976122e-25
2.967302408188872784e+07 4.792170452607225228e-25
3.292971255097155273e+07 3.522103984494484133e-25
3.654383070957254618e+07 2.559699139116994794e-25
4.055460735840827972e+07 1.835860325410868403e-25
4.500557675700496882e+07 1.296452519696191651e-25
4.994505115855139494e+07 8.988302682466501431e-26
5.542664520663107187e+07 6.099648650899082358e-26
6.150985788580504060e+07 4.031739782027577354e-26
6.826071834272393584e+07 2.580353786014296031e-26
7.575250258771920204e+07 1.585682867080504956e-26
8.406652885618332028e+07 9.268122451464887400e-27
9.329304026284696162e+07 5.079398610819634080e-27
1.035321843295663744e+08 2.568635067385938876e-27
1.148951000187308788e+08 1.178476359453598613e-27
1.275051240713012964e+08 4.784875186484298510e-28
1.414991297434575856e+08 1.500607743944209017e-28
1.570290124729377627e+08 1.347251111417522310e-29
