1.000000000000000000e+02 2.639149092644756784e-10
1.109752496412072134e+02 2.265700558371461085e-10
1.231550603292826196e+02 1.943234016642272722e-10
1.366716356462005990e+02 1.666065317869604815e-10
1.516716888470922413e+02 1.427206899220448934e-10
1.683180353330956791e+02 1.221848135228393241e-10
1.867913599020782840e+02 1.045163634038899775e-10
2.072921779595371845e+02 8.933347693711882906e-11
2.300430119772916839e+02 7.630345174110006791e-11
2.552908068239516410e+02 6.510921078769495679e-11
2.833096101839323637e+02 5.551485197799404264e-11
3.144035471591500368e+02 4.729415158805929696e-11
3.489101213406774491e+02 4.024500185103325050e-11
3.872038781812557318e+02 3.422526106396582394e-11
4.297004704320843871e+02 2.906554218435040987e-11
4.768611697714468960e+02 2.466350467986899182e-11
5.291978735958442712e+02 2.090978798285230595e-11
5.872786613189482523e+02 1.770209642706913275e-11
6.517339604882420190e+02 1.497043785162889649e-11
7.232633896483533817e+02 1.264691509051455270e-11
8.026433522257173081e+02 1.067160321827706628e-11
8.907354638610439679e+02 8.989675946219937884e-12
9.884959046625587007e+02 7.565755824416859760e-12
1.096985797892383971e+03 6.358263769516916754e-12
1.217382727739662187e+03 5.334897035508628231e-12
1.350993521198027793e+03 4.468941129710928069e-12
1.499268432786045423e+03 3.737660477115326121e-12
1.663816886076128640e+03 3.120899953462685210e-12
1.846424942895544291e+03 2.600291788738799339e-12
2.049074689815845886e+03 2.162745929568392021e-12
2.273965752357927613e+03 1.794230807168072515e-12
2.523539170434765765e+03 1.484703038190269762e-12
2.800503894183631019e+03 1.226617713773083843e-12
3.107866187782013640e+03 1.009660820523494044e-12
3.448962260405759935e+03 8.291958836507167257e-13
3.827494478516314757e+03 6.787092279470095554e-13
4.247571552536898707e+03 5.539202999376607509e-13
4.713753134116724141e+03 4.503247278272557193e-13
5.231099308056262998e+03 3.652074274917387105e-13
5.805225516094896193e+03 2.947780635767850628e-13
6.442363508721369726e+03 2.377023309132220971e-13
7.149428986597576113e+03 1.906694720089392744e-13
7.934096665797491369e+03 1.523277432469325241e-13
8.804883581643463913e+03 1.217652823153721242e-13
9.771241535346502133e+03 9.672781674411011069e-14
1.084365968689610963e+04 7.675140237899081764e-14
1.203377840777589154e+04 6.078906860111958552e-14
1.335451562929898682e+04 4.808619612685671922e-14
1.482020705798858762e+04 3.802755775092102607e-14
1.644676177994664249e+04 3.006808249279136974e-14
1.825183494319044257e+04 2.382355270223666429e-14
2.025501939230666540e+04 1.889512312372675038e-14
2.247805833548725059e+04 1.501447832958543198e-14
2.494508135230316839e+04 1.196794346954005262e-14
2.768286630392066581e+04 9.565524098613043815e-15
3.072112998861759115e+04 7.663208233567904730e-15
3.409285069746814406e+04 6.148574230873558205e-15
3.783462617131928710e+04 4.942128038952631013e-15
4.198707084443910571e+04 3.973820891518665503e-15
4.659525668664683326e+04 3.196396933894444369e-15
5.170920242896761192e+04 2.567074467126080428e-15
5.738441648302398244e+04 2.057084235499169405e-15
6.368249944718585903e+04 1.641997104683894350e-15
7.067181273927491566e+04 1.303879014012348689e-15
7.842822061337680498e+04 1.033987724693651074e-15
8.703591361485165544e+04 8.123394881055581245e-16
9.658832241158708348e+04 6.343449669864191701e-16
1.071891319205127511e+05 4.915135201394898669e-16
1.189534067370319535e+05 3.764678280113984862e-16
1.320088400831418112e+05 2.852123408961850139e-16
1.464971398307286145e+05 2.136683463621982873e-16
1.625755666443794908e+05 1.580340955312885293e-16
1.804186409392071655e+05 1.151578124612181001e-16
2.002200371815584658e+05 8.235897721681576773e-17
2.221946860939523904e+05 5.809996160242097608e-17
2.465811075822604180e+05 4.044776575412155246e-17
2.736439997074671555e+05 2.800233108104574472e-17
3.036771118035460822e+05 1.948336091792771689e-17
3.370064329271928291e+05 1.378121457046897870e-17
3.739937302478798083e+05 9.987462691991468762e-18
4.150404757850476308e+05 7.420658954252853809e-18
4.605922041145108524e+05 5.639566922008794705e-18
5.111433483440171112e+05 4.346345566422232923e-18
5.672426068491977639e+05 3.378642475463556529e-18
6.294988990221888525e+05 2.636590990290614523e-18
6.985879746785250027e+05 2.058666554912806229e-18
7.752597488629464060e+05 1.605433774472718844e-18
8.603464416684507160e+05 1.249234695108096951e-18
9.547716114208066138e+05 9.694788925778927224e-19
1.059560179277617019e+06 7.499854025103150383e-19
1.175849554052158026e+06 5.783716438747496138e-19
1.304901978014401859e+06 4.439854549638784948e-19
1.448118227674532915e+06 3.390480256690142905e-19
1.607052818261638284e+06 2.579893709673628712e-19
1.783430876931909472e+06 1.955649190704534017e-19
1.979166867853557458e+06 1.474768953152599739e-19
2.196385372416546568e+06 1.105262434306772279e-19
2.437444150122222025e+06 8.234775533997293800e-20
2.704959730463137385e+06 6.090354009312222217e-20
3.001835813575591892e+06 4.471524249487896800e-20
3.331294787934676744e+06 3.257135640500202477e-20
3.696912707195031922e+06 2.354004093171936559e-20
4.102658105827190448e+06 1.688124138490676438e-20
4.552935074866947718e+06 1.201829377865930852e-20
5.052631065335679799e+06 8.504053140508827235e-21
5.607169938205458224e+06 5.989471047110821725e-21
6.222570836730230600e+06 4.209105998986668115e-21
6.905513520162330940e+06 2.952308198133003085e-21
7.663410868007462472e+06 2.072973126688971059e-21
8.504489341802684590e+06 1.457603711430580960e-21
9.437878277775391936e+06 1.026559396298525510e-21
1.047370897959450819e+07 7.242640650775385897e-22
1.162322468679854274e+07 5.118013330412951541e-22
1.289890261253307760e+07 3.619571942207815544e-22
1.431458937523478456e+07 2.561429770592399380e-22
1.588565129428052530e+07 1.812026653590463156e-22
1.762914118095947802e+07 1.282836502230698733e-22
1.956398343517064676e+07 9.073675857170578443e-23
2.171117945694505423e+07 6.414351750942117154e-23
2.409403560239527002e+07 4.530965145187446831e-23
2.673841615839949250e+07 3.196927548513353923e-23
2.967302408188872784e+07 2.253500443547845098e-23
3.292971255097155273e+07 1.586575317184550977e-23
3.654383070957254618e+07 1.115749533334011464e-23
4.055460735840827972e+07 7.836243352778864208e-24
4.500557675700496882e+07 5.494430222373870744e-24
4.994505115855139494e+07 3.848173377216015869e-24
5.542664520663107187e+07 2.691243544473183722e-24
6.150985788580504060e+07 1.879198159293361707e-24
6.826071834272393584e+07 1.310200181812020147e-24
7.575250258771920204e+07 9.121193254553533562e-25
8.406652885618332028e+07 6.340699924543534065e-25
9.329304026284696162e+07 4.400590367216200035e-25
1.035321843295663744e+08 3.049740809651253563e-25
1.148951000187308788e+08 2.110071749376087958e-25
1.275051240713012964e+08 1.457789408892667444e-25
1.414991297434575856e+08 1.005409290751806261e-25
1.570290124729377627e+08 6.923205634369578419e-26
1.742633386009651124e+08 4.759134278543729174e-26
1.933891750455232263e+08 3.266331110293819856e-26
2.146141197858406007e+08 2.237900082251884650e-26
2.381685551976160705e+08 1.530417275878122949e-26
2.643081486974108517e+08 1.044600264163783704e-26
2.933166278390048146e+08 7.115330423844026067e-27
3.255088599835056663e+08 4.835524139966061729e-27
3.612342699709430337e+08 3.278239007099880794e-27
4.008806328898465633e+08 2.216307399713574720e-27
4.448782831127585173e+08 1.493954535112043441e-27
4.937047852839003801e+08 1.003776435673748421e-27
5.478901179593944550e+08 6.717379381315874674e-28
6.080224261649426222e+08 4.475447191418249940e-28
6.747544053110699654e+08 2.966803626663200591e-28
7.488103857590031624e+08 1.955148077507997102e-28
8.309941949353404045e+08 1.279592576642639894e-28
9.221978823334341049e+08 8.303042238615929665e-29
1.023411402105452657e+09 5.334519850940503325e-29
1.135733358343105316e+09 3.384293239987067323e-29
1.260382929679727316e+09 2.113231182350921024e-29
1.398713102647238731e+09 1.292170003234441397e-29
1.552225357427047968e+09 7.691113526570764572e-30
1.722585965398787737e+09 4.399358073007619688e-30
1.911644075385703564e+09 2.375465910233225564e-30
2.121451784910631895e+09 1.165290616327235809e-30
2.354286414322420120e+09 4.741316154289732957e-31
2.612675225563332081e+09 1.131140052268119776e-31
2.899422853882881165e+09 7.012356996862329558e-54
