1.000000000000000000e+02 7.608685609457783447e-12
1.109752496412072134e+02 6.691642309421661963e-12
1.231550603292826196e+02 5.884291899410473111e-12
1.366716356462005990e+02 5.173362055665154485e-12
1.516716888470922413e+02 4.547794149516059279e-12
1.683180353330956791e+02 3.997880571452658010e-12
1.867913599020782840e+02 3.513713406012813761e-12
2.072921779595371845e+02 3.087122429049602905e-12
2.300430119772916839e+02 2.712039544433192785e-12
2.552908068239516410e+02 2.381810683127340235e-12
2.833096101839323637e+02 2.091352129041253067e-12
3.144035471591500368e+02 1.835866904578699307e-12
3.489101213406774491e+02 1.610780644070928606e-12
3.872038781812557318e+02 1.413088340841422579e-12
4.297004704320843871e+02 1.239005337312235982e-12
4.768611697714468960e+02 1.086093969190976062e-12
5.291978735958442712e+02 9.515401289758590371e-13
5.872786613189482523e+02 8.333819578589334873e-13
6.517339604882420190e+02 7.295479348578904877e-13
7.232633896483533817e+02 6.382549779194449893e-13
8.026433522257173081e+02 5.581879752109975071e-13
8.907354638610439679e+02 4.878379033433455617e-13
9.884959046625587007e+02 4.261107198996700806e-13
1.096985797892383971e+03 3.720009742189463061e-13
1.217382727739662187e+03 3.244866266712580796e-13
1.350993521198027793e+03 2.829108361502733618e-13
1.499268432786045423e+03 2.464684941145065960e-13
1.663816886076128640e+03 2.145479543517642170e-13
1.846424942895544291e+03 1.866651174499596119e-13
2.049074689815845886e+03 1.622172557810199662e-13
2.273965752357927613e+03 1.408756342529051383e-13
2.523539170434765765e+03 1.222665416554006635e-13
2.800503894183631019e+03 1.059658969572108109e-13
3.107866187782013640e+03 9.178948611928540918e-14
3.448962260405759935e+03 7.942065758727057349e-14
3.827494478516314757e+03 6.864579086848909647e-14
4.247571552536898707e+03 5.928014953804633465e-14
4.713753134116724141e+03 5.113053481950901979e-14
5.231099308056262998e+03 4.406449131151613191e-14
5.805225516094896193e+03 3.791785887080201892e-14
6.442363508721369726e+03 3.259824849978226591e-14
7.149428986597576113e+03 2.798626907109735014e-14
7.934096665797491369e+03 2.400202869184869976e-14
8.804883581643463913e+03 2.055527623274213068e-14
9.771241535346502133e+03 1.758447228580320036e-14
1.084365968689610963e+04 1.501874107563996397e-14
1.203377840777589154e+04 1.281628966703873755e-14
1.335451562929898682e+04 1.091730968208598879e-14
1.482020705798858762e+04 9.282976268225897485e-15
1.644676177994664249e+04 7.887635849220896981e-15
1.825183494319044257e+04 6.686736337950997039e-15
2.025501939230666540e+04 5.662249291195611183e-15
2.247805833548725059e+04 4.785921188212139900e-15
2.494508135230316839e+04 4.038805636088972629e-15
2.768286630392066581e+04 3.402610731413952069e-15
3.072112998861759115e+04 2.861987102708243026e-15
3.409285069746814406e+04 2.402383335468063904e-15
3.783462617131928710e+04 2.011534366901580937e-15
4.198707084443910571e+04 1.682333277057025282e-15
4.659525668664683326e+04 1.402512816063381613e-15
5.170920242896761192e+04 1.167745515654207981e-15
5.738441648302398244e+04 9.687297851308019189e-16
6.368249944718585903e+04 8.022943397061040266e-16
7.067181273927491566e+04 6.620301923124456537e-16
7.842822061337680498e+04 5.447926449275853699e-16
8.703591361485165544e+04 4.464371706980989373e-16
9.658832241158708348e+04 3.646344466719078179e-16
1.071891319205127511e+05 2.961722772985621223e-16
1.189534067370319535e+05 2.398630475484127489e-16
1.320088400831418112e+05 1.930635114139810679e-16
1.464971398307286145e+05 1.544983396496365246e-16
1.625755666443794908e+05 1.229088386709574650e-16
1.804186409392071655e+05 9.717223332599536297e-17
2.002200371815584658e+05 7.622886775812835612e-17
2.221946860939523904e+05 5.934967847961117176e-17
2.465811075822604180e+05 4.584102512068073925e-17
2.736439997074671555e+05 3.510139871223769120e-17
3.036771118035460822e+05 2.664613689466984436e-17
3.370064329271928291e+05 2.002466487709504686e-17
3.739937302478798083e+05 1.490236896806757911e-17
4.150404757850476308e+05 1.098206588186406651e-17
4.605922041145108524e+05 8.022608335680837802e-18
5.111433483440171112e+05 5.799361444531802860e-18
5.672426068491977639e+05 4.161736308064518687e-18
6.294988990221888525e+05 2.964104178525071378e-18
6.985879746785250027e+05 2.098146794741971420e-18
7.752597488629464060e+05 1.477797367586863836e-18
8.603464416684507160e+05 1.034498409494976273e-18
9.547716114208066138e+05 7.223581863230697978e-19
1.059560179277617019e+06 5.010690967116126324e-19
1.175849554052158026e+06 3.409064625272392900e-19
1.304901978014401859e+06 2.280311750316852507e-19
1.448118227674532915e+06 1.477958888744249213e-19
1.607052818261638284e+06 9.143049467459340522e-20
1.783430876931909472e+06 5.279532675814849507e-20
1.979166867853557458e+06 2.758200470881618371e-20
2.196385372416546568e+06 1.252618664354169675e-20
2.437444150122222025e+06 4.765339155297856676e-21
2.704959730463137385e+06 1.516894930164908686e-21
3.001835813575591892e+06 4.301916468491547216e-22
3.331294787934676744e+06 1.320975042790724671e-22
3.696912707195031922e+06 5.865351110134033102e-23
4.102658105827190448e+06 3.677692974940643508e-23
4.552935074866947718e+06 2.613157976077546166e-23
5.052631065335679799e+06 1.907319696778375019e-23
5.607169938205458224e+06 1.398179828018935655e-23
6.222570836730230600e+06 1.024557624326937282e-23
6.905513520162330940e+06 7.503247592239052997e-24
7.663410868007462472e+06 5.490632028645506644e-24
8.504489341802684590e+06 4.012387129194745320e-24
9.437878277775391936e+06 2.927657770560202130e-24
1.047370897959450819e+07 2.132165530113112379e-24
1.162322468679854274e+07 1.549639871837942338e-24
1.289890261253307760e+07 1.123521635717993755e-24
1.431458937523478456e+07 8.122738362160134133e-25
1.588565129428052530e+07 5.854210691011135371e-25
1.762914118095947802e+07 4.203840381992225423e-25
1.956398343517064676e+07 3.006835702307920225e-25
2.171117945694505423e+07 2.141266359633334020e-25
2.409403560239527002e+07 1.517071929879027791e-25
2.673841615839949250e+07 1.068803728807721827e-25
2.967302408188872784e+07 7.481695203737470916e-26
3.292971255097155273e+07 5.198327314670343673e-26
3.654383070957254618e+07 3.581432180587723856e-26
4.055460735840827972e+07 2.442848594396752607e-26
4.500557675700496882e+07 1.647416022554481443e-26
4.994505115855139494e+07 1.095999661642548579e-26
5.542664520663107187e+07 7.172333172861589773e-27
6.150985788580504060e+07 4.601389223966133959e-27
6.826071834272393584e+07 2.881205779808155339e-27
7.575250258771920204e+07 1.749342117639553804e-27
8.406652885618332028e+07 1.021079560585442081e-27
9.329304026284696162e+07 5.650471950037666576e-28
1.035321843295663744e+08 2.895038782325972811e-28
1.148951000187308788e+08 1.307927097352813475e-28
1.275051240713012964e+08 4.562756558542126494e-29
1.414991297434575856e+08 6.826379117098780504e-30
