1.000000000000000000e+02 7.128686244477071052e-14
1.109752496412072134e+02 5.998044379295584068e-14
1.231550603292826196e+02 5.028725909733846294e-14
1.366716356462005990e+02 4.199698157935155794e-14
1.516716888470922413e+02 3.492278887705762518e-14
1.683180353330956791e+02 2.890588032684772621e-14
1.867913599020782840e+02 2.380718437123678761e-14
2.072921779595371845e+02 1.949741283131661133e-14
2.300430119772916839e+02 1.587002211284178649e-14
2.552908068239516410e+02 1.283098032589882657e-14
2.833096101839323637e+02 1.029822349550912579e-14
3.144035471591500368e+02 8.198612150395315283e-15
3.489101213406774491e+02 6.469777154511707431e-15
3.872038781812557318e+02 5.056743686182550945e-15
4.297004704320843871e+02 3.910664278632894137e-15
4.768611697714468960e+02 2.990080784974330980e-15
5.291978735958442712e+02 2.258062903576157070e-15
5.872786613189482523e+02 1.682808121811341161e-15
6.517339604882420190e+02 1.236601014888565540e-15
7.232633896483533817e+02 8.953040942365491188e-16
8.026433522257173081e+02 6.384376278177761580e-16
8.907354638610439679e+02 4.482615010853564822e-16
9.884959046625587007e+02 3.101415671289896548e-16
1.096985797892383971e+03 2.117720649737031104e-16
1.217382727739662187e+03 1.431087551324609376e-16
1.350993521198027793e+03 9.619049867709753041e-17
1.499268432786045423e+03 6.486781949802262903e-17
1.663816886076128640e+03 4.409818385885146956e-17
1.846424942895544291e+03 3.067684334000063304e-17
2.049074689815845886e+03 2.199439198125593602e-17
2.273965752357927613e+03 1.632739733264557055e-17
2.523539170434765765e+03 1.252990592541998532e-17
2.800503894183631019e+03 9.882303238294318494e-18
3.107866187782013640e+03 7.945732684825650743e-18
3.448962260405759935e+03 6.467815401277380051e-18
3.827494478516314757e+03 5.304693589773008180e-18
4.247571552536898707e+03 4.372226831861152476e-18
4.713753134116724141e+03 3.616136954806737294e-18
5.231099308056262998e+03 3.001143743192276740e-18
5.805225516094896193e+03 2.495781647966786767e-18
6.442363508721369726e+03 2.079215062205974961e-18
7.149428986597576113e+03 1.733251905720136889e-18
7.934096665797491369e+03 1.444930657088216346e-18
8.804883581643463913e+03 1.204148387054302582e-18
9.771241535346502133e+03 1.002999999175065250e-18
1.084365968689610963e+04 8.348445903181695640e-19
1.203377840777589154e+04 6.944885038018669580e-19
1.335451562929898682e+04 5.773222045437412728e-19
1.482020705798858762e+04 4.795045409402827953e-19
1.644676177994664249e+04 3.980415041922042405e-19
1.825183494319044257e+04 3.301202424175872445e-19
2.025501939230666540e+04 2.735984251681604744e-19
2.247805833548725059e+04 2.265607329003867907e-19
2.494508135230316839e+04 1.874010723946863756e-19
2.768286630392066581e+04 1.548917798892061338e-19
3.072112998861759115e+04 1.279003312803599324e-19
3.409285069746814406e+04 1.054833784311316479e-19
3.783462617131928710e+04 8.689612217789873919e-20
4.198707084443910571e+04 7.150729071082662572e-20
4.659525668664683326e+04 5.876113042592216546e-20
5.170920242896761192e+04 4.823336327472637947e-20
5.738441648302398244e+04 3.952565834220839095e-20
6.368249944718585903e+04 3.234469920717710748e-20
7.067181273927491566e+04 2.643113141956144357e-20
7.842822061337680498e+04 2.155894580421189913e-20
8.703591361485165544e+04 1.755952777793224249e-20
9.658832241158708348e+04 1.427639767960374688e-20
1.071891319205127511e+05 1.158720322046386652e-20
1.189534067370319535e+05 9.390078313538858685e-21
1.320088400831418112e+05 7.595491133160699378e-21
1.464971398307286145e+05 6.135205815617053395e-21
1.625755666443794908e+05 4.947610570170281382e-21
1.804186409392071655e+05 3.984220597865798043e-21
2.002200371815584658e+05 3.204466413613282308e-21
2.221946860939523904e+05 2.573877159117118176e-21
2.465811075822604180e+05 2.064748877083263908e-21
2.736439997074671555e+05 1.654362452715445856e-21
3.036771118035460822e+05 1.323817130960155501e-21
3.370064329271928291e+05 1.057935740483035941e-21
3.739937302478798083e+05 8.444155189230562405e-22
4.150404757850476308e+05 6.729482777607580144e-22
4.605922041145108524e+05 5.357105842377301376e-22
5.111433483440171112e+05 4.258092391535289771e-22
5.672426068491977639e+05 3.379813282790943650e-22
6.294988990221888525e+05 2.679230156533793868e-22
6.985879746785250027e+05 2.120887406752498043e-22
7.752597488629464060e+05 1.676296791133879823e-22
8.603464416684507160e+05 1.322984885910844090e-22
9.547716114208066138e+05 1.042838941198031014e-22
1.059560179277617019e+06 8.208249416388339661e-23
1.175849554052158026e+06 6.450921479443313512e-23
1.304901978014401859e+06 5.062217233058316750e-23
1.448118227674532915e+06 3.966574621078165606e-23
1.607052818261638284e+06 3.103804612551363738e-23
1.783430876931909472e+06 2.425006063401272290e-23
1.979166867853557458e+06 1.891656937377777215e-23
2.196385372416546568e+06 1.473553589728592992e-23
2.437444150122222025e+06 1.146081711262928828e-23
2.704959730463137385e+06 8.899091967812049117e-24
3.001835813575591892e+06 6.900091497743949618e-24
3.331294787934676744e+06 5.341313348620669024e-24
3.696912707195031922e+06 4.127441055965550756e-24
4.102658105827190448e+06 3.184518778426756749e-24
4.552935074866947718e+06 2.452957834231165849e-24
5.052631065335679799e+06 1.886271884802915908e-24
5.607169938205458224e+06 1.447729379263398871e-24
6.222570836730230600e+06 1.109105006862003508e-24
6.905513520162330940e+06 8.480777701033986625e-25
7.663410868007462472e+06 6.472337832251507868e-25
8.504489341802684590e+06 4.929936651061757019e-25
9.437878277775391936e+06 3.747552512683175128e-25
1.047370897959450819e+07 2.842452067715751002e-25
1.162322468679854274e+07 2.151011010260583689e-25
1.289890261253307760e+07 1.624047940055337669e-25
1.431458937523478456e+07 1.223394119278468860e-25
1.588565129428052530e+07 9.191015193431397379e-26
1.762914118095947802e+07 6.887146865605554232e-26
1.956398343517064676e+07 5.146509093479493939e-26
2.171117945694505423e+07 3.834754674734946264e-26
2.409403560239527002e+07 2.848448934809219709e-26
2.673841615839949250e+07 2.109311114516495643e-26
2.967302408188872784e+07 1.556104369015299442e-26
3.292971255097155273e+07 1.143868347094175457e-26
3.654383070957254618e+07 8.375243102447225683e-27
4.055460735840827972e+07 6.104498429991004279e-27
4.500557675700496882e+07 4.429390585570592862e-27
4.994505115855139494e+07 3.196891742226269584e-27
5.542664520663107187e+07 2.294357103968562415e-27
6.150985788580504060e+07 1.636112563816510398e-27
6.826071834272393584e+07 1.158296016031429899e-27
7.575250258771920204e+07 8.134432195916794136e-28
8.406652885618332028e+07 5.658761289919475556e-28
9.329304026284696162e+07 3.894761086719646113e-28
1.035321843295663744e+08 2.645201946599222098e-28
1.148951000187308788e+08 1.769856483730814796e-28
1.275051240713012964e+08 1.161945318373790736e-28
1.414991297434575856e+08 7.453233677085297988e-29
1.570290124729377627e+08 4.640013473432020264e-29
1.742633386009651124e+08 2.779084868043394375e-29
1.933891750455232263e+08 1.579231275959569375e-29
2.146141197858406007e+08 8.336376711456045212e-30
2.381685551976160705e+08 3.940876082051893477e-30
2.643081486974108517e+08 1.557113309196044385e-30
2.933166278390048146e+08 4.124043083209489986e-31
3.255088599835056663e+08 1.656668841163992104e-33
