1.000000000000000000e+02 2.722039376533227757e-11
1.109752496412072134e+02 2.282357202841747551e-11
1.231550603292826196e+02 1.910257402737544558e-11
1.366716356462005990e+02 1.598594318408818760e-11
1.516716888470922413e+02 1.335405643181862357e-11
1.683180353330956791e+02 1.116094098831763660e-11
1.867913599020782840e+02 9.319193479270089270e-12
2.072921779595371845e+02 7.782807796357754102e-12
2.300430119772916839e+02 6.497909851808730213e-12
2.552908068239516410e+02 5.426491090006791905e-12
2.833096101839323637e+02 4.529839231127440119e-12
3.144035471591500368e+02 3.780643474193737526e-12
3.489101213406774491e+02 3.155103606498835979e-12
3.872038781812557318e+02 2.632443753156300067e-12
4.297004704320843871e+02 2.193481543132196998e-12
4.768611697714468960e+02 1.828122819546632183e-12
5.291978735958442712e+02 1.519252724963714692e-12
5.872786613189482523e+02 1.262084096196808078e-12
6.517339604882420190e+02 1.045582827324099730e-12
7.232633896483533817e+02 8.651872913385618453e-13
8.026433522257173081e+02 7.134580608745610800e-13
8.907354638610439679e+02 5.875355720148450275e-13
9.884959046625587007e+02 4.819287751808391777e-13
1.096985797892383971e+03 3.947603835062096842e-13
1.217382727739662187e+03 3.219734957669777254e-13
1.350993521198027793e+03 2.623360180329368926e-13
1.499268432786045423e+03 2.129891230680303768e-13
1.663816886076128640e+03 1.727102448191125064e-13
1.846424942895544291e+03 1.397560408840699120e-13
2.049074689815845886e+03 1.131820442637049561e-13
2.273965752357927613e+03 9.129649844542961507e-14
2.523539170434765765e+03 7.381636545239043558e-14
2.800503894183631019e+03 5.969032085280173085e-14
3.107866187782013640e+03 4.839786924739512234e-14
3.448962260405759935e+03 3.929226164839662178e-14
3.827494478516314757e+03 3.203454294471106111e-14
4.247571552536898707e+03 2.616632062412323420e-14
4.713753134116724141e+03 2.149728487191694268e-14
5.231099308056262998e+03 1.769374586805862039e-14
5.805225516094896193e+03 1.463895239267881280e-14
6.442363508721369726e+03 1.213614786334816411e-14
7.149428986597576113e+03 1.009989319658655107e-14
7.934096665797491369e+03 8.420875870528707627e-15
8.804883581643463913e+03 7.031199776647764363e-15
9.771241535346502133e+03 5.873073684852432451e-15
1.084365968689610963e+04 4.905725136876936979e-15
1.203377840777589154e+04 4.089667851883776613e-15
1.335451562929898682e+04 3.407126846262355715e-15
1.482020705798858762e+04 2.830012254556062607e-15
1.644676177994664249e+04 2.342170231205758424e-15
1.825183494319044257e+04 1.928647061222039839e-15
2.025501939230666540e+04 1.582149177512914079e-15
2.247805833548725059e+04 1.290756952015493120e-15
2.494508135230316839e+04 1.045425358615499173e-15
2.768286630392066581e+04 8.403315021483309511e-16
3.072112998861759115e+04 6.700690942106716209e-16
3.409285069746814406e+04 5.293597882586956787e-16
3.783462617131928710e+04 4.138419685503968682e-16
4.198707084443910571e+04 3.197324686376880191e-16
4.659525668664683326e+04 2.438731894531880712e-16
5.170920242896761192e+04 1.833713753108064474e-16
5.738441648302398244e+04 1.356809792180227088e-16
6.368249944718585903e+04 9.864826309259193273e-17
7.067181273927491566e+04 7.047503683598761818e-17
7.842822061337680498e+04 4.942257906280670812e-17
8.703591361485165544e+04 3.406264835219546890e-17
9.658832241158708348e+04 2.303732980580310717e-17
1.071891319205127511e+05 1.537539031280085574e-17
1.189534067370319535e+05 1.020135456438002177e-17
1.320088400831418112e+05 6.779400794603507077e-18
1.464971398307286145e+05 4.554752091982438948e-18
1.625755666443794908e+05 3.119057081041906425e-18
1.804186409392071655e+05 2.183805284142027112e-18
2.002200371815584658e+05 1.562619501642004136e-18
2.221946860939523904e+05 1.135610712411181251e-18
2.465811075822604180e+05 8.349666979275396509e-19
2.736439997074671555e+05 6.196177212304357278e-19
3.036771118035460822e+05 4.642813119901477765e-19
3.370064329271928291e+05 3.524132783970466105e-19
3.739937302478798083e+05 2.713972461096573832e-19
4.150404757850476308e+05 2.119190045110592435e-19
4.605922041145108524e+05 1.672329570803914625e-19
5.111433483440171112e+05 1.327988247968971181e-19
5.672426068491977639e+05 1.057963036684483447e-19
6.294988990221888525e+05 8.436403067682268400e-20
6.985879746785250027e+05 6.723402739563997875e-20
7.752597488629464060e+05 5.353107189285844373e-20
8.603464416684507160e+05 4.257074533547600934e-20
9.547716114208066138e+05 3.380941693349004434e-20
1.059560179277617019e+06 2.681387293519031061e-20
1.175849554052158026e+06 2.123644220092972044e-20
1.304901978014401859e+06 1.679212327046738728e-20
1.448118227674532915e+06 1.325682013125768048e-20
1.607052818261638284e+06 1.044720558260940668e-20
1.783430876931909472e+06 8.216579919732554233e-21
1.979166867853557458e+06 6.448548326432151364e-21
2.196385372416546568e+06 5.049405197912952256e-21
2.437444150122222025e+06 3.944037755269023026e-21
2.704959730463137385e+06 3.072434074992248960e-21
3.001835813575591892e+06 2.386465821421479764e-21
3.331294787934676744e+06 1.847023066366616645e-21
3.696912707195031922e+06 1.424875631244152362e-21
4.102658105827190448e+06 1.095223946903167910e-21
4.552935074866947718e+06 8.384898154845675362e-22
5.052631065335679799e+06 6.389554033864137896e-22
5.607169938205458224e+06 4.845335207071715140e-22
6.222570836730230600e+06 3.653663592439250952e-22
6.905513520162330940e+06 2.740427060615365633e-22
7.663410868007462472e+06 2.041220447640726165e-22
8.504489341802684590e+06 1.509297212418795232e-22
9.437878277775391936e+06 1.107187751153115627e-22
1.047370897959450819e+07 8.047747840101893114e-23
1.162322468679854274e+07 5.791463466119508921e-23
1.289890261253307760e+07 4.121312880110468166e-23
1.431458937523478456e+07 2.897552079124515787e-23
1.588565129428052530e+07 2.008961051924251919e-23
1.762914118095947802e+07 1.372602805991165234e-23
1.956398343517064676e+07 9.228140801937974033e-24
2.171117945694505423e+07 6.096408101644337163e-24
2.409403560239527002e+07 3.942952251966001411e-24
2.673841615839949250e+07 2.487556801878309457e-24
2.967302408188872784e+07 1.518394865371085717e-24
3.292971255097155273e+07 8.832071581601963084e-25
3.654383070957254618e+07 4.766486619414488919e-25
4.055460735840827972e+07 2.268319087942964728e-25
4.500557675700496882e+07 8.525379707019538076e-26
4.994505115855139494e+07 1.854216601382611329e-26
5.542664520663107187e+07 7.894969023090496760e-28
6.150985788580504060e+07 1.981644920930157612e-33
6.826071834272393584e+07 6.455488203879746558e-76
