1.000000000000000000e+02 8.082731925918217870e-12
1.109752496412072134e+02 6.500458877063321367e-12
1.231550603292826196e+02 5.193669352573653377e-12
1.366716356462005990e+02 4.131057788355239226e-12
1.516716888470922413e+02 3.270506758453886943e-12
1.683180353330956791e+02 2.580838928759696153e-12
1.867913599020782840e+02 2.032788501140989639e-12
2.072921779595371845e+02 1.600832795733334502e-12
2.300430119772916839e+02 1.263458588159964055e-12
2.552908068239516410e+02 1.001447059742698299e-12
2.833096101839323637e+02 7.988914518846993912e-13
3.144035471591500368e+02 6.429475070159661939e-13
3.489101213406774491e+02 5.227006335448396863e-13
3.872038781812557318e+02 4.296981684088069096e-13
4.297004704320843871e+02 3.575561303057643758e-13
4.768611697714468960e+02 3.005692667549916043e-13
5.291978735958442712e+02 2.552188727795379053e-13
5.872786613189482523e+02 2.184078688561454196e-13
6.517339604882420190e+02 1.878859814179052169e-13
7.232633896483533817e+02 1.624368556574560700e-13
8.026433522257173081e+02 1.408539045583799366e-13
8.907354638610439679e+02 1.221440011734800328e-13
9.884959046625587007e+02 1.060214017436227671e-13
1.096985797892383971e+03 9.196376313802635314e-14
1.217382727739662187e+03 7.953943968196140584e-14
1.350993521198027793e+03 6.867219282226582824e-14
1.499268432786045423e+03 5.915723464928124812e-14
1.663816886076128640e+03 5.074069513307778777e-14
1.846424942895544291e+03 4.332791868851079868e-14
2.049074689815845886e+03 3.690143150167038802e-14
2.273965752357927613e+03 3.131136585533448547e-14
2.523539170434765765e+03 2.634614716233296352e-14
2.800503894183631019e+03 2.208342892089499444e-14
3.107866187782013640e+03 1.845441028636593473e-14
3.448962260405759935e+03 1.531716608822571168e-14
3.827494478516314757e+03 1.260728219098272468e-14
4.247571552536898707e+03 1.035021729236199163e-14
4.713753134116724141e+03 8.442990714832468255e-15
5.231099308056262998e+03 6.828817310934081609e-15
5.805225516094896193e+03 5.511817148599052666e-15
6.442363508721369726e+03 4.422523771733685170e-15
7.149428986597576113e+03 3.522990192606904503e-15
7.934096665797491369e+03 2.809174948080149359e-15
8.804883581643463913e+03 2.229011497676552624e-15
9.771241535346502133e+03 1.767139830468060548e-15
1.084365968689610963e+04 1.400725461642586503e-15
1.203377840777589154e+04 1.111136728740640701e-15
1.335451562929898682e+04 8.823440622125777543e-16
1.482020705798858762e+04 7.012402190166648558e-16
1.644676177994664249e+04 5.585453758732467552e-16
1.825183494319044257e+04 4.452262220537168608e-16
2.025501939230666540e+04 3.531221104449644599e-16
2.247805833548725059e+04 2.800927143397084693e-16
2.494508135230316839e+04 2.216323706630520679e-16
2.768286630392066581e+04 1.749689936054637167e-16
3.072112998861759115e+04 1.382717522376616007e-16
3.409285069746814406e+04 1.098362950637393227e-16
3.783462617131928710e+04 8.806005227973688154e-17
4.198707084443910571e+04 7.143080730716137315e-17
4.659525668664683326e+04 5.850515839983428021e-17
5.170920242896761192e+04 4.820534469107302682e-17
5.738441648302398244e+04 3.982138341941656217e-17
6.368249944718585903e+04 3.292669507242088541e-17
7.067181273927491566e+04 2.721835220345981405e-17
7.842822061337680498e+04 2.248380566836530430e-17
8.703591361485165544e+04 1.855448379376496840e-17
9.658832241158708348e+04 1.529599558465576449e-17
1.071891319205127511e+05 1.259495677751148125e-17
1.189534067370319535e+05 1.035892052354698613e-17
1.320088400831418112e+05 8.511337944277674678e-18
1.464971398307286145e+05 6.986742835317820131e-18
1.625755666443794908e+05 5.728645950045156273e-18
1.804186409392071655e+05 4.692090461200522597e-18
2.002200371815584658e+05 3.839828862614851948e-18
2.221946860939523904e+05 3.139770926806124412e-18
2.465811075822604180e+05 2.565769409954635077e-18
2.736439997074671555e+05 2.094907183262860692e-18
3.036771118035460822e+05 1.708893368785671733e-18
3.370064329271928291e+05 1.393221016490895503e-18
3.739937302478798083e+05 1.135102738135303799e-18
4.150404757850476308e+05 9.239325084272624552e-19
4.605922041145108524e+05 7.514012307666582113e-19
5.111433483440171112e+05 6.106343415141481464e-19
5.672426068491977639e+05 4.958996010667595756e-19
6.294988990221888525e+05 4.023790749383520328e-19
6.985879746785250027e+05 3.262058227311292461e-19
7.752597488629464060e+05 2.642499049589795911e-19
8.603464416684507160e+05 2.138821406527204423e-19
9.547716114208066138e+05 1.729567402969388026e-19
1.059560179277617019e+06 1.397458053528040802e-19
1.175849554052158026e+06 1.128227301735981390e-19
1.304901978014401859e+06 9.099940729057086162e-20
1.448118227674532915e+06 7.333309775892586701e-20
1.607052818261638284e+06 5.904541527274962060e-20
1.783430876931909472e+06 4.749639144528238472e-20
1.979166867853557458e+06 3.817358352360446965e-20
2.196385372416546568e+06 3.064932492929413691e-20
2.437444150122222025e+06 2.458387256915465447e-20
2.704959730463137385e+06 1.969812128705857714e-20
3.001835813575591892e+06 1.576618713016300674e-20
3.331294787934676744e+06 1.260692146874322281e-20
3.696912707195031922e+06 1.006942208077596408e-20
4.102658105827190448e+06 8.032354352976780008e-21
4.552935074866947718e+06 6.400270958065867951e-21
5.052631065335679799e+06 5.092545928419913295e-21
5.607169938205458224e+06 4.047256746245947775e-21
6.222570836730230600e+06 3.211510295122331586e-21
6.905513520162330940e+06 2.544815135727254380e-21
7.663410868007462472e+06 2.013397722206732239e-21
8.504489341802684590e+06 1.590602163675144281e-21
9.437878277775391936e+06 1.254241283356432851e-21
1.047370897959450819e+07 9.872366543960765584e-22
1.162322468679854274e+07 7.755683207380822502e-22
1.289890261253307760e+07 6.079826321856281936e-22
1.431458937523478456e+07 4.755637475064901044e-22
1.588565129428052530e+07 3.711077111053324543e-22
1.762914118095947802e+07 2.888608125483783639e-22
1.956398343517064676e+07 2.242497595118982893e-22
2.171117945694505423e+07 1.735899699869064616e-22
2.409403560239527002e+07 1.339504463695000456e-22
2.673841615839949250e+07 1.030240536579396486e-22
2.967302408188872784e+07 7.894297774188646431e-23
3.292971255097155273e+07 6.024692159320082017e-23
3.654383070957254618e+07 4.576212788280431864e-23
4.055460735840827972e+07 3.458990667031917399e-23
4.500557675700496882e+07 2.601372155040864576e-23
4.994505115855139494e+07 1.942925567229400343e-23
5.542664520663107187e+07 1.441065802697041239e-23
6.150985788580504060e+07 1.060314337093898494e-23
6.826071834272393584e+07 7.731870510069662419e-24
7.575250258771920204e+07 5.579567132675070850e-24
8.406652885618332028e+07 3.975561358949099586e-24
9.329304026284696162e+07 2.795724596738323374e-24
1.035321843295663744e+08 1.925946037524966737e-24
1.148951000187308788e+08 1.298502378690831395e-24
1.275051240713012964e+08 8.504781487864899689e-25
1.414991297434575856e+08 5.355606834024967838e-25
1.570290124729377627e+08 3.214523335436055019e-25
1.742633386009651124e+08 1.801136444956134279e-25
1.933891750455232263e+08 9.198952110732655129e-26
2.146141197858406007e+08 4.094249658402566050e-26
2.381685551976160705e+08 1.384707999572605434e-26
2.643081486974108517e+08 1.487327010627865471e-27
2.933166278390048146e+08 7.742731999040474251e-31
3.255088599835056663e+08 1.910390090980942271e-40
3.612342699709430337e+08 3.742411196924076004e-58
4.008806328898465633e+08 7.916335835446112276e-91
