1.000000000000000000e+02 5.304386907408152267e-11
1.109752496412072134e+02 4.588467356040092928e-11
1.231550603292826196e+02 3.960873706701495558e-11
1.366716356462005990e+02 3.419525972339383344e-11
1.516716888470922413e+02 2.943874176247238723e-11
1.683180353330956791e+02 2.531636500326390751e-11
1.867913599020782840e+02 2.176986614790425533e-11
2.072921779595371845e+02 1.868088895973415298e-11
2.300430119772916839e+02 1.602331129894163397e-11
2.552908068239516410e+02 1.374001578541370251e-11
2.833096101839323637e+02 1.176522129148185820e-11
3.144035471591500368e+02 1.007534503838860265e-11
3.489101213406774491e+02 8.624111055750226701e-12
3.872038781812557318e+02 7.381534994794148922e-12
4.297004704320843871e+02 6.317529683917924107e-12
4.768611697714468960e+02 5.405790658157419025e-12
5.291978735958442712e+02 4.624112851555983483e-12
5.872786613189482523e+02 3.957211267308175304e-12
6.517339604882420190e+02 3.383796909166367635e-12
7.232633896483533817e+02 2.892334734123366308e-12
8.026433522257173081e+02 2.471465372052320809e-12
8.907354638610439679e+02 2.107377938985881613e-12
9.884959046625587007e+02 1.796640387317962637e-12
1.096985797892383971e+03 1.528615277765825096e-12
1.217382727739662187e+03 1.298789262327089102e-12
1.350993521198027793e+03 1.101444104975080565e-12
1.499268432786045423e+03 9.321017243406247915e-13
1.663816886076128640e+03 7.872527243336463012e-13
1.846424942895544291e+03 6.635925663596822608e-13
2.049074689815845886e+03 5.579002419199665095e-13
2.273965752357927613e+03 4.688893143213560270e-13
2.523539170434765765e+03 3.928189194991048078e-13
2.800503894183631019e+03 3.290488588298345553e-13
3.107866187782013640e+03 2.748052254124794260e-13
3.448962260405759935e+03 2.297698295809010790e-13
3.827494478516314757e+03 1.913006922491681963e-13
4.247571552536898707e+03 1.599434156492939127e-13
4.713753134116724141e+03 1.331653103450256474e-13
5.231099308056262998e+03 1.111760392150565078e-13
5.805225516094896193e+03 9.263908582392477934e-14
6.442363508721369726e+03 7.741816401807967177e-14
7.149428986597576113e+03 6.460432358372460195e-14
7.934096665797491369e+03 5.394433446526494669e-14
8.804883581643463913e+03 4.502508912123920492e-14
9.771241535346502133e+03 3.757198761678883420e-14
1.084365968689610963e+04 3.132801137722081677e-14
1.203377840777589154e+04 2.610459951428568951e-14
1.335451562929898682e+04 2.173112584607047254e-14
1.482020705798858762e+04 1.805695204678521403e-14
1.644676177994664249e+04 1.498153544577523896e-14
1.825183494319044257e+04 1.242010254826772727e-14
2.025501939230666540e+04 1.026669745952922657e-14
2.247805833548725059e+04 8.473327084692068643e-15
2.494508135230316839e+04 6.984635492856668724e-15
2.768286630392066581e+04 5.752174932845487201e-15
3.072112998861759115e+04 4.719448343027276703e-15
3.409285069746814406e+04 3.873561138437269276e-15
3.783462617131928710e+04 3.167881568275209104e-15
4.198707084443910571e+04 2.589696223985242606e-15
4.659525668664683326e+04 2.110632214997566500e-15
5.170920242896761192e+04 1.718580345526930241e-15
5.738441648302398244e+04 1.392382948637653406e-15
6.368249944718585903e+04 1.127932120132781247e-15
7.067181273927491566e+04 9.086116271481032409e-16
7.842822061337680498e+04 7.289737762375357029e-16
8.703591361485165544e+04 5.828084356162895790e-16
9.658832241158708348e+04 4.636353678635418367e-16
1.071891319205127511e+05 3.672186310612512522e-16
1.189534067370319535e+05 2.896666317521190346e-16
1.320088400831418112e+05 2.274720346020429988e-16
1.464971398307286145e+05 1.780330236103577197e-16
1.625755666443794908e+05 1.389726433110246777e-16
1.804186409392071655e+05 1.082970423737333159e-16
2.002200371815584658e+05 8.391166326713567657e-17
2.221946860939523904e+05 6.482799852727594630e-17
2.465811075822604180e+05 4.998060969365182877e-17
2.736439997074671555e+05 3.821570938626337200e-17
3.036771118035460822e+05 2.906768908901953787e-17
3.370064329271928291e+05 2.197078765794152976e-17
3.739937302478798083e+05 1.652623863867117264e-17
4.150404757850476308e+05 1.239319210785517581e-17
4.605922041145108524e+05 9.275191264701737023e-18
5.111433483440171112e+05 6.938319069860927290e-18
5.672426068491977639e+05 5.188625282034550391e-18
6.294988990221888525e+05 3.879437702471713634e-18
6.985879746785250027e+05 2.899824558380355938e-18
7.752597488629464060e+05 2.167036501607328748e-18
8.603464416684507160e+05 1.617430756363443915e-18
9.547716114208066138e+05 1.204161819277950650e-18
1.059560179277617019e+06 8.933790355495720405e-19
1.175849554052158026e+06 6.591886274335034774e-19
1.304901978014401859e+06 4.834469376622802719e-19
1.448118227674532915e+06 3.524066253450872994e-19
1.607052818261638284e+06 2.556923600112812370e-19
1.783430876931909472e+06 1.855788940889136091e-19
1.979166867853557458e+06 1.353530292688110371e-19
2.196385372416546568e+06 9.959957752438104997e-20
2.437444150122222025e+06 7.400015945362826657e-20
2.704959730463137385e+06 5.538764626744137546e-20
3.001835813575591892e+06 4.165696092143584905e-20
3.331294787934676744e+06 3.141970547008975872e-20
3.696912707195031922e+06 2.375054368342493213e-20
4.102658105827190448e+06 1.795518925546706000e-20
4.552935074866947718e+06 1.358912538682689104e-20
5.052631065335679799e+06 1.028813691845847260e-20
5.607169938205458224e+06 7.788971967928781299e-21
6.222570836730230600e+06 5.895564754593384594e-21
6.905513520162330940e+06 4.460714711483066694e-21
7.663410868007462472e+06 3.372829513923553482e-21
8.504489341802684590e+06 2.547889784365524039e-21
9.437878277775391936e+06 1.924207274586562682e-21
1.047370897959450819e+07 1.451675865273935621e-21
1.162322468679854274e+07 1.094058760096232147e-21
1.289890261253307760e+07 8.236629927197646353e-22
1.431458937523478456e+07 6.194345029283478200e-22
1.588565129428052530e+07 4.652876411565266085e-22
1.762914118095947802e+07 3.491178232784930861e-22
1.956398343517064676e+07 2.616017918548259764e-22
2.171117945694505423e+07 1.957627894345259769e-22
2.409403560239527002e+07 1.462955414878797475e-22
2.673841615839949250e+07 1.091954462110249978e-22
2.967302408188872784e+07 8.137167750503208958e-23
3.292971255097155273e+07 6.055929490773802836e-23
3.654383070957254618e+07 4.499726859495134873e-23
4.055460735840827972e+07 3.338236296076531908e-23
4.500557675700496882e+07 2.472801587878435949e-23
4.994505115855139494e+07 1.828801993408454208e-23
5.542664520663107187e+07 1.350320283171396878e-23
6.150985788580504060e+07 9.953621931738601207e-24
6.826071834272393584e+07 7.323783677671845367e-24
7.575250258771920204e+07 5.379709375187950422e-24
8.406652885618332028e+07 3.944406173322109173e-24
9.329304026284696162e+07 2.886881525162543654e-24
1.035321843295663744e+08 2.108615470776302388e-24
1.148951000187308788e+08 1.537157408643919027e-24
1.275051240713012964e+08 1.118132751247601506e-24
1.414991297434575856e+08 8.115309620117184468e-25
1.570290124729377627e+08 5.876669089841211712e-25
1.742633386009651124e+08 4.244360289786785062e-25
1.933891750455232263e+08 3.057484693213206244e-25
2.146141197858406007e+08 2.196228904999367813e-25
2.381685551976160705e+08 1.572939244284934803e-25
2.643081486974108517e+08 1.122633045070082102e-25
2.933166278390048146e+08 7.982291455919587510e-26
3.255088599835056663e+08 5.653964951567190807e-26
3.612342699709430337e+08 3.987419214140070365e-26
4.008806328898465633e+08 2.798164001941165582e-26
4.448782831127585173e+08 1.952943042359670730e-26
4.937047852839003801e+08 1.354646347033556869e-26
5.478901179593944550e+08 9.330069627070470291e-27
6.080224261649426222e+08 6.374325556759218542e-27
6.747544053110699654e+08 4.313657368572523770e-27
7.488103857590031624e+08 2.886421854638765770e-27
8.309941949353404045e+08 1.905410582024440251e-27
9.221978823334341049e+08 1.236916577758521029e-27
1.023411402105452657e+09 7.862815588526604002e-28
1.135733358343105316e+09 4.862169641292017432e-28
1.260382929679727316e+09 2.896838382741991388e-28
1.398713102647238731e+09 1.636417614858320706e-28
1.552225357427047968e+09 8.517752585999797152e-29
1.722585965398787737e+09 3.842537092211027216e-29
1.911644075385703564e+09 1.271697459148037363e-29
2.121451784910631895e+09 1.287782672993086085e-30
