1.000000000000000000e+02 3.368437070221085969e-11
1.109752496412072134e+02 2.875917194225358083e-11
1.231550603292826196e+02 2.454506181770572453e-11
1.366716356462005990e+02 2.093282163300853185e-11
1.516716888470922413e+02 1.784513311392037382e-11
1.683180353330956791e+02 1.520431441331825004e-11
1.867913599020782840e+02 1.294545046090009840e-11
2.072921779595371845e+02 1.101816581894851113e-11
2.300430119772916839e+02 9.368630849186183849e-12
2.552908068239516410e+02 7.964958136410387206e-12
2.833096101839323637e+02 6.763605018157964709e-12
3.144035471591500368e+02 5.741223632188263055e-12
3.489101213406774491e+02 4.870956199265939714e-12
3.872038781812557318e+02 4.126280298995000835e-12
4.297004704320843871e+02 3.494779382845133422e-12
4.768611697714468960e+02 2.955177675806748894e-12
5.291978735958442712e+02 2.497492980850317474e-12
5.872786613189482523e+02 2.108696788202870326e-12
6.517339604882420190e+02 1.777783125004438129e-12
7.232633896483533817e+02 1.497493625634866155e-12
8.026433522257173081e+02 1.259860669507578724e-12
8.907354638610439679e+02 1.059261451470102605e-12
9.884959046625587007e+02 8.883093900117187114e-13
1.096985797892383971e+03 7.447864478540392083e-13
1.217382727739662187e+03 6.231864017408697921e-13
1.350993521198027793e+03 5.210145675530043539e-13
1.499268432786045423e+03 4.349386340349633187e-13
1.663816886076128640e+03 3.626496923355829988e-13
1.846424942895544291e+03 3.019942795711915147e-13
2.049074689815845886e+03 2.510195513601112278e-13
2.273965752357927613e+03 2.085527578333059416e-13
2.523539170434765765e+03 1.728697514779951322e-13
2.800503894183631019e+03 1.432454656652830276e-13
3.107866187782013640e+03 1.184502452645942119e-13
3.448962260405759935e+03 9.786651008196981801e-14
3.827494478516314757e+03 8.073669846251350935e-14
4.247571552536898707e+03 6.648404458807527113e-14
4.713753134116724141e+03 5.471088171323029880e-14
5.231099308056262998e+03 4.490683358816760095e-14
5.805225516094896193e+03 3.681655275977134093e-14
6.442363508721369726e+03 3.005486427658756152e-14
7.149428986597576113e+03 2.452485396483932975e-14
7.934096665797491369e+03 1.994259737181340737e-14
8.804883581643463913e+03 1.618922023334181198e-14
9.771241535346502133e+03 1.308905981741148997e-14
1.084365968689610963e+04 1.056017565626582233e-14
1.203377840777589154e+04 8.481706353870221996e-15
1.335451562929898682e+04 6.783983558230881201e-15
1.482020705798858762e+04 5.418314753325411803e-15
1.644676177994664249e+04 4.297994101608142952e-15
1.825183494319044257e+04 3.417996163880360078e-15
2.025501939230666540e+04 2.688025223335464924e-15
2.247805833548725059e+04 2.116325980208354485e-15
2.494508135230316839e+04 1.663468134561795587e-15
2.768286630392066581e+04 1.298971616301427014e-15
3.072112998861759115e+04 1.018993581465219758e-15
3.409285069746814406e+04 7.949264476200306399e-16
3.783462617131928710e+04 6.208948755658057782e-16
4.198707084443910571e+04 4.866290293710092102e-16
4.659525668664683326e+04 3.811498488586941055e-16
5.170920242896761192e+04 2.994725124776484192e-16
5.738441648302398244e+04 2.360719525319624761e-16
6.368249944718585903e+04 1.865414010580877078e-16
7.067181273927491566e+04 1.477299241893596560e-16
7.842822061337680498e+04 1.172102184569581867e-16
8.703591361485165544e+04 9.307132218022808076e-17
9.658832241158708348e+04 7.382313046836275596e-17
1.071891319205127511e+05 5.844835875322537402e-17
1.189534067370319535e+05 4.608404245978213999e-17
1.320088400831418112e+05 3.615200514063716902e-17
1.464971398307286145e+05 2.814794366137723284e-17
1.625755666443794908e+05 2.172365632920120308e-17
1.804186409392071655e+05 1.657699871404497787e-17
2.002200371815584658e+05 1.249642355808690617e-17
2.221946860939523904e+05 9.261484972930959864e-18
2.465811075822604180e+05 6.732357289972016719e-18
2.736439997074671555e+05 4.783140777066911716e-18
3.036771118035460822e+05 3.296504411548446247e-18
3.370064329271928291e+05 2.193085676834419391e-18
3.739937302478798083e+05 1.389191244239350488e-18
4.150404757850476308e+05 8.332537581211834612e-19
4.605922041145108524e+05 4.603270284097533175e-19
5.111433483440171112e+05 2.310953927573254324e-19
5.672426068491977639e+05 1.041600283476974982e-19
6.294988990221888525e+05 4.283684926369096301e-20
6.985879746785250027e+05 1.707212092776459263e-20
7.752597488629464060e+05 7.416202326426080935e-21
8.603464416684507160e+05 3.949245417652199377e-21
9.547716114208066138e+05 2.562862680211843117e-21
1.059560179277617019e+06 1.847070111074976157e-21
1.175849554052158026e+06 1.380892315833045408e-21
1.304901978014401859e+06 1.042354031607759492e-21
1.448118227674532915e+06 7.875893604912705248e-22
1.607052818261638284e+06 5.946628937844381284e-22
1.783430876931909472e+06 4.489060414770149327e-22
1.979166867853557458e+06 3.387585678901068797e-22
2.196385372416546568e+06 2.554781630145314703e-22
2.437444150122222025e+06 1.925035961523117949e-22
2.704959730463137385e+06 1.449368248450204770e-22
3.001835813575591892e+06 1.089907252197899229e-22
3.331294787934676744e+06 8.185569569483260670e-23
3.696912707195031922e+06 6.139342410166349420e-23
4.102658105827190448e+06 4.597270658183316569e-23
4.552935074866947718e+06 3.436670673129235239e-23
5.052631065335679799e+06 2.564215587784656865e-23
5.607169938205458224e+06 1.909198060904403643e-23
6.222570836730230600e+06 1.418316615742748407e-23
6.905513520162330940e+06 1.051109116376818614e-23
7.663410868007462472e+06 7.769153166379795656e-24
8.504489341802684590e+06 5.725131943257272065e-24
9.437878277775391936e+06 4.204966543257229270e-24
1.047370897959450819e+07 3.077180244960778333e-24
1.162322468679854274e+07 2.243319185409178906e-24
1.289890261253307760e+07 1.628507850709568454e-24
1.431458937523478456e+07 1.176150410541454852e-24
1.588565129428052530e+07 8.451200175351024717e-25
1.762914118095947802e+07 6.035275299821265830e-25
1.956398343517064676e+07 4.281586270851154923e-25
2.171117945694505423e+07 3.014161796556647561e-25
2.409403560239527002e+07 2.103289181514561734e-25
2.673841615839949250e+07 1.453313544681878028e-25
2.967302408188872784e+07 9.924452748755649780e-26
3.292971255097155273e+07 6.687823881355287268e-26
3.654383070957254618e+07 4.436679281611860121e-26
4.055460735840827972e+07 2.889338584669155650e-26
4.500557675700496882e+07 1.839900116536317049e-26
4.994505115855139494e+07 1.141091291532152546e-26
5.542664520663107187e+07 6.850702960563896869e-27
6.150985788580504060e+07 3.948404045362245811e-27
6.826071834272393584e+07 2.156942177773076073e-27
7.575250258771920204e+07 1.092333039459955665e-27
8.406652885618332028e+07 4.879043609483879210e-28
9.329304026284696162e+07 1.675112973014214441e-28
1.035321843295663744e+08 2.612801244361432917e-29
1.148951000187308788e+08 1.507441066530833035e-31
