1.000000000000000000e+02 1.970296143206105413e-13
1.109752496412072134e+02 1.629961532497333110e-13
1.231550603292826196e+02 1.358678070005953720e-13
1.366716356462005990e+02 1.134972162729755520e-13
1.516716888470922413e+02 9.507477026912514070e-14
1.683180353330956791e+02 7.973716919998133365e-14
1.867913599020782840e+02 6.688277242231030607e-14
2.072921779595371845e+02 5.612968264768579301e-14
2.300430119772916839e+02 4.708014612982404333e-14
2.552908068239516410e+02 3.949507246842683563e-14
2.833096101839323637e+02 3.311312748397789322e-14
3.144035471591500368e+02 2.774642611400330483e-14
3.489101213406774491e+02 2.320979668915682128e-14
3.872038781812557318e+02 1.938933227762667749e-14
4.297004704320843871e+02 1.616749120685009510e-14
4.768611697714468960e+02 1.344828526563070763e-14
5.291978735958442712e+02 1.115389458344867688e-14
5.872786613189482523e+02 9.218570625308484170e-15
6.517339604882420190e+02 7.585801183985390877e-15
7.232633896483533817e+02 6.212893696212585700e-15
8.026433522257173081e+02 5.060336597132074412e-15
8.907354638610439679e+02 4.095190156837484399e-15
9.884959046625587007e+02 3.289590696074470508e-15
1.096985797892383971e+03 2.620063302746692599e-15
1.217382727739662187e+03 2.067102762420516642e-15
1.350993521198027793e+03 1.613541525452243610e-15
1.499268432786045423e+03 1.245421277128537822e-15
1.663816886076128640e+03 9.485563464358083393e-16
1.846424942895544291e+03 7.130961523154471681e-16
2.049074689815845886e+03 5.292852176076113178e-16
2.273965752357927613e+03 3.876740283577951811e-16
2.523539170434765765e+03 2.803028146162091856e-16
2.800503894183631019e+03 2.005029455762914789e-16
3.107866187782013640e+03 1.420633712476321299e-16
3.448962260405759935e+03 1.000750714263966606e-16
3.827494478516314757e+03 7.034657090558450006e-17
4.247571552536898707e+03 4.957153194732716092e-17
4.713753134116724141e+03 3.518643104436420737e-17
5.231099308056262998e+03 2.526952420800638134e-17
5.805225516094896193e+03 1.841157208538349996e-17
6.442363508721369726e+03 1.366061980770793500e-17
7.149428986597576113e+03 1.021455918867658617e-17
7.934096665797491369e+03 7.782172833779319895e-18
8.804883581643463913e+03 5.991015520484616979e-18
9.771241535346502133e+03 4.612571238926471539e-18
1.084365968689610963e+04 3.574173356568202083e-18
1.203377840777589154e+04 2.772000629323524991e-18
1.335451562929898682e+04 2.150652721423350388e-18
1.482020705798858762e+04 1.663249239978313727e-18
1.644676177994664249e+04 1.284916012903624975e-18
1.825183494319044257e+04 9.916039621563665235e-19
2.025501939230666540e+04 7.639041651698375307e-19
2.247805833548725059e+04 5.885290565864649953e-19
2.494508135230316839e+04 4.525674965027048535e-19
2.768286630392066581e+04 3.479762600479353567e-19
3.072112998861759115e+04 2.660129197570225271e-19
3.409285069746814406e+04 2.007291654862087281e-19
3.783462617131928710e+04 1.499573831210650222e-19
4.198707084443910571e+04 1.094168525453542104e-19
4.659525668664683326e+04 7.740759169309821871e-20
5.170920242896761192e+04 5.327961070512741635e-20
5.738441648302398244e+04 3.657716413079534282e-20
6.368249944718585903e+04 2.603567139159122229e-20
7.067181273927491566e+04 1.956963653359964455e-20
7.842822061337680498e+04 1.517464011048395961e-20
8.703591361485165544e+04 1.189179021042664927e-20
9.658832241158708348e+04 9.346614685243898866e-21
1.071891319205127511e+05 7.351662772270715828e-21
1.189534067370319535e+05 5.784317343530882754e-21
1.320088400831418112e+05 4.553146385622208574e-21
1.464971398307286145e+05 3.585981006699134852e-21
1.625755666443794908e+05 2.825857989656902095e-21
1.804186409392071655e+05 2.227540068999135805e-21
2.002200371815584658e+05 1.756822536884595261e-21
2.221946860939523904e+05 1.385943129814261088e-21
2.465811075822604180e+05 1.093598597572073670e-21
2.736439997074671555e+05 8.631709553709462883e-22
3.036771118035460822e+05 6.813600910358248205e-22
3.370064329271928291e+05 5.378764865821459079e-22
3.739937302478798083e+05 4.246382400054820582e-22
4.150404757850476308e+05 3.352321134824075500e-22
4.605922041145108524e+05 2.646291408585175220e-22
5.111433483440171112e+05 2.088924521130261629e-22
5.672426068491977639e+05 1.648724494972249831e-22
6.294988990221888525e+05 1.300952621783374962e-22
6.985879746785250027e+05 1.026311753109999567e-22
7.752597488629464060e+05 8.094038335558622430e-23
8.603464416684507160e+05 6.381580421776739180e-23
9.547716114208066138e+05 5.029823799435603427e-23
1.059560179277617019e+06 3.962695214872641263e-23
1.175849554052158026e+06 3.120649161994449503e-23
1.304901978014401859e+06 2.456421750437045355e-23
1.448118227674532915e+06 1.932460988143890615e-23
1.607052818261638284e+06 1.519407744762715874e-23
1.783430876931909472e+06 1.193908434810786230e-23
1.979166867853557458e+06 9.374623556968528266e-24
2.196385372416546568e+06 7.355525351073366479e-24
2.437444150122222025e+06 5.766912352067701180e-24
2.704959730463137385e+06 4.517389463384309014e-24
3.001835813575591892e+06 3.535186132029100255e-24
3.331294787934676744e+06 2.764086087455721789e-24
3.696912707195031922e+06 2.158522044967343825e-24
4.102658105827190448e+06 1.683769515989927580e-24
4.552935074866947718e+06 1.311825827080982066e-24
5.052631065335679799e+06 1.020620977114131843e-24
5.607169938205458224e+06 7.929260002449950020e-25
6.222570836730230600e+06 6.150909471673582131e-25
6.905513520162330940e+06 4.763579591493771802e-25
7.663410868007462472e+06 3.683014555441272255e-25
8.504489341802684590e+06 2.841948444867273727e-25
9.437878277775391936e+06 2.188696358827731139e-25
1.047370897959450819e+07 1.681991693666117525e-25
1.162322468679854274e+07 1.289571367105997563e-25
1.289890261253307760e+07 9.861499303573364843e-26
1.431458937523478456e+07 7.520343191509813719e-26
1.588565129428052530e+07 5.718044380886262567e-26
1.762914118095947802e+07 4.334055995291860578e-26
1.956398343517064676e+07 3.274104059373166989e-26
2.171117945694505423e+07 2.464688072415121860e-26
2.409403560239527002e+07 1.847706187248258983e-26
2.673841615839949250e+07 1.378716261691223241e-26
2.967302408188872784e+07 1.023883567950132483e-26
3.292971255097155273e+07 7.570089422024666073e-27
3.654383070957254618e+07 5.558547525256343142e-27
4.055460735840827972e+07 4.057522507811104253e-27
4.500557675700496882e+07 2.940885787809915407e-27
4.994505115855139494e+07 2.114469931601443399e-27
5.542664520663107187e+07 1.507208133062217524e-27
6.150985788580504060e+07 1.063795309075184995e-27
6.826071834272393584e+07 7.424195601309420871e-28
7.575250258771920204e+07 5.112770274353694975e-28
8.406652885618332028e+07 3.470449920866567670e-28
9.329304026284696162e+07 2.312931784680264785e-28
1.035321843295663744e+08 1.511539730469368194e-28
1.148951000187308788e+08 9.626953742140104495e-29
1.275051240713012964e+08 5.948010982832183325e-29
1.414991297434575856e+08 3.534258356575140141e-29
1.570290124729377627e+08 1.997477922920938045e-29
1.742633386009651124e+08 1.055135288113356583e-29
1.933891750455232263e+08 5.064670311177597581e-30
2.146141197858406007e+08 2.103049004632806423e-30
2.381685551976160705e+08 6.865265773508028935e-31
2.643081486974108517e+08 1.391551701931438480e-31
2.933166278390048146e+08 4.916395234657242789e-33
