1.000000000000000000e+02 1.027582534310579572e-12
1.109752496412072134e+02 9.136850640057382095e-13
1.231550603292826196e+02 8.125512103769492726e-13
1.366716356462005990e+02 7.224808020937108813e-13
1.516716888470922413e+02 6.422819988210107579e-13
1.683180353330956791e+02 5.708864005016148097e-13
1.867913599020782840e+02 5.073551642163178864e-13
2.072921779595371845e+02 4.507602863548964814e-13
2.300430119772916839e+02 4.002809276025251970e-13
2.552908068239516410e+02 3.553503987812267885e-13
2.833096101839323637e+02 3.152698258837461335e-13
3.144035471591500368e+02 2.795856085358257866e-13
3.489101213406774491e+02 2.477978431650831219e-13
3.872038781812557318e+02 2.194700225240326318e-13
4.297004704320843871e+02 1.931385350188102966e-13
4.768611697714468960e+02 1.717448585475677712e-13
5.291978735958442712e+02 1.517186059921327417e-13
5.872786613189482523e+02 1.338946798521526368e-13
6.517339604882420190e+02 1.180909471719203997e-13
7.232633896483533817e+02 1.039130410304525276e-13
8.026433522257173081e+02 9.135393519435277358e-14
8.907354638610439679e+02 8.020185673276260370e-14
9.884959046625587007e+02 7.028684074966259346e-14
1.096985797892383971e+03 6.148805239429212640e-14
1.217382727739662187e+03 5.368659929711960344e-14
1.350993521198027793e+03 4.682851140971598709e-14
1.499268432786045423e+03 4.067365339042155341e-14
1.663816886076128640e+03 3.526192353285682372e-14
1.846424942895544291e+03 3.048589671708983377e-14
2.049074689815845886e+03 2.630391850358635765e-14
2.273965752357927613e+03 2.259554108650914785e-14
2.523539170434765765e+03 1.935812287441410685e-14
2.800503894183631019e+03 1.650471983731179685e-14
3.107866187782013640e+03 1.404999127354509587e-14
3.448962260405759935e+03 1.185271548767090856e-14
3.827494478516314757e+03 1.001687634751465294e-14
4.247571552536898707e+03 8.370521089888257049e-15
4.713753134116724141e+03 6.994533089578037433e-15
5.231099308056262998e+03 5.796426491002199700e-15
5.805225516094896193e+03 4.784562790121851477e-15
6.442363508721369726e+03 3.926847566410846909e-15
7.149428986597576113e+03 3.206579543197598589e-15
7.934096665797491369e+03 2.602684094250197544e-15
8.804883581643463913e+03 2.105704620372651419e-15
9.771241535346502133e+03 1.694685934275459337e-15
1.084365968689610963e+04 1.360710457463265995e-15
1.203377840777589154e+04 1.089160013201437496e-15
1.335451562929898682e+04 8.720027980646227149e-16
1.482020705798858762e+04 6.983600501865099529e-16
1.644676177994664249e+04 5.603943303761121459e-16
1.825183494319044257e+04 4.515072126056749424e-16
2.025501939230666540e+04 3.653031827967762357e-16
2.247805833548725059e+04 2.970143607020650763e-16
2.494508135230316839e+04 2.427601028346211444e-16
2.768286630392066581e+04 1.992709672433733960e-16
3.072112998861759115e+04 1.640106391362797791e-16
3.409285069746814406e+04 1.353889170586509256e-16
3.783462617131928710e+04 1.119222730178496763e-16
4.198707084443910571e+04 9.191312975366132249e-17
4.659525668664683326e+04 7.575754267525621916e-17
5.170920242896761192e+04 6.204550131404956578e-17
5.738441648302398244e+04 5.026980650803034933e-17
6.368249944718585903e+04 4.078495372442517460e-17
7.067181273927491566e+04 3.286853377422223651e-17
7.842822061337680498e+04 2.610293461223041446e-17
8.703591361485165544e+04 2.069269640774176519e-17
9.658832241158708348e+04 1.635509487199753543e-17
1.071891319205127511e+05 1.279002121819158578e-17
1.189534067370319535e+05 9.945058770306812031e-18
1.320088400831418112e+05 7.724963909050473607e-18
1.464971398307286145e+05 5.999112677502321805e-18
1.625755666443794908e+05 4.661800173620684857e-18
1.804186409392071655e+05 3.630554229026675441e-18
2.002200371815584658e+05 2.842400930804774000e-18
2.221946860939523904e+05 2.237825426262925958e-18
2.465811075822604180e+05 1.773518960344488274e-18
2.736439997074671555e+05 1.412262313801243198e-18
3.036771118035460822e+05 1.128583684093973516e-18
3.370064329271928291e+05 9.021544052656364701e-19
3.739937302478798083e+05 7.199426502212931215e-19
4.150404757850476308e+05 5.705562464799825118e-19
4.605922041145108524e+05 4.488974866599048220e-19
5.111433483440171112e+05 3.482321400154460950e-19
5.672426068491977639e+05 2.643769052795177118e-19
6.294988990221888525e+05 1.964566152860703452e-19
6.985879746785250027e+05 1.400348304660708314e-19
7.752597488629464060e+05 9.457859568586369941e-20
8.603464416684507160e+05 5.901444050481719573e-20
9.547716114208066138e+05 3.288052358304605459e-20
1.059560179277617019e+06 1.558366814764344736e-20
1.175849554052158026e+06 5.948394429170920971e-21
1.304901978014401859e+06 1.812185149430769107e-21
1.448118227674532915e+06 4.851114455607354826e-22
1.607052818261638284e+06 1.395279686548214930e-22
1.783430876931909472e+06 5.786863886532688750e-23
1.979166867853557458e+06 3.501694315567840555e-23
2.196385372416546568e+06 2.474512632518231751e-23
2.437444150122222025e+06 1.814915548565355172e-23
2.704959730463137385e+06 1.339220370958183738e-23
3.001835813575591892e+06 9.888980385927183480e-24
3.331294787934676744e+06 7.307853796982368028e-24
3.696912707195031922e+06 5.403192129503502666e-24
4.102658105827190448e+06 3.994047807569658926e-24
4.552935074866947718e+06 2.950634815271346318e-24
5.052631065335679799e+06 2.177882759875285449e-24
5.607169938205458224e+06 1.604929765293934811e-24
6.222570836730230600e+06 1.180656147938318647e-24
6.905513520162330940e+06 8.664025354136355843e-25
7.663410868007462472e+06 6.339669040865201628e-25
8.504489341802684590e+06 4.624260549018496878e-25
9.437878277775391936e+06 3.360992551115936766e-25
1.047370897959450819e+07 2.431334210590404284e-25
1.162322468679854274e+07 1.749346231063057114e-25
1.289890261253307760e+07 1.251736016536243774e-25
1.431458937523478456e+07 8.892930766937762397e-26
1.588565129428052530e+07 6.267294508892113467e-26
1.762914118095947802e+07 4.376480181557719977e-26
1.956398343517064676e+07 3.023305319741422115e-26
2.171117945694505423e+07 2.062774883082023863e-26
2.409403560239527002e+07 1.386739245889995862e-26
2.673841615839949250e+07 9.165504115916632761e-27
2.967302408188872784e+07 5.937717312368853056e-27
3.292971255097155273e+07 3.756290189093525981e-27
3.654383070957254618e+07 2.313148391535384509e-27
4.055460735840827972e+07 1.379676764022069052e-27
4.500557675700496882e+07 7.939613025460500022e-28
4.994505115855139494e+07 4.387592035958459639e-28
5.542664520663107187e+07 2.313919862879277698e-28
6.150985788580504060e+07 1.145017091852303062e-28
6.826071834272393584e+07 5.048599518989939193e-29
7.575250258771920204e+07 1.706159318891379346e-29
8.406652885618332028e+07 2.689588448803220737e-30
9.329304026284696162e+07 2.281280042840086245e-32
