1.000000000000000000e+02 3.157411981300035951e-14
1.109752496412072134e+02 2.657563693095660136e-14
1.231550603292826196e+02 2.243900313618997517e-14
1.366716356462005990e+02 1.901994495086184580e-14
1.516716888470922413e+02 1.617962273089927649e-14
1.683180353330956791e+02 1.381469475708524611e-14
1.867913599020782840e+02 1.184025996840906205e-14
2.072921779595371845e+02 1.018013250932777253e-14
2.300430119772916839e+02 8.778175650170646569e-15
2.552908068239516410e+02 7.586522857661772439e-15
2.833096101839323637e+02 6.568105850955739801e-15
3.144035471591500368e+02 5.695224050868140183e-15
3.489101213406774491e+02 4.944525801525416259e-15
3.872038781812557318e+02 4.294495104090420462e-15
4.297004704320843871e+02 3.728317490177781110e-15
4.768611697714468960e+02 3.238802637150903027e-15
5.291978735958442712e+02 2.809960494700922634e-15
5.872786613189482523e+02 2.436026197441829159e-15
6.517339604882420190e+02 2.109260210810310274e-15
7.232633896483533817e+02 1.824497667751828058e-15
8.026433522257173081e+02 1.575431092779219135e-15
8.907354638610439679e+02 1.357468830123920149e-15
9.884959046625587007e+02 1.168210733418365016e-15
1.096985797892383971e+03 1.003194048104005254e-15
1.217382727739662187e+03 8.595921816082159515e-16
1.350993521198027793e+03 7.349071851661026098e-16
1.499268432786045423e+03 6.268971339965418249e-16
1.663816886076128640e+03 5.339046821449165519e-16
1.846424942895544291e+03 4.531511673150953073e-16
2.049074689815845886e+03 3.838105690153187862e-16
2.273965752357927613e+03 3.242804101231021297e-16
2.523539170434765765e+03 2.733507426108891509e-16
2.800503894183631019e+03 2.298615293147636882e-16
3.107866187782013640e+03 1.926649002555951134e-16
3.448962260405759935e+03 1.609432828594686143e-16
3.827494478516314757e+03 1.343339634796904081e-16
4.247571552536898707e+03 1.116354401939374188e-16
4.713753134116724141e+03 9.251018066847731984e-17
5.231099308056262998e+03 7.653395768782300947e-17
5.805225516094896193e+03 6.300638942337193660e-17
6.442363508721369726e+03 5.177503181791270735e-17
7.149428986597576113e+03 4.235457285232820951e-17
7.934096665797491369e+03 3.453311005265393064e-17
8.804883581643463913e+03 2.801945890440722317e-17
9.771241535346502133e+03 2.265752580928165128e-17
1.084365968689610963e+04 1.822613000935840755e-17
1.203377840777589154e+04 1.459500873749379491e-17
1.335451562929898682e+04 1.162395099614580277e-17
1.482020705798858762e+04 9.204990973027491046e-18
1.644676177994664249e+04 7.249491157996516045e-18
1.825183494319044257e+04 5.680641924392818249e-18
2.025501939230666540e+04 4.435012984957411409e-18
2.247805833548725059e+04 3.441887737900699849e-18
2.494508135230316839e+04 2.676810087350044578e-18
2.768286630392066581e+04 2.070024944144954254e-18
3.072112998861759115e+04 1.610740763959176607e-18
3.409285069746814406e+04 1.252432235910669813e-18
3.783462617131928710e+04 9.804680605545312972e-19
4.198707084443910571e+04 7.679747068590957495e-19
4.659525668664683326e+04 6.060073565405050311e-19
5.170920242896761192e+04 4.783358757365586199e-19
5.738441648302398244e+04 3.790041166060986949e-19
6.368249944718585903e+04 3.014433956671590971e-19
7.067181273927491566e+04 2.399928777382340257e-19
7.842822061337680498e+04 1.913736310765871940e-19
8.703591361485165544e+04 1.525615304358736269e-19
9.658832241158708348e+04 1.212918129176359416e-19
1.071891319205127511e+05 9.618713929838917935e-20
1.189534067370319535e+05 7.606363952622222193e-20
1.320088400831418112e+05 5.986086164492082905e-20
1.464971398307286145e+05 4.679737540950452013e-20
1.625755666443794908e+05 3.637019118676262580e-20
1.804186409392071655e+05 2.807307088631489819e-20
2.002200371815584658e+05 2.149232818262230060e-20
2.221946860939523904e+05 1.631741154291093958e-20
2.465811075822604180e+05 1.228908592538563664e-20
2.736439997074671555e+05 9.181062661266649133e-21
3.036771118035460822e+05 6.804255333683470897e-21
3.370064329271928291e+05 5.005928390164247442e-21
3.739937302478798083e+05 3.665698186954056221e-21
4.150404757850476308e+05 2.674089938805557478e-21
4.605922041145108524e+05 1.947605952509200405e-21
5.111433483440171112e+05 1.420194645989156608e-21
5.672426068491977639e+05 1.038802453223273759e-21
6.294988990221888525e+05 7.633752695257630607e-22
6.985879746785250027e+05 5.632486100139275585e-22
7.752597488629464060e+05 4.162578535840945338e-22
8.603464416684507160e+05 3.072057371142491836e-22
9.547716114208066138e+05 2.253485966578339873e-22
1.059560179277617019e+06 1.636053987791838247e-22
1.175849554052158026e+06 1.170084986509087957e-22
1.304901978014401859e+06 8.209921096579576152e-23
1.448118227674532915e+06 5.649829419906380853e-23
1.607052818261638284e+06 3.847333040607285601e-23
1.783430876931909472e+06 2.643960813192060300e-23
1.979166867853557458e+06 1.883823181652255156e-23
2.196385372416546568e+06 1.395899237320429649e-23
2.437444150122222025e+06 1.058875699779611383e-23
2.704959730463137385e+06 8.115544205153590561e-24
3.001835813575591892e+06 6.243457278867892605e-24
3.331294787934676744e+06 4.808354081960155937e-24
3.696912707195031922e+06 3.703511861078435158e-24
4.102658105827190448e+06 2.851551697106892138e-24
4.552935074866947718e+06 2.194342638375783738e-24
5.052631065335679799e+06 1.686971778616247565e-24
5.607169938205458224e+06 1.295245678218510551e-24
6.222570836730230600e+06 9.930817433362959299e-25
6.905513520162330940e+06 7.600961070237582201e-25
7.663410868007462472e+06 5.806897980995756281e-25
8.504489341802684590e+06 4.426124983601025430e-25
9.437878277775391936e+06 3.365399710974468587e-25
1.047370897959450819e+07 2.551802358171218277e-25
1.162322468679854274e+07 1.929142631913931376e-25
1.289890261253307760e+07 1.453632449437011443e-25
1.431458937523478456e+07 1.091144235854864531e-25
1.588565129428052530e+07 8.154361620261444244e-26
1.762914118095947802e+07 6.064035180854440728e-26
1.956398343517064676e+07 4.490216354931934705e-26
2.171117945694505423e+07 3.301008508613938296e-26
2.409403560239527002e+07 2.412133033317367119e-26
2.673841615839949250e+07 1.748646241789481776e-26
2.967302408188872784e+07 1.256633575273583283e-26
3.292971255097155273e+07 8.940440482889328934e-27
3.654383070957254618e+07 6.284984099020526820e-27
4.055460735840827972e+07 4.358311906318581796e-27
4.500557675700496882e+07 2.972481626258730390e-27
4.994505115855139494e+07 1.988442639171085081e-27
5.542664520663107187e+07 1.298611718282982311e-27
6.150985788580504060e+07 8.235959628584462213e-28
6.826071834272393584e+07 5.031419467546207888e-28
7.575250258771920204e+07 2.935632727707228851e-28
8.406652885618332028e+07 1.611846083418200049e-28
9.329304026284696162e+07 8.193607364364539130e-29
1.035321843295663744e+08 3.778213635232938076e-29
1.148951000187308788e+08 1.558130634048078238e-29
1.275051240713012964e+08 5.722761661029054135e-30
1.414991297434575856e+08 1.655958290045112494e-30
1.570290124729377627e+08 1.124279795276908920e-31
