1.000000000000000000e+02 1.208744908222162484e-11
1.109752496412072134e+02 1.065889130351021684e-11
1.231550603292826196e+02 9.389794701309983081e-12
1.366716356462005990e+02 8.250986477303167032e-12
1.516716888470922413e+02 7.241198260628368649e-12
1.683180353330956791e+02 6.341431790773455589e-12
1.867913599020782840e+02 5.540119568163581431e-12
2.072921779595371845e+02 4.832611509003768477e-12
2.300430119772916839e+02 4.203490292829088942e-12
2.552908068239516410e+02 3.648812894749320547e-12
2.833096101839323637e+02 3.157110795504513408e-12
3.144035471591500368e+02 2.725411621809328830e-12
3.489101213406774491e+02 2.343381446394424810e-12
3.872038781812557318e+02 2.011157860390566717e-12
4.297004704320843871e+02 1.717243328227521185e-12
4.768611697714468960e+02 1.464870034705971116e-12
5.291978735958442712e+02 1.241220948787878873e-12
5.872786613189482523e+02 1.051836367475788662e-12
6.517339604882420190e+02 8.842534181667129125e-13
7.232633896483533817e+02 7.425702257261223698e-13
8.026433522257173081e+02 6.206870886934533895e-13
8.907354638610439679e+02 5.171709052026050915e-13
9.884959046625587007e+02 4.288994549127618778e-13
1.096985797892383971e+03 3.545011293389150634e-13
1.217382727739662187e+03 2.921980054883180334e-13
1.350993521198027793e+03 2.399946765168981789e-13
1.499268432786045423e+03 1.967204280701463120e-13
1.663816886076128640e+03 1.609056043446333637e-13
1.846424942895544291e+03 1.314034892057939154e-13
2.049074689815845886e+03 1.070994636625372587e-13
2.273965752357927613e+03 8.743021507326024248e-14
2.523539170434765765e+03 7.134542330309577477e-14
2.800503894183631019e+03 5.823966558758263198e-14
3.107866187782013640e+03 4.760777719918358695e-14
3.448962260405759935e+03 3.894394421977199626e-14
3.827494478516314757e+03 3.192071679480712580e-14
4.247571552536898707e+03 2.617838028469820622e-14
4.713753134116724141e+03 2.147706781207536656e-14
5.231099308056262998e+03 1.759478250346787776e-14
5.805225516094896193e+03 1.443987237292306300e-14
6.442363508721369726e+03 1.181653540016474823e-14
7.149428986597576113e+03 9.636780365643399991e-15
7.934096665797491369e+03 7.837852420719901551e-15
8.804883581643463913e+03 6.345406392581465032e-15
9.771241535346502133e+03 5.115961178138323164e-15
1.084365968689610963e+04 4.105879436009503402e-15
1.203377840777589154e+04 3.274632687856487854e-15
1.335451562929898682e+04 2.601012825751117382e-15
1.482020705798858762e+04 2.053003910247359285e-15
1.644676177994664249e+04 1.610007338161130116e-15
1.825183494319044257e+04 1.267558235402836115e-15
2.025501939230666540e+04 9.866512043166424850e-16
2.247805833548725059e+04 7.689878527796124284e-16
2.494508135230316839e+04 6.008582648284220453e-16
2.768286630392066581e+04 4.694642597620521009e-16
3.072112998861759115e+04 3.685038734228665466e-16
3.409285069746814406e+04 2.907280713051493596e-16
3.783462617131928710e+04 2.310611630687429163e-16
4.198707084443910571e+04 1.851281262649339552e-16
4.659525668664683326e+04 1.494861147263123991e-16
5.170920242896761192e+04 1.216979556588689627e-16
5.738441648302398244e+04 9.977630747284921013e-17
6.368249944718585903e+04 8.217086252812072642e-17
7.067181273927491566e+04 6.789677380925217382e-17
7.842822061337680498e+04 5.623016855382844682e-17
8.703591361485165544e+04 4.660028112800185396e-17
9.658832241158708348e+04 3.858095399876963196e-17
1.071891319205127511e+05 3.180605854704219324e-17
1.189534067370319535e+05 2.611185081185866911e-17
1.320088400831418112e+05 2.131750435384621718e-17
1.464971398307286145e+05 1.728617373526927198e-17
1.625755666443794908e+05 1.389930490983831412e-17
1.804186409392071655e+05 1.107250090374693453e-17
2.002200371815584658e+05 8.743260493357375509e-18
2.221946860939523904e+05 6.809093814202461477e-18
2.465811075822604180e+05 5.245728563891459118e-18
2.736439997074671555e+05 3.982812701950933355e-18
3.036771118035460822e+05 2.994729137434672484e-18
3.370064329271928291e+05 2.238563097763472792e-18
3.739937302478798083e+05 1.673313736245794324e-18
4.150404757850476308e+05 1.260130046463363562e-18
4.605922041145108524e+05 9.650773454846015224e-19
5.111433483440171112e+05 7.528722897287500581e-19
5.672426068491977639e+05 5.963834449590525813e-19
6.294988990221888525e+05 4.772867807905608472e-19
6.985879746785250027e+05 3.839074720511292899e-19
7.752597488629464060e+05 3.095026327909862528e-19
8.603464416684507160e+05 2.497625448608775096e-19
9.547716114208066138e+05 2.014633555821448964e-19
1.059560179277617019e+06 1.623408995201054964e-19
1.175849554052158026e+06 1.307184595980936605e-19
1.304901978014401859e+06 1.051519037541898368e-19
1.448118227674532915e+06 8.449023916982829283e-20
1.607052818261638284e+06 6.782515819086427589e-20
1.783430876931909472e+06 5.439442009838798518e-20
1.979166867853557458e+06 4.356966612467443065e-20
2.196385372416546568e+06 3.486245394923159629e-20
2.437444150122222025e+06 2.785883749709855024e-20
2.704959730463137385e+06 2.223756764394120377e-20
3.001835813575591892e+06 1.772427170571218808e-20
3.331294787934676744e+06 1.411009631588175619e-20
3.696912707195031922e+06 1.121696556546745894e-20
4.102658105827190448e+06 8.902972269699999622e-21
4.552935074866947718e+06 7.057101876595867754e-21
5.052631065335679799e+06 5.584225486282577714e-21
5.607169938205458224e+06 4.411862457708256534e-21
6.222570836730230600e+06 3.480112112769850866e-21
6.905513520162330940e+06 2.740004561926267907e-21
7.663410868007462472e+06 2.153569193772193578e-21
8.504489341802684590e+06 1.689371298624069682e-21
9.437878277775391936e+06 1.322608494789150035e-21
1.047370897959450819e+07 1.033326033180759178e-21
1.162322468679854274e+07 8.056917753371523648e-22
1.289890261253307760e+07 6.267443533655440794e-22
1.431458937523478456e+07 4.865286932594358322e-22
1.588565129428052530e+07 3.767321093922535088e-22
1.762914118095947802e+07 2.909779986936636763e-22
1.956398343517064676e+07 2.241905416973660604e-22
2.171117945694505423e+07 1.722744649944405139e-22
2.409403560239527002e+07 1.320145432544232674e-22
2.673841615839949250e+07 1.008690758011253757e-22
2.967302408188872784e+07 7.683390473032487918e-23
3.292971255097155273e+07 5.834469815766810358e-23
3.654383070957254618e+07 4.415469778946423707e-23
4.055460735840827972e+07 3.329906587137097031e-23
4.500557675700496882e+07 2.501939058742423601e-23
4.994505115855139494e+07 1.872730492214954089e-23
5.542664520663107187e+07 1.396299383055713477e-23
6.150985788580504060e+07 1.036542133366149160e-23
6.826071834272393584e+07 7.657273431255592515e-24
7.575250258771920204e+07 5.629641096790915485e-24
8.406652885618332028e+07 4.117340682887577542e-24
9.329304026284696162e+07 2.993558030607951095e-24
1.035321843295663744e+08 2.164309786686164912e-24
1.148951000187308788e+08 1.553795984061316526e-24
1.275051240713012964e+08 1.107325413167239132e-24
1.414991297434575856e+08 7.826979601545417342e-25
1.570290124729377627e+08 5.481874520375640299e-25
1.742633386009651124e+08 3.799265167211413071e-25
1.933891750455232263e+08 2.599070178721771438e-25
2.146141197858406007e+08 1.753140211128472000e-25
2.381685551976160705e+08 1.162299323378841638e-25
2.643081486974108517e+08 7.537894679996831604e-26
2.933166278390048146e+08 4.756884390986942618e-26
3.255088599835056663e+08 2.896735852649333988e-26
3.612342699709430337e+08 1.677758326751900293e-26
4.008806328898465633e+08 9.051108866917343458e-27
4.448782831127585173e+08 4.363422561288022614e-27
4.937047852839003801e+08 1.734620982515716647e-27
5.478901179593944550e+08 4.674730508299521795e-28
6.080224261649426222e+08 5.578151950180213367e-29
6.747544053110699654e+08 7.592681778994893432e-70
