1.000000000000000000e+02 2.637125054309420335e-11
1.109752496412072134e+02 2.205084028844659829e-11
1.231550603292826196e+02 1.842534643275866576e-11
1.366716356462005990e+02 1.539279238269861686e-11
1.516716888470922413e+02 1.285584866958653914e-11
1.683180353330956791e+02 1.073562728179037574e-11
1.867913599020782840e+02 8.961231000664043821e-12
2.072921779595371845e+02 7.474979593654760421e-12
2.300430119772916839e+02 6.231436393751095055e-12
2.552908068239516410e+02 5.188504627847688609e-12
2.833096101839323637e+02 4.315469338748520092e-12
3.144035471591500368e+02 3.584553497722423321e-12
3.489101213406774491e+02 2.971456346574477725e-12
3.872038781812557318e+02 2.457166071496744174e-12
4.297004704320843871e+02 2.027670308152571911e-12
4.768611697714468960e+02 1.668228704711071780e-12
5.291978735958442712e+02 1.368812007138224005e-12
5.872786613189482523e+02 1.119611037675493259e-12
6.517339604882420190e+02 9.128126259799979148e-13
7.232633896483533817e+02 7.424215602018605976e-13
8.026433522257173081e+02 6.019503774804898776e-13
8.907354638610439679e+02 4.867033399732107033e-13
9.884959046625587007e+02 3.924980350611752674e-13
1.096985797892383971e+03 3.159052297829621526e-13
1.217382727739662187e+03 2.540190373447603142e-13
1.350993521198027793e+03 2.039667429193532227e-13
1.499268432786045423e+03 1.638192171916273507e-13
1.663816886076128640e+03 1.317126233999182636e-13
1.846424942895544291e+03 1.060162639442286475e-13
2.049074689815845886e+03 8.561348333955015517e-14
2.273965752357927613e+03 6.929778731106917906e-14
2.523539170434765765e+03 5.635341989191537535e-14
2.800503894183631019e+03 4.598497183994179264e-14
3.107866187782013640e+03 3.775780898728800338e-14
3.448962260405759935e+03 3.107638022004178781e-14
3.827494478516314757e+03 2.572166839587994911e-14
4.247571552536898707e+03 2.135991678921163527e-14
4.713753134116724141e+03 1.778821340492054096e-14
5.231099308056262998e+03 1.485547768673137789e-14
5.805225516094896193e+03 1.242049628539586032e-14
6.442363508721369726e+03 1.039703076028865201e-14
7.149428986597576113e+03 8.702999523306379240e-15
7.934096665797491369e+03 7.280503494124228746e-15
8.804883581643463913e+03 6.086375950204553257e-15
9.771241535346502133e+03 5.075488539293153246e-15
1.084365968689610963e+04 4.221840154712890877e-15
1.203377840777589154e+04 3.504601048319988962e-15
1.335451562929898682e+04 2.901030528585121593e-15
1.482020705798858762e+04 2.388995123705813000e-15
1.644676177994664249e+04 1.958949232340475908e-15
1.825183494319044257e+04 1.599157585161984281e-15
2.025501939230666540e+04 1.300681645605988516e-15
2.247805833548725059e+04 1.050113479356038233e-15
2.494508135230316839e+04 8.431587385136994853e-16
2.768286630392066581e+04 6.723737921053843873e-16
3.072112998861759115e+04 5.335729540287083752e-16
3.409285069746814406e+04 4.189043701718008052e-16
3.783462617131928710e+04 3.265384781542264139e-16
4.198707084443910571e+04 2.531350879624258789e-16
4.659525668664683326e+04 1.952429597343994354e-16
5.170920242896761192e+04 1.499231634733868365e-16
5.738441648302398244e+04 1.147660027590847432e-16
6.368249944718585903e+04 8.779993801425316414e-17
7.067181273927491566e+04 6.744771576517638817e-17
7.842822061337680498e+04 5.221975236314255160e-17
8.703591361485165544e+04 4.090753508374225856e-17
9.658832241158708348e+04 3.248661329385558904e-17
1.071891319205127511e+05 2.617967686005042077e-17
1.189534067370319535e+05 2.136838638582857324e-17
1.320088400831418112e+05 1.762011704882723610e-17
1.464971398307286145e+05 1.463622924965663976e-17
1.625755666443794908e+05 1.221159086098639698e-17
1.804186409392071655e+05 1.021429415079588296e-17
2.002200371815584658e+05 8.552539504977314527e-18
2.221946860939523904e+05 7.161740336416641646e-18
2.465811075822604180e+05 5.995582486256825040e-18
2.736439997074671555e+05 5.016794982839793448e-18
3.036771118035460822e+05 4.194268443498661254e-18
3.370064329271928291e+05 3.504164020619624647e-18
3.739937302478798083e+05 2.925908475435282077e-18
4.150404757850476308e+05 2.441359620972654993e-18
4.605922041145108524e+05 2.035494551578629959e-18
5.111433483440171112e+05 1.695783221600939574e-18
5.672426068491977639e+05 1.411894070908205388e-18
6.294988990221888525e+05 1.174639563726658617e-18
6.985879746785250027e+05 9.765351794459493529e-19
7.752597488629464060e+05 8.111931456952191260e-19
8.603464416684507160e+05 6.733455178592804398e-19
9.547716114208066138e+05 5.584211801459528423e-19
1.059560179277617019e+06 4.627018218035480209e-19
1.175849554052158026e+06 3.830687548468822054e-19
1.304901978014401859e+06 3.168337599262010072e-19
1.448118227674532915e+06 2.617908920529981566e-19
1.607052818261638284e+06 2.160612773596236347e-19
1.783430876931909472e+06 1.781815317785954090e-19
1.979166867853557458e+06 1.467551437725920889e-19
2.196385372416546568e+06 1.207395435645275766e-19
2.437444150122222025e+06 9.921950235585747327e-20
2.704959730463137385e+06 8.143515424627223174e-20
3.001835813575591892e+06 6.675651116133608273e-20
3.331294787934676744e+06 5.464594331658264217e-20
3.696912707195031922e+06 4.467884468370777101e-20
4.102658105827190448e+06 3.647344294515579751e-20
4.552935074866947718e+06 2.973025760451761844e-20
5.052631065335679799e+06 2.419319558788971847e-20
5.607169938205458224e+06 1.965630975767067144e-20
6.222570836730230600e+06 1.594204472407611611e-20
6.905513520162330940e+06 1.290569993935041766e-20
7.663410868007462472e+06 1.042709081710198325e-20
8.504489341802684590e+06 8.407546428490627265e-21
9.437878277775391936e+06 6.764383271536597602e-21
1.047370897959450819e+07 5.430368380690657709e-21
1.162322468679854274e+07 4.348975936379669582e-21
1.289890261253307760e+07 3.473834271261734403e-21
1.431458937523478456e+07 2.767333763955933160e-21
1.588565129428052530e+07 2.197927902064187267e-21
1.762914118095947802e+07 1.740387770030463821e-21
1.956398343517064676e+07 1.373526884192187396e-21
2.171117945694505423e+07 1.079981903807163504e-21
2.409403560239527002e+07 8.458767826093049310e-22
2.673841615839949250e+07 6.597551472223110511e-22
2.967302408188872784e+07 5.122224415125221616e-22
3.292971255097155273e+07 3.956008025360102638e-22
3.654383070957254618e+07 3.035979422784696211e-22
4.055460735840827972e+07 2.319028094922048560e-22
4.500557675700496882e+07 1.757897562790342299e-22
4.994505115855139494e+07 1.322367388359057928e-22
5.542664520663107187e+07 9.860177650277888174e-23
6.150985788580504060e+07 7.284202499976792045e-23
6.826071834272393584e+07 5.319474610732962946e-23
7.575250258771920204e+07 3.834364872965847738e-23
8.406652885618332028e+07 2.719907093608188737e-23
9.329304026284696162e+07 1.894172106063723711e-23
1.035321843295663744e+08 1.289276037602187581e-23
1.148951000187308788e+08 8.536032754664669020e-24
1.275051240713012964e+08 5.455398202100390980e-24
1.414991297434575856e+08 3.330656025703649766e-24
1.570290124729377627e+08 1.914237011056861549e-24
1.742633386009651124e+08 1.014436064176720547e-24
1.933891750455232263e+08 4.799580100889068188e-25
2.146141197858406007e+08 1.904366694280710456e-25
2.381685551976160705e+08 5.254091153266202708e-26
2.643081486974108517e+08 4.594857654029785225e-27
2.933166278390048146e+08 1.192555544621109031e-30
3.255088599835056663e+08 4.257303337123718790e-39
3.612342699709430337e+08 1.258032351776688198e-53
4.008806328898465633e+08 1.259811930861000477e-84
