1.000000000000000000e+02 6.994979995518946484e-13
1.109752496412072134e+02 5.803462229593928744e-13
1.231550603292826196e+02 4.818051007514947401e-13
1.366716356462005990e+02 3.995835690737605214e-13
1.516716888470922413e+02 3.312560490630056943e-13
1.683180353330956791e+02 2.741743018858158322e-13
1.867913599020782840e+02 2.268086348875535648e-13
2.072921779595371845e+02 1.871619543528047201e-13
2.300430119772916839e+02 1.542544241700542130e-13
2.552908068239516410e+02 1.267693802092890740e-13
2.833096101839323637e+02 1.039200292674152656e-13
3.144035471591500368e+02 8.493481531068961900e-14
3.489101213406774491e+02 6.920804783871873895e-14
3.872038781812557318e+02 5.622798016860654327e-14
4.297004704320843871e+02 4.550955295942436975e-14
4.768611697714468960e+02 3.675574876056791158e-14
5.291978735958442712e+02 2.957638382173600803e-14
5.872786613189482523e+02 2.374229263454134030e-14
6.517339604882420190e+02 1.901594112000000879e-14
7.232633896483533817e+02 1.520416208534410601e-14
8.026433522257173081e+02 1.215233795622420183e-14
8.907354638610439679e+02 9.705678938977245548e-15
9.884959046625587007e+02 7.757000373787857985e-15
1.096985797892383971e+03 6.209651621433610276e-15
1.217382727739662187e+03 4.984491501472936224e-15
1.350993521198027793e+03 4.014479424405673585e-15
1.499268432786045423e+03 3.245659675453983956e-15
1.663816886076128640e+03 2.638580951703362306e-15
1.846424942895544291e+03 2.154221612501072686e-15
2.049074689815845886e+03 1.768511052204967032e-15
2.273965752357927613e+03 1.458330542156999408e-15
2.523539170434765765e+03 1.208633626175081896e-15
2.800503894183631019e+03 1.004153774893913264e-15
3.107866187782013640e+03 8.374423964518107537e-16
3.448962260405759935e+03 6.995634791578191347e-16
3.827494478516314757e+03 5.847594127226735105e-16
4.247571552536898707e+03 4.891343424046269428e-16
4.713753134116724141e+03 4.085433288139333016e-16
5.231099308056262998e+03 3.408396467028953474e-16
5.805225516094896193e+03 2.837774840425815163e-16
6.442363508721369726e+03 2.356488222219135228e-16
7.149428986597576113e+03 1.948266233144216692e-16
7.934096665797491369e+03 1.605872219626895017e-16
8.804883581643463913e+03 1.316127480323989523e-16
9.771241535346502133e+03 1.074552523950359470e-16
1.084365968689610963e+04 8.710121033437895053e-17
1.203377840777589154e+04 7.010003842097356189e-17
1.335451562929898682e+04 5.604066222719840059e-17
1.482020705798858762e+04 4.449034574269785826e-17
1.644676177994664249e+04 3.508223464852852056e-17
1.825183494319044257e+04 2.733609073593518782e-17
2.025501939230666540e+04 2.102990646901438488e-17
2.247805833548725059e+04 1.604073510190211927e-17
2.494508135230316839e+04 1.211190202157404078e-17
2.768286630392066581e+04 9.015738409235883872e-18
3.072112998861759115e+04 6.634602813431788401e-18
3.409285069746814406e+04 4.798337577669350679e-18
3.783462617131928710e+04 3.429349294384117675e-18
4.198707084443910571e+04 2.416909830274976132e-18
4.659525668664683326e+04 1.687166912921926877e-18
5.170920242896761192e+04 1.168807491646888126e-18
5.738441648302398244e+04 8.073286887993503880e-19
6.368249944718585903e+04 5.598802812535810249e-19
7.067181273927491566e+04 3.929393551368233762e-19
7.842822061337680498e+04 2.812636724453567283e-19
8.703591361485165544e+04 2.065067794477288232e-19
9.658832241158708348e+04 1.558650841292017518e-19
1.071891319205127511e+05 1.207394959583574443e-19
1.189534067370319535e+05 9.547840608614131659e-20
1.320088400831418112e+05 7.660997392801995525e-20
1.464971398307286145e+05 6.195116381215576503e-20
1.625755666443794908e+05 5.028916949075271367e-20
1.804186409392071655e+05 4.086334446229536740e-20
2.002200371815584658e+05 3.319990319727717516e-20
2.221946860939523904e+05 2.693497383595633306e-20
2.465811075822604180e+05 2.180639932504391095e-20
2.736439997074671555e+05 1.763106246701858188e-20
3.036771118035460822e+05 1.420568993075164091e-20
3.370064329271928291e+05 1.142861365254774802e-20
3.739937302478798083e+05 9.172696787933301611e-21
4.150404757850476308e+05 7.334910694790697791e-21
4.605922041145108524e+05 5.855984746058935225e-21
5.111433483440171112e+05 4.656390389785817950e-21
5.672426068491977639e+05 3.693272496957516151e-21
6.294988990221888525e+05 2.919329739964824657e-21
6.985879746785250027e+05 2.299489053560475562e-21
7.752597488629464060e+05 1.804525093629527876e-21
8.603464416684507160e+05 1.411568061603964392e-21
9.547716114208066138e+05 1.099679778421976914e-21
1.059560179277617019e+06 8.547335499275798202e-22
1.175849554052158026e+06 6.600735032809026904e-22
1.304901978014401859e+06 5.082847168387991691e-22
1.448118227674532915e+06 3.900161826864877271e-22
1.607052818261638284e+06 2.979636844280474713e-22
1.783430876931909472e+06 2.265816141583978184e-22
1.979166867853557458e+06 1.715893480623173328e-22
2.196385372416546568e+06 1.291886646841898285e-22
2.437444150122222025e+06 9.660400208126283793e-23
2.704959730463137385e+06 7.175718420680541828e-23
3.001835813575591892e+06 5.278009236081243434e-23
3.331294787934676744e+06 3.837670029552978539e-23
3.696912707195031922e+06 2.751801131428635048e-23
4.102658105827190448e+06 1.941056282017800506e-23
4.552935074866947718e+06 1.339373496625717390e-23
5.052631065335679799e+06 9.002220795814315316e-24
5.607169938205458224e+06 5.854971146235435159e-24
6.222570836730230600e+06 3.659618261512553758e-24
6.905513520162330940e+06 2.168658381492251518e-24
7.663410868007462472e+06 1.219129380476662135e-24
8.504489341802684590e+06 6.354808975981518349e-25
9.437878277775391936e+06 3.059179877730388114e-25
1.047370897959450819e+07 1.345916821291621849e-25
1.162322468679854274e+07 5.353031415857457162e-26
1.289890261253307760e+07 1.876621745641257825e-26
1.431458937523478456e+07 5.727034279579557890e-27
1.588565129428052530e+07 1.502292176029830849e-27
1.762914118095947802e+07 3.340313840061494441e-28
1.956398343517064676e+07 6.197785417898038782e-29
2.171117945694505423e+07 9.450598477761501696e-30
2.409403560239527002e+07 1.166053950963278343e-30
2.673841615839949250e+07 1.145123541057841948e-31
2.967302408188872784e+07 8.765652458876422060e-33
3.292971255097155273e+07 5.115599959467604787e-34
3.654383070957254618e+07 2.223629004369291549e-35
4.055460735840827972e+07 7.017023229456056288e-37
4.500557675700496882e+07 1.560510241292763285e-38
4.994505115855139494e+07 2.361440889880391361e-40
5.542664520663107187e+07 2.327902858623913436e-42
6.150985788580504060e+07 1.413381929710616164e-44
6.826071834272393584e+07 4.909030945086793339e-47
7.575250258771920204e+07 8.818670333258428226e-50
8.406652885618332028e+07 7.037822332596771635e-53
9.329304026284696162e+07 1.859763870800119543e-56
1.035321843295663744e+08 3.813535591949937808e-61
1.148951000187308788e+08 3.783298756024537962e-69
1.275051240713012964e+08 3.955299667543372680e-84
1.414991297434575856e+08 8.707882764193939772e-138
