1.000000000000000000e+02 2.153037422692699245e-12
1.109752496412072134e+02 1.807274488312301053e-12
1.231550603292826196e+02 1.517294274036624720e-12
1.366716356462005990e+02 1.274210115900755325e-12
1.516716888470922413e+02 1.070389313673057273e-12
1.683180353330956791e+02 8.994203983743734534e-13
1.867913599020782840e+02 7.558083174494798488e-13
2.072921779595371845e+02 6.353040182596525700e-13
2.300430119772916839e+02 5.341577620606157735e-13
2.552908068239516410e+02 4.491321452825005686e-13
2.833096101839323637e+02 3.775732020510830903e-13
3.144035471591500368e+02 3.173152725436806619e-13
3.489101213406774491e+02 2.667056694532077819e-13
3.872038781812557318e+02 2.240308109292283647e-13
4.297004704320843871e+02 1.881281104467388237e-13
4.768611697714468960e+02 1.578436086825512769e-13
5.291978735958442712e+02 1.323218573133092208e-13
5.872786613189482523e+02 1.108357971073138137e-13
6.517339604882420190e+02 9.271715191974466459e-14
7.232633896483533817e+02 7.746676039207919252e-14
8.026433522257173081e+02 6.463706705449468242e-14
8.907354638610439679e+02 5.385962697107002322e-14
9.884959046625587007e+02 4.482623567286495432e-14
1.096985797892383971e+03 3.726303133886444156e-14
1.217382727739662187e+03 3.092336535125281590e-14
1.350993521198027793e+03 2.563033556883989946e-14
1.499268432786045423e+03 2.122892211950677246e-14
1.663816886076128640e+03 1.756349703750310187e-14
1.846424942895544291e+03 1.451929066697806082e-14
2.049074689815845886e+03 1.199066700195918753e-14
2.273965752357927613e+03 9.891511250007060548e-15
2.523539170434765765e+03 8.150606258827632797e-15
2.800503894183631019e+03 6.707075394520390869e-15
3.107866187782013640e+03 5.510303725543767091e-15
3.448962260405759935e+03 4.518966903796846614e-15
3.827494478516314757e+03 3.699303905486552118e-15
4.247571552536898707e+03 3.020341410619863855e-15
4.713753134116724141e+03 2.459391631122647297e-15
5.231099308056262998e+03 1.997500301968332758e-15
5.805225516094896193e+03 1.616772108022737945e-15
6.442363508721369726e+03 1.304500312506405294e-15
7.149428986597576113e+03 1.048235192388199800e-15
7.934096665797491369e+03 8.391566313824189089e-16
8.804883581643463913e+03 6.689442978790632397e-16
9.771241535346502133e+03 5.312961793811893758e-16
1.084365968689610963e+04 4.202816235936042345e-16
1.203377840777589154e+04 3.315622492324941481e-16
1.335451562929898682e+04 2.610042073778375255e-16
1.482020705798858762e+04 2.052015817803684653e-16
1.644676177994664249e+04 1.613937703077076277e-16
1.825183494319044257e+04 1.269916749086005914e-16
2.025501939230666540e+04 1.002501024056036057e-16
2.247805833548725059e+04 7.931390989681228462e-17
2.494508135230316839e+04 6.294885672250341358e-17
2.768286630392066581e+04 5.013591780346493702e-17
3.072112998861759115e+04 4.008095633303391167e-17
3.409285069746814406e+04 3.218023160531050882e-17
3.783462617131928710e+04 2.595399635526615371e-17
4.198707084443910571e+04 2.102869694382339953e-17
4.659525668664683326e+04 1.711396447196694603e-17
5.170920242896761192e+04 1.397717183832403412e-17
5.738441648302398244e+04 1.144609076709126680e-17
6.368249944718585903e+04 9.386213578858483991e-18
7.067181273927491566e+04 7.700936110762999561e-18
7.842822061337680498e+04 6.316886221925843270e-18
8.703591361485165544e+04 5.178545549094784589e-18
9.658832241158708348e+04 4.241862132030084890e-18
1.071891319205127511e+05 3.471221167382650257e-18
1.189534067370319535e+05 2.838317604652071942e-18
1.320088400831418112e+05 2.318661895687918612e-18
1.464971398307286145e+05 1.892557707752249602e-18
1.625755666443794908e+05 1.543396011997887423e-18
1.804186409392071655e+05 1.257366895312246310e-18
2.002200371815584658e+05 1.023434940466806360e-18
2.221946860939523904e+05 8.323736761336899780e-19
2.465811075822604180e+05 6.765171960513490950e-19
2.736439997074671555e+05 5.494367139278416552e-19
3.036771118035460822e+05 4.459509256314664904e-19
3.370064329271928291e+05 3.617568261906525231e-19
3.739937302478798083e+05 2.933484796113665557e-19
4.150404757850476308e+05 2.377904388935573555e-19
4.605922041145108524e+05 1.926088913991086020e-19
5.111433483440171112e+05 1.559550439637652038e-19
5.672426068491977639e+05 1.261957153212112810e-19
6.294988990221888525e+05 1.020789167632660806e-19
6.985879746785250027e+05 8.250168993762974276e-20
7.752597488629464060e+05 6.663947509177607581e-20
8.603464416684507160e+05 5.378729274198143575e-20
9.547716114208066138e+05 4.338562649958662442e-20
1.059560179277617019e+06 3.496504583811427514e-20
1.175849554052158026e+06 2.816011625532368792e-20
1.304901978014401859e+06 2.265944614643770954e-20
1.448118227674532915e+06 1.821661816381125140e-20
1.607052818261638284e+06 1.463160499562533288e-20
1.783430876931909472e+06 1.174223844064361334e-20
1.979166867853557458e+06 9.414058973931848075e-21
2.196385372416546568e+06 7.540042607117805155e-21
2.437444150122222025e+06 6.031683735353437012e-21
2.704959730463137385e+06 4.820748659542372080e-21
3.001835813575591892e+06 3.848105207949256397e-21
3.331294787934676744e+06 3.068198023850549183e-21
3.696912707195031922e+06 2.443367325837009025e-21
4.102658105827190448e+06 1.943319883392172219e-21
4.552935074866947718e+06 1.543577872453504282e-21
5.052631065335679799e+06 1.224258008152920528e-21
5.607169938205458224e+06 9.696208279816806156e-22
6.222570836730230600e+06 7.668670749347310884e-22
6.905513520162330940e+06 6.054976829237494789e-22
7.663410868007462472e+06 4.772706059109512291e-22
8.504489341802684590e+06 3.755775162693783646e-22
9.437878277775391936e+06 2.950425663246448225e-22
1.047370897959450819e+07 2.313038820311187277e-22
1.162322468679854274e+07 1.809762889320599309e-22
1.289890261253307760e+07 1.412837434940858685e-22
1.431458937523478456e+07 1.100480347080231246e-22
1.588565129428052530e+07 8.550481147829714543e-23
1.762914118095947802e+07 6.625967230164574323e-23
1.956398343517064676e+07 5.120276842269209778e-23
2.171117945694505423e+07 3.944396469075533513e-23
2.409403560239527002e+07 3.027985215267553266e-23
2.673841615839949250e+07 2.316323016601672918e-23
2.967302408188872784e+07 1.763917840644905514e-23
3.292971255097155273e+07 1.337234399734612773e-23
3.654383070957254618e+07 1.009382211604045909e-23
4.055460735840827972e+07 7.577984879112180469e-24
4.500557675700496882e+07 5.637906366394780133e-24
4.994505115855139494e+07 4.173803538092098880e-24
5.542664520663107187e+07 3.063521190466324376e-24
6.150985788580504060e+07 2.224779468692452064e-24
6.826071834272393584e+07 1.596798522912193779e-24
7.575250258771920204e+07 1.130817819602233296e-24
8.406652885618332028e+07 7.869179335872786268e-25
9.329304026284696162e+07 5.368916803128263658e-25
1.035321843295663744e+08 3.567108679342038808e-25
1.148951000187308788e+08 2.296811239815602503e-25
1.275051240713012964e+08 1.417646936310885439e-25
1.414991297434575856e+08 8.286552357619485374e-26
1.570290124729377627e+08 4.504701202340444825e-26
1.742633386009651124e+08 2.217262757779649345e-26
1.933891750455232263e+08 9.507393284239077342e-27
2.146141197858406007e+08 3.358325855855731597e-27
2.381685551976160705e+08 8.065219690228534927e-28
2.643081486974108517e+08 3.623930589194836401e-29
2.933166278390048146e+08 6.242016613879286190e-32
3.255088599835056663e+08 2.175041332609285234e-37
3.612342699709430337e+08 2.821918500755691269e-46
4.008806328898465633e+08 5.703892333849584251e-61
4.448782831127585173e+08 2.469164578589893322e-86
