1.000000000000000000e+02 1.642675654076033632e-13
1.109752496412072134e+02 1.400687360515242577e-13
1.231550603292826196e+02 1.191011674736498747e-13
1.366716356462005990e+02 1.011466332731633310e-13
1.516716888470922413e+02 8.587033479042160741e-14
1.683180353330956791e+02 7.280661452443138349e-14
1.867913599020782840e+02 6.159286319210227305e-14
2.072921779595371845e+02 5.215996189077622108e-14
2.300430119772916839e+02 4.415626756441476341e-14
2.552908068239516410e+02 3.734827158893201197e-14
2.833096101839323637e+02 3.163215649627991487e-14
3.144035471591500368e+02 2.680708053501776282e-14
3.489101213406774491e+02 2.272810491686197302e-14
3.872038781812557318e+02 1.930257281381914651e-14
4.297004704320843871e+02 1.640381114792792904e-14
4.768611697714468960e+02 1.395816872557777317e-14
5.291978735958442712e+02 1.188569695327991680e-14
5.872786613189482523e+02 1.012906093367370353e-14
6.517339604882420190e+02 8.634545177325255809e-15
7.232633896483533817e+02 7.365258847866111830e-15
8.026433522257173081e+02 6.280051888664658476e-15
8.907354638610439679e+02 5.351444881616386990e-15
9.884959046625587007e+02 4.556263150822676050e-15
1.096985797892383971e+03 3.872656488040220963e-15
1.217382727739662187e+03 3.287016430461420290e-15
1.350993521198027793e+03 2.784738052393423236e-15
1.499268432786045423e+03 2.353109990766893587e-15
1.663816886076128640e+03 1.982721215805762032e-15
1.846424942895544291e+03 1.666531504914485910e-15
2.049074689815845886e+03 1.396111254774334201e-15
2.273965752357927613e+03 1.165823379287838721e-15
2.523539170434765765e+03 9.705512358747206622e-16
2.800503894183631019e+03 8.053195468179586724e-16
3.107866187782013640e+03 6.664097671646351705e-16
3.448962260405759935e+03 5.502992700052137016e-16
3.827494478516314757e+03 4.539400538032302893e-16
4.247571552536898707e+03 3.745472523455050862e-16
4.713753134116724141e+03 3.096318136440225359e-16
5.231099308056262998e+03 2.569217337024597168e-16
5.805225516094896193e+03 2.142415523717296617e-16
6.442363508721369726e+03 1.794875626653849391e-16
7.149428986597576113e+03 1.509379960703293697e-16
7.934096665797491369e+03 1.272008449400739317e-16
8.804883581643463913e+03 1.072955294677035360e-16
9.771241535346502133e+03 9.052989630620506526e-17
1.084365968689610963e+04 7.638045969393683305e-17
1.203377840777589154e+04 6.442370424514433012e-17
1.335451562929898682e+04 5.431827621155373261e-17
1.482020705798858762e+04 4.577199396515686989e-17
1.644676177994664249e+04 3.854934523547031469e-17
1.825183494319044257e+04 3.244915681377863746e-17
2.025501939230666540e+04 2.729972293367298414e-17
2.247805833548725059e+04 2.295042766223755791e-17
2.494508135230316839e+04 1.928197423178597995e-17
2.768286630392066581e+04 1.618784472705445714e-17
3.072112998861759115e+04 1.357962535122416939e-17
3.409285069746814406e+04 1.138373192916518905e-17
3.783462617131928710e+04 9.534185727300860358e-18
4.198707084443910571e+04 7.977346767284087081e-18
4.659525668664683326e+04 6.669896250350329104e-18
5.170920242896761192e+04 5.571373588582919863e-18
5.738441648302398244e+04 4.648545307711496325e-18
6.368249944718585903e+04 3.875508070848570733e-18
7.067181273927491566e+04 3.227419966905640015e-18
7.842822061337680498e+04 2.685030858618910135e-18
8.703591361485165544e+04 2.231831665108988413e-18
9.658832241158708348e+04 1.852964130311859682e-18
1.071891319205127511e+05 1.537068039529617462e-18
1.189534067370319535e+05 1.273867988912791705e-18
1.320088400831418112e+05 1.054587526746053289e-18
1.464971398307286145e+05 8.722235461578232724e-19
1.625755666443794908e+05 7.207428326978024491e-19
1.804186409392071655e+05 5.949475941020318082e-19
2.002200371815584658e+05 4.905636843377358160e-19
2.221946860939523904e+05 4.041233243564264505e-19
2.465811075822604180e+05 3.324854118914072816e-19
2.736439997074671555e+05 2.732112245009511624e-19
3.036771118035460822e+05 2.242699903735669581e-19
3.370064329271928291e+05 1.838424805373488022e-19
3.739937302478798083e+05 1.504986638126025279e-19
4.150404757850476308e+05 1.230363455148017248e-19
4.605922041145108524e+05 1.004486675056871026e-19
5.111433483440171112e+05 8.188540751166925271e-20
5.672426068491977639e+05 6.665656477379566797e-20
6.294988990221888525e+05 5.416887230655337522e-20
6.985879746785250027e+05 4.395476945588835854e-20
7.752597488629464060e+05 3.560364717422932414e-20
8.603464416684507160e+05 2.879545467876211451e-20
9.547716114208066138e+05 2.324352164370401401e-20
1.059560179277617019e+06 1.872809642918544147e-20
1.175849554052158026e+06 1.506301665890832154e-20
1.304901978014401859e+06 1.209174999185865740e-20
1.448118227674532915e+06 9.687434983804555300e-21
1.607052818261638284e+06 7.745430392635861346e-21
1.783430876931909472e+06 6.179603491343713485e-21
1.979166867853557458e+06 4.920344497466809299e-21
2.196385372416546568e+06 3.909366284287380925e-21
2.437444150122222025e+06 3.099345807152237852e-21
2.704959730463137385e+06 2.451275881353648929e-21
3.001835813575591892e+06 1.934454577223426141e-21
3.331294787934676744e+06 1.523289866962377740e-21
3.696912707195031922e+06 1.196491260931088814e-21
4.102658105827190448e+06 9.377269530171093636e-22
4.552935074866947718e+06 7.330801424601367090e-22
5.052631065335679799e+06 5.715703216269959820e-22
5.607169938205458224e+06 4.447168963640751481e-22
6.222570836730230600e+06 3.450458338374833210e-22
6.905513520162330940e+06 2.670292515712525972e-22
7.663410868007462472e+06 2.061711404732434318e-22
8.504489341802684590e+06 1.587803646390050755e-22
9.437878277775391936e+06 1.219515691452677313e-22
1.047370897959450819e+07 9.342346296361783134e-23
1.162322468679854274e+07 7.137856464492978855e-23
1.289890261253307760e+07 5.439085382983933598e-23
1.431458937523478456e+07 4.133697218724363857e-23
1.588565129428052530e+07 3.132944045843311564e-23
1.762914118095947802e+07 2.368152014344483025e-23
1.956398343517064676e+07 1.785128862100243739e-23
2.171117945694505423e+07 1.342046704990596455e-23
2.409403560239527002e+07 1.006073292543078791e-23
2.673841615839949250e+07 7.520834912559138759e-24
2.967302408188872784e+07 5.606169605499758038e-24
3.292971255097155273e+07 4.166394759666811714e-24
3.654383070957254618e+07 3.087381418781184947e-24
4.055460735840827972e+07 2.280685001027648269e-24
4.500557675700496882e+07 1.679408421870877783e-24
4.994505115855139494e+07 1.232708243350375015e-24
5.542664520663107187e+07 9.016865080136982849e-25
6.150985788580504060e+07 6.572671131995679426e-25
6.826071834272393584e+07 4.773185332755745037e-25
7.575250258771920204e+07 3.452415264282236447e-25
8.406652885618332028e+07 2.486379984325801264e-25
9.329304026284696162e+07 1.782423817861873831e-25
1.035321843295663744e+08 1.271293696233632168e-25
1.148951000187308788e+08 9.016296237995066866e-26
1.275051240713012964e+08 6.354481833034404274e-26
1.414991297434575856e+08 4.446986291073670110e-26
1.570290124729377627e+08 3.086265652229934098e-26
1.742633386009651124e+08 2.121915354666927584e-26
1.933891750455232263e+08 1.442449128042555016e-26
2.146141197858406007e+08 9.674889142901129341e-27
2.381685551976160705e+08 6.383663772632762775e-27
2.643081486974108517e+08 4.126133859970846069e-27
2.933166278390048146e+08 2.597737312748148304e-27
3.255088599835056663e+08 1.579556342873899278e-27
3.612342699709430337e+08 9.155717527113623067e-28
4.008806328898465633e+08 4.954359529680396565e-28
4.448782831127585173e+08 2.409811791183540435e-28
4.937047852839003801e+08 9.799618539561317337e-29
5.478901179593944550e+08 2.811887529773881613e-29
6.080224261649426222e+08 3.674334220118224284e-31
