1.000000000000000000e+02 1.460905433496672940e-11
1.109752496412072134e+02 1.218057851409714453e-11
1.231550603292826196e+02 1.021107792550222683e-11
1.366716356462005990e+02 8.593044124021677843e-12
1.516716888470922413e+02 7.250073284254340281e-12
1.683180353330956791e+02 6.124780268508101404e-12
1.867913599020782840e+02 5.174168632006894264e-12
2.072921779595371845e+02 4.372283458698044053e-12
2.300430119772916839e+02 3.690363168969486853e-12
2.552908068239516410e+02 3.112736648678321697e-12
2.833096101839323637e+02 2.622750470829886656e-12
3.144035471591500368e+02 2.206979399510413696e-12
3.489101213406774491e+02 1.855448468964950495e-12
3.872038781812557318e+02 1.558065711800647866e-12
4.297004704320843871e+02 1.306871587565491835e-12
4.768611697714468960e+02 1.095218036250642771e-12
5.291978735958442712e+02 9.169272541079132575e-13
5.872786613189482523e+02 7.670584336303711139e-13
6.517339604882420190e+02 6.410160666902650231e-13
7.232633896483533817e+02 5.353031483499870791e-13
8.026433522257173081e+02 4.466858730051360955e-13
8.907354638610439679e+02 3.724633664118878032e-13
9.884959046625587007e+02 3.103413075280568677e-13
1.096985797892383971e+03 2.584111201890715633e-13
1.217382727739662187e+03 2.149906229021462813e-13
1.350993521198027793e+03 1.787427756660024862e-13
1.499268432786045423e+03 1.484898347222811947e-13
1.663816886076128640e+03 1.232501343259932663e-13
1.846424942895544291e+03 1.022444710729676628e-13
2.049074689815845886e+03 8.475317307292817913e-14
2.273965752357927613e+03 7.014506158043859923e-14
2.523539170434765765e+03 5.804255863120852196e-14
2.800503894183631019e+03 4.797278897745076371e-14
3.107866187782013640e+03 3.962542495339086731e-14
3.448962260405759935e+03 3.269620336421802433e-14
3.827494478516314757e+03 2.696920440527391587e-14
4.247571552536898707e+03 2.221764423880027221e-14
4.713753134116724141e+03 1.829821992802078445e-14
5.231099308056262998e+03 1.505794875936382578e-14
5.805225516094896193e+03 1.238481428253395632e-14
6.442363508721369726e+03 1.018024250133746266e-14
7.149428986597576113e+03 8.365176184596674230e-15
7.934096665797491369e+03 6.869487348993064030e-15
8.804883581643463913e+03 5.638728383166499030e-15
9.771241535346502133e+03 4.627658225722447757e-15
1.084365968689610963e+04 3.794950159493551927e-15
1.203377840777589154e+04 3.111459862491344522e-15
1.335451562929898682e+04 2.549444620909841624e-15
1.482020705798858762e+04 2.087882588099713601e-15
1.644676177994664249e+04 1.708901504900650410e-15
1.825183494319044257e+04 1.397929069454353183e-15
2.025501939230666540e+04 1.142663875543636399e-15
2.247805833548725059e+04 9.332521790286295480e-16
2.494508135230316839e+04 7.616822411424404666e-16
2.768286630392066581e+04 6.209987481224976956e-16
3.072112998861759115e+04 5.057785126243971310e-16
3.409285069746814406e+04 4.114910563738980145e-16
3.783462617131928710e+04 3.343795414754675459e-16
4.198707084443910571e+04 2.713667116942857324e-16
4.659525668664683326e+04 2.199031876696200847e-16
5.170920242896761192e+04 1.779363185318155545e-16
5.738441648302398244e+04 1.437401503559522259e-16
6.368249944718585903e+04 1.159089035214727339e-16
7.067181273927491566e+04 9.329511796148668534e-17
7.842822061337680498e+04 7.494674374963802094e-17
8.703591361485165544e+04 6.009411089809414768e-17
9.658832241158708348e+04 4.808145785880118565e-17
1.071891319205127511e+05 3.837604867545622232e-17
1.189534067370319535e+05 3.056657177624356718e-17
1.320088400831418112e+05 2.429952665577235950e-17
1.464971398307286145e+05 1.927767024746394909e-17
1.625755666443794908e+05 1.526755746447193456e-17
1.804186409392071655e+05 1.207133528256620114e-17
2.002200371815584658e+05 9.532913598254815042e-18
2.221946860939523904e+05 7.518975576216753384e-18
2.465811075822604180e+05 5.924023951349979674e-18
2.736439997074671555e+05 4.662687130316300975e-18
3.036771118035460822e+05 3.666043896798543647e-18
3.370064329271928291e+05 2.879040864737396608e-18
3.739937302478798083e+05 2.258603168253270280e-18
4.150404757850476308e+05 1.769822925833868762e-18
4.605922041145108524e+05 1.385241415887675469e-18
5.111433483440171112e+05 1.083017943295597118e-18
5.672426068491977639e+05 8.457489839498202428e-19
6.294988990221888525e+05 6.597008829989102370e-19
6.985879746785250027e+05 5.139793203739513845e-19
7.752597488629464060e+05 3.999863986918394378e-19
8.603464416684507160e+05 3.109230567459569082e-19
9.547716114208066138e+05 2.412961720224588111e-19
1.059560179277617019e+06 1.871740661719671534e-19
1.175849554052158026e+06 1.449511771765925591e-19
1.304901978014401859e+06 1.121183729570067605e-19
1.448118227674532915e+06 8.661234579350640520e-20
1.607052818261638284e+06 6.683080070158408282e-20
1.783430876931909472e+06 5.149032038220405840e-20
1.979166867853557458e+06 3.962066570433252318e-20
2.196385372416546568e+06 3.044802950212651393e-20
2.437444150122222025e+06 2.336644530662250924e-20
2.704959730463137385e+06 1.790739006913393612e-20
3.001835813575591892e+06 1.370313897220565589e-20
3.331294787934676744e+06 1.047126933764119412e-20
3.696912707195031922e+06 7.989826418879623749e-21
4.102658105827190448e+06 6.087086193944210020e-21
4.552935074866947718e+06 4.630743768961569089e-21
5.052631065335679799e+06 3.517231404065799293e-21
5.607169938205458224e+06 2.667093306726553054e-21
6.222570836730230600e+06 2.019350582554087852e-21
6.905513520162330940e+06 1.526547607768763027e-21
7.663410868007462472e+06 1.151688929894993732e-21
8.504489341802684590e+06 8.678030551871073912e-22
9.437878277775391936e+06 6.526569342631934732e-22
1.047370897959450819e+07 4.899426671404062617e-22
1.162322468679854274e+07 3.671598503956834588e-22
1.289890261253307760e+07 2.746643153238096725e-22
1.431458937523478456e+07 2.051161146247191445e-22
1.588565129428052530e+07 1.528999460451357465e-22
1.762914118095947802e+07 1.137625836802107018e-22
1.956398343517064676e+07 8.449469848180915202e-23
2.171117945694505423e+07 6.262871390782328240e-23
2.409403560239527002e+07 4.633904318653069660e-23
2.673841615839949250e+07 3.423010995046311374e-23
2.967302408188872784e+07 2.522985907943322677e-23
3.292971255097155273e+07 1.856198637726298690e-23
3.654383070957254618e+07 1.363082196265694757e-23
4.055460735840827972e+07 9.991028987713208787e-24
4.500557675700496882e+07 7.308904668839798371e-24
4.994505115855139494e+07 5.336305563652407876e-24
5.542664520663107187e+07 3.888594806342012956e-24
6.150985788580504060e+07 2.828147713535673974e-24
6.826071834272393584e+07 2.052509359578299626e-24
7.575250258771920204e+07 1.486730338645429826e-24
8.406652885618332028e+07 1.074696176121098808e-24
9.329304026284696162e+07 7.752725110664493518e-25
1.035321843295663744e+08 5.580822331990974722e-25
1.148951000187308788e+08 4.008584268282327039e-25
1.275051240713012964e+08 2.873174180348881413e-25
1.414991297434575856e+08 2.054653681331897322e-25
1.570290124729377627e+08 1.465885636775060803e-25
1.742633386009651124e+08 1.043562764811763357e-25
1.933891750455232263e+08 7.408564322972208560e-26
2.146141197858406007e+08 5.247099664077065856e-26
2.381685551976160705e+08 3.706785595942504996e-26
2.643081486974108517e+08 2.610673815797336409e-26
2.933166278390048146e+08 1.833747061780768469e-26
3.255088599835056663e+08 1.283730758940169276e-26
3.612342699709430337e+08 8.960896366926122888e-27
4.008806328898465633e+08 6.232172796842226532e-27
4.448782831127585173e+08 4.319019361396227203e-27
4.937047852839003801e+08 2.981331053940647816e-27
5.478901179593944550e+08 2.049358206216048400e-27
6.080224261649426222e+08 1.402215804672141604e-27
6.747544053110699654e+08 9.545343465428099990e-28
7.488103857590031624e+08 6.461220732503078338e-28
8.309941949353404045e+08 4.346023875666386561e-28
9.221978823334341049e+08 2.902039407143319567e-28
1.023411402105452657e+09 1.921697045239345507e-28
1.135733358343105316e+09 1.260164191496633758e-28
1.260382929679727316e+09 8.166173440551895157e-29
1.398713102647238731e+09 5.216361449079941544e-29
1.552225357427047968e+09 3.271502307381924160e-29
1.722585965398787737e+09 2.004047444768378791e-29
1.911644075385703564e+09 1.188816686333208457e-29
2.121451784910631895e+09 6.736864264699236315e-30
2.354286414322420120e+09 3.554810718833665662e-30
2.612675225563332081e+09 1.655125620540331351e-30
2.899422853882881165e+09 5.786156839225494194e-31
3.217641750250735283e+09 5.145547882306382110e-32
