1.000000000000000000e+02 4.352230867364903252e-12
1.109752496412072134e+02 3.418116602013581406e-12
1.231550603292826196e+02 2.686461291679684446e-12
1.366716356462005990e+02 2.109166776281247581e-12
1.516716888470922413e+02 1.653103956713205548e-12
1.683180353330956791e+02 1.292795369460713801e-12
1.867913599020782840e+02 1.008352404332365135e-12
2.072921779595371845e+02 7.830124357805095161e-13
2.300430119772916839e+02 6.058557702053805522e-13
2.552908068239516410e+02 4.670187045872242151e-13
2.833096101839323637e+02 3.584199833716500033e-13
3.144035471591500368e+02 2.747150937519473478e-13
3.489101213406774491e+02 2.101176325287283440e-13
3.872038781812557318e+02 1.607764743933446657e-13
4.297004704320843871e+02 1.233235952893748432e-13
4.768611697714468960e+02 9.506412450072528484e-14
5.291978735958442712e+02 7.383033192866939481e-14
5.872786613189482523e+02 5.792434186766067726e-14
6.517339604882420190e+02 4.600257798268077589e-14
7.232633896483533817e+02 3.704995159749208474e-14
8.026433522257173081e+02 3.025488171993659645e-14
8.907354638610439679e+02 2.504375510691516319e-14
9.884959046625587007e+02 2.098279860338321019e-14
1.096985797892383971e+03 1.777231825049100000e-14
1.217382727739662187e+03 1.517008875112332982e-14
1.350993521198027793e+03 1.303167368101638173e-14
1.499268432786045423e+03 1.124391444216135277e-14
1.663816886076128640e+03 9.719502578209115149e-15
1.846424942895544291e+03 8.411269662766657436e-15
2.049074689815845886e+03 7.283531653152822970e-15
2.273965752357927613e+03 6.296731417305732950e-15
2.523539170434765765e+03 5.432415968964494597e-15
2.800503894183631019e+03 4.676858914011615101e-15
3.107866187782013640e+03 4.017285167931235476e-15
3.448962260405759935e+03 3.439742613424726894e-15
3.827494478516314757e+03 2.931871072505082489e-15
4.247571552536898707e+03 2.487659262941418176e-15
4.713753134116724141e+03 2.103483547910389668e-15
5.231099308056262998e+03 1.770536844842875817e-15
5.805225516094896193e+03 1.480803841118684853e-15
6.442363508721369726e+03 1.230240069232147877e-15
7.149428986597576113e+03 1.016915335868048358e-15
7.934096665797491369e+03 8.355800918964825013e-16
8.804883581643463913e+03 6.810150758142167383e-16
9.771241535346502133e+03 5.500363487242423372e-16
1.084365968689610963e+04 4.411221687249242922e-16
1.203377840777589154e+04 3.504956740282322922e-16
1.335451562929898682e+04 2.757445958062545298e-16
1.482020705798858762e+04 2.146918542506081282e-16
1.644676177994664249e+04 1.655794742764410660e-16
1.825183494319044257e+04 1.263140137024722325e-16
2.025501939230666540e+04 9.522949666415223483e-17
2.247805833548725059e+04 7.116362923543901213e-17
2.494508135230316839e+04 5.280124700003733767e-17
2.768286630392066581e+04 3.884893362752527678e-17
3.072112998861759115e+04 2.852715868208455337e-17
3.409285069746814406e+04 2.090238062256783496e-17
3.783462617131928710e+04 1.539042518938788908e-17
4.198707084443910571e+04 1.143411854758937234e-17
4.659525668664683326e+04 8.595067137584058493e-18
5.170920242896761192e+04 6.551736805593406644e-18
5.738441648302398244e+04 5.070919739724585682e-18
6.368249944718585903e+04 3.990320010328031713e-18
7.067181273927491566e+04 3.190645050668523020e-18
7.842822061337680498e+04 2.587192692771455531e-18
8.703591361485165544e+04 2.120077392397725276e-18
9.658832241158708348e+04 1.748912776249877724e-18
1.071891319205127511e+05 1.448070582124830784e-18
1.189534067370319535e+05 1.200746548649209874e-18
1.320088400831418112e+05 9.962865223021912284e-19
1.464971398307286145e+05 8.269660511426107694e-19
1.625755666443794908e+05 6.856598613723554291e-19
1.804186409392071655e+05 5.685097941955308086e-19
2.002200371815584658e+05 4.712112768079595595e-19
2.221946860939523904e+05 3.903629446703766667e-19
2.465811075822604180e+05 3.233204874141582682e-19
2.736439997074671555e+05 2.676794378322208000e-19
3.036771118035460822e+05 2.215308064309638812e-19
3.370064329271928291e+05 1.832563166268662106e-19
3.739937302478798083e+05 1.515425785457570600e-19
4.150404757850476308e+05 1.252832858457776014e-19
4.605922041145108524e+05 1.035178263993467207e-19
5.111433483440171112e+05 8.548648382548585574e-20
5.672426068491977639e+05 7.056713341957493821e-20
6.294988990221888525e+05 5.822525427645338279e-20
6.985879746785250027e+05 4.801364329680777244e-20
7.752597488629464060e+05 3.957354410663773079e-20
8.603464416684507160e+05 3.259650270149230165e-20
9.547716114208066138e+05 2.683112488269747598e-20
1.059560179277617019e+06 2.207364543628684056e-20
1.175849554052158026e+06 1.814745323193672272e-20
1.304901978014401859e+06 1.490945933199549014e-20
1.448118227674532915e+06 1.224010464326059096e-20
1.607052818261638284e+06 1.003956146676199582e-20
1.783430876931909472e+06 8.229125108448848974e-21
1.979166867853557458e+06 6.738909854212874661e-21
2.196385372416546568e+06 5.513978139019780452e-21
2.437444150122222025e+06 4.506831457406749436e-21
2.704959730463137385e+06 3.680613785074417439e-21
3.001835813575591892e+06 3.002267595592528511e-21
3.331294787934676744e+06 2.446385839585706607e-21
3.696912707195031922e+06 1.991051236548863674e-21
4.102658105827190448e+06 1.618546959689900152e-21
4.552935074866947718e+06 1.314092927391768748e-21
5.052631065335679799e+06 1.065467348136859897e-21
5.607169938205458224e+06 8.626291344816127273e-22
6.222570836730230600e+06 6.973731033663760458e-22
6.905513520162330940e+06 5.628513354298785497e-22
7.663410868007462472e+06 4.536001307195901200e-22
8.504489341802684590e+06 3.647527917415704475e-22
9.437878277775391936e+06 2.929555101812501286e-22
1.047370897959450819e+07 2.347659895182343311e-22
1.162322468679854274e+07 1.876846795030677542e-22
1.289890261253307760e+07 1.498136994133647521e-22
1.431458937523478456e+07 1.192557148198416407e-22
1.588565129428052530e+07 9.469917602869054442e-23
1.762914118095947802e+07 7.500686895108275272e-23
1.956398343517064676e+07 5.924556451755005385e-23
2.171117945694505423e+07 4.665770147435252080e-23
2.409403560239527002e+07 3.661717786278936500e-23
2.673841615839949250e+07 2.863663831866516500e-23
2.967302408188872784e+07 2.230860265665449366e-23
3.292971255097155273e+07 1.730634296747011010e-23
3.654383070957254618e+07 1.336127597440182967e-23
4.055460735840827972e+07 1.026314417255779947e-23
4.500557675700496882e+07 7.840555815077753911e-24
4.994505115855139494e+07 5.952132160893305160e-24
5.542664520663107187e+07 4.486675662104788027e-24
6.150985788580504060e+07 3.356442792472213303e-24
6.826071834272393584e+07 2.488642232640609479e-24
7.575250258771920204e+07 1.826911189500495131e-24
8.406652885618332028e+07 1.326160905011539119e-24
9.329304026284696162e+07 9.500501118493058638e-25
1.035321843295663744e+08 6.706280535109274134e-25
1.148951000187308788e+08 4.651585631127406485e-25
1.275051240713012964e+08 3.158382473965840835e-25
1.414991297434575856e+08 2.092962160549551663e-25
1.570290124729377627e+08 1.344597455222234424e-25
1.742633386009651124e+08 8.309856950162703671e-26
1.933891750455232263e+08 4.883291546011687268e-26
2.146141197858406007e+08 2.678258326915112613e-26
2.381685551976160705e+08 1.329994349433477287e-26
2.643081486974108517e+08 5.650264164699816372e-27
2.933166278390048146e+08 1.842094128088912584e-27
3.255088599835056663e+08 3.780331495929539234e-28
3.612342699709430337e+08 3.312234417557224527e-29
