1.000000000000000000e+02 1.441630602270168242e-12
1.109752496412072134e+02 1.267519690313324523e-12
1.231550603292826196e+02 1.112794151990239286e-12
1.366716356462005990e+02 9.761748832406156575e-13
1.516716888470922413e+02 8.550213000478800140e-13
1.683180353330956791e+02 7.481614781776185217e-13
1.867913599020782840e+02 6.536617381733250761e-13
2.072921779595371845e+02 5.702828531475092693e-13
2.300430119772916839e+02 4.968939490691914628e-13
2.552908068239516410e+02 4.321445613486444809e-13
2.833096101839323637e+02 3.754390746499736920e-13
3.144035471591500368e+02 3.254079376763035659e-13
3.489101213406774491e+02 2.817768374060939766e-13
3.872038781812557318e+02 2.433414901836001918e-13
4.297004704320843871e+02 2.099020697982019211e-13
4.768611697714468960e+02 1.805850579817803773e-13
5.291978735958442712e+02 1.551190459515044989e-13
5.872786613189482523e+02 1.328945944476031820e-13
6.517339604882420190e+02 1.136237732238766504e-13
7.232633896483533817e+02 9.689395998366790147e-14
8.026433522257173081e+02 8.244374469164683194e-14
8.907354638610439679e+02 6.996050089837170964e-14
9.884959046625587007e+02 5.922593052717536309e-14
1.096985797892383971e+03 4.999089270238872484e-14
1.217382727739662187e+03 4.209453020576493757e-14
1.350993521198027793e+03 3.533187421363427706e-14
1.499268432786045423e+03 2.959511604468837421e-14
1.663816886076128640e+03 2.470116107180672087e-14
1.846424942895544291e+03 2.057851043665497960e-14
2.049074689815845886e+03 1.708260554027721453e-14
2.273965752357927613e+03 1.415879671996058243e-14
2.523539170434765765e+03 1.169672390703675737e-14
2.800503894183631019e+03 9.651198698997689661e-15
3.107866187782013640e+03 7.938229617333562265e-15
3.448962260405759935e+03 6.522933561193469066e-15
3.827494478516314757e+03 5.349447082661509326e-15
4.247571552536898707e+03 4.382390250235457386e-15
4.713753134116724141e+03 3.586748941401026778e-15
5.231099308056262998e+03 2.932768385346580932e-15
5.805225516094896193e+03 2.397259830700661384e-15
6.442363508721369726e+03 1.958985053705506875e-15
7.149428986597576113e+03 1.601086980765705374e-15
7.934096665797491369e+03 1.308948056907914782e-15
8.804883581643463913e+03 1.070273227968894924e-15
9.771241535346502133e+03 8.759907862387475083e-16
1.084365968689610963e+04 7.172520504625529257e-16
1.203377840777589154e+04 5.875917974329424060e-16
1.335451562929898682e+04 4.818244086430372680e-16
1.482020705798858762e+04 3.950838760427021400e-16
1.644676177994664249e+04 3.243218515418889128e-16
1.825183494319044257e+04 2.661696327827358947e-16
2.025501939230666540e+04 2.185764385002462865e-16
2.247805833548725059e+04 1.794803318461815297e-16
2.494508135230316839e+04 1.473657243782528651e-16
2.768286630392066581e+04 1.210039114489632729e-16
3.072112998861759115e+04 9.933009720393008540e-17
3.409285069746814406e+04 8.151046238908546178e-17
3.783462617131928710e+04 6.687285785490654241e-17
4.198707084443910571e+04 5.484395603894956829e-17
4.659525668664683326e+04 4.494846786084065718e-17
5.170920242896761192e+04 3.683562178434925451e-17
5.738441648302398244e+04 3.017288129751320113e-17
6.368249944718585903e+04 2.470092523623600851e-17
7.067181273927491566e+04 2.021578244672520937e-17
7.842822061337680498e+04 1.653752564127198029e-17
8.703591361485165544e+04 1.352193578433215522e-17
9.658832241158708348e+04 1.105166228823891210e-17
1.071891319205127511e+05 9.028960576571021323e-18
1.189534067370319535e+05 7.370214983521237914e-18
1.320088400831418112e+05 6.013566062779031253e-18
1.464971398307286145e+05 4.902700621656827514e-18
1.625755666443794908e+05 3.993969878047842264e-18
1.804186409392071655e+05 3.249753675997984695e-18
2.002200371815584658e+05 2.641857219955732694e-18
2.221946860939523904e+05 2.144639384860692340e-18
2.465811075822604180e+05 1.738685193348706088e-18
2.736439997074671555e+05 1.407031404159670782e-18
3.036771118035460822e+05 1.136788393080739791e-18
3.370064329271928291e+05 9.166181680212260851e-19
3.739937302478798083e+05 7.374779936437269461e-19
4.150404757850476308e+05 5.921928310998103399e-19
4.605922041145108524e+05 4.750116078131776703e-19
5.111433483440171112e+05 3.789688655867360137e-19
5.672426068491977639e+05 3.020155858143115958e-19
6.294988990221888525e+05 2.401213860928921773e-19
6.985879746785250027e+05 1.904105849815579407e-19
7.752597488629464060e+05 1.504721128350329593e-19
8.603464416684507160e+05 1.186232797466737682e-19
9.547716114208066138e+05 9.312191380404179024e-20
1.059560179277617019e+06 7.292298227711209898e-20
1.175849554052158026e+06 5.679060125087951345e-20
1.304901978014401859e+06 4.406011032179268542e-20
1.448118227674532915e+06 3.400886940613232765e-20
1.607052818261638284e+06 2.609439351053477951e-20
1.783430876931909472e+06 1.991509683180768126e-20
1.979166867853557458e+06 1.508990261417769787e-20
2.196385372416546568e+06 1.135069885199198825e-20
2.437444150122222025e+06 8.477674900496904149e-21
2.704959730463137385e+06 6.266377744550728216e-21
3.001835813575591892e+06 4.590187312183274562e-21
3.331294787934676744e+06 3.329102001688815241e-21
3.696912707195031922e+06 2.387212545850074035e-21
4.102658105827190448e+06 1.692144660467178580e-21
4.552935074866947718e+06 1.185486091417287408e-21
5.052631065335679799e+06 8.171860626145661252e-22
5.607169938205458224e+06 5.586230265084969825e-22
6.222570836730230600e+06 3.776838486308371818e-22
6.905513520162330940e+06 2.515553840244124644e-22
7.663410868007462472e+06 1.664643156644720429e-22
8.504489341802684590e+06 1.095787026161446109e-22
9.437878277775391936e+06 7.172439352056008462e-23
1.047370897959450819e+07 4.673756831975494624e-23
1.162322468679854274e+07 3.027210911677062438e-23
1.289890261253307760e+07 1.944947601029507197e-23
1.431458937523478456e+07 1.234218643569388426e-23
1.588565129428052530e+07 7.709921517353982499e-24
1.762914118095947802e+07 4.718057736591104041e-24
1.956398343517064676e+07 2.852154070378013617e-24
2.171117945694505423e+07 1.737162401371904186e-24
2.409403560239527002e+07 1.084485726337819380e-24
2.673841615839949250e+07 7.044437561929873838e-25
2.967302408188872784e+07 4.752502426219262727e-25
3.292971255097155273e+07 3.286421861989389847e-25
3.654383070957254618e+07 2.298814653170515867e-25
4.055460735840827972e+07 1.612873733430461069e-25
4.500557675700496882e+07 1.128134553815597535e-25
4.994505115855139494e+07 7.865806392027590553e-26
5.542664520663107187e+07 5.451134845488809665e-26
6.150985788580504060e+07 3.750987917877716357e-26
6.826071834272393584e+07 2.555284727001114108e-26
7.575250258771920204e+07 1.721779805035534014e-26
8.406652885618332028e+07 1.143199866037352376e-26
9.329304026284696162e+07 7.456410585542795815e-27
1.035321843295663744e+08 4.754959441228041983e-27
1.148951000187308788e+08 2.941435893846865971e-27
1.275051240713012964e+08 1.749036865597961197e-27
1.414991297434575856e+08 9.859495592209695067e-28
1.570290124729377627e+08 5.148287971928035625e-28
1.742633386009651124e+08 2.385400089404465806e-28
1.933891750455232263e+08 9.142986919951951579e-29
2.146141197858406007e+08 2.518564466946652543e-29
2.381685551976160705e+08 4.257721405223219309e-30
2.643081486974108517e+08 4.919593203393869680e-31
2.933166278390048146e+08 1.496893165292932696e-71
