1.000000000000000000e+02 1.983768997982533917e-12
1.109752496412072134e+02 1.701993453901872819e-12
1.231550603292826196e+02 1.457924147741598094e-12
1.366716356462005990e+02 1.247788986326898856e-12
1.516716888470922413e+02 1.066455029006885543e-12
1.683180353330956791e+02 9.107397600097140787e-13
1.867913599020782840e+02 7.766897291589966068e-13
2.072921779595371845e+02 6.619614607108635424e-13
2.300430119772916839e+02 5.635637140697510046e-13
2.552908068239516410e+02 4.794782315544039613e-13
2.833096101839323637e+02 4.074130449837399521e-13
3.144035471591500368e+02 3.461913267846576404e-13
3.489101213406774491e+02 2.937968685209613221e-13
3.872038781812557318e+02 2.492891957122840853e-13
4.297004704320843871e+02 2.113829771184344942e-13
4.768611697714468960e+02 1.790521691446212881e-13
5.291978735958442712e+02 1.516366330941405826e-13
5.872786613189482523e+02 1.282379352678400032e-13
6.517339604882420190e+02 1.083931630864503178e-13
7.232633896483533817e+02 9.149429292352068014e-14
8.026433522257173081e+02 7.712541756321569375e-14
8.907354638610439679e+02 6.494868274163365916e-14
9.884959046625587007e+02 5.454095508973555210e-14
1.096985797892383971e+03 4.575795145108412218e-14
1.217382727739662187e+03 3.827174813140293219e-14
1.350993521198027793e+03 3.194915231699564540e-14
1.499268432786045423e+03 2.659474487084894631e-14
1.663816886076128640e+03 2.206843830135234231e-14
1.846424942895544291e+03 1.829065796447431026e-14
2.049074689815845886e+03 1.509641562332530912e-14
2.273965752357927613e+03 1.242392458669270154e-14
2.523539170434765765e+03 1.021952530901079513e-14
2.800503894183631019e+03 8.367198525846406958e-15
3.107866187782013640e+03 6.840586477383898246e-15
3.448962260405759935e+03 5.586473857828467414e-15
3.827494478516314757e+03 4.554232965059505463e-15
4.247571552536898707e+03 3.713910314641113625e-15
4.713753134116724141e+03 3.027106336521941718e-15
5.231099308056262998e+03 2.470714685059121785e-15
5.805225516094896193e+03 2.004207687929190330e-15
6.442363508721369726e+03 1.654247377011305687e-15
7.149428986597576113e+03 1.358495986178794081e-15
7.934096665797491369e+03 1.119504630975288363e-15
8.804883581643463913e+03 9.254364458574702634e-16
9.771241535346502133e+03 7.677761114604131001e-16
1.084365968689610963e+04 6.389891739179144737e-16
1.203377840777589154e+04 5.328760858592923869e-16
1.335451562929898682e+04 4.459041533866231057e-16
1.482020705798858762e+04 3.731962538096698470e-16
1.644676177994664249e+04 3.130328294765228622e-16
1.825183494319044257e+04 2.624840125906440571e-16
2.025501939230666540e+04 2.198212594834705541e-16
2.247805833548725059e+04 1.840587001381202896e-16
2.494508135230316839e+04 1.538277790796655960e-16
2.768286630392066581e+04 1.281289895194402670e-16
3.072112998861759115e+04 1.064042124706333405e-16
3.409285069746814406e+04 8.811633384945573428e-17
3.783462617131928710e+04 7.270782811471817059e-17
4.198707084443910571e+04 5.975636684559272940e-17
4.659525668664683326e+04 4.890795529224500481e-17
5.170920242896761192e+04 3.985133240948491362e-17
5.738441648302398244e+04 3.231573623795283460e-17
6.368249944718585903e+04 2.609966502403432690e-17
7.067181273927491566e+04 2.099274238547761658e-17
7.842822061337680498e+04 1.683606116860792656e-17
8.703591361485165544e+04 1.347879608193680044e-17
9.658832241158708348e+04 1.077897331644938612e-17
1.071891319205127511e+05 8.627596945696585745e-18
1.189534067370319535e+05 6.925879522570493268e-18
1.320088400831418112e+05 5.585735708659566440e-18
1.464971398307286145e+05 4.532070249790314207e-18
1.625755666443794908e+05 3.702028305982905144e-18
1.804186409392071655e+05 3.044864703159709100e-18
2.002200371815584658e+05 2.519908971278363888e-18
2.221946860939523904e+05 2.095666428984273166e-18
2.465811075822604180e+05 1.748722741229773262e-18
2.736439997074671555e+05 1.462249460433594413e-18
3.036771118035460822e+05 1.223949873418119537e-18
3.370064329271928291e+05 1.024754230691189638e-18
3.739937302478798083e+05 8.578482683063468142e-19
4.150404757850476308e+05 7.178180039931297586e-19
4.605922041145108524e+05 6.002781111388721529e-19
5.111433483440171112e+05 5.016791797725569515e-19
5.672426068491977639e+05 4.189764093612080973e-19
6.294988990221888525e+05 3.496576748113518907e-19
6.985879746785250027e+05 2.915913140454242609e-19
7.752597488629464060e+05 2.429719109692423251e-19
8.603464416684507160e+05 2.022834647277984494e-19
9.547716114208066138e+05 1.682807836747793548e-19
1.059560179277617019e+06 1.398658172975837000e-19
1.175849554052158026e+06 1.161372837100399368e-19
1.304901978014401859e+06 9.633286268257004548e-20
1.448118227674532915e+06 7.982187750747872967e-20
1.607052818261638284e+06 6.606071028729986079e-20
1.783430876931909472e+06 5.460707176551749544e-20
1.979166867853557458e+06 4.508407499509144323e-20
2.196385372416546568e+06 3.716822417424901653e-20
2.437444150122222025e+06 3.059213183572981107e-20
2.704959730463137385e+06 2.513831982307240057e-20
3.001835813575591892e+06 2.062143930652049874e-20
3.331294787934676744e+06 1.688460528376387175e-20
3.696912707195031922e+06 1.379831459761646974e-20
4.102658105827190448e+06 1.125159411808217685e-20
4.552935074866947718e+06 9.154512745260588374e-21
5.052631065335679799e+06 7.428969784894986128e-21
5.607169938205458224e+06 6.012596471746862051e-21
6.222570836730230600e+06 4.850321229786907910e-21
6.905513520162330940e+06 3.896445904996785567e-21
7.663410868007462472e+06 3.121118368136556326e-21
8.504489341802684590e+06 2.487397624382956682e-21
9.437878277775391936e+06 1.975318018552869129e-21
1.047370897959450819e+07 1.559941747292224846e-21
1.162322468679854274e+07 1.224548902997199611e-21
1.289890261253307760e+07 9.558880986590464555e-22
1.431458937523478456e+07 7.405438398648490589e-22
1.588565129428052530e+07 5.692768897870779934e-22
1.762914118095947802e+07 4.333903865546694692e-22
1.956398343517064676e+07 3.271418798566993267e-22
2.171117945694505423e+07 2.439730858599462576e-22
2.409403560239527002e+07 1.796111851416769070e-22
2.673841615839949250e+07 1.303593108163881304e-22
2.967302408188872784e+07 9.309033005857065915e-23
3.292971255097155273e+07 6.515095459992940092e-23
3.654383070957254618e+07 4.473303560166115375e-23
4.055460735840827972e+07 2.981803857532417466e-23
4.500557675700496882e+07 1.911627529943749068e-23
4.994505115855139494e+07 1.148668714854450021e-23
5.542664520663107187e+07 6.143121829053042443e-24
6.150985788580504060e+07 2.591346075710400541e-24
6.826071834272393584e+07 6.071666055393379001e-25
7.575250258771920204e+07 3.808180714974526242e-26
8.406652885618332028e+07 3.494249663420284699e-28
