1.000000000000000000e+02 1.947885844878323711e-14
1.109752496412072134e+02 1.678895931412480211e-14
1.231550603292826196e+02 1.446217629345046195e-14
1.366716356462005990e+02 1.243952757862808732e-14
1.516716888470922413e+02 1.068546755458491491e-14
1.683180353330956791e+02 9.170854093676040905e-15
1.867913599020782840e+02 7.856794849474970795e-15
2.072921779595371845e+02 6.719709385642808633e-15
2.300430119772916839e+02 5.734854391606228573e-15
2.552908068239516410e+02 4.882839407201532886e-15
2.833096101839323637e+02 4.146400066622188791e-15
3.144035471591500368e+02 3.510356375664064661e-15
3.489101213406774491e+02 2.961537889567654510e-15
3.872038781812557318e+02 2.488644898805721438e-15
4.297004704320843871e+02 2.083032679379954696e-15
4.768611697714468960e+02 1.734929886094810936e-15
5.291978735958442712e+02 1.438140015075006997e-15
5.872786613189482523e+02 1.185334963931379404e-15
6.517339604882420190e+02 9.708475409067481188e-16
7.232633896483533817e+02 7.902097680929434716e-16
8.026433522257173081e+02 6.386660009484996424e-16
8.907354638610439679e+02 5.125518636880882989e-16
9.884959046625587007e+02 4.085439927925012906e-16
1.096985797892383971e+03 3.236111684340078936e-16
1.217382727739662187e+03 2.551424339131764167e-16
1.350993521198027793e+03 2.007235770564935810e-16
1.499268432786045423e+03 1.581031868787314732e-16
1.663816886076128640e+03 1.252412078536164848e-16
1.846424942895544291e+03 9.996978349190234026e-17
2.049074689815845886e+03 8.068896258337425312e-17
2.273965752357927613e+03 6.573984555808762240e-17
2.523539170434765765e+03 5.406948465863357956e-17
2.800503894183631019e+03 4.477396345360140256e-17
3.107866187782013640e+03 3.722682168671984572e-17
3.448962260405759935e+03 3.103576276224392111e-17
3.827494478516314757e+03 2.589751340403673320e-17
4.247571552536898707e+03 2.161033354000977202e-17
4.713753134116724141e+03 1.802400294612392388e-17
5.231099308056262998e+03 1.501122300265215830e-17
5.805225516094896193e+03 1.248267028537468322e-17
6.442363508721369726e+03 1.037193592068581571e-17
7.149428986597576113e+03 8.598475052546301462e-18
7.934096665797491369e+03 7.119639084075839701e-18
8.804883581643463913e+03 5.884130859136877233e-18
9.771241535346502133e+03 4.856427053444601922e-18
1.084365968689610963e+04 3.997486577088717321e-18
1.203377840777589154e+04 3.286367127482379410e-18
1.335451562929898682e+04 2.697495897358652652e-18
1.482020705798858762e+04 2.208890494950693425e-18
1.644676177994664249e+04 1.807221661606998959e-18
1.825183494319044257e+04 1.474551902522373058e-18
2.025501939230666540e+04 1.201452066687518012e-18
2.247805833548725059e+04 9.770873218035760283e-19
2.494508135230316839e+04 7.932913065408746689e-19
2.768286630392066581e+04 6.425498644459426784e-19
3.072112998861759115e+04 5.196030034697423800e-19
3.409285069746814406e+04 4.191531647316713968e-19
3.783462617131928710e+04 3.374289954613247771e-19
4.198707084443910571e+04 2.709216480495547810e-19
4.659525668664683326e+04 2.168260491375587560e-19
5.170920242896761192e+04 1.731401815655485914e-19
5.738441648302398244e+04 1.376594612419489704e-19
6.368249944718585903e+04 1.091551574585721965e-19
7.067181273927491566e+04 8.615916004485179962e-20
7.842822061337680498e+04 6.780212007212783969e-20
8.703591361485165544e+04 5.307613042651530880e-20
9.658832241158708348e+04 4.137347239229069111e-20
1.071891319205127511e+05 3.208732985325632228e-20
1.189534067370319535e+05 2.479564854841477656e-20
1.320088400831418112e+05 1.903672279940933843e-20
1.464971398307286145e+05 1.455563222451119473e-20
1.625755666443794908e+05 1.105746954160218589e-20
1.804186409392071655e+05 8.358906077725206156e-21
2.002200371815584658e+05 6.278366480761210941e-21
2.221946860939523904e+05 4.693376615834587652e-21
2.465811075822604180e+05 3.481824189129550290e-21
2.736439997074671555e+05 2.569040978537267008e-21
3.036771118035460822e+05 1.880949962547958161e-21
3.370064329271928291e+05 1.369669174594709145e-21
3.739937302478798083e+05 9.903023672113838176e-22
4.150404757850476308e+05 7.116548549926960110e-22
4.605922041145108524e+05 5.080448320516313472e-22
5.111433483440171112e+05 3.596608362760256759e-22
5.672426068491977639e+05 2.521110362566320279e-22
6.294988990221888525e+05 1.745163569580418351e-22
6.985879746785250027e+05 1.188459969482475215e-22
7.752597488629464060e+05 7.927307186259784912e-23
8.603464416684507160e+05 5.148625065608785449e-23
9.547716114208066138e+05 3.238125361391375788e-23
1.059560179277617019e+06 1.960147867846581079e-23
1.175849554052158026e+06 1.137279720430096021e-23
1.304901978014401859e+06 6.345827014905044534e-24
1.448118227674532915e+06 3.463545213807921779e-24
1.607052818261638284e+06 1.899996996698158494e-24
1.783430876931909472e+06 1.060529766155761791e-24
1.979166867853557458e+06 5.993661392744638284e-25
2.196385372416546568e+06 3.390553379037871263e-25
2.437444150122222025e+06 1.892666934395198684e-25
2.704959730463137385e+06 1.029740843028620454e-25
3.001835813575591892e+06 5.433559573446694593e-26
3.331294787934676744e+06 2.771497437388269222e-26
3.696912707195031922e+06 1.357335793239272641e-26
4.102658105827190448e+06 6.305123786115397569e-27
4.552935074866947718e+06 2.724840389340214578e-27
5.052631065335679799e+06 1.069095880176110382e-27
5.607169938205458224e+06 3.733571752481913651e-28
6.222570836730230600e+06 1.144866061542177734e-28
6.905513520162330940e+06 3.024037388808782971e-29
7.663410868007462472e+06 6.762306753193969592e-30
8.504489341802684590e+06 1.260633845884768353e-30
9.437878277775391936e+06 1.928246433020991182e-31
1.047370897959450819e+07 2.382683854256745495e-32
1.162322468679854274e+07 2.342121822629250024e-33
1.289890261253307760e+07 1.801185644576930631e-34
1.431458937523478456e+07 1.064449707853593335e-35
1.588565129428052530e+07 4.738446676673717365e-37
1.762914118095947802e+07 1.553352974998333089e-38
1.956398343517064676e+07 3.653963107887356188e-40
2.171117945694505423e+07 5.990160221765361633e-42
2.409403560239527002e+07 6.614446144746451949e-44
2.673841615839949250e+07 4.723999318368531553e-46
2.967302408188872784e+07 2.077967467772815651e-48
3.292971255097155273e+07 5.306821449601295886e-51
3.654383070957254618e+07 7.326229143140005589e-54
4.055460735840827972e+07 5.023606219742744322e-57
4.500557675700496882e+07 1.558042291078920557e-60
4.994505115855139494e+07 1.936753088352828345e-64
5.542664520663107187e+07 7.554612062421208749e-69
6.150985788580504060e+07 4.276055464090069926e-74
