1.000000000000000000e+02 2.971435101753718327e-12
1.109752496412072134e+02 2.545885534926030845e-12
1.231550603292826196e+02 2.179585432997104402e-12
1.366716356462005990e+02 1.864933629075533301e-12
1.516716888470922413e+02 1.594343406657139466e-12
1.683180353330956791e+02 1.361884940457412091e-12
1.867913599020782840e+02 1.162560552093011469e-12
2.072921779595371845e+02 9.911028298656125799e-13
2.300430119772916839e+02 8.443729794496665093e-13
2.552908068239516410e+02 7.184386668909312180e-13
2.833096101839323637e+02 6.105998999940865332e-13
3.144035471591500368e+02 5.184983858274698215e-13
3.489101213406774491e+02 4.394229662126380182e-13
3.872038781812557318e+02 3.721064251419335433e-13
4.297004704320843871e+02 3.144282488426410408e-13
4.768611697714468960e+02 2.653395051257887209e-13
5.291978735958442712e+02 2.235406393364770874e-13
5.872786613189482523e+02 1.879036767357844317e-13
6.517339604882420190e+02 1.577532650814543650e-13
7.232633896483533817e+02 1.321302309166480263e-13
8.026433522257173081e+02 1.103085939861915386e-13
8.907354638610439679e+02 9.202235106345446442e-14
9.884959046625587007e+02 7.649223960714100710e-14
1.096985797892383971e+03 6.336239180648737692e-14
1.217382727739662187e+03 5.243428414622717862e-14
1.350993521198027793e+03 4.317157461413614869e-14
1.499268432786045423e+03 3.545707551592359983e-14
1.663816886076128640e+03 2.903804628447881149e-14
1.846424942895544291e+03 2.368257295226696106e-14
2.049074689815845886e+03 1.927614883376486556e-14
2.273965752357927613e+03 1.560626035310190090e-14
2.523539170434765765e+03 1.259468224994071490e-14
2.800503894183631019e+03 1.013516788752096414e-14
3.107866187782013640e+03 8.113560066200715751e-15
3.448962260405759935e+03 6.469771399365397646e-15
3.827494478516314757e+03 5.144175451414539555e-15
4.247571552536898707e+03 4.073025866816278669e-15
4.713753134116724141e+03 3.216031281919997202e-15
5.231099308056262998e+03 2.534587523432096042e-15
5.805225516094896193e+03 1.991154790648825026e-15
6.442363508721369726e+03 1.562817562123466895e-15
7.149428986597576113e+03 1.223894300627407179e-15
7.934096665797491369e+03 9.577786059659471719e-16
8.804883581643463913e+03 7.503576582015660078e-16
9.771241535346502133e+03 5.875889857623367728e-16
1.084365968689610963e+04 4.607469535796980442e-16
1.203377840777589154e+04 3.614719153774586377e-16
1.335451562929898682e+04 2.842838885588919342e-16
1.482020705798858762e+04 2.234468189018359959e-16
1.644676177994664249e+04 1.761681038849109499e-16
1.825183494319044257e+04 1.384537874628140287e-16
2.025501939230666540e+04 1.089035925007083711e-16
2.247805833548725059e+04 8.558534467724903742e-17
2.494508135230316839e+04 6.697102884935061536e-17
2.768286630392066581e+04 5.227536524945941802e-17
3.072112998861759115e+04 4.066858089863771023e-17
3.409285069746814406e+04 3.144846900911520916e-17
3.783462617131928710e+04 2.421954322606374197e-17
4.198707084443910571e+04 1.853700224323316975e-17
4.659525668664683326e+04 1.411516005334510218e-17
5.170920242896761192e+04 1.068887579294361330e-17
5.738441648302398244e+04 8.042725642262750632e-18
6.368249944718585903e+04 6.030724572579588414e-18
7.067181273927491566e+04 4.503031161206320712e-18
7.842822061337680498e+04 3.352390516409642642e-18
8.703591361485165544e+04 2.493868522372679065e-18
9.658832241158708348e+04 1.856158392574981546e-18
1.071891319205127511e+05 1.384954878408782009e-18
1.189534067370319535e+05 1.036958227605596793e-18
1.320088400831418112e+05 7.803161623195905216e-19
1.464971398307286145e+05 5.904393856438610821e-19
1.625755666443794908e+05 4.491176908235455421e-19
1.804186409392071655e+05 3.432449748444840563e-19
2.002200371815584658e+05 2.630198679225659092e-19
2.221946860939523904e+05 2.017783175306278407e-19
2.465811075822604180e+05 1.544355355364383586e-19
2.736439997074671555e+05 1.176658243266298125e-19
3.036771118035460822e+05 8.900456626083901218e-20
3.370064329271928291e+05 6.661646398296948299e-20
3.739937302478798083e+05 4.918168439079629471e-20
4.150404757850476308e+05 3.574821062436480963e-20
4.605922041145108524e+05 2.537847485715291172e-20
5.111433483440171112e+05 1.757631715093271541e-20
5.672426068491977639e+05 1.188265893219197388e-20
6.294988990221888525e+05 7.832699852645467009e-21
6.985879746785250027e+05 5.072067229126368892e-21
7.752597488629464060e+05 3.281459307908338932e-21
8.603464416684507160e+05 2.178331238123601388e-21
9.547716114208066138e+05 1.520217581909153094e-21
1.059560179277617019e+06 1.121057993514105183e-21
1.175849554052158026e+06 8.639943904499849094e-22
1.304901978014401859e+06 6.848005647114726484e-22
1.448118227674532915e+06 5.509457955861052452e-22
1.607052818261638284e+06 4.460179658341066192e-22
1.783430876931909472e+06 3.616291753241229754e-22
1.979166867853557458e+06 2.929769019395643855e-22
2.196385372416546568e+06 2.368985767318724143e-22
2.437444150122222025e+06 1.911425642243164273e-22
2.704959730463137385e+06 1.537598472578863476e-22
3.001835813575591892e+06 1.233451638694893473e-22
3.331294787934676744e+06 9.859254654062482826e-23
3.696912707195031922e+06 7.838132622900920425e-23
4.102658105827190448e+06 6.211461509305253219e-23
4.552935074866947718e+06 4.896410584883892454e-23
5.052631065335679799e+06 3.843937287812993814e-23
5.607169938205458224e+06 2.996948537747488856e-23
6.222570836730230600e+06 2.321538177439763652e-23
6.905513520162330940e+06 1.784014017682150687e-23
7.663410868007462472e+06 1.359834267257296898e-23
8.504489341802684590e+06 1.026476268557487262e-23
9.437878277775391936e+06 7.663915120453834463e-24
1.047370897959450819e+07 5.651595320828358732e-24
1.162322468679854274e+07 4.109378901722331414e-24
1.289890261253307760e+07 2.941827522568147145e-24
1.431458937523478456e+07 2.067466473416839804e-24
1.588565129428052530e+07 1.425678162118741025e-24
1.762914118095947802e+07 9.609730353073702016e-25
1.956398343517064676e+07 6.321948621967229452e-25
2.171117945694505423e+07 4.053112710643266688e-25
2.409403560239527002e+07 2.530694663660764679e-25
2.673841615839949250e+07 1.538747757477931270e-25
2.967302408188872784e+07 9.121317340216212964e-26
3.292971255097155273e+07 5.267707035692142539e-26
3.654383070957254618e+07 2.937136534397477787e-26
4.055460735840827972e+07 1.537158782046118169e-26
4.500557675700496882e+07 7.072212098112321771e-27
4.994505115855139494e+07 2.479158065725072608e-27
5.542664520663107187e+07 4.473804380270681924e-28
6.150985788580504060e+07 1.251120368776702435e-29
6.826071834272393584e+07 2.825743516776556867e-32
7.575250258771920204e+07 3.623890930049952810e-50
