1.000000000000000000e+02 4.789261420541782201e-12
1.109752496412072134e+02 4.194242118645143871e-12
1.231550603292826196e+02 3.671210766244963390e-12
1.366716356462005990e+02 3.211406007012511751e-12
1.516716888470922413e+02 2.807184309336874086e-12
1.683180353330956791e+02 2.452707514997553654e-12
1.867913599020782840e+02 2.141011006272312831e-12
2.072921779595371845e+02 1.867925463878680571e-12
2.300430119772916839e+02 1.628431724794353474e-12
2.552908068239516410e+02 1.418578884247767123e-12
2.833096101839323637e+02 1.234892347300790658e-12
3.144035471591500368e+02 1.074130687894393477e-12
3.489101213406774491e+02 9.335022362090758947e-13
3.872038781812557318e+02 8.105745432124448307e-13
4.297004704320843871e+02 7.032171923163954303e-13
4.768611697714468960e+02 6.095200405996729808e-13
5.291978735958442712e+02 5.278321742074771919e-13
5.872786613189482523e+02 4.566074544695857754e-13
6.517339604882420190e+02 3.946013931580105056e-13
7.232633896483533817e+02 3.406416020069492485e-13
8.026433522257173081e+02 2.937365893627844534e-13
8.907354638610439679e+02 2.530502773966353873e-13
9.884959046625587007e+02 2.176875040096846365e-13
1.096985797892383971e+03 1.870869698151689723e-13
1.217382727739662187e+03 1.605292847030201172e-13
1.350993521198027793e+03 1.376364999703609749e-13
1.499268432786045423e+03 1.178004898518028364e-13
1.663816886076128640e+03 1.007396023858103651e-13
1.846424942895544291e+03 8.597870349760963783e-14
2.049074689815845886e+03 7.332192709806645180e-14
2.273965752357927613e+03 6.242257592463283878e-14
2.523539170434765765e+03 5.308720291371026957e-14
2.800503894183631019e+03 4.506003590407026587e-14
3.107866187782013640e+03 3.821846878330546741e-14
3.448962260405759935e+03 3.235406330532266501e-14
3.827494478516314757e+03 2.736672802613212824e-14
4.247571552536898707e+03 2.310465888837577920e-14
4.713753134116724141e+03 1.949075967639944602e-14
5.231099308056262998e+03 1.641426596999643112e-14
5.805225516094896193e+03 1.381080268338277185e-14
6.442363508721369726e+03 1.160277158288709080e-14
7.149428986597576113e+03 9.740918493070519591e-15
7.934096665797491369e+03 8.164739058640518524e-15
8.804883581643463913e+03 6.839031326242579756e-15
9.771241535346502133e+03 5.720497611088089458e-15
1.084365968689610963e+04 4.781735597968116251e-15
1.203377840777589154e+04 3.991466844550614271e-15
1.335451562929898682e+04 3.329902921105367874e-15
1.482020705798858762e+04 2.774485085036810955e-15
1.644676177994664249e+04 2.310028388036965473e-15
1.825183494319044257e+04 1.921119914060522238e-15
2.025501939230666540e+04 1.596320733196646161e-15
2.247805833548725059e+04 1.325441534559364404e-15
2.494508135230316839e+04 1.099022718596364963e-15
2.768286630392066581e+04 9.105145635974822685e-16
3.072112998861759115e+04 7.537202917252600945e-16
3.409285069746814406e+04 6.230627667353876002e-16
3.783462617131928710e+04 5.147092320000893543e-16
4.198707084443910571e+04 4.245375415169639812e-16
4.659525668664683326e+04 3.499263060438834377e-16
5.170920242896761192e+04 2.880187909530761226e-16
5.738441648302398244e+04 2.367364118641287397e-16
6.368249944718585903e+04 1.944548173066736161e-16
7.067181273927491566e+04 1.594599963758431911e-16
7.842822061337680498e+04 1.305866979581779039e-16
8.703591361485165544e+04 1.068315736397587125e-16
9.658832241158708348e+04 8.727920103483466890e-17
1.071891319205127511e+05 7.119863764983541653e-17
1.189534067370319535e+05 5.799930579757410335e-17
1.320088400831418112e+05 4.718085678843518354e-17
1.464971398307286145e+05 3.831475993305527906e-17
1.625755666443794908e+05 3.106968124290383323e-17
1.804186409392071655e+05 2.515679873179824438e-17
2.002200371815584658e+05 2.032609595603568518e-17
2.221946860939523904e+05 1.639850127632954311e-17
2.465811075822604180e+05 1.320146526047704256e-17
2.736439997074671555e+05 1.060443164569777242e-17
3.036771118035460822e+05 8.499869188726306665e-18
3.370064329271928291e+05 6.795532766385625120e-18
3.739937302478798083e+05 5.420144095414114935e-18
4.150404757850476308e+05 4.309591764574138541e-18
4.605922041145108524e+05 3.417573430699087218e-18
5.111433483440171112e+05 2.700731155276523360e-18
5.672426068491977639e+05 2.127912265254122288e-18
6.294988990221888525e+05 1.670492250124775434e-18
6.985879746785250027e+05 1.307111268140069194e-18
7.752597488629464060e+05 1.018772530202625657e-18
8.603464416684507160e+05 7.912922919077700045e-19
9.547716114208066138e+05 6.118952255772259483e-19
1.059560179277617019e+06 4.717703478497322242e-19
1.175849554052158026e+06 3.618097695985201101e-19
1.304901978014401859e+06 2.763244234900241068e-19
1.448118227674532915e+06 2.100915344356677801e-19
1.607052818261638284e+06 1.589338302358553575e-19
1.783430876931909472e+06 1.195614055746490616e-19
1.979166867853557458e+06 8.945489889446631309e-20
2.196385372416546568e+06 6.659312233072489965e-20
2.437444150122222025e+06 4.921274136882793696e-20
2.704959730463137385e+06 3.614101330135246888e-20
3.001835813575591892e+06 2.636052002353981524e-20
3.331294787934676744e+06 1.908785025712087515e-20
3.696912707195031922e+06 1.372449891087428606e-20
4.102658105827190448e+06 9.790567046326816582e-21
4.552935074866947718e+06 6.929799064372956363e-21
5.052631065335679799e+06 4.864188574423187031e-21
5.607169938205458224e+06 3.383004008384285087e-21
6.222570836730230600e+06 2.326797761657906930e-21
6.905513520162330940e+06 1.580366731921090081e-21
7.663410868007462472e+06 1.057002794191301981e-21
8.504489341802684590e+06 6.940781823662132677e-22
9.437878277775391936e+06 4.460280191214148353e-22
1.047370897959450819e+07 2.778627590819152398e-22
1.162322468679854274e+07 1.673345341712765193e-22
1.289890261253307760e+07 9.666090154960987267e-23
1.431458937523478456e+07 5.325893183877782590e-23
1.588565129428052530e+07 2.785169228533664687e-23
1.762914118095947802e+07 1.390026918907886179e-23
1.956398343517064676e+07 6.711388065056201260e-24
2.171117945694505423e+07 3.226112056731914061e-24
2.409403560239527002e+07 1.611385944496035880e-24
2.673841615839949250e+07 8.712638052956548882e-25
2.967302408188872784e+07 5.157714669273173900e-25
3.292971255097155273e+07 3.279178108104573737e-25
3.654383070957254618e+07 2.168035753493748805e-25
4.055460735840827972e+07 1.456023163517627600e-25
4.500557675700496882e+07 9.788934325409488898e-26
4.994505115855139494e+07 6.517448281633410048e-26
5.542664520663107187e+07 4.297803863549175206e-26
6.150985788580504060e+07 2.793865320632162958e-26
6.826071834272393584e+07 1.782772107891014408e-26
7.575250258771920204e+07 1.113545184175129714e-26
8.406652885618332028e+07 6.743086451333896016e-27
9.329304026284696162e+07 3.924880884488707810e-27
1.035321843295663744e+08 2.169536947702497914e-27
1.148951000187308788e+08 1.118221691007917757e-27
1.275051240713012964e+08 5.244395096878340765e-28
1.414991297434575856e+08 2.171444418119501683e-28
1.570290124729377627e+08 7.726683907014801708e-29
1.742633386009651124e+08 2.250570718317751228e-29
1.933891750455232263e+08 2.471089777528096892e-30
2.146141197858406007e+08 1.075078930501853919e-42
2.381685551976160705e+08 7.253576190501831495e-66
2.643081486974108517e+08 4.094063555815374129e-80
2.933166278390048146e+08 1.288181819688115521e-89
3.255088599835056663e+08 5.220324110990578421e-98
3.612342699709430337e+08 5.642883959022857891e-107
4.008806328898465633e+08 5.596198076268774925e-117
4.448782831127585173e+08 3.371660720633428021e-128
4.937047852839003801e+08 8.005170158111336818e-141
5.478901179593944550e+08 5.007666791585976990e-155
