1.000000000000000000e+02 7.101246345474497465e-13
1.109752496412072134e+02 6.097479582687081664e-13
1.231550603292826196e+02 5.230617184276388471e-13
1.366716356462005990e+02 4.483230719754909922e-13
1.516716888470922413e+02 3.839136167421944509e-13
1.683180353330956791e+02 3.284205837638774207e-13
1.867913599020782840e+02 2.807750071389739792e-13
2.072921779595371845e+02 2.397513357558451265e-13
2.300430119772916839e+02 2.046439406323386301e-13
2.552908068239516410e+02 1.744978723824358218e-13
2.833096101839323637e+02 1.486667093863380192e-13
3.144035471591500368e+02 1.265751639463680750e-13
3.489101213406774491e+02 1.076858777574173235e-13
3.872038781812557318e+02 9.154485487020503959e-14
4.297004704320843871e+02 7.776728009658997535e-14
4.768611697714468960e+02 6.603448158783061341e-14
5.291978735958442712e+02 5.603487199440526175e-14
5.872786613189482523e+02 4.752028332101812454e-14
6.517339604882420190e+02 4.027839647419287750e-14
7.232633896483533817e+02 3.412239828027735834e-14
8.026433522257173081e+02 2.889196595501280550e-14
8.907354638610439679e+02 2.445175968841556618e-14
9.884959046625587007e+02 2.068179623357739903e-14
1.096985797892383971e+03 1.748537402728934578e-14
1.217382727739662187e+03 1.477464343373175856e-14
1.350993521198027793e+03 1.247652158987040825e-14
1.499268432786045423e+03 1.053202064859449065e-14
1.663816886076128640e+03 8.884173194433281907e-15
1.846424942895544291e+03 7.490300050067404459e-15
2.049074689815845886e+03 6.311588998427869494e-15
2.273965752357927613e+03 5.314830496167747972e-15
2.523539170434765765e+03 4.473272517357834005e-15
2.800503894183631019e+03 3.762440479870193302e-15
3.107866187782013640e+03 3.162947108156606777e-15
3.448962260405759935e+03 2.657281246437701202e-15
3.827494478516314757e+03 2.231228638982391933e-15
4.247571552536898707e+03 1.872258473523584945e-15
4.713753134116724141e+03 1.570546226410307126e-15
5.231099308056262998e+03 1.316498534899932661e-15
5.805225516094896193e+03 1.102991567844414024e-15
6.442363508721369726e+03 9.235877531481727850e-16
7.149428986597576113e+03 7.730769005849306952e-16
7.934096665797491369e+03 6.466516668668690742e-16
8.804883581643463913e+03 5.406211230588023345e-16
9.771241535346502133e+03 4.518305128880313057e-16
1.084365968689610963e+04 3.773347003368856645e-16
1.203377840777589154e+04 3.150558228128893507e-16
1.335451562929898682e+04 2.628812385020370241e-16
1.482020705798858762e+04 2.191970638988003459e-16
1.644676177994664249e+04 1.826943506608089328e-16
1.825183494319044257e+04 1.521627016977876713e-16
2.025501939230666540e+04 1.266677736321167204e-16
2.247805833548725059e+04 1.053756262872606957e-16
2.494508135230316839e+04 8.760469724577753168e-17
2.768286630392066581e+04 7.278058534023335615e-17
3.072112998861759115e+04 6.041846538574990996e-17
3.409285069746814406e+04 5.012238105732915277e-17
3.783462617131928710e+04 4.155035215174650935e-17
4.198707084443910571e+04 3.441368914765228630e-17
4.659525668664683326e+04 2.848261248619613650e-17
5.170920242896761192e+04 2.355308338120322632e-17
5.738441648302398244e+04 1.946200093750009549e-17
6.368249944718585903e+04 1.606577121849983364e-17
7.067181273927491566e+04 1.325030056520589740e-17
7.842822061337680498e+04 1.091842709380288278e-17
8.703591361485165544e+04 8.988286693536938743e-18
9.658832241158708348e+04 7.392066853117657090e-18
1.071891319205127511e+05 6.073829453868023853e-18
1.189534067370319535e+05 4.986378665318323162e-18
1.320088400831418112e+05 4.088698223756865795e-18
1.464971398307286145e+05 3.349898735215174325e-18
1.625755666443794908e+05 2.742584573592262046e-18
1.804186409392071655e+05 2.242785979167044014e-18
2.002200371815584658e+05 1.832461830622284267e-18
2.221946860939523904e+05 1.495746004591804237e-18
2.465811075822604180e+05 1.219869726760517583e-18
2.736439997074671555e+05 9.938570566311824668e-19
3.036771118035460822e+05 8.090520956144388820e-19
3.370064329271928291e+05 6.578577388421264079e-19
3.739937302478798083e+05 5.344131354798863255e-19
4.150404757850476308e+05 4.337268958371729471e-19
4.605922041145108524e+05 3.515801761581446945e-19
5.111433483440171112e+05 2.847319838378144438e-19
5.672426068491977639e+05 2.303371596130744232e-19
6.294988990221888525e+05 1.861237636887553693e-19
6.985879746785250027e+05 1.502532346395771684e-19
7.752597488629464060e+05 1.211292248075097672e-19
8.603464416684507160e+05 9.756860979256763959e-20
9.547716114208066138e+05 7.848668838291263981e-20
1.059560179277617019e+06 6.306296154508816863e-20
1.175849554052158026e+06 5.061974757392669919e-20
1.304901978014401859e+06 4.057211306140362810e-20
1.448118227674532915e+06 3.248627298566332759e-20
1.607052818261638284e+06 2.597718418461211224e-20
1.783430876931909472e+06 2.074951169468280038e-20
1.979166867853557458e+06 1.655181611130538731e-20
2.196385372416546568e+06 1.318797034805104052e-20
2.437444150122222025e+06 1.049309185231634521e-20
2.704959730463137385e+06 8.338888872000961552e-21
3.001835813575591892e+06 6.618279202435220756e-21
3.331294787934676744e+06 5.245943156519203425e-21
3.696912707195031922e+06 4.152091219096862835e-21
4.102658105827190448e+06 3.282585674828627048e-21
4.552935074866947718e+06 2.591222375403800781e-21
5.052631065335679799e+06 2.042936046941810437e-21
5.607169938205458224e+06 1.608098856178624520e-21
6.222570836730230600e+06 1.264309870639253362e-21
6.905513520162330940e+06 9.923769628373551296e-22
7.663410868007462472e+06 7.779341244142005959e-22
8.504489341802684590e+06 6.088563489682533638e-22
9.437878277775391936e+06 4.758072510925678978e-22
1.047370897959450819e+07 3.713294210301767255e-22
1.162322468679854274e+07 2.893430045475208021e-22
1.289890261253307760e+07 2.250525190224840947e-22
1.431458937523478456e+07 1.747897673983144580e-22
1.588565129428052530e+07 1.355660132315042975e-22
1.762914118095947802e+07 1.049263479826080506e-22
1.956398343517064676e+07 8.109357522144207566e-23
2.171117945694505423e+07 6.256670045367433181e-23
2.409403560239527002e+07 4.818762142024449181e-23
2.673841615839949250e+07 3.704338991245389840e-23
2.967302408188872784e+07 2.842371764302788217e-23
3.292971255097155273e+07 2.176934541054563341e-23
3.654383070957254618e+07 1.664359886630269179e-23
4.055460735840827972e+07 1.269638158100481573e-23
4.500557675700496882e+07 9.666682396570774305e-24
4.994505115855139494e+07 7.343431885363062343e-24
5.542664520663107187e+07 5.567593906135319316e-24
6.150985788580504060e+07 4.210276342694987974e-24
6.826071834272393584e+07 3.176900902687415527e-24
7.575250258771920204e+07 2.391091852123183247e-24
8.406652885618332028e+07 1.794966321592111899e-24
9.329304026284696162e+07 1.343782817993245913e-24
1.035321843295663744e+08 1.003086909690554778e-24
1.148951000187308788e+08 7.463828748288715932e-25
1.275051240713012964e+08 5.535498641298242845e-25
1.414991297434575856e+08 4.090824415049463965e-25
1.570290124729377627e+08 3.011765917937205360e-25
1.742633386009651124e+08 2.207849956069787635e-25
1.933891750455232263e+08 1.611218787484639912e-25
2.146141197858406007e+08 1.169929809497052593e-25
2.381685551976160705e+08 8.447989874991719829e-26
2.643081486974108517e+08 6.062356356343166135e-26
2.933166278390048146e+08 4.320003854659452371e-26
3.255088599835056663e+08 3.053942301144646455e-26
3.612342699709430337e+08 2.139253008290340614e-26
4.008806328898465633e+08 1.482340247604663456e-26
4.448782831127585173e+08 1.014145659474300929e-26
4.937047852839003801e+08 6.832890613241063323e-27
5.478901179593944550e+08 4.516454416047687124e-27
6.080224261649426222e+08 2.914021275704544413e-27
6.747544053110699654e+08 1.822006765510400190e-27
7.488103857590031624e+08 1.090547686246853201e-27
8.309941949353404045e+08 6.125088830309409740e-28
9.221978823334341049e+08 3.111293996062346087e-28
1.023411402105452657e+09 1.313349515885073669e-28
1.135733358343105316e+09 3.571395726317846936e-29
1.260382929679727316e+09 1.844960518763930775e-30
