1.000000000000000000e+02 2.793188670540593565e-12
1.109752496412072134e+02 2.298656406515113373e-12
1.231550603292826196e+02 1.895170329305199305e-12
1.366716356462005990e+02 1.565502081186435667e-12
1.516716888470922413e+02 1.295793977905759423e-12
1.683180353330956791e+02 1.075103417027653947e-12
1.867913599020782840e+02 8.940832744834170594e-13
2.072921779595371845e+02 7.451428613655355527e-13
2.300430119772916839e+02 6.223814777530794872e-13
2.552908068239516410e+02 5.208340157117411851e-13
2.833096101839323637e+02 4.364927157605074148e-13
3.144035471591500368e+02 3.661527771479575230e-13
3.489101213406774491e+02 3.074512325951081830e-13
3.872038781812557318e+02 2.582434518651738796e-13
4.297004704320843871e+02 2.167785452095616334e-13
4.768611697714468960e+02 1.820219035300856828e-13
5.291978735958442712e+02 1.526197401943445615e-13
5.872786613189482523e+02 1.277607835950052363e-13
6.517339604882420190e+02 1.068476270433476780e-13
7.232633896483533817e+02 8.911935695943658174e-14
8.026433522257173081e+02 7.414670982276717953e-14
8.907354638610439679e+02 6.153997029125807491e-14
9.884959046625587007e+02 5.093796830941107745e-14
1.096985797892383971e+03 4.198038350914783790e-14
1.217382727739662187e+03 3.447357568700219797e-14
1.350993521198027793e+03 2.822182773230463437e-14
1.499268432786045423e+03 2.300415569300992191e-14
1.663816886076128640e+03 1.863067956105537532e-14
1.846424942895544291e+03 1.503743788254630933e-14
2.049074689815845886e+03 1.208969558813822201e-14
2.273965752357927613e+03 9.651202591266550743e-15
2.523539170434765765e+03 7.659137861465849935e-15
2.800503894183631019e+03 6.056631433132029151e-15
3.107866187782013640e+03 4.764917264799181087e-15
3.448962260405759935e+03 3.718347037556912671e-15
3.827494478516314757e+03 2.892208924474310893e-15
4.247571552536898707e+03 2.240945460040169869e-15
4.713753134116724141e+03 1.724884285320269988e-15
5.231099308056262998e+03 1.324338031761409748e-15
5.805225516094896193e+03 1.015737577238098038e-15
6.442363508721369726e+03 7.760958062603599080e-16
7.149428986597576113e+03 5.926167345538997002e-16
7.934096665797491369e+03 4.542340713056959897e-16
8.804883581643463913e+03 3.486057406438657923e-16
9.771241535346502133e+03 2.678623414264031040e-16
1.084365968689610963e+04 2.072020649312016333e-16
1.203377840777589154e+04 1.611936461073005315e-16
1.335451562929898682e+04 1.258511656618534871e-16
1.482020705798858762e+04 9.872503394989159540e-17
1.644676177994664249e+04 7.796295718802056069e-17
1.825183494319044257e+04 6.183800256769797189e-17
2.025501939230666540e+04 4.926472353081550730e-17
2.247805833548725059e+04 3.944125909851934065e-17
2.494508135230316839e+04 3.175554568229423850e-17
2.768286630392066581e+04 2.571397522943496071e-17
3.072112998861759115e+04 2.091951850341956229e-17
3.409285069746814406e+04 1.709182492000074234e-17
3.783462617131928710e+04 1.400551873457506185e-17
4.198707084443910571e+04 1.149395570665737058e-17
4.659525668664683326e+04 9.436711034098308525e-18
5.170920242896761192e+04 7.743848168679860956e-18
5.738441648302398244e+04 6.349985403084510690e-18
6.368249944718585903e+04 5.201015752605555104e-18
7.067181273927491566e+04 4.254370071978332434e-18
7.842822061337680498e+04 3.475086827814962261e-18
8.703591361485165544e+04 2.834248619809570128e-18
9.658832241158708348e+04 2.307921630373138759e-18
1.071891319205127511e+05 1.876580528527823801e-18
1.189534067370319535e+05 1.523414553090069645e-18
1.320088400831418112e+05 1.234564215645597810e-18
1.464971398307286145e+05 9.988144132301846629e-19
1.625755666443794908e+05 8.068258348602202074e-19
1.804186409392071655e+05 6.506062408143378552e-19
2.002200371815584658e+05 5.238579225226826986e-19
2.221946860939523904e+05 4.212389049568216243e-19
2.465811075822604180e+05 3.382370067692360847e-19
2.736439997074671555e+05 2.712851465594667004e-19
3.036771118035460822e+05 2.173569252450927587e-19
3.370064329271928291e+05 1.739975463138601772e-19
3.739937302478798083e+05 1.391552039184257052e-19
4.150404757850476308e+05 1.111864847918532706e-19
4.605922041145108524e+05 8.876031185721431510e-20
5.111433483440171112e+05 7.080057496184698766e-20
5.672426068491977639e+05 5.642679630860239287e-20
6.294988990221888525e+05 4.493496613407151708e-20
6.985879746785250027e+05 3.575447591062615284e-20
7.752597488629464060e+05 2.842915577306478892e-20
8.603464416684507160e+05 2.258747613390751934e-20
9.547716114208066138e+05 1.793269512551961784e-20
1.059560179277617019e+06 1.422845827462979762e-20
1.175849554052158026e+06 1.128101577575672536e-20
1.304901978014401859e+06 8.937850994012720056e-21
1.448118227674532915e+06 7.076917238600804016e-21
1.607052818261638284e+06 5.599466916658538731e-21
1.783430876931909472e+06 4.427359420331440819e-21
1.979166867853557458e+06 3.497992879064656523e-21
2.196385372416546568e+06 2.761607763572623771e-21
2.437444150122222025e+06 2.178545446300227148e-21
2.704959730463137385e+06 1.717065158175450031e-21
3.001835813575591892e+06 1.351927544270008481e-21
3.331294787934676744e+06 1.063321013575809437e-21
3.696912707195031922e+06 8.353949625530277135e-22
4.102658105827190448e+06 6.555147271438383569e-22
4.552935074866947718e+06 5.136330445984883658e-22
5.052631065335679799e+06 4.018010425741933546e-22
5.607169938205458224e+06 3.137194629952549930e-22
6.222570836730230600e+06 2.445143683724848713e-22
6.905513520162330940e+06 1.901176879876894136e-22
7.663410868007462472e+06 1.474891599566904376e-22
8.504489341802684590e+06 1.141192107899776075e-22
9.437878277775391936e+06 8.802333411162675980e-23
1.047370897959450819e+07 6.765422697849299708e-23
1.162322468679854274e+07 5.180570992414795630e-23
1.289890261253307760e+07 3.950730388920962851e-23
1.431458937523478456e+07 2.997685405348962482e-23
1.588565129428052530e+07 2.262563929150192436e-23
1.762914118095947802e+07 1.697339577601416752e-23
1.956398343517064676e+07 1.264277919860502954e-23
2.171117945694505423e+07 9.345819195766427491e-24
2.409403560239527002e+07 6.846985127874118334e-24
2.673841615839949250e+07 4.967669928493643832e-24
2.967302408188872784e+07 3.555259482207046090e-24
3.292971255097155273e+07 2.511334709307050961e-24
3.654383070957254618e+07 1.743888081001267680e-24
4.055460735840827972e+07 1.186687651389172736e-24
4.500557675700496882e+07 7.880656389627360351e-25
4.994505115855139494e+07 5.070198099190315678e-25
5.542664520663107187e+07 3.132777192096043753e-25
6.150985788580504060e+07 1.831268452562500398e-25
6.826071834272393584e+07 9.774776194772271464e-26
7.575250258771920204e+07 4.413779396398263700e-26
8.406652885618332028e+07 1.392494571625437669e-26
9.329304026284696162e+07 1.890997755788014669e-27
1.035321843295663744e+08 1.466681237383835327e-29
1.148951000187308788e+08 4.279316434742526877e-33
1.275051240713012964e+08 1.521892127619316537e-36
1.414991297434575856e+08 4.382605854179554689e-40
1.570290124729377627e+08 5.128642921942968547e-44
1.742633386009651124e+08 6.049752920970526099e-49
1.933891750455232263e+08 7.796259528534140153e-56
2.146141197858406007e+08 5.853065975128994311e-67
2.381685551976160705e+08 2.307017050653901660e-88
