1.000000000000000000e+02 6.167879297102258852e-12
1.109752496412072134e+02 5.287319384898015517e-12
1.231550603292826196e+02 4.525867629307630506e-12
1.366716356462005990e+02 3.874502763576493656e-12
1.516716888470922413e+02 3.312815864397188060e-12
1.683180353330956791e+02 2.834991145592089899e-12
1.867913599020782840e+02 2.423855598737602850e-12
2.072921779595371845e+02 2.072664615151354194e-12
2.300430119772916839e+02 1.770816930383123368e-12
2.552908068239516410e+02 1.515024328690604045e-12
2.833096101839323637e+02 1.294314824614905544e-12
3.144035471591500368e+02 1.107723528359011906e-12
3.489101213406774491e+02 9.456927693241582257e-13
3.872038781812557318e+02 8.085456245193629507e-13
4.297004704320843871e+02 6.904454857323342883e-13
4.768611697714468960e+02 5.895340941063135556e-13
5.291978735958442712e+02 5.020684009195353336e-13
5.872786613189482523e+02 4.273155265822167600e-13
6.517339604882420190e+02 3.631182389750481321e-13
7.232633896483533817e+02 3.078494042192067773e-13
8.026433522257173081e+02 2.608255613466157080e-13
8.907354638610439679e+02 2.202849439366701354e-13
9.884959046625587007e+02 1.857557674472260924e-13
1.096985797892383971e+03 1.562918861511394736e-13
1.217382727739662187e+03 1.312037861078520772e-13
1.350993521198027793e+03 1.098667613571750755e-13
1.499268432786045423e+03 9.178678756111307359e-14
1.663816886076128640e+03 7.665782209894245555e-14
1.846424942895544291e+03 6.375863781836551196e-14
2.049074689815845886e+03 5.298511223279597039e-14
2.273965752357927613e+03 4.396942366819364007e-14
2.523539170434765765e+03 3.642666557967413096e-14
2.800503894183631019e+03 3.016386704418055786e-14
3.107866187782013640e+03 2.494738866321521121e-14
3.448962260405759935e+03 2.061104080492502153e-14
3.827494478516314757e+03 1.701336646927812565e-14
4.247571552536898707e+03 1.406461311017602782e-14
4.713753134116724141e+03 1.154697373281059394e-14
5.231099308056262998e+03 9.497452978226266758e-15
5.805225516094896193e+03 7.836816075039325629e-15
6.442363508721369726e+03 6.403023940709209366e-15
7.149428986597576113e+03 5.246592844890148165e-15
7.934096665797491369e+03 4.285530186035062036e-15
8.804883581643463913e+03 3.485204239132411110e-15
9.771241535346502133e+03 2.823335170450738085e-15
1.084365968689610963e+04 2.283540416059940284e-15
1.203377840777589154e+04 1.837364771006152908e-15
1.335451562929898682e+04 1.470725701299038279e-15
1.482020705798858762e+04 1.172193892660674116e-15
1.644676177994664249e+04 9.286727980832646733e-16
1.825183494319044257e+04 7.310814800814227409e-16
2.025501939230666540e+04 5.715902863488721112e-16
2.247805833548725059e+04 4.436622611510296411e-16
2.494508135230316839e+04 3.416050244846275087e-16
2.768286630392066581e+04 2.606342691759257020e-16
3.072112998861759115e+04 1.978236716267198178e-16
3.409285069746814406e+04 1.474588058440382764e-16
3.783462617131928710e+04 1.082322789252753474e-16
4.198707084443910571e+04 7.851845999616259657e-17
4.659525668664683326e+04 5.621237703553463270e-17
5.170920242896761192e+04 3.959205100357633929e-17
5.738441648302398244e+04 2.718227475116232818e-17
6.368249944718585903e+04 1.826184210833949477e-17
7.067181273927491566e+04 1.179900599666210487e-17
7.842822061337680498e+04 7.350487920322488614e-18
8.703591361485165544e+04 4.375470848184398879e-18
9.658832241158708348e+04 2.483479566193174411e-18
1.071891319205127511e+05 1.319387583348630847e-18
1.189534067370319535e+05 6.615164392430046093e-19
1.320088400831418112e+05 3.133956767293812698e-19
1.464971398307286145e+05 1.429056911759309242e-19
1.625755666443794908e+05 6.420370449265252892e-20
1.804186409392071655e+05 2.944677259758587072e-20
2.002200371815584658e+05 1.453270052154260615e-20
2.221946860939523904e+05 8.040596770789385885e-21
2.465811075822604180e+05 5.086837611050501096e-21
2.736439997074671555e+05 3.581991865896806310e-21
3.036771118035460822e+05 2.678286181720608934e-21
3.370064329271928291e+05 2.051262273637970724e-21
3.739937302478798083e+05 1.583975523299075731e-21
4.150404757850476308e+05 1.225422564172434638e-21
4.605922041145108524e+05 9.483247448391235960e-22
5.111433483440171112e+05 7.337449187904016922e-22
5.672426068491977639e+05 5.676783374107488138e-22
6.294988990221888525e+05 4.391414906609886166e-22
6.985879746785250027e+05 3.395769328400794217e-22
7.752597488629464060e+05 2.624637815768072104e-22
8.603464416684507160e+05 2.027678600088991933e-22
9.547716114208066138e+05 1.565476441097310496e-22
1.059560179277617019e+06 1.207937252843723446e-22
1.175849554052158026e+06 9.314575917012160328e-23
1.304901978014401859e+06 7.176750054215748672e-23
1.448118227674532915e+06 5.525661206118898501e-23
1.607052818261638284e+06 4.251038405515464832e-23
1.783430876931909472e+06 3.267498054753767529e-23
1.979166867853557458e+06 2.509505254151869824e-23
2.196385372416546568e+06 1.925487816895515263e-23
2.437444150122222025e+06 1.475975521124427210e-23
2.704959730463137385e+06 1.130337022692050575e-23
3.001835813575591892e+06 8.646671645047213528e-24
3.331294787934676744e+06 6.607472102339576699e-24
3.696912707195031922e+06 5.043396979157831192e-24
4.102658105827190448e+06 3.845156785752183138e-24
4.552935074866947718e+06 2.927658864751670216e-24
5.052631065335679799e+06 2.226270318750948832e-24
5.607169938205458224e+06 1.690542436502490761e-24
6.222570836730230600e+06 1.281885949644759466e-24
6.905513520162330940e+06 9.704997081114250717e-25
7.663410868007462472e+06 7.335765223851416889e-25
8.504489341802684590e+06 5.535082166886369184e-25
9.437878277775391936e+06 4.168813937419615356e-25
1.047370897959450819e+07 3.133527928506119710e-25
1.162322468679854274e+07 2.350299114180549364e-25
1.289890261253307760e+07 1.758853252927931339e-25
1.431458937523478456e+07 1.313033026234516333e-25
1.588565129428052530e+07 9.776057675230005611e-26
1.762914118095947802e+07 7.257511690899397448e-26
1.956398343517064676e+07 5.370626845992886139e-26
2.171117945694505423e+07 3.960074635566930437e-26
2.409403560239527002e+07 2.910280807097907458e-26
2.673841615839949250e+07 2.128541126516452243e-26
2.967302408188872784e+07 1.550108781173068296e-26
3.292971255097155273e+07 1.122830987043643702e-26
3.654383070957254618e+07 8.085943514220879143e-27
4.055460735840827972e+07 5.785093331145603613e-27
4.500557675700496882e+07 4.108133583817580967e-27
4.994505115855139494e+07 2.892388320680720233e-27
5.542664520663107187e+07 2.015965945615435564e-27
6.150985788580504060e+07 1.389460060697160221e-27
6.826071834272393584e+07 9.441854274519491939e-28
7.575250258771920204e+07 6.316047456905069431e-28
8.406652885618332028e+07 4.141964911003797639e-28
9.329304026284696162e+07 2.651722952736000066e-28
1.035321843295663744e+08 1.646590497755138558e-28
1.148951000187308788e+08 9.834462875148739745e-29
1.275051240713012964e+08 5.577894585253728616e-29
1.414991297434575856e+08 2.948507703915445009e-29
1.570290124729377627e+08 1.405400202504530825e-29
1.742633386009651124e+08 5.644823785981867870e-30
1.933891750455232263e+08 1.530256841121533278e-30
2.146141197858406007e+08 4.527883206303748693e-32
