1.000000000000000000e+02 1.574500318450726002e-12
1.109752496412072134e+02 1.369007469709720143e-12
1.231550603292826196e+02 1.189928317872775565e-12
1.366716356462005990e+02 1.033944393694264109e-12
1.516716888470922413e+02 8.980810044383843102e-13
1.683180353330956791e+02 7.798006818677100055e-13
1.867913599020782840e+02 6.767717511366800065e-13
2.072921779595371845e+02 5.871165470168334570e-13
2.300430119772916839e+02 5.090639473749025544e-13
2.552908068239516410e+02 4.411716624802855736e-13
2.833096101839323637e+02 3.820365151746141049e-13
3.144035471591500368e+02 3.307059975335169739e-13
3.489101213406774491e+02 2.860464808213805089e-13
3.872038781812557318e+02 2.472432601301478710e-13
4.297004704320843871e+02 2.135614053074932290e-13
4.768611697714468960e+02 1.842418430943526697e-13
5.291978735958442712e+02 1.588821620229090029e-13
5.872786613189482523e+02 1.368247030600077118e-13
6.517339604882420190e+02 1.177331736492019522e-13
7.232633896483533817e+02 1.012023485354234681e-13
8.026433522257173081e+02 8.686017493989723845e-14
8.907354638610439679e+02 7.448253049534608404e-14
9.884959046625587007e+02 6.376202082608574961e-14
1.096985797892383971e+03 5.451392913041683772e-14
1.217382727739662187e+03 4.654387388808584283e-14
1.350993521198027793e+03 3.965488263525124500e-14
1.499268432786045423e+03 3.375403226751317233e-14
1.663816886076128640e+03 2.864361188491350345e-14
1.846424942895544291e+03 2.428886307062870109e-14
2.049074689815845886e+03 2.052477689278851006e-14
2.273965752357927613e+03 1.732929422164388638e-14
2.523539170434765765e+03 1.457965136222537890e-14
2.800503894183631019e+03 1.224763975919745907e-14
3.107866187782013640e+03 1.025426506041743933e-14
3.448962260405759935e+03 8.565682067625613484e-15
3.827494478516314757e+03 7.132509638221258755e-15
4.247571552536898707e+03 5.922824593319988401e-15
4.713753134116724141e+03 4.898433433762114315e-15
5.231099308056262998e+03 4.043933278417662192e-15
5.805225516094896193e+03 3.323413003746690483e-15
6.442363508721369726e+03 2.722831307065908256e-15
7.149428986597576113e+03 2.224425626507716062e-15
7.934096665797491369e+03 1.812042470057153471e-15
8.804883581643463913e+03 1.470504976326401991e-15
9.771241535346502133e+03 1.190151794892577748e-15
1.084365968689610963e+04 9.612661251645096903e-16
1.203377840777589154e+04 7.727243335386011239e-16
1.335451562929898682e+04 6.218962645413656277e-16
1.482020705798858762e+04 4.976179063002743722e-16
1.644676177994664249e+04 3.998315564213923542e-16
1.825183494319044257e+04 3.196545914666101991e-16
2.025501939230666540e+04 2.567417248460250422e-16
2.247805833548725059e+04 2.056469064428452216e-16
2.494508135230316839e+04 1.653519083611177454e-16
2.768286630392066581e+04 1.327633568823637935e-16
3.072112998861759115e+04 1.069414884400662104e-16
3.409285069746814406e+04 8.599046550480225783e-17
3.783462617131928710e+04 6.927564308139060721e-17
4.198707084443910571e+04 5.576561072615756259e-17
4.659525668664683326e+04 4.470184432388546661e-17
5.170920242896761192e+04 3.593218171696515979e-17
5.738441648302398244e+04 2.863064650180208692e-17
6.368249944718585903e+04 2.277509313999665212e-17
7.067181273927491566e+04 1.807320649171049954e-17
7.842822061337680498e+04 1.418884585052349432e-17
8.703591361485165544e+04 1.109509957600990814e-17
9.658832241158708348e+04 8.635753521533017175e-18
1.071891319205127511e+05 6.658517025820733829e-18
1.189534067370319535e+05 5.102763471291594845e-18
1.320088400831418112e+05 3.883909204420238110e-18
1.464971398307286145e+05 2.941082367985499317e-18
1.625755666443794908e+05 2.215894901857860259e-18
1.804186409392071655e+05 1.663607140807377916e-18
2.002200371815584658e+05 1.246991310461055806e-18
2.221946860939523904e+05 9.355739947974675640e-19
2.465811075822604180e+05 7.036041625396170779e-19
2.736439997074671555e+05 5.320852377976455086e-19
3.036771118035460822e+05 4.049405188952685691e-19
3.370064329271928291e+05 3.104827016181713320e-19
3.739937302478798083e+05 2.397204966465951156e-19
4.150404757850476308e+05 1.861515695467296070e-19
4.605922041145108524e+05 1.451238012900219912e-19
5.111433483440171112e+05 1.132339429407431348e-19
5.672426068491977639e+05 8.820791344027498655e-20
6.294988990221888525e+05 6.833464067877791564e-20
6.985879746785250027e+05 5.260605957785855152e-20
7.752597488629464060e+05 4.005969218149232235e-20
8.603464416684507160e+05 3.016658845700500755e-20
9.547716114208066138e+05 2.245479092240739496e-20
1.059560179277617019e+06 1.660479419428774931e-20
1.175849554052158026e+06 1.230483774408964321e-20
1.304901978014401859e+06 9.252432115089271175e-21
1.448118227674532915e+06 7.135492097781885034e-21
1.607052818261638284e+06 5.646489557836316651e-21
1.783430876931909472e+06 4.547533726276497506e-21
1.979166867853557458e+06 3.695438853728747555e-21
2.196385372416546568e+06 3.013010424029891721e-21
2.437444150122222025e+06 2.458396282860719643e-21
2.704959730463137385e+06 2.004811601011410049e-21
3.001835813575591892e+06 1.633002324183404146e-21
3.331294787934676744e+06 1.328303453607267943e-21
3.696912707195031922e+06 1.078771771914021163e-21
4.102658105827190448e+06 8.749599907391216697e-22
4.552935074866947718e+06 7.085305028217325591e-22
5.052631065335679799e+06 5.727707257893109156e-22
5.607169938205458224e+06 4.622928273413522049e-22
6.222570836730230600e+06 3.724549385016513528e-22
6.905513520162330940e+06 2.995096760660244473e-22
7.663410868007462472e+06 2.403559929393331454e-22
8.504489341802684590e+06 1.924946010824061270e-22
9.437878277775391936e+06 1.538454272271162610e-22
1.047370897959450819e+07 1.226782882786254216e-22
1.162322468679854274e+07 9.759356818520668588e-23
1.289890261253307760e+07 7.744002626272444927e-23
1.431458937523478456e+07 6.129368267955244573e-23
1.588565129428052530e+07 4.836874284438418500e-23
1.762914118095947802e+07 3.806635736276670693e-23
1.956398343517064676e+07 2.986435743468157428e-23
2.171117945694505423e+07 2.334985237066756153e-23
2.409403560239527002e+07 1.819479403471551135e-23
2.673841615839949250e+07 1.412468838724716396e-23
2.967302408188872784e+07 1.092262955605076761e-23
3.292971255097155273e+07 8.411038916825665729e-24
3.654383070957254618e+07 6.445531396380904351e-24
4.055460735840827972e+07 4.912948679591258461e-24
4.500557675700496882e+07 3.728166918551863591e-24
4.994505115855139494e+07 2.808001677461543070e-24
5.542664520663107187e+07 2.102170747024713888e-24
6.150985788580504060e+07 1.561504461166606870e-24
6.826071834272393584e+07 1.150215156943985773e-24
7.575250258771920204e+07 8.390506176776838941e-25
8.406652885618332028e+07 6.052511015358330728e-25
9.329304026284696162e+07 4.308027020568036767e-25
1.035321843295663744e+08 3.019970235261345615e-25
1.148951000187308788e+08 2.079626464782714542e-25
1.275051240713012964e+08 1.400651623760562102e-25
1.414991297434575856e+08 9.183444118178182829e-26
1.570290124729377627e+08 5.823122501382443841e-26
1.742633386009651124e+08 3.535653434837898966e-26
1.933891750455232263e+08 2.025835249095928590e-26
2.146141197858406007e+08 1.069529821153180404e-26
2.381685551976160705e+08 4.998127946875011044e-27
2.643081486974108517e+08 1.931761073818652707e-27
2.933166278390048146e+08 5.549669316913535951e-28
3.255088599835056663e+08 1.048953356255395572e-28
3.612342699709430337e+08 3.918178969032540896e-31
