1.000000000000000000e+02 3.690356174942310617e-14
1.109752496412072134e+02 3.173061343578240020e-14
1.231550603292826196e+02 2.726320934235187997e-14
1.366716356462005990e+02 2.341928302297811956e-14
1.516716888470922413e+02 2.008257463865420488e-14
1.683180353330956791e+02 1.720374771880649049e-14
1.867913599020782840e+02 1.473319633680460800e-14
2.072921779595371845e+02 1.260574958512435786e-14
2.300430119772916839e+02 1.077810154557994950e-14
2.552908068239516410e+02 9.209247277505680986e-15
2.833096101839323637e+02 7.861707949828866961e-15
3.144035471591500368e+02 6.705710263853138049e-15
3.489101213406774491e+02 5.717908310455502651e-15
3.872038781812557318e+02 4.868243289026724515e-15
4.297004704320843871e+02 4.139894642222652144e-15
4.768611697714468960e+02 3.515941257680077879e-15
5.291978735958442712e+02 2.981018000845499182e-15
5.872786613189482523e+02 2.522386222750641464e-15
6.517339604882420190e+02 2.128751200101953084e-15
7.232633896483533817e+02 1.791022426978798829e-15
8.026433522257173081e+02 1.502424079368699192e-15
8.907354638610439679e+02 1.255178970552846940e-15
9.884959046625587007e+02 1.043683755350232888e-15
1.096985797892383971e+03 8.630225417302654271e-16
1.217382727739662187e+03 7.094010040517566184e-16
1.350993521198027793e+03 5.794527153660314432e-16
1.499268432786045423e+03 4.693034142329248001e-16
1.663816886076128640e+03 3.768471541778701872e-16
1.846424942895544291e+03 2.996503547637970324e-16
2.049074689815845886e+03 2.357102802410717877e-16
2.273965752357927613e+03 1.832762252146657480e-16
2.523539170434765765e+03 1.407768530799531250e-16
2.800503894183631019e+03 1.068744490745084344e-16
3.107866187782013640e+03 8.036188773621677433e-17
3.448962260405759935e+03 6.011337255723076292e-17
3.827494478516314757e+03 4.501784198066193047e-17
4.247571552536898707e+03 3.403152666620623472e-17
4.713753134116724141e+03 2.615605449863759454e-17
5.231099308056262998e+03 2.052257207874573828e-17
5.805225516094896193e+03 1.644902191970312199e-17
6.442363508721369726e+03 1.342644319135795129e-17
7.149428986597576113e+03 1.111030352400722746e-17
7.934096665797491369e+03 9.278104683348872823e-18
8.804883581643463913e+03 7.790611903147148893e-18
9.771241535346502133e+03 6.561430200652298268e-18
1.084365968689610963e+04 5.533504906444655498e-18
1.203377840777589154e+04 4.667630136097584897e-18
1.335451562929898682e+04 3.938060082515577283e-18
1.482020705798858762e+04 3.320846902522096768e-18
1.644676177994664249e+04 2.798384703842450555e-18
1.825183494319044257e+04 2.356490813690087672e-18
2.025501939230666540e+04 1.982787865899875378e-18
2.247805833548725059e+04 1.666491233619920744e-18
2.494508135230316839e+04 1.399786819153730161e-18
2.768286630392066581e+04 1.174798957363151993e-18
3.072112998861759115e+04 9.846698333910033863e-19
3.409285069746814406e+04 8.244868609487805498e-19
3.783462617131928710e+04 6.893121848784573671e-19
4.198707084443910571e+04 5.757903397669398852e-19
4.659525668664683326e+04 4.801036082814619814e-19
5.170920242896761192e+04 3.997521203802483497e-19
5.738441648302398244e+04 3.321738247951671258e-19
6.368249944718585903e+04 2.754536514467783300e-19
7.067181273927491566e+04 2.280194512489670708e-19
7.842822061337680498e+04 1.883100915476724097e-19
8.703591361485165544e+04 1.551221764305655912e-19
9.658832241158708348e+04 1.273931682525558786e-19
1.071891319205127511e+05 1.043128526342212061e-19
1.189534067370319535e+05 8.512578874845808918e-20
1.320088400831418112e+05 6.924322894310427649e-20
1.464971398307286145e+05 5.616931167476739737e-20
1.625755666443794908e+05 4.530054888944372566e-20
1.804186409392071655e+05 3.641213959340920868e-20
2.002200371815584658e+05 2.920226826070109373e-20
2.221946860939523904e+05 2.327001524140076186e-20
2.465811075822604180e+05 1.844151915227550327e-20
2.736439997074671555e+05 1.460905697154454778e-20
3.036771118035460822e+05 1.145362433216353411e-20
3.370064329271928291e+05 8.953875874476249428e-21
3.739937302478798083e+05 6.986504218677645247e-21
4.150404757850476308e+05 5.431011419790847040e-21
4.605922041145108524e+05 4.191529109562464692e-21
5.111433483440171112e+05 3.228696287076726093e-21
5.672426068491977639e+05 2.481967414927187777e-21
6.294988990221888525e+05 1.904212946312251370e-21
6.985879746785250027e+05 1.456564705926658573e-21
7.752597488629464060e+05 1.113851055207023289e-21
8.603464416684507160e+05 8.509002377222096854e-22
9.547716114208066138e+05 6.495084760463720241e-22
1.059560179277617019e+06 4.951977253362680795e-22
1.175849554052158026e+06 3.773370984621149846e-22
1.304901978014401859e+06 2.871685033408702929e-22
1.448118227674532915e+06 2.173507476506520130e-22
1.607052818261638284e+06 1.637692726360650311e-22
1.783430876931909472e+06 1.226779152015854188e-22
1.979166867853557458e+06 9.118244118887165231e-23
2.196385372416546568e+06 6.676604428056321252e-23
2.437444150122222025e+06 4.845345070185231862e-23
2.704959730463137385e+06 3.453499105292635236e-23
3.001835813575591892e+06 2.418167597880198259e-23
3.331294787934676744e+06 1.649613759475047670e-23
3.696912707195031922e+06 1.098325198874482167e-23
4.102658105827190448e+06 7.106872150185919661e-24
4.552935074866947718e+06 4.450079609900545865e-24
5.052631065335679799e+06 2.695445789266033908e-24
5.607169938205458224e+06 1.583748852652071685e-24
6.222570836730230600e+06 9.102310277006803475e-25
6.905513520162330940e+06 5.160156326580921031e-25
7.663410868007462472e+06 2.898859659123374952e-25
8.504489341802684590e+06 1.617145137271064673e-25
9.437878277775391936e+06 8.959688222049261965e-26
1.047370897959450819e+07 4.864725203393322705e-26
1.162322468679854274e+07 2.517672855849793676e-26
1.289890261253307760e+07 1.193406382295958026e-26
1.431458937523478456e+07 4.855425579119472384e-27
1.588565129428052530e+07 1.492258964504716497e-27
1.762914118095947802e+07 2.660905787447969379e-28
1.956398343517064676e+07 3.186619669096831132e-29
