1.000000000000000000e+02 3.950017342218747773e-12
1.109752496412072134e+02 3.311836441344353114e-12
1.231550603292826196e+02 2.775389694792303285e-12
1.366716356462005990e+02 2.323587871584854971e-12
1.516716888470922413e+02 1.944408723381573333e-12
1.683180353330956791e+02 1.626575793155161332e-12
1.867913599020782840e+02 1.359611523192330230e-12
2.072921779595371845e+02 1.136165120996047399e-12
2.300430119772916839e+02 9.492253241855915253e-13
2.552908068239516410e+02 7.925890530400639567e-13
2.833096101839323637e+02 6.615908431458187720e-13
3.144035471591500368e+02 5.521976686327104713e-13
3.489101213406774491e+02 4.607375106081741149e-13
3.872038781812557318e+02 3.843672670529474862e-13
4.297004704320843871e+02 3.205456346833050540e-13
4.768611697714468960e+02 2.672507878420210053e-13
5.291978735958442712e+02 2.228134782557015547e-13
5.872786613189482523e+02 1.857103265825178668e-13
6.517339604882420190e+02 1.547138943270113930e-13
7.232633896483533817e+02 1.288735319273679537e-13
8.026433522257173081e+02 1.073231435812168615e-13
8.907354638610439679e+02 8.932739942912478651e-14
9.884959046625587007e+02 7.433069947486703114e-14
1.096985797892383971e+03 6.183627557609854311e-14
1.217382727739662187e+03 5.142300557942426581e-14
1.350993521198027793e+03 4.274568443126086165e-14
1.499268432786045423e+03 3.551796913761446503e-14
1.663816886076128640e+03 2.950231382624819850e-14
1.846424942895544291e+03 2.449560050523030538e-14
2.049074689815845886e+03 2.033112183929378350e-14
2.273965752357927613e+03 1.686797939093804488e-14
2.523539170434765765e+03 1.398809557611130963e-14
2.800503894183631019e+03 1.159809809931955147e-14
3.107866187782013640e+03 9.611363048006933743e-15
3.448962260405759935e+03 7.962133869211906619e-15
3.827494478516314757e+03 6.593638499250206509e-15
4.247571552536898707e+03 5.458095197271647408e-15
4.713753134116724141e+03 4.516647641660135854e-15
5.231099308056262998e+03 3.735860129331400844e-15
5.805225516094896193e+03 3.088938178941693388e-15
6.442363508721369726e+03 2.552833812348040751e-15
7.149428986597576113e+03 2.108971229935927738e-15
7.934096665797491369e+03 1.741473781982436234e-15
8.804883581643463913e+03 1.437099740678906582e-15
9.771241535346502133e+03 1.185305652840715257e-15
1.084365968689610963e+04 9.771203201916771578e-16
1.203377840777589154e+04 8.049354854342573229e-16
1.335451562929898682e+04 6.626242424209006533e-16
1.482020705798858762e+04 5.451409232729740856e-16
1.644676177994664249e+04 4.481273869517315376e-16
1.825183494319044257e+04 3.680637021399435531e-16
2.025501939230666540e+04 3.020945554686754895e-16
2.247805833548725059e+04 2.476917218052876945e-16
2.494508135230316839e+04 2.029309636777331182e-16
2.768286630392066581e+04 1.660959715830573579e-16
3.072112998861759115e+04 1.358107009356700192e-16
3.409285069746814406e+04 1.109457715204436611e-16
3.783462617131928710e+04 9.053592204723668046e-17
4.198707084443910571e+04 7.381181872468322574e-17
4.659525668664683326e+04 6.011937963933782747e-17
5.170920242896761192e+04 4.891272104577261314e-17
5.738441648302398244e+04 3.975537960440365804e-17
6.368249944718585903e+04 3.228330094578757051e-17
7.067181273927491566e+04 2.619487057819820892e-17
7.842822061337680498e+04 2.123718647791999067e-17
8.703591361485165544e+04 1.720638487257450987e-17
9.658832241158708348e+04 1.393246966141809342e-17
1.071891319205127511e+05 1.127479797432717252e-17
1.189534067370319535e+05 9.120408200995375698e-18
1.320088400831418112e+05 7.375052878400746084e-18
1.464971398307286145e+05 5.960555433948834956e-18
1.625755666443794908e+05 4.816249347932453823e-18
1.804186409392071655e+05 3.889205595974062351e-18
2.002200371815584658e+05 3.139765928758735550e-18
2.221946860939523904e+05 2.533541227078630594e-18
2.465811075822604180e+05 2.043249327570106318e-18
2.736439997074671555e+05 1.647398535146309762e-18
3.036771118035460822e+05 1.327426298985646275e-18
3.370064329271928291e+05 1.069262084021472390e-18
3.739937302478798083e+05 8.608440689151532730e-19
4.150404757850476308e+05 6.926989583929048262e-19
4.605922041145108524e+05 5.571171863357455854e-19
5.111433483440171112e+05 4.478286736775305832e-19
5.672426068491977639e+05 3.597864210195400641e-19
6.294988990221888525e+05 2.889269016427728794e-19
6.985879746785250027e+05 2.318782030492665796e-19
7.752597488629464060e+05 1.859751458973183152e-19
8.603464416684507160e+05 1.490698831659585762e-19
9.547716114208066138e+05 1.194200598649971734e-19
1.059560179277617019e+06 9.559868292308575727e-20
1.175849554052158026e+06 7.647866201356468139e-20
1.304901978014401859e+06 6.113404552640826173e-20
1.448118227674532915e+06 4.884175747654300141e-20
1.607052818261638284e+06 3.897836605276586112e-20
1.783430876931909472e+06 3.109067607753270864e-20
1.979166867853557458e+06 2.477746026161977588e-20
2.196385372416546568e+06 1.972567975845773610e-20
2.437444150122222025e+06 1.569314114015227043e-20
2.704959730463137385e+06 1.247182847770227399e-20
3.001835813575591892e+06 9.902655873602078491e-21
3.331294787934676744e+06 7.854747093520091208e-21
3.696912707195031922e+06 6.223671760126494513e-21
4.102658105827190448e+06 4.926128186362210792e-21
4.552935074866947718e+06 3.895011399042079104e-21
5.052631065335679799e+06 3.076010884382765901e-21
5.607169938205458224e+06 2.426460762453133131e-21
6.222570836730230600e+06 1.911840279953137173e-21
6.905513520162330940e+06 1.503852362748422185e-21
7.663410868007462472e+06 1.181958480276361677e-21
8.504489341802684590e+06 9.275738387894200728e-22
9.437878277775391936e+06 7.268665795692671100e-22
1.047370897959450819e+07 5.688266070646899008e-22
1.162322468679854274e+07 4.445014036271499780e-22
1.289890261253307760e+07 3.467794112601443880e-22
1.431458937523478456e+07 2.701592475100078906e-22
1.588565129428052530e+07 2.100802328397841255e-22
1.762914118095947802e+07 1.631253667658508034e-22
1.956398343517064676e+07 1.264378743721296750e-22
2.171117945694505423e+07 9.782943288568855313e-23
2.409403560239527002e+07 7.556011690721311734e-23
2.673841615839949250e+07 5.823944351716096971e-23
2.967302408188872784e+07 4.479581356376565304e-23
3.292971255097155273e+07 3.438773777647358197e-23
3.654383070957254618e+07 2.633666149049493042e-23
4.055460735840827972e+07 2.012443042472563496e-23
4.500557675700496882e+07 1.533969110151045102e-23
4.994505115855139494e+07 1.166135449682452428e-23
5.542664520663107187e+07 8.839847576371923592e-24
6.150985788580504060e+07 6.679673416482255585e-24
6.826071834272393584e+07 5.031426780770257579e-24
7.575250258771920204e+07 3.776399309169451269e-24
8.406652885618332028e+07 2.823027898311014815e-24
9.329304026284696162e+07 2.100716911325584222e-24
1.035321843295663744e+08 1.555819171884342428e-24
1.148951000187308788e+08 1.145867715241473267e-24
1.275051240713012964e+08 8.388159489042417904e-25
1.414991297434575856e+08 6.096731427571541503e-25
1.570290124729377627e+08 4.390754548807286350e-25
1.742633386009651124e+08 3.137687702669534294e-25
1.933891750455232263e+08 2.214685639000392227e-25
2.146141197858406007e+08 1.540449807340101658e-25
2.381685551976160705e+08 1.054537618891953392e-25
2.643081486974108517e+08 7.066289722062203347e-26
2.933166278390048146e+08 4.608339583074615979e-26
3.255088599835056663e+08 2.899377651946193512e-26
3.612342699709430337e+08 1.737580313726102045e-26
4.008806328898465633e+08 9.725027732572946069e-27
4.448782831127585173e+08 4.933691630433275221e-27
4.937047852839003801e+08 2.137798008192464121e-27
5.478901179593944550e+08 6.902095475165601164e-28
6.080224261649426222e+08 1.124764636345520110e-28
6.747544053110699654e+08 4.679611435509721649e-30
7.488103857590031624e+08 2.311169819068777863e-33
8.309941949353404045e+08 2.266533702734789832e-39
9.221978823334341049e+08 2.218858005347002149e-48
1.023411402105452657e+09 4.060173184794914159e-62
1.135733358343105316e+09 1.553555836183187774e-83
1.260382929679727316e+09 1.071083644477279363e-116
