1.000000000000000000e+02 5.900067617312145990e-12
1.109752496412072134e+02 5.082902423697526039e-12
1.231550603292826196e+02 4.376081193992471509e-12
1.366716356462005990e+02 3.764935863414044215e-12
1.516716888470922413e+02 3.236646115129021238e-12
1.683180353330956791e+02 2.781010111827703450e-12
1.867913599020782840e+02 2.387785375577496087e-12
2.072921779595371845e+02 2.048752792138888372e-12
2.300430119772916839e+02 1.756181020625412195e-12
2.552908068239516410e+02 1.504557657359728892e-12
2.833096101839323637e+02 1.288013801990494482e-12
3.144035471591500368e+02 1.101544760587671204e-12
3.489101213406774491e+02 9.415617148527430487e-13
3.872038781812557318e+02 8.040191664188708047e-13
4.297004704320843871e+02 6.860435523651315170e-13
4.768611697714468960e+02 5.849185994709268138e-13
5.291978735958442712e+02 4.982510563902484388e-13
5.872786613189482523e+02 4.240916674575970039e-13
6.517339604882420190e+02 3.607071313192269442e-13
7.232633896483533817e+02 3.065252276620307163e-13
8.026433522257173081e+02 2.603113637351513085e-13
8.907354638610439679e+02 2.208394254502938634e-13
9.884959046625587007e+02 1.872592768976632578e-13
1.096985797892383971e+03 1.586470075274478002e-13
1.217382727739662187e+03 1.342971451909375051e-13
1.350993521198027793e+03 1.136182851766975464e-13
1.499268432786045423e+03 9.605380643842682932e-14
1.663816886076128640e+03 8.112792222413476936e-14
1.846424942895544291e+03 6.849795765940183211e-14
2.049074689815845886e+03 5.779607189527378372e-14
2.273965752357927613e+03 4.872442272530409102e-14
2.523539170434765765e+03 4.105607439119455528e-14
2.800503894183631019e+03 3.457119960751053942e-14
3.107866187782013640e+03 2.909457225915407541e-14
3.448962260405759935e+03 2.446866693158859609e-14
3.827494478516314757e+03 2.056750812479527555e-14
4.247571552536898707e+03 1.727548798370229913e-14
4.713753134116724141e+03 1.450352823305516870e-14
5.231099308056262998e+03 1.216906584959588658e-14
5.805225516094896193e+03 1.020285816378597051e-14
6.442363508721369726e+03 8.552010786463485835e-15
7.149428986597576113e+03 7.162250410794614758e-15
7.934096665797491369e+03 5.995590606762251321e-15
8.804883581643463913e+03 5.015809525147777940e-15
9.771241535346502133e+03 4.193027346790382837e-15
1.084365968689610963e+04 3.503837526558507729e-15
1.203377840777589154e+04 2.925929432141435800e-15
1.335451562929898682e+04 2.441838805389984504e-15
1.482020705798858762e+04 2.036747610101124326e-15
1.644676177994664249e+04 1.697759228163701557e-15
1.825183494319044257e+04 1.414199501322050291e-15
2.025501939230666540e+04 1.177281542701132897e-15
2.247805833548725059e+04 9.795594958328858303e-16
2.494508135230316839e+04 8.143636515904665656e-16
2.768286630392066581e+04 6.766606577769220423e-16
3.072112998861759115e+04 5.618149155176638918e-16
3.409285069746814406e+04 4.661816690438393566e-16
3.783462617131928710e+04 3.865203589009877326e-16
4.198707084443910571e+04 3.202811559712757588e-16
4.659525668664683326e+04 2.651531800128036550e-16
5.170920242896761192e+04 2.193803419256084737e-16
5.738441648302398244e+04 1.813572219828048782e-16
6.368249944718585903e+04 1.498002717939756664e-16
7.067181273927491566e+04 1.236290756585941278e-16
7.842822061337680498e+04 1.019449708347921006e-16
8.703591361485165544e+04 8.398820576806894793e-17
9.658832241158708348e+04 6.911930878610138434e-17
1.071891319205127511e+05 5.683067097166273674e-17
1.189534067370319535e+05 4.667696291389650715e-17
1.320088400831418112e+05 3.829294302333006787e-17
1.464971398307286145e+05 3.137788529054302696e-17
1.625755666443794908e+05 2.567884085493484827e-17
1.804186409392071655e+05 2.098933270212042814e-17
2.002200371815584658e+05 1.713053545176622495e-17
2.221946860939523904e+05 1.396562190588414919e-17
2.465811075822604180e+05 1.136367628911401967e-17
2.736439997074671555e+05 9.238513144448419348e-18
3.036771118035460822e+05 7.491871288218508142e-18
3.370064329271928291e+05 6.069725944409620438e-18
3.739937302478798083e+05 4.907683941505081610e-18
4.150404757850476308e+05 3.960205260113078999e-18
4.605922041145108524e+05 3.190058346451015390e-18
5.111433483440171112e+05 2.563140203155740639e-18
5.672426068491977639e+05 2.057290308717328408e-18
6.294988990221888525e+05 1.644623793802086721e-18
6.985879746785250027e+05 1.312898641029642865e-18
7.752597488629464060e+05 1.045166414295860764e-18
8.603464416684507160e+05 8.290550509232876479e-19
9.547716114208066138e+05 6.561637875921809395e-19
1.059560179277617019e+06 5.173499476278017258e-19
1.175849554052158026e+06 4.065123222389561377e-19
1.304901978014401859e+06 3.183641062831592015e-19
1.448118227674532915e+06 2.483298734015238527e-19
1.607052818261638284e+06 1.930176447616488448e-19
1.783430876931909472e+06 1.494843368308766769e-19
1.979166867853557458e+06 1.153253079317885592e-19
2.196385372416546568e+06 8.870188072022859695e-20
2.437444150122222025e+06 6.800866901563355968e-20
2.704959730463137385e+06 5.198992962684613862e-20
3.001835813575591892e+06 3.963814016972548837e-20
3.331294787934676744e+06 3.016997361949539501e-20
3.696912707195031922e+06 2.291811121538779713e-20
4.102658105827190448e+06 1.737553959292924400e-20
4.552935074866947718e+06 1.315833443544693809e-20
5.052631065335679799e+06 9.946446729801762927e-21
5.607169938205458224e+06 7.501096277460533373e-21
6.222570836730230600e+06 5.650926877242300932e-21
6.905513520162330940e+06 4.243977186749121953e-21
7.663410868007462472e+06 3.178660033411693819e-21
8.504489341802684590e+06 2.378015896935145860e-21
9.437878277775391936e+06 1.778600741075873554e-21
1.047370897959450819e+07 1.331975494978447277e-21
1.162322468679854274e+07 1.000707590947541116e-21
1.289890261253307760e+07 7.559476051008179193e-22
1.431458937523478456e+07 5.755545859511254838e-22
1.588565129428052530e+07 4.420536161321948196e-22
1.762914118095947802e+07 3.424920084612499726e-22
1.956398343517064676e+07 2.674564543420208143e-22
2.171117945694505423e+07 2.100113412057948313e-22
2.409403560239527002e+07 1.654957502469380328e-22
2.673841615839949250e+07 1.306007771313256502e-22
2.967302408188872784e+07 1.030359012558883155e-22
3.292971255097155273e+07 8.122095312032460781e-23
3.654383070957254618e+07 6.393455865078491253e-23
4.055460735840827972e+07 5.023843399054430518e-23
4.500557675700496882e+07 3.940780581685204887e-23
4.994505115855139494e+07 3.085118728865404969e-23
5.542664520663107187e+07 2.409553883256146306e-23
6.150985788580504060e+07 1.877871026526916303e-23
6.826071834272393584e+07 1.459680590622872005e-23
7.575250258771920204e+07 1.131440189972646746e-23
8.406652885618332028e+07 8.744229715422414871e-24
9.329304026284696162e+07 6.735607297789929157e-24
1.035321843295663744e+08 5.169096175612004856e-24
1.148951000187308788e+08 3.950809773039486031e-24
1.275051240713012964e+08 3.005157400718204087e-24
1.414991297434575856e+08 2.272653389261370305e-24
1.570290124729377627e+08 1.708428104650934134e-24
1.742633386009651124e+08 1.274022928391540114e-24
1.933891750455232263e+08 9.419361830814698722e-25
2.146141197858406007e+08 6.874821126547815058e-25
2.381685551976160705e+08 4.944597628735927819e-25
2.643081486974108517e+08 3.485596925202000949e-25
2.933166278390048146e+08 2.387598462495858393e-25
3.255088599835056663e+08 1.579691890068091485e-25
3.612342699709430337e+08 9.910833014569647506e-26
4.008806328898465633e+08 5.792922921938974617e-26
4.448782831127585173e+08 3.068782535093713570e-26
4.937047852839003801e+08 1.414225171815450658e-26
5.478901179593944550e+08 5.277757222553649477e-27
6.080224261649426222e+08 1.402750994149589488e-27
6.747544053110699654e+08 2.155546977144671419e-28
7.488103857590031624e+08 1.640177344875240195e-29
8.309941949353404045e+08 1.413649025943298566e-30
9.221978823334341049e+08 1.489206096442164051e-31
1.023411402105452657e+09 1.314417930755580858e-32
1.135733358343105316e+09 8.833144364634948235e-34
1.260382929679727316e+09 4.378970329834455547e-35
1.398713102647238731e+09 1.560779682150182429e-36
1.552225357427047968e+09 3.869439164036478005e-38
1.722585965398787737e+09 6.378074390652591359e-40
1.911644075385703564e+09 6.575465984486902344e-42
2.121451784910631895e+09 3.860720776764416228e-44
2.354286414322420120e+09 1.090924667916786331e-46
2.612675225563332081e+09 1.043505122253896187e-49
2.899422853882881165e+09 1.980858476757427014e-53
3.217641750250735283e+09 3.774664978330651334e-58
3.570785964900462627e+09 3.040878472926181318e-64
