1.000000000000000000e+02 9.641127673361583819e-12
1.109752496412072134e+02 8.592162160014503256e-12
1.231550603292826196e+02 7.653963075082390088e-12
1.366716356462005990e+02 6.815174837827771827e-12
1.516716888470922413e+02 6.063539215917421758e-12
1.683180353330956791e+02 5.393466977284831088e-12
1.867913599020782840e+02 4.793162051132246395e-12
2.072921779595371845e+02 4.258173156388038415e-12
2.300430119772916839e+02 3.779465896760339766e-12
2.552908068239516410e+02 3.352200194608445157e-12
2.833096101839323637e+02 2.971508737189038862e-12
3.144035471591500368e+02 2.631222332813856138e-12
3.489101213406774491e+02 2.328644076365722034e-12
3.872038781812557318e+02 2.058609738757849391e-12
4.297004704320843871e+02 1.818642435881772398e-12
4.768611697714468960e+02 1.604677011907722199e-12
5.291978735958442712e+02 1.414928766505655037e-12
5.872786613189482523e+02 1.245898187127718577e-12
6.517339604882420190e+02 1.096319116546216783e-12
7.232633896483533817e+02 9.631753700545281403e-13
8.026433522257173081e+02 8.458790451883083334e-13
8.907354638610439679e+02 7.415254315880016895e-13
9.884959046625587007e+02 6.496244648517586575e-13
1.096985797892383971e+03 5.680536586708426924e-13
1.217382727739662187e+03 4.964998508642393229e-13
1.350993521198027793e+03 4.332954769680112048e-13
1.499268432786045423e+03 3.777159403084854368e-13
1.663816886076128640e+03 3.288885520126275636e-13
1.846424942895544291e+03 2.860106038051040271e-13
2.049074689815845886e+03 2.484907166732598213e-13
2.273965752357927613e+03 2.156071176346204077e-13
2.523539170434765765e+03 1.869277697788270072e-13
2.800503894183631019e+03 1.618889291905121700e-13
3.107866187782013640e+03 1.400870059771174379e-13
3.448962260405759935e+03 1.211089874937028171e-13
3.827494478516314757e+03 1.046008221679826736e-13
4.247571552536898707e+03 9.027041147565982457e-14
4.713753134116724141e+03 7.784973655626905491e-14
5.231099308056262998e+03 6.707925313829986765e-14
5.805225516094896193e+03 5.774683829906656744e-14
6.442363508721369726e+03 4.967791929091216003e-14
7.149428986597576113e+03 4.268522033800621852e-14
7.934096665797491369e+03 3.663173391351812660e-14
8.804883581643463913e+03 3.141929301790310481e-14
9.771241535346502133e+03 2.688697394386629094e-14
1.084365968689610963e+04 2.297207624064921421e-14
1.203377840777589154e+04 1.959532369663110245e-14
1.335451562929898682e+04 1.667140358443568878e-14
1.482020705798858762e+04 1.414142868342712274e-14
1.644676177994664249e+04 1.197874788221841692e-14
1.825183494319044257e+04 1.008857815197869180e-14
2.025501939230666540e+04 8.478621991388015891e-15
2.247805833548725059e+04 7.102767292371987732e-15
2.494508135230316839e+04 5.905423148768161991e-15
2.768286630392066581e+04 4.903954831347229531e-15
3.072112998861759115e+04 4.043905108030325515e-15
3.409285069746814406e+04 3.316467149551350496e-15
3.783462617131928710e+04 2.704621997880823975e-15
4.198707084443910571e+04 2.194573329881704266e-15
4.659525668664683326e+04 1.764776930808603741e-15
5.170920242896761192e+04 1.410973685437877417e-15
5.738441648302398244e+04 1.120914215394991269e-15
6.368249944718585903e+04 8.842495905826864833e-16
7.067181273927491566e+04 6.925939068951807045e-16
7.842822061337680498e+04 5.386776037752559206e-16
8.703591361485165544e+04 4.161097327624675027e-16
9.658832241158708348e+04 3.198069680128491416e-16
1.071891319205127511e+05 2.447066310914873267e-16
1.189534067370319535e+05 1.866488586478204435e-16
1.320088400831418112e+05 1.417356727871775420e-16
1.464971398307286145e+05 1.075704410982554781e-16
1.625755666443794908e+05 8.181087954273031153e-17
1.804186409392071655e+05 6.243019313993159669e-17
2.002200371815584658e+05 4.777590267530757412e-17
2.221946860939523904e+05 3.662954341682115668e-17
2.465811075822604180e+05 2.819968244538840092e-17
2.736439997074671555e+05 2.177849942997244877e-17
3.036771118035460822e+05 1.682445970566219388e-17
3.370064329271928291e+05 1.299265533246643213e-17
3.739937302478798083e+05 9.989701349975411540e-18
4.150404757850476308e+05 7.624530998721094727e-18
4.605922041145108524e+05 5.766404846195284964e-18
5.111433483440171112e+05 4.311192408243957763e-18
5.672426068491977639e+05 3.182384840060515019e-18
6.294988990221888525e+05 2.322384500737641878e-18
6.985879746785250027e+05 1.684703565806805222e-18
7.752597488629464060e+05 1.223853551730104355e-18
8.603464416684507160e+05 8.972394792915845524e-19
9.547716114208066138e+05 6.669906330950105283e-19
1.059560179277617019e+06 5.033615963142407855e-19
1.175849554052158026e+06 3.845155120214333247e-19
1.304901978014401859e+06 2.962033305395453037e-19
1.448118227674532915e+06 2.290707013127320137e-19
1.607052818261638284e+06 1.774413288020351185e-19
1.783430876931909472e+06 1.373385996508782958e-19
1.979166867853557458e+06 1.060617324339719754e-19
2.196385372416546568e+06 8.171321317207430765e-20
2.437444150122222025e+06 6.278516015739095174e-20
2.704959730463137385e+06 4.810897317245458656e-20
3.001835813575591892e+06 3.674957762477803456e-20
3.331294787934676744e+06 2.799120052406359859e-20
3.696912707195031922e+06 2.123460518416602664e-20
4.102658105827190448e+06 1.604020852852165344e-20
4.552935074866947718e+06 1.205802709328433091e-20
5.052631065335679799e+06 9.013840190203750380e-21
5.607169938205458224e+06 6.693943241769153904e-21
6.222570836730230600e+06 4.933348916549949077e-21
6.905513520162330940e+06 3.603969326415107794e-21
7.663410868007462472e+06 2.605928815749893688e-21
8.504489341802684590e+06 1.866526670307367841e-21
9.437878277775391936e+06 1.321194565277152784e-21
1.047370897959450819e+07 9.195400484775705617e-22
1.162322468679854274e+07 6.310514020525391416e-22
1.289890261253307760e+07 4.267845437498687253e-22
1.431458937523478456e+07 2.847598180741684472e-22
1.588565129428052530e+07 1.882675365341009771e-22
1.762914118095947802e+07 1.243403112610682177e-22
1.956398343517064676e+07 8.247154428942235203e-23
2.171117945694505423e+07 5.524649762122326189e-23
2.409403560239527002e+07 3.736933036266502366e-23
2.673841615839949250e+07 2.544100046709501579e-23
2.967302408188872784e+07 1.737887552002517545e-23
3.292971255097155273e+07 1.189676694418177470e-23
3.654383070957254618e+07 8.159464312565040391e-24
4.055460735840827972e+07 5.604345299301456019e-24
4.500557675700496882e+07 3.852545187616535070e-24
4.994505115855139494e+07 2.649596123669522643e-24
5.542664520663107187e+07 1.822743092262030123e-24
6.150985788580504060e+07 1.253999101477322606e-24
6.826071834272393584e+07 8.625171291431468135e-25
7.575250258771920204e+07 5.930533148024591150e-25
8.406652885618332028e+07 4.075875031965714077e-25
9.329304026284696162e+07 2.799485010049616728e-25
1.035321843295663744e+08 1.921490039074494571e-25
1.148951000187308788e+08 1.317682856058309308e-25
1.275051240713012964e+08 9.027406248203278419e-26
1.414991297434575856e+08 6.177361914934776863e-26
1.570290124729377627e+08 4.222101874149898793e-26
1.742633386009651124e+08 2.881176989768641901e-26
1.933891750455232263e+08 1.962913109769834091e-26
2.146141197858406007e+08 1.334637102332190911e-26
2.381685551976160705e+08 9.054473143062780938e-27
2.643081486974108517e+08 6.126456706215555600e-27
2.933166278390048146e+08 4.132914578868753903e-27
3.255088599835056663e+08 2.777767754772893762e-27
3.612342699709430337e+08 1.859026936122097084e-27
4.008806328898465633e+08 1.237919744451597726e-27
4.448782831127585173e+08 8.193391982960620552e-28
4.937047852839003801e+08 5.384185372080514932e-28
5.478901179593944550e+08 3.507299355993446556e-28
6.080224261649426222e+08 2.260105628205319206e-28
6.747544053110699654e+08 1.437017266136785865e-28
7.488103857590031624e+08 8.980710566157717379e-29
8.309941949353404045e+08 5.486952174866388570e-29
9.221978823334341049e+08 3.251391818370035675e-29
1.023411402105452657e+09 1.845038417048698299e-29
1.135733358343105316e+09 9.806737686088199069e-30
1.260382929679727316e+09 4.677220477769971400e-30
1.398713102647238731e+09 1.806429049150590648e-30
1.552225357427047968e+09 4.003981098526735246e-31
