1.000000000000000000e+02 6.643906132921913063e-12
1.109752496412072134e+02 5.491764416373701894e-12
1.231550603292826196e+02 4.553582539434060072e-12
1.366716356462005990e+02 3.791899251564282549e-12
1.516716888470922413e+02 3.169292892522119016e-12
1.683180353330956791e+02 2.659782382272172451e-12
1.867913599020782840e+02 2.239787981492951122e-12
2.072921779595371845e+02 1.892009523429685920e-12
2.300430119772916839e+02 1.601633092459973748e-12
2.552908068239516410e+02 1.358480287167485155e-12
2.833096101839323637e+02 1.153579886185730119e-12
3.144035471591500368e+02 9.793570126481316407e-13
3.489101213406774491e+02 8.320889270119299641e-13
3.872038781812557318e+02 7.051645711127556000e-13
4.297004704320843871e+02 5.969682428480812420e-13
4.768611697714468960e+02 5.049214890744877924e-13
5.291978735958442712e+02 4.251151391629178089e-13
5.872786613189482523e+02 3.573691409313473088e-13
6.517339604882420190e+02 2.994158480593285407e-13
7.232633896483533817e+02 2.499900053326317920e-13
8.026433522257173081e+02 2.076471863758059318e-13
8.907354638610439679e+02 1.717672070249499043e-13
9.884959046625587007e+02 1.416408633246890070e-13
1.096985797892383971e+03 1.161099751213327725e-13
1.217382727739662187e+03 9.457787493532309629e-14
1.350993521198027793e+03 7.658786337464968800e-14
1.499268432786045423e+03 6.178535117911497559e-14
1.663816886076128640e+03 4.960343721815363099e-14
1.846424942895544291e+03 3.937040130768201654e-14
2.049074689815845886e+03 3.111010019993289038e-14
2.273965752357927613e+03 2.450204752939723640e-14
2.523539170434765765e+03 1.916962295766386134e-14
2.800503894183631019e+03 1.483576294378389968e-14
3.107866187782013640e+03 1.146321861434005275e-14
3.448962260405759935e+03 8.818185417891612105e-15
3.827494478516314757e+03 6.747127262833830697e-15
4.247571552536898707e+03 5.145207302506925344e-15
4.713753134116724141e+03 3.917234406788019456e-15
5.231099308056262998e+03 2.972598404468446704e-15
5.805225516094896193e+03 2.249958734241314416e-15
6.442363508721369726e+03 1.696452404705252917e-15
7.149428986597576113e+03 1.271913333355286923e-15
7.934096665797491369e+03 9.441420377555909553e-16
8.804883581643463913e+03 6.921340816070651904e-16
9.771241535346502133e+03 4.979492041205414577e-16
1.084365968689610963e+04 3.492260773338028565e-16
1.203377840777589154e+04 2.368535487333691802e-16
1.335451562929898682e+04 1.540112864718292909e-16
1.482020705798858762e+04 9.493863622445699894e-17
1.644676177994664249e+04 5.524570231170717397e-17
1.825183494319044257e+04 3.044059337407659322e-17
2.025501939230666540e+04 1.634670426054401586e-17
2.247805833548725059e+04 9.093375663340500679e-18
2.494508135230316839e+04 5.575440688165247481e-18
2.768286630392066581e+04 3.835122994559032253e-18
3.072112998861759115e+04 2.894177153961750639e-18
3.409285069746814406e+04 2.309347031409565721e-18
3.783462617131928710e+04 1.893395000917105507e-18
4.198707084443910571e+04 1.569861248825872088e-18
4.659525668664683326e+04 1.306902180591127636e-18
5.170920242896761192e+04 1.088647407542011399e-18
5.738441648302398244e+04 9.063733154341763002e-19
6.368249944718585903e+04 7.539918245949759679e-19
7.067181273927491566e+04 6.262556583902912647e-19
7.842822061337680498e+04 5.195314134690019579e-19
8.703591361485165544e+04 4.304021745053664699e-19
9.658832241158708348e+04 3.559868271664291097e-19
1.071891319205127511e+05 2.940590943918994282e-19
1.189534067370319535e+05 2.425449076241347355e-19
1.320088400831418112e+05 1.997587319857207134e-19
1.464971398307286145e+05 1.642579987832907548e-19
1.625755666443794908e+05 1.348629512796816658e-19
1.804186409392071655e+05 1.105628503715091675e-19
2.002200371815584658e+05 9.050644407125879669e-20
2.221946860939523904e+05 7.395910613634983188e-20
2.465811075822604180e+05 6.034351026443215181e-20
2.736439997074671555e+05 4.915444091833670649e-20
3.036771118035460822e+05 3.996914231470932703e-20
3.370064329271928291e+05 3.243786378120077875e-20
3.739937302478798083e+05 2.628178022555777238e-20
4.150404757850476308e+05 2.125404691671514879e-20
4.605922041145108524e+05 1.715170913776108308e-20
5.111433483440171112e+05 1.381219261440034505e-20
5.672426068491977639e+05 1.110259853365112896e-20
6.294988990221888525e+05 8.906167109477570151e-21
6.985879746785250027e+05 7.130360019441547529e-21
7.752597488629464060e+05 5.698645051005630562e-21
8.603464416684507160e+05 4.546306907471208162e-21
9.547716114208066138e+05 3.620215155928694280e-21
1.059560179277617019e+06 2.877462347627885034e-21
1.175849554052158026e+06 2.282878230241320746e-21
1.304901978014401859e+06 1.807757800011945060e-21
1.448118227674532915e+06 1.428735813190219735e-21
1.607052818261638284e+06 1.126752368147461927e-21
1.783430876931909472e+06 8.869400242847215211e-22
1.979166867853557458e+06 6.967094968776447806e-22
2.196385372416546568e+06 5.460514592060161712e-22
2.437444150122222025e+06 4.270070358161235912e-22
2.704959730463137385e+06 3.331514887316227367e-22
3.001835813575591892e+06 2.593160162918898313e-22
3.331294787934676744e+06 2.013801668054610935e-22
3.696912707195031922e+06 1.559892367919107038e-22
4.102658105827190448e+06 1.205187953083182625e-22
4.552935074866947718e+06 9.286117632856600908e-23
5.052631065335679799e+06 7.135171888581826084e-23
5.607169938205458224e+06 5.467782459734562980e-23
6.222570836730230600e+06 4.176228978079101818e-23
6.905513520162330940e+06 3.179471557826925269e-23
7.663410868007462472e+06 2.412645848060944304e-23
8.504489341802684590e+06 1.824504305454033161e-23
9.437878277775391936e+06 1.374429635568513072e-23
1.047370897959450819e+07 1.031316954582230977e-23
1.162322468679854274e+07 7.706109060639748997e-24
1.289890261253307760e+07 5.731392408431884572e-24
1.431458937523478456e+07 4.242418168225204714e-24
1.588565129428052530e+07 3.123237415834097786e-24
1.762914118095947802e+07 2.286036959571714950e-24
1.956398343517064676e+07 1.662411345927720141e-24
2.171117945694505423e+07 1.200410333317158696e-24
2.409403560239527002e+07 8.599804853174455806e-25
2.673841615839949250e+07 6.106422427924126803e-25
2.967302408188872784e+07 4.292884273045041706e-25
3.292971255097155273e+07 2.983093247298496419e-25
3.654383070957254618e+07 2.046450987294123479e-25
4.055460735840827972e+07 1.382235774243442174e-25
4.500557675700496882e+07 9.175115055626182148e-26
4.994505115855139494e+07 5.964582596717753972e-26
5.542664520663107187e+07 3.785618155934070531e-26
6.150985788580504060e+07 2.334022327500263085e-26
6.826071834272393584e+07 1.390975481451176689e-26
7.575250258771920204e+07 7.957772674976463074e-27
8.406652885618332028e+07 4.324762303033519151e-27
9.329304026284696162e+07 2.181382158842948821e-27
1.035321843295663744e+08 9.577611835276620316e-28
1.148951000187308788e+08 2.949588592699250571e-28
1.275051240713012964e+08 9.729354604540244007e-30
