1.000000000000000000e+02 1.123844533849773428e-11
1.109752496412072134e+02 1.014216287932437636e-11
1.231550603292826196e+02 9.152555749675821839e-12
1.366716356462005990e+02 8.260413330679172720e-12
1.516716888470922413e+02 7.456195059787842442e-12
1.683180353330956791e+02 6.729824733460098359e-12
1.867913599020782840e+02 6.074824969153343444e-12
2.072921779595371845e+02 5.483588316338546878e-12
2.300430119772916839e+02 4.950293756412105843e-12
2.552908068239516410e+02 4.469725717389950618e-12
2.833096101839323637e+02 4.035533717828819881e-12
3.144035471591500368e+02 3.644161211581831123e-12
3.489101213406774491e+02 3.290523517734467989e-12
3.872038781812557318e+02 2.971542294426574762e-12
4.297004704320843871e+02 2.683969089722607448e-12
4.768611697714468960e+02 2.423972014584166544e-12
5.291978735958442712e+02 2.189592612115665207e-12
5.872786613189482523e+02 1.977896429767916549e-12
6.517339604882420190e+02 1.786817070781508710e-12
7.232633896483533817e+02 1.614199585366044961e-12
8.026433522257173081e+02 1.458374477172726732e-12
8.907354638610439679e+02 1.317957084738262953e-12
9.884959046625587007e+02 1.190723234688984662e-12
1.096985797892383971e+03 1.076038459254695654e-12
1.217382727739662187e+03 9.722482659639208281e-13
1.350993521198027793e+03 8.785617454996461727e-13
1.499268432786045423e+03 7.940279839051560079e-13
1.663816886076128640e+03 7.173943364684709556e-13
1.846424942895544291e+03 6.483310264402613069e-13
2.049074689815845886e+03 5.859834492605289723e-13
2.273965752357927613e+03 5.291318362188095534e-13
2.523539170434765765e+03 4.782443089272642127e-13
2.800503894183631019e+03 4.319283597064456475e-13
3.107866187782013640e+03 3.901036028938322849e-13
3.448962260405759935e+03 3.524433315254796845e-13
3.827494478516314757e+03 3.179833041264984380e-13
4.247571552536898707e+03 2.870981990870481991e-13
4.713753134116724141e+03 2.589393835846676517e-13
5.231099308056262998e+03 2.336170915311302712e-13
5.805225516094896193e+03 2.105311718814014435e-13
6.442363508721369726e+03 1.897068956404483166e-13
7.149428986597576113e+03 1.707755085106488301e-13
7.934096665797491369e+03 1.536370283640101278e-13
8.804883581643463913e+03 1.381466180300763886e-13
9.771241535346502133e+03 1.240225784994541817e-13
1.084365968689610963e+04 1.113115789309633309e-13
1.203377840777589154e+04 9.967754593453633150e-14
1.335451562929898682e+04 8.928043078930274061e-14
1.482020705798858762e+04 7.968559984796369223e-14
1.644676177994664249e+04 7.112236700231046690e-14
1.825183494319044257e+04 6.326997813580194634e-14
2.025501939230666540e+04 5.627792382328705649e-14
2.247805833548725059e+04 4.987130264095111890e-14
2.494508135230316839e+04 4.414333508008737507e-14
2.768286630392066581e+04 3.882876463292846648e-14
3.072112998861759115e+04 3.418473126769279109e-14
3.409285069746814406e+04 2.990256499788238454e-14
3.783462617131928710e+04 2.619760563167020009e-14
4.198707084443910571e+04 2.274026170691299928e-14
4.659525668664683326e+04 1.971672134886058074e-14
5.170920242896761192e+04 1.694636819153661784e-14
5.738441648302398244e+04 1.456231903652753104e-14
6.368249944718585903e+04 1.240307812345092639e-14
7.067181273927491566e+04 1.051142488911138431e-14
7.842822061337680498e+04 8.863195361566654272e-15
8.703591361485165544e+04 7.412867440247017357e-15
9.658832241158708348e+04 6.167378038174139626e-15
1.071891319205127511e+05 5.085548262365668713e-15
1.189534067370319535e+05 4.162462749323374767e-15
1.320088400831418112e+05 3.392812631970345301e-15
1.464971398307286145e+05 2.723114181448277057e-15
1.625755666443794908e+05 2.204068693284819745e-15
1.804186409392071655e+05 1.735560491011089387e-15
2.002200371815584658e+05 1.383501616706760131e-15
2.221946860939523904e+05 1.086968424984810954e-15
2.465811075822604180e+05 8.526486775073612576e-16
2.736439997074671555e+05 6.697247932752254338e-16
3.036771118035460822e+05 5.256238780376906909e-16
3.370064329271928291e+05 4.134717187860129574e-16
3.739937302478798083e+05 3.267374902425257387e-16
4.150404757850476308e+05 2.595151888513070982e-16
4.605922041145108524e+05 2.070862099213634070e-16
5.111433483440171112e+05 1.663052211679649563e-16
5.672426068491977639e+05 1.339706563478086852e-16
6.294988990221888525e+05 1.080091552938675818e-16
6.985879746785250027e+05 8.702109991184270449e-17
7.752597488629464060e+05 6.979323517324865125e-17
8.603464416684507160e+05 5.554898696992828738e-17
9.547716114208066138e+05 4.372736140049652126e-17
1.059560179277617019e+06 3.398308618281910618e-17
1.175849554052158026e+06 2.600860615994802485e-17
1.304901978014401859e+06 1.951260763981496805e-17
1.448118227674532915e+06 1.430729323493860071e-17
1.607052818261638284e+06 1.024450953014054676e-17
1.783430876931909472e+06 7.137887513968503638e-18
1.979166867853557458e+06 4.833507551274631420e-18
2.196385372416546568e+06 3.183632714535481836e-18
2.437444150122222025e+06 2.057919324997040046e-18
2.704959730463137385e+06 1.306630587842335932e-18
3.001835813575591892e+06 8.266815624905209070e-19
3.331294787934676744e+06 5.268129055594361209e-19
3.696912707195031922e+06 3.415679294744044918e-19
4.102658105827190448e+06 2.244092197700716478e-19
4.552935074866947718e+06 1.505320159539523807e-19
5.052631065335679799e+06 1.042552746722658757e-19
5.607169938205458224e+06 7.558202201244663916e-20
6.222570836730230600e+06 5.736705919860789319e-20
6.905513520162330940e+06 4.506462220771503291e-20
7.663410868007462472e+06 3.610901779041898887e-20
8.504489341802684590e+06 2.919040780924498176e-20
9.437878277775391936e+06 2.367055874875922299e-20
1.047370897959450819e+07 1.917335889186896208e-20
1.162322468679854274e+07 1.550208964075384508e-20
1.289890261253307760e+07 1.250708082920245427e-20
1.431458937523478456e+07 1.006358916905416751e-20
1.588565129428052530e+07 8.085486725822514089e-21
1.762914118095947802e+07 6.470521045751880455e-21
1.956398343517064676e+07 5.166209481289078760e-21
2.171117945694505423e+07 4.110122719479573132e-21
2.409403560239527002e+07 3.255189224097588923e-21
2.673841615839949250e+07 2.569656140260895278e-21
2.967302408188872784e+07 2.015048643019087057e-21
3.292971255097155273e+07 1.574140841966185693e-21
3.654383070957254618e+07 1.222298591894760826e-21
4.055460735840827972e+07 9.413232930735849088e-22
4.500557675700496882e+07 7.208020540775757033e-22
4.994505115855139494e+07 5.470232293918756273e-22
5.542664520663107187e+07 4.117780131663135235e-22
6.150985788580504060e+07 3.067524537987168296e-22
6.826071834272393584e+07 2.263967212219670749e-22
7.575250258771920204e+07 1.653900352841350675e-22
8.406652885618332028e+07 1.195781455288182826e-22
9.329304026284696162e+07 8.564296082115001885e-23
1.035321843295663744e+08 6.079968424278452388e-23
1.148951000187308788e+08 4.286320003163362989e-23
1.275051240713012964e+08 3.005283216721327523e-23
1.414991297434575856e+08 2.100594660010096090e-23
1.570290124729377627e+08 1.464887473329324039e-23
1.742633386009651124e+08 1.020080369689755395e-23
1.933891750455232263e+08 7.089038048362990083e-24
2.146141197858406007e+08 4.905794169203268987e-24
2.381685551976160705e+08 3.374127475287194951e-24
2.643081486974108517e+08 2.301465036511338647e-24
2.933166278390048146e+08 1.554850757999934662e-24
3.255088599835056663e+08 1.037826877841978916e-24
3.612342699709430337e+08 6.834630239836630643e-25
4.008806328898465633e+08 4.425762645396039674e-25
4.448782831127585173e+08 2.811871069442948016e-25
4.937047852839003801e+08 1.721761574571562101e-25
5.478901179593944550e+08 1.011464647841682953e-25
6.080224261649426222e+08 5.565638903159566103e-26
6.747544053110699654e+08 2.765540700046809302e-26
7.488103857590031624e+08 1.145436565283523942e-26
8.309941949353404045e+08 3.216625259803288848e-27
9.221978823334341049e+08 2.818656372404883064e-28
1.023411402105452657e+09 4.563796811173126190e-34
1.135733358343105316e+09 1.041578294580073338e-45
1.260382929679727316e+09 2.081576936730449757e-59
1.398713102647238731e+09 2.526404539094019261e-72
1.552225357427047968e+09 4.044205134673517157e-85
1.722585965398787737e+09 2.037418440627812316e-96
1.911644075385703564e+09 2.312075075317874724e-105
2.121451784910631895e+09 3.733940047167742281e-115
2.354286414322420120e+09 1.090777250872452230e-126
2.612675225563332081e+09 4.580262910076097009e-140
2.899422853882881165e+09 1.559780713070501287e-155
