1.000000000000000000e+02 1.033262888994886311e-15
1.109752496412072134e+02 8.868091738045670455e-16
1.231550603292826196e+02 7.610734670970289708e-16
1.366716356462005990e+02 6.527908538979866054e-16
1.516716888470922413e+02 5.601545424261505016e-16
1.683180353330956791e+02 4.808615756287794329e-16
1.867913599020782840e+02 4.123919933343775068e-16
2.072921779595371845e+02 3.535822471555050424e-16
2.300430119772916839e+02 3.030925720620741146e-16
2.552908068239516410e+02 2.595476170286991760e-16
2.833096101839323637e+02 2.218757362645269444e-16
3.144035471591500368e+02 1.893114578485397489e-16
3.489101213406774491e+02 1.611464141312580979e-16
3.872038781812557318e+02 1.368888765318800158e-16
4.297004704320843871e+02 1.158637540381122791e-16
4.768611697714468960e+02 9.761315768558237129e-17
5.291978735958442712e+02 8.177310012833330162e-17
5.872786613189482523e+02 6.815246926240570517e-17
6.517339604882420190e+02 5.648255673400965476e-17
7.232633896483533817e+02 4.642270474642830811e-17
8.026433522257173081e+02 3.781257583215229443e-17
8.907354638610439679e+02 3.047867820607004763e-17
9.884959046625587007e+02 2.427472412549510182e-17
1.096985797892383971e+03 1.906778641909096581e-17
1.217382727739662187e+03 1.473121655495224121e-17
1.350993521198027793e+03 1.115998709596626583e-17
1.499268432786045423e+03 8.259287565966750204e-18
1.663816886076128640e+03 5.945753125246677288e-18
1.846424942895544291e+03 4.138414902904573753e-18
2.049074689815845886e+03 2.767107100872573544e-18
2.273965752357927613e+03 1.765688636090023213e-18
2.523539170434765765e+03 1.067249061283783732e-18
2.800503894183631019e+03 6.088399853436094802e-19
3.107866187782013640e+03 3.274545512639188953e-19
3.448962260405759935e+03 1.676238500774719926e-19
3.827494478516314757e+03 8.421972198250476616e-20
4.247571552536898707e+03 4.376006962353853430e-20
4.713753134116724141e+03 2.466796907514782482e-20
5.231099308056262998e+03 1.551456991687677163e-20
5.805225516094896193e+03 1.084787743091101299e-20
6.442363508721369726e+03 8.196083972702229759e-21
7.149428986597576113e+03 6.484545328333670435e-21
7.934096665797491369e+03 5.253960521306450509e-21
8.804883581643463913e+03 4.305157967637523445e-21
9.771241535346502133e+03 3.545177685874226387e-21
1.084365968689610963e+04 2.924665060067968980e-21
1.203377840777589154e+04 2.413523545197442640e-21
1.335451562929898682e+04 1.990943787048796786e-21
1.482020705798858762e+04 1.641006756866642542e-21
1.644676177994664249e+04 1.351347672901131428e-21
1.825183494319044257e+04 1.111699800165851481e-21
2.025501939230666540e+04 9.136235090986523391e-22
2.247805833548725059e+04 7.499225716202949029e-22
2.494508135230316839e+04 6.148510317279091317e-22
2.768286630392066581e+04 5.034952285500289423e-22
3.072112998861759115e+04 4.117603775845420757e-22
3.409285069746814406e+04 3.362756511783451350e-22
3.783462617131928710e+04 2.741914563310744980e-22
4.198707084443910571e+04 2.232390743321883388e-22
4.659525668664683326e+04 1.814481226529006699e-22
5.170920242896761192e+04 1.472285234082737213e-22
5.738441648302398244e+04 1.192379267126798072e-22
6.368249944718585903e+04 9.635193008532119339e-23
7.067181273927491566e+04 7.769500063423455066e-23
7.842822061337680498e+04 6.250416117686455091e-23
8.703591361485165544e+04 5.015815591733470244e-23
9.658832241158708348e+04 4.016277254739795703e-23
1.071891319205127511e+05 3.207563667290964601e-23
1.189534067370319535e+05 2.553055243328711389e-23
1.320088400831418112e+05 2.026151404617016912e-23
1.464971398307286145e+05 1.602891390496982925e-23
1.625755666443794908e+05 1.263908722045344964e-23
1.804186409392071655e+05 9.932962488986969098e-24
2.002200371815584658e+05 7.778845398798507152e-24
2.221946860939523904e+05 6.071825942576495269e-24
2.465811075822604180e+05 4.723550915056107486e-24
2.736439997074671555e+05 3.662215075594135476e-24
3.036771118035460822e+05 2.830213939081668792e-24
3.370064329271928291e+05 2.179820425611250383e-24
3.739937302478798083e+05 1.673120798019141853e-24
4.150404757850476308e+05 1.279388774397813581e-24
4.605922041145108524e+05 9.748702125710856315e-25
5.111433483440171112e+05 7.400530224351961986e-25
5.672426068491977639e+05 5.598721025753228677e-25
6.294988990221888525e+05 4.221030861575540618e-25
6.985879746785250027e+05 3.169082760796303129e-25
7.752597488629464060e+05 2.365975656550862128e-25
8.603464416684507160e+05 1.758183212461060071e-25
9.547716114208066138e+05 1.299185605272872133e-25
1.059560179277617019e+06 9.513791747487592075e-26
1.175849554052158026e+06 6.905746564314499131e-26
1.304901978014401859e+06 4.957794800164556517e-26
1.448118227674532915e+06 3.513007891297787112e-26
1.607052818261638284e+06 2.449867451828610900e-26
1.783430876931909472e+06 1.676196554437332347e-26
1.979166867853557458e+06 1.121678733374868961e-26
2.196385372416546568e+06 7.310348039746799862e-27
2.437444150122222025e+06 4.614917647512609094e-27
2.704959730463137385e+06 2.804902997930443130e-27
3.001835813575591892e+06 1.629122574662978124e-27
3.331294787934676744e+06 8.981028105810029831e-28
3.696912707195031922e+06 4.670976571479330874e-28
4.102658105827190448e+06 2.303274329402705251e-28
4.552935074866947718e+06 1.100660577649600704e-28
5.052631065335679799e+06 5.300482191331748899e-29
5.607169938205458224e+06 2.578846471719270611e-29
6.222570836730230600e+06 1.150156372977687284e-29
6.905513520162330940e+06 3.807616903193534976e-30
7.663410868007462472e+06 2.235259656264075944e-31
