1.000000000000000000e+02 4.401672629626209186e-13
1.109752496412072134e+02 3.803820352393123119e-13
1.231550603292826196e+02 3.286067115741222312e-13
1.366716356462005990e+02 2.837932447425836154e-13
1.516716888470922413e+02 2.450236931027313845e-13
1.683180353330956791e+02 2.114776964539348839e-13
1.867913599020782840e+02 1.824603472413975777e-13
2.072921779595371845e+02 1.573644894317446754e-13
2.300430119772916839e+02 1.356862747551071271e-13
2.552908068239516410e+02 1.169414158586359511e-13
2.833096101839323637e+02 1.007535521609909648e-13
3.144035471591500368e+02 8.676817526224241861e-14
3.489101213406774491e+02 7.469683165864942502e-14
3.872038781812557318e+02 6.427789613893106999e-14
4.297004704320843871e+02 5.529563705714845861e-14
4.768611697714468960e+02 4.754301180257724555e-14
5.291978735958442712e+02 4.086254241142916069e-14
5.872786613189482523e+02 3.510486523485035200e-14
6.517339604882420190e+02 3.014427045157821816e-14
7.232633896483533817e+02 2.587586337732479217e-14
8.026433522257173081e+02 2.220060181688028384e-14
8.907354638610439679e+02 1.903861732785580172e-14
9.884959046625587007e+02 1.631929170367538328e-14
1.096985797892383971e+03 1.398304180702831737e-14
1.217382727739662187e+03 1.197462397201920524e-14
1.350993521198027793e+03 1.025094187508260058e-14
1.499268432786045423e+03 8.770789549039047471e-15
1.663816886076128640e+03 7.501482599183712859e-15
1.846424942895544291e+03 6.412968568485675013e-15
2.049074689815845886e+03 5.480266175678538022e-15
2.273965752357927613e+03 4.681169424430385237e-15
2.523539170434765765e+03 3.996707236218354568e-15
2.800503894183631019e+03 3.411258637852031532e-15
3.107866187782013640e+03 2.910210710220630473e-15
3.448962260405759935e+03 2.482223386338622521e-15
3.827494478516314757e+03 2.115922285993020729e-15
4.247571552536898707e+03 1.803464265196253944e-15
4.713753134116724141e+03 1.536388970506975554e-15
5.231099308056262998e+03 1.308494550885021331e-15
5.805225516094896193e+03 1.114004706094949683e-15
6.442363508721369726e+03 9.482415270627923055e-16
7.149428986597576113e+03 8.068098222365058851e-16
7.934096665797491369e+03 6.862686322404206418e-16
8.804883581643463913e+03 5.836213326531605614e-16
9.771241535346502133e+03 4.961269226654968052e-16
1.084365968689610963e+04 4.216069368769231156e-16
1.203377840777589154e+04 3.581839624384837006e-16
1.335451562929898682e+04 3.041979024945800580e-16
1.482020705798858762e+04 2.582675699065887099e-16
1.644676177994664249e+04 2.192035281873339625e-16
1.825183494319044257e+04 1.859709439484807271e-16
2.025501939230666540e+04 1.577483398852183496e-16
2.247805833548725059e+04 1.337413907201128124e-16
2.494508135230316839e+04 1.133610547692920465e-16
2.768286630392066581e+04 9.603609030240518609e-17
3.072112998861759115e+04 8.134223736625611326e-17
3.409285069746814406e+04 6.885822007947514650e-17
3.783462617131928710e+04 5.827030924476563599e-17
4.198707084443910571e+04 4.928873984857347233e-17
4.659525668664683326e+04 4.167587216912828371e-17
5.170920242896761192e+04 3.521969395345869853e-17
5.738441648302398244e+04 2.975486692847415218e-17
6.368249944718585903e+04 2.512037920660835667e-17
7.067181273927491566e+04 2.119918462531239703e-17
7.842822061337680498e+04 1.787948185702058238e-17
8.703591361485165544e+04 1.507097991855635454e-17
9.658832241158708348e+04 1.269721055514999389e-17
1.071891319205127511e+05 1.069002177383903827e-17
1.189534067370319535e+05 8.995683500047550618e-18
1.320088400831418112e+05 7.562971951230657784e-18
1.464971398307286145e+05 6.355439521368161218e-18
1.625755666443794908e+05 5.335840578643605943e-18
1.804186409392071655e+05 4.476748020928933465e-18
2.002200371815584658e+05 3.752498611175715652e-18
2.221946860939523904e+05 3.143088388722379072e-18
2.465811075822604180e+05 2.629836851230681810e-18
2.736439997074671555e+05 2.198676938837983294e-18
3.036771118035460822e+05 1.836196497940021938e-18
3.370064329271928291e+05 1.531809597973807318e-18
3.739937302478798083e+05 1.276560004821242145e-18
4.150404757850476308e+05 1.062448061063800105e-18
4.605922041145108524e+05 8.833570752769619919e-19
5.111433483440171112e+05 7.332705298842821212e-19
5.672426068491977639e+05 6.080412288992220120e-19
6.294988990221888525e+05 5.033236147504401076e-19
6.985879746785250027e+05 4.161361947260258354e-19
7.752597488629464060e+05 3.433793609897635365e-19
8.603464416684507160e+05 2.829188818572881403e-19
9.547716114208066138e+05 2.326611634802719964e-19
1.059560179277617019e+06 1.909647925392818522e-19
1.175849554052158026e+06 1.564484235605795626e-19
1.304901978014401859e+06 1.278390169277855380e-19
1.448118227674532915e+06 1.042706022550162594e-19
1.607052818261638284e+06 8.478749036044879343e-20
1.783430876931909472e+06 6.879922191607826216e-20
1.979166867853557458e+06 5.565666750884100529e-20
2.196385372416546568e+06 4.488638973401388843e-20
2.437444150122222025e+06 3.609980292106744839e-20
2.704959730463137385e+06 2.890916886477015742e-20
3.001835813575591892e+06 2.308083339179999102e-20
3.331294787934676744e+06 1.834840375611163580e-20
3.696912707195031922e+06 1.451938242032380478e-20
4.102658105827190448e+06 1.144324570365790318e-20
4.552935074866947718e+06 8.964396740420788916e-21
5.052631065335679799e+06 6.987854641039351548e-21
5.607169938205458224e+06 5.414926771008183609e-21
6.222570836730230600e+06 4.163882185608129461e-21
6.905513520162330940e+06 3.181633435025519392e-21
7.663410868007462472e+06 2.415088882518046049e-21
8.504489341802684590e+06 1.808877906204848266e-21
9.437878277775391936e+06 1.347000008318686376e-21
1.047370897959450819e+07 9.913076334704170924e-22
1.162322468679854274e+07 7.209454835329292560e-22
1.289890261253307760e+07 5.177772623090644304e-22
1.431458937523478456e+07 3.666837840742955670e-22
1.588565129428052530e+07 2.556501015262265936e-22
1.762914118095947802e+07 1.752630482995289318e-22
1.956398343517064676e+07 1.180145647208163590e-22
2.171117945694505423e+07 7.793924374216630616e-23
2.409403560239527002e+07 5.041381358974080948e-23
2.673841615839949250e+07 3.187604342720291167e-23
2.967302408188872784e+07 1.964678285487049007e-23
3.292971255097155273e+07 1.175867363881943464e-23
3.654383070957254618e+07 6.787922773880951946e-24
4.055460735840827972e+07 3.747327485567184764e-24
4.500557675700496882e+07 1.965115296386249526e-24
4.994505115855139494e+07 9.695366171603634833e-25
5.542664520663107187e+07 4.488713357386261364e-25
6.150985788580504060e+07 1.966113977792354719e-25
6.826071834272393584e+07 8.152980034711445257e-26
7.575250258771920204e+07 3.161506549586476552e-26
8.406652885618332028e+07 1.128666472845603796e-26
9.329304026284696162e+07 3.686318225954175500e-27
1.035321843295663744e+08 1.097307813677702336e-27
1.148951000187308788e+08 2.967388905626114350e-28
1.275051240713012964e+08 7.269391071193745356e-29
1.414991297434575856e+08 1.611036892191338423e-29
1.570290124729377627e+08 3.229371263464471202e-30
1.742633386009651124e+08 5.854548426011992240e-31
1.933891750455232263e+08 9.613687744734358769e-32
2.146141197858406007e+08 1.432325053733445158e-32
2.381685551976160705e+08 1.940776352873460340e-33
2.643081486974108517e+08 2.398360878287211430e-34
2.933166278390048146e+08 2.711112639579377578e-35
3.255088599835056663e+08 2.809376862467868201e-36
3.612342699709430337e+08 2.645673714454706242e-37
4.008806328898465633e+08 2.081722085902017072e-38
4.448782831127585173e+08 9.712038891317022190e-40
