1.000000000000000000e+02 4.736181755098234729e-12
1.109752496412072134e+02 3.966784237079479440e-12
1.231550603292826196e+02 3.313069731896924492e-12
1.366716356462005990e+02 2.761930425626315037e-12
1.516716888470922413e+02 2.297610418579540998e-12
1.683180353330956791e+02 1.907224204535455963e-12
1.867913599020782840e+02 1.580117057795108612e-12
2.072921779595371845e+02 1.306689199756946125e-12
2.300430119772916839e+02 1.078362922656662487e-12
2.552908068239516410e+02 8.889811852504301139e-13
2.833096101839323637e+02 7.318935944075567660e-13
3.144035471591500368e+02 6.019584737047887626e-13
3.489101213406774491e+02 4.949214692523691570e-13
3.872038781812557318e+02 4.069526828369781458e-13
4.297004704320843871e+02 3.347057859149551231e-13
4.768611697714468960e+02 2.756745681774556477e-13
5.291978735958442712e+02 2.273123490826298782e-13
5.872786613189482523e+02 1.878127799198710320e-13
6.517339604882420190e+02 1.554814902666743979e-13
7.232633896483533817e+02 1.290515840860182594e-13
8.026433522257173081e+02 1.073962917470558533e-13
8.907354638610439679e+02 8.958282353502328623e-14
9.884959046625587007e+02 7.493030614903753217e-14
1.096985797892383971e+03 6.280645554569617231e-14
1.217382727739662187e+03 5.275164843801432575e-14
1.350993521198027793e+03 4.439422580574461481e-14
1.499268432786045423e+03 3.740321333535488013e-14
1.663816886076128640e+03 3.153874418342961325e-14
1.846424942895544291e+03 2.661569150817315801e-14
2.049074689815845886e+03 2.246477718586978884e-14
2.273965752357927613e+03 1.894828246976877133e-14
2.523539170434765765e+03 1.598528585381149962e-14
2.800503894183631019e+03 1.346747004949473252e-14
3.107866187782013640e+03 1.133902027927644115e-14
3.448962260405759935e+03 9.533084499867655827e-15
3.827494478516314757e+03 8.002721805145258159e-15
4.247571552536898707e+03 6.707311960202189945e-15
4.713753134116724141e+03 5.608067527838507791e-15
5.231099308056262998e+03 4.680563461817707342e-15
5.805225516094896193e+03 3.893752426073915174e-15
6.442363508721369726e+03 3.231242552829679129e-15
7.149428986597576113e+03 2.673585217742559540e-15
7.934096665797491369e+03 2.206029783694470813e-15
8.804883581643463913e+03 1.812270797343883654e-15
9.771241535346502133e+03 1.481976457734360833e-15
1.084365968689610963e+04 1.206908389903446005e-15
1.203377840777589154e+04 9.792176323627253802e-16
1.335451562929898682e+04 7.906965666298988821e-16
1.482020705798858762e+04 6.343484901204319619e-16
1.644676177994664249e+04 5.058538858203275969e-16
1.825183494319044257e+04 4.010444443159014925e-16
2.025501939230666540e+04 3.160387377454832432e-16
2.247805833548725059e+04 2.471114298087417335e-16
2.494508135230316839e+04 1.917546890294363532e-16
2.768286630392066581e+04 1.474296211427258925e-16
3.072112998861759115e+04 1.123534111822174655e-16
3.409285069746814406e+04 8.480624433750785931e-17
3.783462617131928710e+04 6.343706604569751131e-17
4.198707084443910571e+04 4.708231493734708439e-17
4.659525668664683326e+04 3.476384990913695493e-17
5.170920242896761192e+04 2.563648079038882214e-17
5.738441648302398244e+04 1.898172898866353664e-17
6.368249944718585903e+04 1.416967684949400120e-17
7.067181273927491566e+04 1.070210585139087402e-17
7.842822061337680498e+04 8.195689900573802401e-18
8.703591361485165544e+04 6.351542455985007090e-18
9.658832241158708348e+04 4.970994936644987675e-18
1.071891319205127511e+05 3.915606947314685531e-18
1.189534067370319535e+05 3.093767807685439448e-18
1.320088400831418112e+05 2.445656548635215823e-18
1.464971398307286145e+05 1.930173828922438261e-18
1.625755666443794908e+05 1.517689214622179038e-18
1.804186409392071655e+05 1.188562093825010487e-18
2.002200371815584658e+05 9.253149138305514463e-19
2.221946860939523904e+05 7.166062406708889840e-19
2.465811075822604180e+05 5.510390198777968461e-19
2.736439997074671555e+05 4.213449625626072154e-19
3.036771118035460822e+05 3.199407881947443012e-19
3.370064329271928291e+05 2.415202897319535397e-19
3.739937302478798083e+05 1.811439775503928720e-19
4.150404757850476308e+05 1.349427254366383104e-19
4.605922041145108524e+05 9.982971013056284895e-20
5.111433483440171112e+05 7.322563723168226760e-20
5.672426068491977639e+05 5.342734558747315309e-20
6.294988990221888525e+05 3.850126873836735814e-20
6.985879746785250027e+05 2.752899393620228386e-20
7.752597488629464060e+05 1.947390837413271017e-20
8.603464416684507160e+05 1.363755636888971296e-20
9.547716114208066138e+05 9.433779696228562035e-21
1.059560179277617019e+06 6.440656189393763652e-21
1.175849554052158026e+06 4.340197902475659772e-21
1.304901978014401859e+06 2.891194564649362124e-21
1.448118227674532915e+06 1.904702449355692222e-21
1.607052818261638284e+06 1.241980173362745643e-21
1.783430876931909472e+06 8.018677433065979816e-22
1.979166867853557458e+06 5.121124133797079244e-22
2.196385372416546568e+06 3.230884467792323692e-22
2.437444150122222025e+06 2.008295164448319303e-22
2.704959730463137385e+06 1.229551489346577603e-22
3.001835813575591892e+06 7.427885346486755891e-23
3.331294787934676744e+06 4.470480193278035571e-23
3.696912707195031922e+06 2.720573977404568127e-23
4.102658105827190448e+06 1.709643183585321413e-23
4.552935074866947718e+06 1.123793447046204679e-23
5.052631065335679799e+06 7.661519586594936642e-24
5.607169938205458224e+06 5.337671363531127370e-24
6.222570836730230600e+06 3.759364147502309034e-24
6.905513520162330940e+06 2.658960945124416447e-24
7.663410868007462472e+06 1.882888041415777053e-24
8.504489341802684590e+06 1.332791379619961426e-24
9.437878277775391936e+06 9.422022048348087900e-25
1.047370897959450819e+07 6.649575738636665422e-25
1.162322468679854274e+07 4.680038282501073822e-25
1.289890261253307760e+07 3.282131154459640520e-25
1.431458937523478456e+07 2.291341988467133696e-25
1.588565129428052530e+07 1.592168342373728718e-25
1.762914118095947802e+07 1.099731766254293045e-25
1.956398343517064676e+07 7.539699907913945251e-26
2.171117945694505423e+07 5.129993478569510157e-26
2.409403560239527002e+07 3.454299428090266062e-26
2.673841615839949250e+07 2.298293055599391873e-26
2.967302408188872784e+07 1.510639625934344387e-26
3.292971255097155273e+07 9.758175468220944886e-27
3.654383070957254618e+07 6.184524275615725561e-27
4.055460735840827972e+07 3.835833662490441136e-27
4.500557675700496882e+07 2.310987545019414670e-27
4.994505115855139494e+07 1.346580976060178246e-27
5.542664520663107187e+07 7.485527788767543127e-28
6.150985788580504060e+07 3.901787747789930653e-28
6.826071834272393584e+07 1.825508872864650751e-28
7.575250258771920204e+07 6.931107227894281693e-29
8.406652885618332028e+07 1.536162773128175927e-29
9.329304026284696162e+07 2.438178870044582220e-31
1.035321843295663744e+08 4.503789741536355118e-94
