1.000000000000000000e+02 6.103086975617510471e-11
1.109752496412072134e+02 5.313776992034751742e-11
1.231550603292826196e+02 4.624793099945050952e-11
1.366716356462005990e+02 4.024325541681008728e-11
1.516716888470922413e+02 3.500765989741988174e-11
1.683180353330956791e+02 3.043974459315294294e-11
1.867913599020782840e+02 2.646186107162690358e-11
2.072921779595371845e+02 2.299445654441482014e-11
2.300430119772916839e+02 1.997474698685266227e-11
2.552908068239516410e+02 1.734471630790429915e-11
2.833096101839323637e+02 1.505493431808245335e-11
3.144035471591500368e+02 1.306313111118418721e-11
3.489101213406774491e+02 1.132884554456672755e-11
3.872038781812557318e+02 9.820425839668302525e-12
4.297004704320843871e+02 8.508776250413751336e-12
4.768611697714468960e+02 7.370289730144822217e-12
5.291978735958442712e+02 6.379545452841600485e-12
5.872786613189482523e+02 5.519506070244665413e-12
6.517339604882420190e+02 4.772545741359559972e-12
7.232633896483533817e+02 4.124924057505220605e-12
8.026433522257173081e+02 3.563126534361188046e-12
8.907354638610439679e+02 3.075932641500613098e-12
9.884959046625587007e+02 2.653739384184118085e-12
1.096985797892383971e+03 2.287876475851475939e-12
1.217382727739662187e+03 1.971530346406327946e-12
1.350993521198027793e+03 1.697680841490635093e-12
1.499268432786045423e+03 1.460956401044652786e-12
1.663816886076128640e+03 1.256181051494056213e-12
1.846424942895544291e+03 1.079608801572307367e-12
2.049074689815845886e+03 9.270245076174769731e-13
2.273965752357927613e+03 7.955112037949493481e-13
2.523539170434765765e+03 6.820650020781736362e-13
2.800503894183631019e+03 5.844521002801240270e-13
3.107866187782013640e+03 5.003461806288338085e-13
3.448962260405759935e+03 4.280494343517676604e-13
3.827494478516314757e+03 3.658553730098621869e-13
4.247571552536898707e+03 3.125171695758316948e-13
4.713753134116724141e+03 2.666435380881777052e-13
5.231099308056262998e+03 2.273799656303379674e-13
5.805225516094896193e+03 1.936957303762291434e-13
6.442363508721369726e+03 1.648593000691079424e-13
7.149428986597576113e+03 1.401564594808214686e-13
7.934096665797491369e+03 1.190712021091037947e-13
8.804883581643463913e+03 1.010404766226401695e-13
9.771241535346502133e+03 8.566478564151296047e-14
1.084365968689610963e+04 7.253912548128853077e-14
1.203377840777589154e+04 6.137282167891740961e-14
1.335451562929898682e+04 5.184474604508472653e-14
1.482020705798858762e+04 4.376810324795234270e-14
1.644676177994664249e+04 3.688781761052819086e-14
1.825183494319044257e+04 3.105498381647073068e-14
2.025501939230666540e+04 2.611348621969594987e-14
2.247805833548725059e+04 2.192102848648447828e-14
2.494508135230316839e+04 1.838077973199078488e-14
2.768286630392066581e+04 1.538675781176435326e-14
3.072112998861759115e+04 1.285939795301583047e-14
3.409285069746814406e+04 1.073318772977386276e-14
3.783462617131928710e+04 8.940855338074930061e-15
4.198707084443910571e+04 7.435129302517145410e-15
4.659525668664683326e+04 6.172988167427503766e-15
5.170920242896761192e+04 5.113950341639009341e-15
5.738441648302398244e+04 4.231167611763154728e-15
6.368249944718585903e+04 3.490769315100367016e-15
7.067181273927491566e+04 2.876140626092079037e-15
7.842822061337680498e+04 2.363542435611723076e-15
8.703591361485165544e+04 1.938936342873970729e-15
9.658832241158708348e+04 1.586629785729764522e-15
1.071891319205127511e+05 1.295536883519583111e-15
1.189534067370319535e+05 1.055529709452396690e-15
1.320088400831418112e+05 8.579110655607379872e-16
1.464971398307286145e+05 6.959712496063573419e-16
1.625755666443794908e+05 5.627359672702479942e-16
1.804186409392071655e+05 4.540459277125464380e-16
2.002200371815584658e+05 3.653958976824226845e-16
2.221946860939523904e+05 2.931922624000207296e-16
2.465811075822604180e+05 2.346596911878774081e-16
2.736439997074671555e+05 1.871776577994033008e-16
3.036771118035460822e+05 1.487939116180645851e-16
3.370064329271928291e+05 1.178354183066859023e-16
3.739937302478798083e+05 9.291306163220153688e-17
4.150404757850476308e+05 7.290067260201116686e-17
4.605922041145108524e+05 5.689580507357570184e-17
5.111433483440171112e+05 4.414609644038977402e-17
5.672426068491977639e+05 3.403394656613992718e-17
6.294988990221888525e+05 2.601529890728292473e-17
6.985879746785250027e+05 1.972104585571497765e-17
7.752597488629464060e+05 1.481485682817721769e-17
8.603464416684507160e+05 1.099604922453042246e-17
9.547716114208066138e+05 8.067721319990725334e-18
1.059560179277617019e+06 5.843341427666154361e-18
1.175849554052158026e+06 4.169178064802615410e-18
1.304901978014401859e+06 2.926410175441427156e-18
1.448118227674532915e+06 2.018433456695857127e-18
1.607052818261638284e+06 1.367947340949163421e-18
1.783430876931909472e+06 9.084363261065178785e-19
1.979166867853557458e+06 5.914174764589030155e-19
2.196385372416546568e+06 3.779197561011805930e-19
2.437444150122222025e+06 2.372597497455965336e-19
2.704959730463137385e+06 1.464068086570235048e-19
3.001835813575591892e+06 8.853490644701197301e-20
3.331294787934676744e+06 5.193896625410050965e-20
3.696912707195031922e+06 2.893119456664461702e-20
4.102658105827190448e+06 1.484563912681175377e-20
4.552935074866947718e+06 6.867356705677757499e-21
5.052631065335679799e+06 2.978298469899777620e-21
5.607169938205458224e+06 1.350293548648200048e-21
6.222570836730230600e+06 7.163096439729148501e-22
6.905513520162330940e+06 4.498611341636907107e-22
7.663410868007462472e+06 3.116997836632719786e-22
8.504489341802684590e+06 2.243471758880940911e-22
9.437878277775391936e+06 1.634919774009927436e-22
1.047370897959450819e+07 1.196176381750956207e-22
1.162322468679854274e+07 8.759901132601352933e-23
1.289890261253307760e+07 6.417408852755947253e-23
1.431458937523478456e+07 4.702747591236313607e-23
1.588565129428052530e+07 3.445711127290247796e-23
1.762914118095947802e+07 2.523507772753224977e-23
1.956398343517064676e+07 1.846812972673131697e-23
2.171117945694505423e+07 1.350339545485971418e-23
2.409403560239527002e+07 9.862713895503494646e-24
2.673841615839949250e+07 7.194247444424665875e-24
2.967302408188872784e+07 5.238612727910667853e-24
3.292971255097155273e+07 3.810207733699661928e-24
3.654383070957254618e+07 2.766616374545773383e-24
4.055460735840827972e+07 2.004596574330954049e-24
4.500557675700496882e+07 1.449420795675259556e-24
4.994505115855139494e+07 1.045644738444788500e-24
5.542664520663107187e+07 7.524117448209366000e-25
6.150985788580504060e+07 5.399104495339772843e-25
6.826071834272393584e+07 3.862520731671350033e-25
7.575250258771920204e+07 2.753964264767335370e-25
8.406652885618332028e+07 1.956272247255229367e-25
9.329304026284696162e+07 1.383591462826139360e-25
1.035321843295663744e+08 9.739460850892799510e-26
1.148951000187308788e+08 6.817506183171101036e-26
1.275051240713012964e+08 4.741822572363027562e-26
1.414991297434575856e+08 3.274137994679561838e-26
1.570290124729377627e+08 2.241352535909102641e-26
1.742633386009651124e+08 1.518690466989143907e-26
1.933891750455232263e+08 1.016242252466704819e-26
2.146141197858406007e+08 6.698248391462608307e-27
2.381685551976160705e+08 4.331621604643075719e-27
2.643081486974108517e+08 2.734481481379323943e-27
2.933166278390048146e+08 1.672574412465744962e-27
3.255088599835056663e+08 9.802399347378349436e-28
3.612342699709430337e+08 5.408712548992621872e-28
4.008806328898465633e+08 2.724376621658481886e-28
4.448782831127585173e+08 1.185916960791501664e-28
4.937047852839003801e+08 3.989825752762934919e-29
5.478901179593944550e+08 8.239406759877814806e-30
