1.000000000000000000e+02 1.187950876055010491e-14
1.109752496412072134e+02 9.325936842561779260e-15
1.231550603292826196e+02 7.283903242977687324e-15
1.366716356462005990e+02 5.661652984064068859e-15
1.516716888470922413e+02 4.384632720461160117e-15
1.683180353330956791e+02 3.385141983126504710e-15
1.867913599020782840e+02 2.608449945570902211e-15
2.072921779595371845e+02 2.008840456790373503e-15
2.300430119772916839e+02 1.548566010951509396e-15
2.552908068239516410e+02 1.196800125383904306e-15
2.833096101839323637e+02 9.289602088118448944e-16
3.144035471591500368e+02 7.252442617717349017e-16
3.489101213406774491e+02 5.702787747198571448e-16
3.872038781812557318e+02 4.520576338023275355e-16
4.297004704320843871e+02 3.614919918507935263e-16
4.768611697714468960e+02 2.927280931718178830e-16
5.291978735958442712e+02 2.369479900328198200e-16
5.872786613189482523e+02 1.939561296497025993e-16
6.517339604882420190e+02 1.597365720079426206e-16
7.232633896483533817e+02 1.321722123175822828e-16
8.026433522257173081e+02 1.097759643301531642e-16
8.907354638610439679e+02 9.141377601932343965e-17
9.884959046625587007e+02 7.627041693866471488e-17
1.096985797892383971e+03 6.372672798830382768e-17
1.217382727739662187e+03 5.326278172874722194e-17
1.350993521198027793e+03 4.454888253167529406e-17
1.499268432786045423e+03 3.727366731452427386e-17
1.663816886076128640e+03 3.118830037621357035e-17
1.846424942895544291e+03 2.610101500627929930e-17
2.049074689815845886e+03 2.183380711076693618e-17
2.273965752357927613e+03 1.826492133930840813e-17
2.523539170434765765e+03 1.526563796568090504e-17
2.800503894183631019e+03 1.275977119806064714e-17
3.107866187782013640e+03 1.066204960700136019e-17
3.448962260405759935e+03 8.907210257701325339e-18
3.827494478516314757e+03 7.448174191770997285e-18
4.247571552536898707e+03 6.233151963838272923e-18
4.713753134116724141e+03 5.217697057953117413e-18
5.231099308056262998e+03 4.370455815833488980e-18
5.805225516094896193e+03 3.660151767177661958e-18
6.442363508721369726e+03 3.064477751092514794e-18
7.149428986597576113e+03 2.564957395508433759e-18
7.934096665797491369e+03 2.145919612382224642e-18
8.804883581643463913e+03 1.795045669127215758e-18
9.771241535346502133e+03 1.500730704391609683e-18
1.084365968689610963e+04 1.254517186177537800e-18
1.203377840777589154e+04 1.048452142278297453e-18
1.335451562929898682e+04 8.757496498846273962e-19
1.482020705798858762e+04 7.312806022034036078e-19
1.644676177994664249e+04 6.103985919916633296e-19
1.825183494319044257e+04 5.092166381356466104e-19
2.025501939230666540e+04 4.245849916661855596e-19
2.247805833548725059e+04 3.538484259955834242e-19
2.494508135230316839e+04 2.947371149763469375e-19
2.768286630392066581e+04 2.451824602707028324e-19
3.072112998861759115e+04 2.038527850749502829e-19
3.409285069746814406e+04 1.693337163922692120e-19
3.783462617131928710e+04 1.405316786640264214e-19
4.198707084443910571e+04 1.164991214176746183e-19
4.659525668664683326e+04 9.645897240246617397e-20
5.170920242896761192e+04 7.977211607930617492e-20
5.738441648302398244e+04 6.588214259551477814e-20
6.368249944718585903e+04 5.432892855046335796e-20
7.067181273927491566e+04 4.472757402692217086e-20
7.842822061337680498e+04 3.677173923843530108e-20
8.703591361485165544e+04 3.017400794150810991e-20
9.658832241158708348e+04 2.470723197312864408e-20
1.071891319205127511e+05 2.020892678584024902e-20
1.189534067370319535e+05 1.647480742786395659e-20
1.320088400831418112e+05 1.341692108779160017e-20
1.464971398307286145e+05 1.090471335750028903e-20
1.625755666443794908e+05 8.837473902050378090e-21
1.804186409392071655e+05 7.156383675334453711e-21
2.002200371815584658e+05 5.777406111555305633e-21
2.221946860939523904e+05 4.659678912068559810e-21
2.465811075822604180e+05 3.750602061117028993e-21
2.736439997074671555e+05 3.013694661352872894e-21
3.036771118035460822e+05 2.417230548169667743e-21
3.370064329271928291e+05 1.934809414131617714e-21
3.739937302478798083e+05 1.545536066865249448e-21
4.150404757850476308e+05 1.231177796804416916e-21
4.605922041145108524e+05 9.787507406490566038e-22
5.111433483440171112e+05 7.745876918660790587e-22
5.672426068491977639e+05 6.117291702770828562e-22
6.294988990221888525e+05 4.803955784455060775e-22
6.985879746785250027e+05 3.754694552256613639e-22
7.752597488629464060e+05 2.922202972842448393e-22
8.603464416684507160e+05 2.247091109482265697e-22
9.547716114208066138e+05 1.721348019413856315e-22
1.059560179277617019e+06 1.301809910920207899e-22
1.175849554052158026e+06 9.704005422084979147e-23
1.304901978014401859e+06 7.181431197328987032e-23
1.448118227674532915e+06 5.194776117232915515e-23
1.607052818261638284e+06 3.681144017741479688e-23
1.783430876931909472e+06 2.567842814231667780e-23
1.979166867853557458e+06 1.746329716617938686e-23
2.196385372416546568e+06 1.149066075902324317e-23
2.437444150122222025e+06 7.337890801486924892e-24
2.704959730463137385e+06 4.553874549728071332e-24
3.001835813575591892e+06 2.728435988981903642e-24
3.331294787934676744e+06 1.584439676972730078e-24
3.696912707195031922e+06 8.944063432597034621e-25
4.102658105827190448e+06 4.912642719717786852e-25
4.552935074866947718e+06 2.611000738596889610e-25
5.052631065335679799e+06 1.315680598395444697e-25
5.607169938205458224e+06 6.063805163052272199e-26
6.222570836730230600e+06 2.448155271851557907e-26
6.905513520162330940e+06 8.441447015845457348e-27
7.663410868007462472e+06 2.503682192936914623e-27
8.504489341802684590e+06 6.344793773482674164e-28
9.437878277775391936e+06 1.361091890866439159e-28
1.047370897959450819e+07 2.449385279066508282e-29
1.162322468679854274e+07 3.669450301118505716e-30
1.289890261253307760e+07 4.538794241695784334e-31
1.431458937523478456e+07 4.596149401145154893e-32
1.588565129428052530e+07 3.775167651242623964e-33
1.762914118095947802e+07 2.486207277657950380e-34
1.956398343517064676e+07 1.294667347480608003e-35
2.171117945694505423e+07 5.260636779696099986e-37
2.409403560239527002e+07 1.647378673423809874e-38
2.673841615839949250e+07 3.923581999203358407e-40
2.967302408188872784e+07 7.005719769265319216e-42
3.292971255097155273e+07 9.248466903289577360e-44
3.654383070957254618e+07 8.901663963027477553e-46
4.055460735840827972e+07 6.160801174138922447e-48
4.500557675700496882e+07 3.020435795788915956e-50
4.994505115855139494e+07 1.031338653774425857e-52
5.542664520663107187e+07 2.404408300677191298e-55
6.150985788580504060e+07 3.732976449148200514e-58
6.826071834272393584e+07 3.726393130049187382e-61
7.575250258771920204e+07 2.241260202555584409e-64
8.406652885618332028e+07 7.195039854471401264e-68
9.329304026284696162e+07 7.531623794724619855e-72
