1.000000000000000000e+02 5.528568283507287394e-13
1.109752496412072134e+02 4.746378934781408928e-13
1.231550603292826196e+02 4.088202626313122150e-13
1.366716356462005990e+02 3.527965431085171893e-13
1.516716888470922413e+02 3.045747830495820280e-13
1.683180353330956791e+02 2.631001102476173066e-13
1.867913599020782840e+02 2.269811214536724193e-13
2.072921779595371845e+02 1.953966794396420061e-13
2.300430119772916839e+02 1.680224200053226462e-13
2.552908068239516410e+02 1.441119184437751784e-13
2.833096101839323637e+02 1.231296038442110501e-13
3.144035471591500368e+02 1.050138658474361786e-13
3.489101213406774491e+02 8.925534741515381721e-14
3.872038781812557318e+02 7.546121777001610651e-14
4.297004704320843871e+02 6.366500924299468406e-14
4.768611697714468960e+02 5.342888699304409362e-14
5.291978735958442712e+02 4.464013564388089948e-14
5.872786613189482523e+02 3.712229643618864102e-14
6.517339604882420190e+02 3.069361568457455900e-14
7.232633896483533817e+02 2.526308641282531394e-14
8.026433522257173081e+02 2.066218051644282021e-14
8.907354638610439679e+02 1.683661795828030276e-14
9.884959046625587007e+02 1.357983603656687746e-14
1.096985797892383971e+03 1.090243182632257541e-14
1.217382727739662187e+03 8.727329733853196424e-15
1.350993521198027793e+03 6.944002307766694947e-15
1.499268432786045423e+03 5.457574959347272769e-15
1.663816886076128640e+03 4.285445123045049183e-15
1.846424942895544291e+03 3.353744334668098952e-15
2.049074689815845886e+03 2.612511018552212395e-15
2.273965752357927613e+03 2.026731758772266762e-15
2.523539170434765765e+03 1.576110478778376706e-15
2.800503894183631019e+03 1.223094048098171513e-15
3.107866187782013640e+03 9.507559074671913130e-16
3.448962260405759935e+03 7.428948157544293442e-16
3.827494478516314757e+03 5.824235026139082272e-16
4.247571552536898707e+03 4.583836353823234117e-16
4.713753134116724141e+03 3.624946553680853082e-16
5.231099308056262998e+03 2.872932669175817095e-16
5.805225516094896193e+03 2.279065533122760414e-16
6.442363508721369726e+03 1.804319960176015929e-16
7.149428986597576113e+03 1.422008476120476519e-16
7.934096665797491369e+03 1.113835214108365896e-16
8.804883581643463913e+03 8.642659669409642299e-17
9.771241535346502133e+03 6.626877426104705907e-17
1.084365968689610963e+04 5.029031675655695207e-17
1.203377840777589154e+04 3.750704730957027165e-17
1.335451562929898682e+04 2.771182408069986180e-17
1.482020705798858762e+04 2.035860620785152938e-17
1.644676177994664249e+04 1.502041141264592869e-17
1.825183494319044257e+04 1.127890832554235446e-17
2.025501939230666540e+04 8.709888999536657602e-18
2.247805833548725059e+04 6.918119461838143341e-18
2.494508135230316839e+04 5.605075785275102738e-18
2.768286630392066581e+04 4.593024186148513885e-18
3.072112998861759115e+04 3.783809488219262779e-18
3.409285069746814406e+04 3.123287799489858712e-18
3.783462617131928710e+04 2.578528676277390845e-18
4.198707084443910571e+04 2.128152721899880850e-18
4.659525668664683326e+04 1.754650980951375369e-18
5.170920242896761192e+04 1.445117112165677420e-18
5.738441648302398244e+04 1.188820071509174520e-18
6.368249944718585903e+04 9.767727968900550334e-19
7.067181273927491566e+04 8.014581830446109907e-19
7.842822061337680498e+04 6.564967074789028603e-19
8.703591361485165544e+04 5.370276468417073655e-19
9.658832241158708348e+04 4.384731937440138600e-19
1.071891319205127511e+05 3.573919322467877511e-19
1.189534067370319535e+05 2.907349234413343091e-19
1.320088400831418112e+05 2.360580732874276120e-19
1.464971398307286145e+05 1.912569101551984146e-19
1.625755666443794908e+05 1.546740273908573019e-19
1.804186409392071655e+05 1.248329754572146520e-19
2.002200371815584658e+05 1.005811675497492160e-19
2.221946860939523904e+05 8.090520661217583454e-20
2.465811075822604180e+05 6.499968245483601142e-20
2.736439997074671555e+05 5.215395840580392396e-20
3.036771118035460822e+05 4.179804110043804944e-20
3.370064329271928291e+05 3.346489767329005934e-20
3.739937302478798083e+05 2.676507934733596126e-20
4.150404757850476308e+05 2.138034129776151965e-20
4.605922041145108524e+05 1.705840399865469876e-20
5.111433483440171112e+05 1.359534567944723838e-20
5.672426068491977639e+05 1.082185691967122971e-20
6.294988990221888525e+05 8.602290848094955576e-21
6.985879746785250027e+05 6.828798080299360528e-21
7.752597488629464060e+05 5.414188915931715071e-21
8.603464416684507160e+05 4.286141584504529215e-21
9.547716114208066138e+05 3.388076787328218852e-21
1.059560179277617019e+06 2.674179415176581975e-21
1.175849554052158026e+06 2.107777498881693719e-21
1.304901978014401859e+06 1.658539522914928904e-21
1.448118227674532915e+06 1.302965990882845356e-21
1.607052818261638284e+06 1.021899309461075195e-21
1.783430876931909472e+06 8.000886792371476843e-22
1.979166867853557458e+06 6.251749709485830096e-22
2.196385372416546568e+06 4.877681189584311577e-22
2.437444150122222025e+06 3.797670645591978019e-22
2.704959730463137385e+06 2.951009273363193126e-22
3.001835813575591892e+06 2.288775229780356637e-22
3.331294787934676744e+06 1.771208827461442489e-22
3.696912707195031922e+06 1.367778862863184852e-22
4.102658105827190448e+06 1.053889331278621527e-22
4.552935074866947718e+06 8.102247124964169851e-23
5.052631065335679799e+06 6.213525375564287360e-23
5.607169938205458224e+06 4.754363092013540776e-23
6.222570836730230600e+06 3.628664754146758392e-23
6.905513520162330940e+06 2.762303544324359783e-23
7.663410868007462472e+06 2.097034058884091796e-23
8.504489341802684590e+06 1.587401879243313926e-23
9.437878277775391936e+06 1.198192586617340348e-23
1.047370897959450819e+07 9.018420147156335473e-24
1.162322468679854274e+07 6.766240180388441477e-24
1.289890261253307760e+07 5.061213373674859873e-24
1.431458937523478456e+07 3.772445377488715359e-24
1.588565129428052530e+07 2.802160365684104722e-24
1.762914118095947802e+07 2.073681731767086286e-24
1.956398343517064676e+07 1.529010869916389206e-24
2.171117945694505423e+07 1.122617295612865714e-24
2.409403560239527002e+07 8.207153999553250671e-25
2.673841615839949250e+07 5.976253174847585134e-25
2.967302408188872784e+07 4.328508925763268587e-25
3.292971255097155273e+07 3.119282475591918077e-25
3.654383070957254618e+07 2.235130425887658016e-25
4.055460735840827972e+07 1.591988306109374622e-25
4.500557675700496882e+07 1.126272145874558882e-25
4.994505115855139494e+07 7.908447562873017832e-26
5.542664520663107187e+07 5.507105450665063682e-26
6.150985788580504060e+07 3.797979096817435222e-26
6.826071834272393584e+07 2.590964424256104624e-26
7.575250258771920204e+07 1.744775929852311293e-26
8.406652885618332028e+07 1.157416017778933572e-26
9.329304026284696162e+07 7.536557015999348151e-27
1.035321843295663744e+08 4.799933090300774999e-27
1.148951000187308788e+08 2.970564658469134519e-27
1.275051240713012964e+08 1.772273567480179172e-27
1.414991297434575856e+08 1.006709823692594099e-27
1.570290124729377627e+08 5.340488647345925034e-28
1.742633386009651124e+08 2.556241252436031678e-28
1.933891750455232263e+08 1.024879614508326582e-28
2.146141197858406007e+08 2.641779023280458873e-29
2.381685551976160705e+08 1.432021073099579243e-31
