1.000000000000000000e+02 1.117019585813630060e-11
1.109752496412072134e+02 9.678786240148650142e-12
1.231550603292826196e+02 8.380257966287667409e-12
1.366716356462005990e+02 7.241551629151061819e-12
1.516716888470922413e+02 6.249886712206490489e-12
1.683180353330956791e+02 5.385128208016178102e-12
1.867913599020782840e+02 4.630084467805204596e-12
2.072921779595371845e+02 3.975753292168730341e-12
2.300430119772916839e+02 3.403432358497137225e-12
2.552908068239516410e+02 2.911606240387755978e-12
2.833096101839323637e+02 2.482631010723311438e-12
3.144035471591500368e+02 2.112491408249331712e-12
3.489101213406774491e+02 1.794287879462540658e-12
3.872038781812557318e+02 1.518296288030516184e-12
4.297004704320843871e+02 1.283233672756021038e-12
4.768611697714468960e+02 1.079572183247623267e-12
5.291978735958442712e+02 9.074240997643231256e-13
5.872786613189482523e+02 7.588144486340642134e-13
6.517339604882420190e+02 6.335571770828860829e-13
7.232633896483533817e+02 5.270934999333665522e-13
8.026433522257173081e+02 4.367914805051328417e-13
8.907354638610439679e+02 3.614264405748196323e-13
9.884959046625587007e+02 2.973593912068999108e-13
1.096985797892383971e+03 2.445064936475260149e-13
1.217382727739662187e+03 1.998358863285475724e-13
1.350993521198027793e+03 1.632380684876915968e-13
1.499268432786045423e+03 1.327527077909064540e-13
1.663816886076128640e+03 1.077914748800770561e-13
1.846424942895544291e+03 8.734060305620979349e-14
2.049074689815845886e+03 7.057231628705674773e-14
2.273965752357927613e+03 5.702784989633918995e-14
2.523539170434765765e+03 4.592927436358981347e-14
2.800503894183631019e+03 3.707719991504700495e-14
3.107866187782013640e+03 2.983835492211176338e-14
3.448962260405759935e+03 2.407373160209405545e-14
3.827494478516314757e+03 1.938936535440875013e-14
4.247571552536898707e+03 1.564734274569085861e-14
4.713753134116724141e+03 1.262348415347698630e-14
5.231099308056262998e+03 1.018200655454815447e-14
5.805225516094896193e+03 8.224860326520461593e-15
6.442363508721369726e+03 6.613809656189484059e-15
7.149428986597576113e+03 5.340336562684223226e-15
7.934096665797491369e+03 4.282190896777521452e-15
8.804883581643463913e+03 3.442164363465621274e-15
9.771241535346502133e+03 2.752099743966954634e-15
1.084365968689610963e+04 2.191848807937933890e-15
1.203377840777589154e+04 1.742884237902469989e-15
1.335451562929898682e+04 1.376845457123641471e-15
1.482020705798858762e+04 1.089663728005862341e-15
1.644676177994664249e+04 8.519112276857283745e-16
1.825183494319044257e+04 6.690497904973842293e-16
2.025501939230666540e+04 5.211666053607876710e-16
2.247805833548725059e+04 4.058736920883885533e-16
2.494508135230316839e+04 3.170361984430680904e-16
2.768286630392066581e+04 2.461676248919653987e-16
3.072112998861759115e+04 1.921558078229479854e-16
3.409285069746814406e+04 1.506364227264370467e-16
3.783462617131928710e+04 1.183089314382531390e-16
4.198707084443910571e+04 9.354938717209252197e-17
4.659525668664683326e+04 7.454198195583574790e-17
5.170920242896761192e+04 5.969513404879897971e-17
5.738441648302398244e+04 4.812812951204374198e-17
6.368249944718585903e+04 3.905007977935245444e-17
7.067181273927491566e+04 3.181700660952864683e-17
7.842822061337680498e+04 2.601770449478234913e-17
8.703591361485165544e+04 2.132502857578269874e-17
9.658832241158708348e+04 1.749123039512675389e-17
1.071891319205127511e+05 1.434443232062803935e-17
1.189534067370319535e+05 1.174352144700070234e-17
1.320088400831418112e+05 9.592058716638666807e-18
1.464971398307286145e+05 7.806388714323641554e-18
1.625755666443794908e+05 6.325905060466137007e-18
1.804186409392071655e+05 5.102029951999656145e-18
2.002200371815584658e+05 4.091233805086420798e-18
2.221946860939523904e+05 3.260007862481710926e-18
2.465811075822604180e+05 2.580564081514420806e-18
2.736439997074671555e+05 2.029697502329004490e-18
3.036771118035460822e+05 1.586127068180678244e-18
3.370064329271928291e+05 1.234773394959858644e-18
3.739937302478798083e+05 9.603963690070450297e-19
4.150404757850476308e+05 7.479803671793965317e-19
4.605922041145108524e+05 5.862566021944731365e-19
5.111433483440171112e+05 4.639027885842574973e-19
5.672426068491977639e+05 3.710910697184529108e-19
6.294988990221888525e+05 2.996307932396855021e-19
6.985879746785250027e+05 2.433346189591462728e-19
7.752597488629464060e+05 1.982914757503047393e-19
8.603464416684507160e+05 1.617184989992124076e-19
9.547716114208066138e+05 1.318365723864201744e-19
1.059560179277617019e+06 1.073709822730656495e-19
1.175849554052158026e+06 8.727333799445241727e-20
1.304901978014401859e+06 7.078864668745423135e-20
1.448118227674532915e+06 5.729350693274246379e-20
1.607052818261638284e+06 4.627203945260420863e-20
1.783430876931909472e+06 3.724997998136322689e-20
1.979166867853557458e+06 2.991861071727427735e-20
2.196385372416546568e+06 2.394275253265773830e-20
2.437444150122222025e+06 1.910661516407890467e-20
2.704959730463137385e+06 1.518969547527914872e-20
3.001835813575591892e+06 1.203078218896382038e-20
3.331294787934676744e+06 9.487899585409782928e-21
3.696912707195031922e+06 7.451750115454049742e-21
4.102658105827190448e+06 5.824452637286257031e-21
4.552935074866947718e+06 4.531448059598241828e-21
5.052631065335679799e+06 3.503976791843284190e-21
5.607169938205458224e+06 2.694373563118117613e-21
6.222570836730230600e+06 2.057901283327213642e-21
6.905513520162330940e+06 1.560737285426042942e-21
7.663410868007462472e+06 1.174609745490808307e-21
8.504489341802684590e+06 8.762869555858582856e-22
9.437878277775391936e+06 6.479022334887061665e-22
1.047370897959450819e+07 4.740422860801272360e-22
1.162322468679854274e+07 3.426806064470021489e-22
1.289890261253307760e+07 2.448165289281807862e-22
1.431458937523478456e+07 1.724060353271130210e-22
1.588565129428052530e+07 1.194913470202312584e-22
1.762914118095947802e+07 8.137224961211573765e-23
1.956398343517064676e+07 5.433765023706544900e-23
2.171117945694505423e+07 3.549293899812539006e-23
2.409403560239527002e+07 2.262232977739488380e-23
2.673841615839949250e+07 1.403495458011249544e-23
2.967302408188872784e+07 8.447926773440073876e-24
3.292971255097155273e+07 4.906992469861480846e-24
3.654383070957254618e+07 2.721063042484561212e-24
4.055460735840827972e+07 1.406450573814360012e-24
4.500557675700496882e+07 6.466501344985590400e-25
4.994505115855139494e+07 2.422165673609022132e-25
5.542664520663107187e+07 6.075702709077750001e-26
6.150985788580504060e+07 5.464144835688117183e-27
6.826071834272393584e+07 9.554033727575082382e-29
7.575250258771920204e+07 6.393327162637843412e-32
8.406652885618332028e+07 2.787154900814667314e-38
9.329304026284696162e+07 1.048967407108836667e-47
1.035321843295663744e+08 3.889345360748892745e-65
