1.000000000000000000e+02 3.559665524685853584e-13
1.109752496412072134e+02 2.936117719312483432e-13
1.231550603292826196e+02 2.430197145687689620e-13
1.366716356462005990e+02 2.015347317334202286e-13
1.516716888470922413e+02 1.674495175257146921e-13
1.683180353330956791e+02 1.394886886667455181e-13
1.867913599020782840e+02 1.163316493578952318e-13
2.072921779595371845e+02 9.709668893193991530e-14
2.300430119772916839e+02 8.107711523239278277e-14
2.552908068239516410e+02 6.768969394210348314e-14
2.833096101839323637e+02 5.647628892646842780e-14
3.144035471591500368e+02 4.706331065832518265e-14
3.489101213406774491e+02 3.917126599314875992e-14
3.872038781812557318e+02 3.251067037440789217e-14
4.297004704320843871e+02 2.691335147953606609e-14
4.768611697714468960e+02 2.220709236818124852e-14
5.291978735958442712e+02 1.825736242487395904e-14
5.872786613189482523e+02 1.494148093025178606e-14
6.517339604882420190e+02 1.216745923076636895e-14
7.232633896483533817e+02 9.848759248701012386e-15
8.026433522257173081e+02 7.921106457014871932e-15
8.907354638610439679e+02 6.326792346638657347e-15
9.884959046625587007e+02 5.015833046056644809e-15
1.096985797892383971e+03 3.946543712080514686e-15
1.217382727739662187e+03 3.082684056957127510e-15
1.350993521198027793e+03 2.392969437036044489e-15
1.499268432786045423e+03 1.848947933867683035e-15
1.663816886076128640e+03 1.426965518884278928e-15
1.846424942895544291e+03 1.105543862553415851e-15
2.049074689815845886e+03 8.632898568733203161e-16
2.273965752357927613e+03 6.828802568436902272e-16
2.523539170434765765e+03 5.484240448774390266e-16
2.800503894183631019e+03 4.469843333575435993e-16
3.107866187782013640e+03 3.687472047140711397e-16
3.448962260405759935e+03 3.065923123250381415e-16
3.827494478516314757e+03 2.562179511882297499e-16
4.247571552536898707e+03 2.145431628060522492e-16
4.713753134116724141e+03 1.799331043881517463e-16
5.231099308056262998e+03 1.507561365320676334e-16
5.805225516094896193e+03 1.263410667748249233e-16
6.442363508721369726e+03 1.057474401168232472e-16
7.149428986597576113e+03 8.845427236571073635e-17
7.934096665797491369e+03 7.393632776327078508e-17
8.804883581643463913e+03 6.172991073583394454e-17
9.771241535346502133e+03 5.151072928562938318e-17
1.084365968689610963e+04 4.294115452314769252e-17
1.203377840777589154e+04 3.577744411763030565e-17
1.335451562929898682e+04 2.979129452148337868e-17
1.482020705798858762e+04 2.479131473588624619e-17
1.644676177994664249e+04 2.061904225474148623e-17
1.825183494319044257e+04 1.714028590937417884e-17
2.025501939230666540e+04 1.424224033350649852e-17
2.247805833548725059e+04 1.182743625063524754e-17
2.494508135230316839e+04 9.816482590446868840e-18
2.768286630392066581e+04 8.143147800938380702e-18
3.072112998861759115e+04 6.751057980468746086e-18
3.409285069746814406e+04 5.592644915638421493e-18
3.783462617131928710e+04 4.630384120334144932e-18
4.198707084443910571e+04 3.830710705614696978e-18
4.659525668664683326e+04 3.166284040341019696e-18
5.170920242896761192e+04 2.614484477342361435e-18
5.738441648302398244e+04 2.156651112340893703e-18
6.368249944718585903e+04 1.777159566699774384e-18
7.067181273927491566e+04 1.462813435774112467e-18
7.842822061337680498e+04 1.202368207675775818e-18
8.703591361485165544e+04 9.869033082558337122e-19
9.658832241158708348e+04 8.088060034659391008e-19
1.071891319205127511e+05 6.618007671518070135e-19
1.189534067370319535e+05 5.405200241624260685e-19
1.320088400831418112e+05 4.407089977474995810e-19
1.464971398307286145e+05 3.587039744143450521e-19
1.625755666443794908e+05 2.913665655960708575e-19
1.804186409392071655e+05 2.363043148171017813e-19
2.002200371815584658e+05 1.914186950653161679e-19
2.221946860939523904e+05 1.547991100508709173e-19
2.465811075822604180e+05 1.250953527421902125e-19
2.736439997074671555e+05 1.009685709923323289e-19
3.036771118035460822e+05 8.140415254282499561e-20
3.370064329271928291e+05 6.554402406069065611e-20
3.739937302478798083e+05 5.271158885375545316e-20
4.150404757850476308e+05 4.235123877649094537e-20
4.605922041145108524e+05 3.396374365804652083e-20
5.111433483440171112e+05 2.720158701068371840e-20
5.672426068491977639e+05 2.174258681144908816e-20
6.294988990221888525e+05 1.736066333282221594e-20
6.985879746785250027e+05 1.382978960977047930e-20
7.752597488629464060e+05 1.100136499149589156e-20
8.603464416684507160e+05 8.729154620784144695e-21
9.547716114208066138e+05 6.916329022570265358e-21
1.059560179277617019e+06 5.464147582833054032e-21
1.175849554052158026e+06 4.309833147649706665e-21
1.304901978014401859e+06 3.390322367062909445e-21
1.448118227674532915e+06 2.660016556165540121e-21
1.607052818261638284e+06 2.081968045187388815e-21
1.783430876931909472e+06 1.624919517165539858e-21
1.979166867853557458e+06 1.265429650029348187e-21
2.196385372416546568e+06 9.827091690056661234e-22
2.437444150122222025e+06 7.609451278303387229e-22
2.704959730463137385e+06 5.876656028006494780e-22
3.001835813575591892e+06 4.523426437819313525e-22
3.331294787934676744e+06 3.469244011009829381e-22
3.696912707195031922e+06 2.650953437785818541e-22
4.102658105827190448e+06 2.017012909021993666e-22
4.552935074866947718e+06 1.528939250807468982e-22
5.052631065335679799e+06 1.154334318865606354e-22
5.607169938205458224e+06 8.675824698567223824e-23
6.222570836730230600e+06 6.492797487857678343e-23
6.905513520162330940e+06 4.834899850972511341e-23
7.663410868007462472e+06 3.583076841823519938e-23
8.504489341802684590e+06 2.643272767028487863e-23
9.437878277775391936e+06 1.940873596019868549e-23
1.047370897959450819e+07 1.417996806329981260e-23
1.162322468679854274e+07 1.031497683878985689e-23
1.289890261253307760e+07 7.471417258889529026e-24
1.431458937523478456e+07 5.390223207584916027e-24
1.588565129428052530e+07 3.874898489767382447e-24
1.762914118095947802e+07 2.776246438200546501e-24
1.956398343517064676e+07 1.983223928751717705e-24
2.171117945694505423e+07 1.412584417582793548e-24
2.409403560239527002e+07 1.003317923473360527e-24
2.673841615839949250e+07 7.105511025360266631e-25
2.967302408188872784e+07 5.016675764706511282e-25
3.292971255097155273e+07 3.529164664980754681e-25
3.654383070957254618e+07 2.472515669572269283e-25
4.055460735840827972e+07 1.723776120372998101e-25
4.500557675700496882e+07 1.195176456780265491e-25
4.994505115855139494e+07 8.231930057871991521e-26
5.542664520663107187e+07 5.625652031731766368e-26
6.150985788580504060e+07 3.807412047976874457e-26
6.826071834272393584e+07 2.546746894733187004e-26
7.575250258771920204e+07 1.680479072621848971e-26
8.406652885618332028e+07 1.089604416607986836e-26
9.329304026284696162e+07 6.920629178008355540e-27
1.035321843295663744e+08 4.274133709127958341e-27
1.148951000187308788e+08 2.551562297918205110e-27
1.275051240713012964e+08 1.455848388941142735e-27
1.414991297434575856e+08 7.825698985907375014e-28
1.570290124729377627e+08 3.882552744588007452e-28
1.742633386009651124e+08 1.728637716849824384e-28
1.933891750455232263e+08 6.654077076265138524e-29
2.146141197858406007e+08 2.026076711218008210e-29
2.381685551976160705e+08 2.489255217453027195e-30
2.643081486974108517e+08 1.126918297292362353e-32
