1.000000000000000000e+02 8.747313496502611521e-12
1.109752496412072134e+02 7.337135830348568409e-12
1.231550603292826196e+02 6.148845324327305994e-12
1.366716356462005990e+02 5.151624148690978792e-12
1.516716888470922413e+02 4.304080162704111730e-12
1.683180353330956791e+02 3.599247822270930819e-12
1.867913599020782840e+02 3.002175278913499052e-12
2.072921779595371845e+02 2.505425451428109109e-12
2.300430119772916839e+02 2.087878161326428151e-12
2.552908068239516410e+02 1.738999395594712544e-12
2.833096101839323637e+02 1.447263599613879212e-12
3.144035471591500368e+02 1.203694049173392728e-12
3.489101213406774491e+02 1.000221615416109003e-12
3.872038781812557318e+02 8.301217471621494081e-13
4.297004704320843871e+02 6.886564171551796923e-13
4.768611697714468960e+02 5.701887828620483115e-13
5.291978735958442712e+02 4.717912932677474341e-13
5.872786613189482523e+02 3.896124450462662763e-13
6.517339604882420190e+02 3.212780779534613217e-13
7.232633896483533817e+02 2.644631096363550388e-13
8.026433522257173081e+02 2.171939739430715667e-13
8.907354638610439679e+02 1.780640271951207830e-13
9.884959046625587007e+02 1.455950277205357296e-13
1.096985797892383971e+03 1.188326140701570540e-13
1.217382727739662187e+03 9.672661980450147182e-14
1.350993521198027793e+03 7.857883536116036977e-14
1.499268432786045423e+03 6.367338423960619245e-14
1.663816886076128640e+03 5.150968316942623136e-14
1.846424942895544291e+03 4.156389669263231425e-14
2.049074689815845886e+03 3.349634291698230861e-14
2.273965752357927613e+03 2.693975798527596418e-14
2.523539170434765765e+03 2.166390010063809779e-14
2.800503894183631019e+03 1.737466632752637225e-14
3.107866187782013640e+03 1.395310447102036580e-14
3.448962260405759935e+03 1.117627194897804501e-14
3.827494478516314757e+03 8.969955109299960505e-15
4.247571552536898707e+03 7.186695653459479096e-15
4.713753134116724141e+03 5.771264824514432197e-15
5.231099308056262998e+03 4.633856226493408962e-15
5.805225516094896193e+03 3.722966127036419711e-15
6.442363508721369726e+03 2.998888074941636575e-15
7.149428986597576113e+03 2.413925768439966160e-15
7.934096665797491369e+03 1.945419506811315808e-15
8.804883581643463913e+03 1.569589783337053572e-15
9.771241535346502133e+03 1.265813930412936967e-15
1.084365968689610963e+04 1.021033971332793932e-15
1.203377840777589154e+04 8.234247010828769760e-16
1.335451562929898682e+04 6.636769628198442686e-16
1.482020705798858762e+04 5.341410127328667626e-16
1.644676177994664249e+04 4.291606878663287921e-16
1.825183494319044257e+04 3.440206807154340210e-16
2.025501939230666540e+04 2.750151143043046740e-16
2.247805833548725059e+04 2.191090996262584492e-16
2.494508135230316839e+04 1.738080957972642273e-16
2.768286630392066581e+04 1.372108318990258565e-16
3.072112998861759115e+04 1.076759672708309078e-16
3.409285069746814406e+04 8.394302385319767393e-17
3.783462617131928710e+04 6.491087195889738558e-17
4.198707084443910571e+04 4.974248877619186208e-17
4.659525668664683326e+04 3.773857153911643957e-17
5.170920242896761192e+04 2.829036886712013975e-17
5.738441648302398244e+04 2.092809515678522333e-17
6.368249944718585903e+04 1.525691450008008856e-17
7.067181273927491566e+04 1.093647168179889779e-17
7.842822061337680498e+04 7.693819314739184518e-18
8.703591361485165544e+04 5.306498993552841606e-18
9.658832241158708348e+04 3.581658578373229452e-18
1.071891319205127511e+05 2.363297828338902542e-18
1.189534067370319535e+05 1.525356169173561412e-18
1.320088400831418112e+05 9.588335654247275548e-19
1.464971398307286145e+05 5.915687476279934204e-19
1.625755666443794908e+05 3.590306335525372898e-19
1.804186409392071655e+05 2.158355629571719882e-19
2.002200371815584658e+05 1.297548247215173786e-19
2.221946860939523904e+05 7.897924809699625875e-20
2.465811075822604180e+05 4.917918717582301550e-20
2.736439997074671555e+05 3.158367377524958698e-20
3.036771118035460822e+05 2.101241150592122812e-20
3.370064329271928291e+05 1.434191849290141721e-20
3.739937302478798083e+05 9.984284871030394094e-21
4.150404757850476308e+05 7.034064100166562800e-21
4.605922041145108524e+05 4.917495110682054987e-21
5.111433483440171112e+05 3.418896160365876989e-21
5.672426068491977639e+05 2.353874324547950241e-21
6.294988990221888525e+05 1.590237931914199945e-21
6.985879746785250027e+05 1.051439931623293571e-21
7.752597488629464060e+05 6.760962499327816195e-22
8.603464416684507160e+05 4.194474657284429232e-22
9.547716114208066138e+05 2.482793746627148061e-22
1.059560179277617019e+06 1.384644094941291653e-22
1.175849554052158026e+06 7.216661555473104932e-23
1.304901978014401859e+06 3.614504961735227133e-23
1.448118227674532915e+06 1.881770828765203673e-23
1.607052818261638284e+06 1.097958203353734937e-23
1.783430876931909472e+06 7.183007159809892774e-24
1.979166867853557458e+06 5.013538262622553958e-24
2.196385372416546568e+06 3.585285236298490482e-24
2.437444150122222025e+06 2.579780435105672564e-24
2.704959730463137385e+06 1.856005726728454870e-24
3.001835813575591892e+06 1.332459560628759527e-24
3.331294787934676744e+06 9.543307806139492320e-25
3.696912707195031922e+06 6.814094842814383167e-25
4.102658105827190448e+06 4.844394407596659322e-25
4.552935074866947718e+06 3.427633462755070187e-25
5.052631065335679799e+06 2.411499078089739285e-25
5.607169938205458224e+06 1.685689819430979661e-25
6.222570836730230600e+06 1.169543281473192255e-25
6.905513520162330940e+06 8.048265567016406356e-26
7.663410868007462472e+06 5.484122142569750062e-26
8.504489341802684590e+06 3.694878552628876036e-26
9.437878277775391936e+06 2.457286098251108888e-26
1.047370897959450819e+07 1.608300504477589760e-26
1.162322468679854274e+07 1.033067282417287632e-26
1.289890261253307760e+07 6.472783662330126552e-27
1.431458937523478456e+07 3.928739165086149606e-27
1.588565129428052530e+07 2.282633020517133936e-27
1.762914118095947802e+07 1.248305129182384213e-27
1.956398343517064676e+07 6.252611098665326307e-28
2.171117945694505423e+07 2.734425944264356341e-28
2.409403560239527002e+07 9.583523969720387790e-29
2.673841615839949250e+07 2.309059948006785296e-29
2.967302408188872784e+07 3.090345919193312146e-30
