1.000000000000000000e+02 3.241252261135189391e-12
1.109752496412072134e+02 2.619576238791112089e-12
1.231550603292826196e+02 2.116694152192142838e-12
1.366716356462005990e+02 1.695155221934038993e-12
1.516716888470922413e+02 1.347729136820224811e-12
1.683180353330956791e+02 1.064087959636238921e-12
1.867913599020782840e+02 8.339484915008502082e-13
2.072921779595371845e+02 6.492644213652670426e-13
2.300430119772916839e+02 5.008687450135550869e-13
2.552908068239516410e+02 3.844920812897065882e-13
2.833096101839323637e+02 2.930631056068931666e-13
3.144035471591500368e+02 2.225639152482211761e-13
3.489101213406774491e+02 1.683938963285289952e-13
3.872038781812557318e+02 1.269428823298977541e-13
4.297004704320843871e+02 9.585273189432598886e-14
4.768611697714468960e+02 7.235004032922766068e-14
5.291978735958442712e+02 5.483233597581268591e-14
5.872786613189482523e+02 4.174163016825324954e-14
6.517339604882420190e+02 3.196373848999299262e-14
7.232633896483533817e+02 2.466753523837449152e-14
8.026433522257173081e+02 1.914158861858128311e-14
8.907354638610439679e+02 1.495912308844539362e-14
9.884959046625587007e+02 1.173772006484981680e-14
1.096985797892383971e+03 9.239798965070521966e-15
1.217382727739662187e+03 7.293327426902692466e-15
1.350993521198027793e+03 5.750186208344674347e-15
1.499268432786045423e+03 4.538031587062455354e-15
1.663816886076128640e+03 3.568369727584597927e-15
1.846424942895544291e+03 2.811150450212616801e-15
2.049074689815845886e+03 2.200072364830255514e-15
2.273965752357927613e+03 1.725901274353090935e-15
2.523539170434765765e+03 1.353060489842511268e-15
2.800503894183631019e+03 1.061625195640535860e-15
3.107866187782013640e+03 8.354806754251010653e-16
3.448962260405759935e+03 6.614969236336890292e-16
3.827494478516314757e+03 5.258522292513174059e-16
4.247571552536898707e+03 4.219923911030530547e-16
4.713753134116724141e+03 3.418976872272835042e-16
5.231099308056262998e+03 2.797188614127458459e-16
5.805225516094896193e+03 2.309437129642807664e-16
6.442363508721369726e+03 1.926864945938071346e-16
7.149428986597576113e+03 1.618804372791805760e-16
7.934096665797491369e+03 1.367952394301910691e-16
8.804883581643463913e+03 1.162892030045464695e-16
9.771241535346502133e+03 9.906482447093562593e-17
1.084365968689610963e+04 8.456958099419026930e-17
1.203377840777589154e+04 7.214780102026644846e-17
1.335451562929898682e+04 6.155148627226209888e-17
1.482020705798858762e+04 5.248613930776671217e-17
1.644676177994664249e+04 4.460101410570080494e-17
1.825183494319044257e+04 3.777578047636406942e-17
2.025501939230666540e+04 3.191667342408560286e-17
2.247805833548725059e+04 2.687852510543565654e-17
2.494508135230316839e+04 2.250507173456993161e-17
2.768286630392066581e+04 1.874285048006938237e-17
3.072112998861759115e+04 1.551736213710361589e-17
3.409285069746814406e+04 1.276356754487227114e-17
3.783462617131928710e+04 1.041681584701899166e-17
4.198707084443910571e+04 8.426283587685292306e-18
4.659525668664683326e+04 6.747978337941632910e-18
5.170920242896761192e+04 5.337603786297648936e-18
5.738441648302398244e+04 4.166731598408042490e-18
6.368249944718585903e+04 3.199527409114230645e-18
7.067181273927491566e+04 2.414178547055774023e-18
7.842822061337680498e+04 1.783102699484994934e-18
8.703591361485165544e+04 1.283195641001777545e-18
9.658832241158708348e+04 8.979851954348546432e-19
1.071891319205127511e+05 6.075629909835428802e-19
1.189534067370319535e+05 3.960099550601065007e-19
1.320088400831418112e+05 2.480460280327630742e-19
1.464971398307286145e+05 1.496447880937569379e-19
1.625755666443794908e+05 8.782048367092105098e-20
1.804186409392071655e+05 5.167843414711174568e-20
2.002200371815584658e+05 3.194640862314225092e-20
2.221946860939523904e+05 2.152566937083701163e-20
2.465811075822604180e+05 1.574863394464468772e-20
2.736439997074671555e+05 1.218097726065543451e-20
3.036771118035460822e+05 9.701885580390161743e-21
3.370064329271928291e+05 7.826406374421564458e-21
3.739937302478798083e+05 6.341745022642555516e-21
4.150404757850476308e+05 5.142853583763205792e-21
4.605922041145108524e+05 4.169490203257871467e-21
5.111433483440171112e+05 3.376969299395039596e-21
5.672426068491977639e+05 2.731875407497180068e-21
6.294988990221888525e+05 2.207944605365164411e-21
6.985879746785250027e+05 1.782116038776845679e-21
7.752597488629464060e+05 1.436758792481625937e-21
8.603464416684507160e+05 1.156865807508907766e-21
9.547716114208066138e+05 9.301485237415123878e-22
1.059560179277617019e+06 7.468320980399989671e-22
1.175849554052158026e+06 5.987641241338536583e-22
1.304901978014401859e+06 4.792673107396953601e-22
1.448118227674532915e+06 3.829640466420682150e-22
1.607052818261638284e+06 3.055204354624402947e-22
1.783430876931909472e+06 2.432422775042022328e-22
1.979166867853557458e+06 1.932767513987058781e-22
2.196385372416546568e+06 1.532680905177232493e-22
2.437444150122222025e+06 1.212579769279921871e-22
2.704959730463137385e+06 9.571319127283279997e-23
3.001835813575591892e+06 7.535205116174013491e-23
3.331294787934676744e+06 5.916590152714727967e-23
3.696912707195031922e+06 4.632079281688268923e-23
4.102658105827190448e+06 3.615877262241236297e-23
4.552935074866947718e+06 2.813192611088787714e-23
5.052631065335679799e+06 2.180642373703548197e-23
5.607169938205458224e+06 1.683832689681282544e-23
6.222570836730230600e+06 1.294481038376200551e-23
6.905513520162330940e+06 9.906118812765686076e-24
7.663410868007462472e+06 7.546220977129159694e-24
8.504489341802684590e+06 5.717886394326620762e-24
9.437878277775391936e+06 4.301531252016611752e-24
1.047370897959450819e+07 3.214913746541941800e-24
1.162322468679854274e+07 2.386785542652356440e-24
1.289890261253307760e+07 1.754012782172182230e-24
1.431458937523478456e+07 1.278316298765540798e-24
1.588565129428052530e+07 9.205926391071175268e-25
1.762914118095947802e+07 6.555495771481901583e-25
1.956398343517064676e+07 4.595036714221371851e-25
2.171117945694505423e+07 3.169735544197384187e-25
2.409403560239527002e+07 2.144578915564417357e-25
2.673841615839949250e+07 1.415998422872020407e-25
2.967302408188872784e+07 9.095118704297479429e-26
3.292971255097155273e+07 5.640627960330178464e-26
3.654383070957254618e+07 3.362254653605883770e-26
4.055460735840827972e+07 1.902644551895963274e-26
4.500557675700496882e+07 1.014318587335059721e-26
4.994505115855139494e+07 5.039837247725197462e-27
5.542664520663107187e+07 2.326823901114588637e-27
6.150985788580504060e+07 1.006515901638841341e-27
6.826071834272393584e+07 4.099647374905019182e-28
7.575250258771920204e+07 1.423234766517335628e-28
8.406652885618332028e+07 2.750384310766735659e-29
9.329304026284696162e+07 5.696048165689503364e-31
1.035321843295663744e+08 8.560982557335336459e-97
