1.000000000000000000e+02 7.066572153161580144e-11
1.109752496412072134e+02 5.737962091941994293e-11
1.231550603292826196e+02 4.637973869158206735e-11
1.366716356462005990e+02 3.741173984677338593e-11
1.516716888470922413e+02 3.009535477886937897e-11
1.683180353330956791e+02 2.414503609680555050e-11
1.867913599020782840e+02 1.935269469859597187e-11
2.072921779595371845e+02 1.548265631945816988e-11
2.300430119772916839e+02 1.239454121239680206e-11
2.552908068239516410e+02 9.919800312127541308e-12
2.833096101839323637e+02 7.955295337749906665e-12
3.144035471591500368e+02 6.391986029122306521e-12
3.489101213406774491e+02 5.155727522817159695e-12
3.872038781812557318e+02 4.174567524077228568e-12
4.297004704320843871e+02 3.396409876087784504e-12
4.768611697714468960e+02 2.777494217196091463e-12
5.291978735958442712e+02 2.283261123376963747e-12
5.872786613189482523e+02 1.887959626865601010e-12
6.517339604882420190e+02 1.567547428771612244e-12
7.232633896483533817e+02 1.308085928596148935e-12
8.026433522257173081e+02 1.095650583423660219e-12
8.907354638610439679e+02 9.205038657624518062e-13
9.884959046625587007e+02 7.753855175352503627e-13
1.096985797892383971e+03 6.544355481200311620e-13
1.217382727739662187e+03 5.528503727331666899e-13
1.350993521198027793e+03 4.674863504653844885e-13
1.499268432786045423e+03 3.954584109264097564e-13
1.663816886076128640e+03 3.342561299708966205e-13
1.846424942895544291e+03 2.826057002703067976e-13
2.049074689815845886e+03 2.386083720936652245e-13
2.273965752357927613e+03 2.012464757804995456e-13
2.523539170434765765e+03 1.695162061981684304e-13
2.800503894183631019e+03 1.425400150863076637e-13
3.107866187782013640e+03 1.195980717052396454e-13
3.448962260405759935e+03 1.001792059871197062e-13
3.827494478516314757e+03 8.366290090633708863e-14
4.247571552536898707e+03 6.965999076132024866e-14
4.713753134116724141e+03 5.784988326731358607e-14
5.231099308056262998e+03 4.784716294017497143e-14
5.805225516094896193e+03 3.945201958302126563e-14
6.442363508721369726e+03 3.239619823179399360e-14
7.149428986597576113e+03 2.644061541533119471e-14
7.934096665797491369e+03 2.149833018447074057e-14
8.804883581643463913e+03 1.739712610826877084e-14
9.771241535346502133e+03 1.402426234083783102e-14
1.084365968689610963e+04 1.120235883564735925e-14
1.203377840777589154e+04 8.892613872990030579e-15
1.335451562929898682e+04 7.008063531127195344e-15
1.482020705798858762e+04 5.485916929290916174e-15
1.644676177994664249e+04 4.258599262120168948e-15
1.825183494319044257e+04 3.268789451870385767e-15
2.025501939230666540e+04 2.478631460834040883e-15
2.247805833548725059e+04 1.854364964661803019e-15
2.494508135230316839e+04 1.365730093704468714e-15
2.768286630392066581e+04 9.875177985434430070e-16
3.072112998861759115e+04 6.980467288054507787e-16
3.409285069746814406e+04 4.812085505012045003e-16
3.783462617131928710e+04 3.222399353757864627e-16
4.198707084443910571e+04 2.093884254145750996e-16
4.659525668664683326e+04 1.322593301952734460e-16
5.170920242896761192e+04 8.182628946200570562e-17
5.738441648302398244e+04 5.028653101747826412e-17
6.368249944718585903e+04 3.132411347254649104e-17
7.067181273927491566e+04 2.016148903596302171e-17
7.842822061337680498e+04 1.352462368369506688e-17
8.703591361485165544e+04 9.420749092084077274e-18
9.658832241158708348e+04 6.773220231228942320e-18
1.071891319205127511e+05 4.994320447018703074e-18
1.189534067370319535e+05 3.762994128912312427e-18
1.320088400831418112e+05 2.889157005856203496e-18
1.464971398307286145e+05 2.248399689529465599e-18
1.625755666443794908e+05 1.763687660458325650e-18
1.804186409392071655e+05 1.387858286828763026e-18
2.002200371815584658e+05 1.092950621952663749e-18
2.221946860939523904e+05 8.599474448603882863e-19
2.465811075822604180e+05 6.757022418719808628e-19
2.736439997074671555e+05 5.301583498151589443e-19
3.036771118035460822e+05 4.150787620981175822e-19
3.370064329271928291e+05 3.245298600753871736e-19
3.739937302478798083e+05 2.531774743787287791e-19
4.150404757850476308e+05 1.971199836896582515e-19
4.605922041145108524e+05 1.531456466051421548e-19
5.111433483440171112e+05 1.186645392522597176e-19
5.672426068491977639e+05 9.173544926491763045e-20
6.294988990221888525e+05 7.070840272432018132e-20
6.985879746785250027e+05 5.434247544566572001e-20
7.752597488629464060e+05 4.162518970252726274e-20
8.603464416684507160e+05 3.177995730078748385e-20
9.547716114208066138e+05 2.417519978803958756e-20
1.059560179277617019e+06 1.831329341128499277e-20
1.175849554052158026e+06 1.381747890178425070e-20
1.304901978014401859e+06 1.037704311925431584e-20
1.448118227674532915e+06 7.756403096717423630e-21
1.607052818261638284e+06 5.767294892516053046e-21
1.783430876931909472e+06 4.263878202278209856e-21
1.979166867853557458e+06 3.133098653933279622e-21
2.196385372416546568e+06 2.287159020357239452e-21
2.437444150122222025e+06 1.657119099774715974e-21
2.704959730463137385e+06 1.191018298034587613e-21
3.001835813575591892e+06 8.482465673220612956e-22
3.331294787934676744e+06 5.981616863502022073e-22
3.696912707195031922e+06 4.169432528021709871e-22
4.102658105827190448e+06 2.868624113860610327e-22
4.552935074866947718e+06 1.942325231832403756e-22
5.052631065335679799e+06 1.292567333358440990e-22
5.607169938205458224e+06 8.410214859601137397e-23
6.222570836730230600e+06 5.335796768349735533e-23
6.905513520162330940e+06 3.279375284408920457e-23
7.663410868007462472e+06 1.937168313323436484e-23
8.504489341802684590e+06 1.101557283209426369e-23
9.437878277775391936e+06 5.913371627993510598e-24
1.047370897959450819e+07 2.981352719210349803e-24
1.162322468679854274e+07 1.399210705529509367e-24
1.289890261253307760e+07 6.060494054445936357e-25
1.431458937523478456e+07 2.393160864827357959e-25
1.588565129428052530e+07 8.462759995124224553e-26
1.762914118095947802e+07 2.644166383217735347e-26
1.956398343517064676e+07 7.195492574936505094e-27
2.171117945694505423e+07 1.677372975276798061e-27
2.409403560239527002e+07 3.292384426906377258e-28
2.673841615839949250e+07 5.344407082778658584e-29
2.967302408188872784e+07 7.041219963244607715e-30
3.292971255097155273e+07 7.380615769814598424e-31
3.654383070957254618e+07 6.020113210014333067e-32
4.055460735840827972e+07 3.723982638728694272e-33
4.500557675700496882e+07 1.690534302150053000e-34
4.994505115855139494e+07 5.393148576764746557e-36
5.542664520663107187e+07 1.146825016094616208e-37
6.150985788580504060e+07 1.499231611977334728e-39
6.826071834272393584e+07 1.053051859312108648e-41
7.575250258771920204e+07 2.389575707470475152e-44
