1.000000000000000000e+02 5.399756367038677342e-13
1.109752496412072134e+02 4.537175697089503927e-13
1.231550603292826196e+02 3.804069053023229648e-13
1.366716356462005990e+02 3.184405056273278220e-13
1.516716888470922413e+02 2.661559361271185593e-13
1.683180353330956791e+02 2.220126249847374280e-13
1.867913599020782840e+02 1.848896086858502897e-13
2.072921779595371845e+02 1.537742202738910247e-13
2.300430119772916839e+02 1.276769586301683162e-13
2.552908068239516410e+02 1.058392805639895886e-13
2.833096101839323637e+02 8.766943551482944685e-14
3.144035471591500368e+02 7.251289273429842095e-14
3.489101213406774491e+02 5.993612462242474555e-14
3.872038781812557318e+02 4.948338322582584591e-14
4.297004704320843871e+02 4.084266546996928563e-14
4.768611697714468960e+02 3.368015700002269231e-14
5.291978735958442712e+02 2.776757554859253713e-14
5.872786613189482523e+02 2.286569803484898396e-14
6.517339604882420190e+02 1.882572910623981649e-14
7.232633896483533817e+02 1.548666863449711055e-14
8.026433522257173081e+02 1.272099624976341796e-14
8.907354638610439679e+02 1.043833389690796605e-14
9.884959046625587007e+02 8.549244588346758187e-15
1.096985797892383971e+03 6.984720735617405432e-15
1.217382727739662187e+03 5.689057714015170870e-15
1.350993521198027793e+03 4.615833709739367484e-15
1.499268432786045423e+03 3.727710598997102073e-15
1.663816886076128640e+03 2.992836466656718913e-15
1.846424942895544291e+03 2.385936568464980512e-15
2.049074689815845886e+03 1.885753508394812108e-15
2.273965752357927613e+03 1.474399879775816458e-15
2.523539170434765765e+03 1.138338094032906842e-15
2.800503894183631019e+03 8.660300277492824995e-16
3.107866187782013640e+03 6.458470559192156048e-16
3.448962260405759935e+03 4.712364778420551023e-16
3.827494478516314757e+03 3.347817093713730411e-16
4.247571552536898707e+03 2.303603807380945413e-16
4.713753134116724141e+03 1.527976513090869310e-16
5.231099308056262998e+03 9.719594984705045473e-17
5.805225516094896193e+03 5.919408553005888702e-17
6.442363508721369726e+03 3.456879951410757858e-17
7.149428986597576113e+03 1.969938586234942890e-17
7.934096665797491369e+03 1.137418094520237267e-17
8.804883581643463913e+03 6.999105382611349350e-18
9.771241535346502133e+03 4.733098919553355000e-18
1.084365968689610963e+04 3.496610169073487184e-18
1.203377840777589154e+04 2.752857723212453434e-18
1.335451562929898682e+04 2.249707583486857759e-18
1.482020705798858762e+04 1.873006706993846588e-18
1.644676177994664249e+04 1.572175663721991879e-18
1.825183494319044257e+04 1.323691614782287194e-18
2.025501939230666540e+04 1.115401663259074270e-18
2.247805833548725059e+04 9.398037953109120875e-19
2.494508135230316839e+04 7.915186134690627461e-19
2.768286630392066581e+04 6.661887844514442691e-19
3.072112998861759115e+04 5.602555605963784336e-19
3.409285069746814406e+04 4.708652569650907374e-19
3.783462617131928710e+04 3.954078564354055763e-19
4.198707084443910571e+04 3.317970627502966268e-19
4.659525668664683326e+04 2.781431855297286413e-19
5.170920242896761192e+04 2.329793751270942728e-19
5.738441648302398244e+04 1.949494855288960886e-19
6.368249944718585903e+04 1.629662076955456877e-19
7.067181273927491566e+04 1.360936443709918721e-19
7.842822061337680498e+04 1.135087367424822307e-19
8.703591361485165544e+04 9.457086014254256717e-20
9.658832241158708348e+04 7.868915606720738708e-20
1.071891319205127511e+05 6.539533343915096580e-20
1.189534067370319535e+05 5.427159378358932366e-20
1.320088400831418112e+05 4.496932545382398951e-20
1.464971398307286145e+05 3.721427710355159891e-20
1.625755666443794908e+05 3.074213175503519305e-20
1.804186409392071655e+05 2.535526059028690673e-20
2.002200371815584658e+05 2.088002074453066894e-20
2.221946860939523904e+05 1.715548408617985226e-20
2.465811075822604180e+05 1.407377736885064684e-20
2.736439997074671555e+05 1.151919621331174420e-20
3.036771118035460822e+05 9.406781364163060675e-21
3.370064329271928291e+05 7.666141691180751653e-21
3.739937302478798083e+05 6.226277435398636042e-21
4.150404757850476308e+05 5.047396626552032009e-21
4.605922041145108524e+05 4.082835584539272018e-21
5.111433483440171112e+05 3.286591065858324030e-21
5.672426068491977639e+05 2.639356781190381841e-21
6.294988990221888525e+05 2.113952803745026368e-21
6.985879746785250027e+05 1.687828362005687164e-21
7.752597488629464060e+05 1.339799347495205460e-21
8.603464416684507160e+05 1.061597373641493400e-21
9.547716114208066138e+05 8.372558138674765099e-22
1.059560179277617019e+06 6.571038564489470845e-22
1.175849554052158026e+06 5.141157644409628733e-22
1.304901978014401859e+06 4.001403883114376536e-22
1.448118227674532915e+06 3.099905680060237580e-22
1.607052818261638284e+06 2.390035038679676760e-22
1.783430876931909472e+06 1.834055566643183163e-22
1.979166867853557458e+06 1.399396253951340176e-22
2.196385372416546568e+06 1.061790072353764351e-22
2.437444150122222025e+06 8.003073287119525859e-23
2.704959730463137385e+06 5.993363121463243194e-23
3.001835813575591892e+06 4.450700868938090023e-23
3.331294787934676744e+06 3.275146562169765675e-23
3.696912707195031922e+06 2.382636555720602493e-23
4.102658105827190448e+06 1.710254762789964281e-23
4.552935074866947718e+06 1.207239419209162411e-23
5.052631065335679799e+06 8.360865798684342045e-24
5.607169938205458224e+06 5.629152222193804342e-24
6.222570836730230600e+06 3.704567585446071043e-24
6.905513520162330940e+06 2.341035276846065891e-24
7.663410868007462472e+06 1.411349685941350069e-24
8.504489341802684590e+06 8.097029109701575612e-25
9.437878277775391936e+06 4.339612790679694785e-25
1.047370897959450819e+07 2.153939915922029283e-25
1.162322468679854274e+07 9.801668775662328041e-26
1.289890261253307760e+07 4.051032538668472795e-26
1.431458937523478456e+07 1.496105350578965809e-26
1.588565129428052530e+07 4.829435281915845774e-27
1.762914118095947802e+07 1.340837655747373134e-27
1.956398343517064676e+07 3.151406073746826772e-28
2.171117945694505423e+07 6.143420953060684070e-29
2.409403560239527002e+07 9.714383189257338241e-30
2.673841615839949250e+07 1.216081660692127877e-30
2.967302408188872784e+07 1.172128358686375461e-31
3.292971255097155273e+07 8.414202548265279721e-33
3.654383070957254618e+07 4.311009427538333233e-34
4.055460735840827972e+07 1.486009621113188722e-35
4.500557675700496882e+07 3.120968366576469295e-37
4.994505115855139494e+07 3.016865391358513102e-39
