1.000000000000000000e+02 3.320211160182598970e-17
1.109752496412072134e+02 2.891390033940472809e-17
1.231550603292826196e+02 2.507384442138685886e-17
1.366716356462005990e+02 2.161187019448229836e-17
1.516716888470922413e+02 1.854223883447774210e-17
1.683180353330956791e+02 1.584093984409507961e-17
1.867913599020782840e+02 1.343456940826922441e-17
2.072921779595371845e+02 1.132043701211683023e-17
2.300430119772916839e+02 9.537451988763194705e-18
2.552908068239516410e+02 7.944397258312804436e-18
2.833096101839323637e+02 6.581837496953603391e-18
3.144035471591500368e+02 5.442614992727661784e-18
3.489101213406774491e+02 4.460391645266919235e-18
3.872038781812557318e+02 3.638133178749237427e-18
4.297004704320843871e+02 2.957204027163548896e-18
4.768611697714468960e+02 2.391070616321543797e-18
5.291978735958442712e+02 1.928671079520670083e-18
5.872786613189482523e+02 1.551388779689209638e-18
6.517339604882420190e+02 1.246755670857569758e-18
7.232633896483533817e+02 1.002123302107687536e-18
8.026433522257173081e+02 8.070084264944554711e-19
8.907354638610439679e+02 6.533748449013610079e-19
9.884959046625587007e+02 5.309591198469400751e-19
1.096985797892383971e+03 4.333845737814765186e-19
1.217382727739662187e+03 3.566230254138358730e-19
1.350993521198027793e+03 2.957800560065783230e-19
1.499268432786045423e+03 2.468264670421072708e-19
1.663816886076128640e+03 2.068507612819920981e-19
1.846424942895544291e+03 1.743455145808186430e-19
2.049074689815845886e+03 1.473493243207545839e-19
2.273965752357927613e+03 1.247273064488304321e-19
2.523539170434765765e+03 1.056347353241523171e-19
2.800503894183631019e+03 8.930187542788679567e-20
3.107866187782013640e+03 7.533092829890525941e-20
3.448962260405759935e+03 6.331909880959108320e-20
3.827494478516314757e+03 5.301681486889198755e-20
4.247571552536898707e+03 4.420888166129582236e-20
4.713753134116724141e+03 3.669248010448335009e-20
5.231099308056262998e+03 3.032267571532223900e-20
5.805225516094896193e+03 2.496430932875520226e-20
6.442363508721369726e+03 2.050424214472313072e-20
7.149428986597576113e+03 1.683129830949151413e-20
7.934096665797491369e+03 1.383766252056421596e-20
8.804883581643463913e+03 1.142200552535873619e-20
9.771241535346502133e+03 9.479840809193268967e-21
1.084365968689610963e+04 7.906821817191820468e-21
1.203377840777589154e+04 6.617025790989796619e-21
1.335451562929898682e+04 5.546723611059578681e-21
1.482020705798858762e+04 4.652485028307461018e-21
1.644676177994664249e+04 3.902884082362799118e-21
1.825183494319044257e+04 3.273374442458541089e-21
2.025501939230666540e+04 2.744095866613306318e-21
2.247805833548725059e+04 2.299252099570589116e-21
2.494508135230316839e+04 1.925833653478943315e-21
2.768286630392066581e+04 1.612053617126127808e-21
3.072112998861759115e+04 1.348517473316045740e-21
3.409285069746814406e+04 1.127241336460642241e-21
3.783462617131928710e+04 9.416670403988187467e-22
4.198707084443910571e+04 7.859373322425407635e-22
4.659525668664683326e+04 6.553980880859720477e-22
5.170920242896761192e+04 5.459971230771614666e-22
5.738441648302398244e+04 4.544176086296831313e-22
6.368249944718585903e+04 3.777683170369402291e-22
7.067181273927491566e+04 3.136772073436600551e-22
7.842822061337680498e+04 2.601096519881911740e-22
8.703591361485165544e+04 2.154537177033710888e-22
9.658832241158708348e+04 1.781539718759246516e-22
1.071891319205127511e+05 1.471499224884206209e-22
1.189534067370319535e+05 1.213432808112427472e-22
1.320088400831418112e+05 9.989555833060113966e-23
1.464971398307286145e+05 8.213822175504135370e-23
1.625755666443794908e+05 6.742833114440912381e-23
1.804186409392071655e+05 5.528919988643784501e-23
2.002200371815584658e+05 4.527510096273553619e-23
2.221946860939523904e+05 3.703061536855891022e-23
2.465811075822604180e+05 3.025569014512616621e-23
2.736439997074671555e+05 2.468664581297517879e-23
3.036771118035460822e+05 2.012094478128078500e-23
3.370064329271928291e+05 1.637707415450463129e-23
3.739937302478798083e+05 1.331118285477336700e-23
4.150404757850476308e+05 1.080479130710061713e-23
4.605922041145108524e+05 8.756570828877439143e-24
5.111433483440171112e+05 7.086434509735937628e-24
5.672426068491977639e+05 5.724242450058331714e-24
6.294988990221888525e+05 4.616670106798202189e-24
6.985879746785250027e+05 3.716422604257880431e-24
7.752597488629464060e+05 2.985796930688493310e-24
8.603464416684507160e+05 2.393998727231805014e-24
9.547716114208066138e+05 1.915255645210710563e-24
1.059560179277617019e+06 1.528930520594285881e-24
1.175849554052158026e+06 1.217516006259249355e-24
1.304901978014401859e+06 9.671006571402609996e-25
1.448118227674532915e+06 7.661317297209614758e-25
1.607052818261638284e+06 6.052181642238398640e-25
1.783430876931909472e+06 4.766526244954987122e-25
1.979166867853557458e+06 3.741456257597325046e-25
2.196385372416546568e+06 2.926432449941903127e-25
2.437444150122222025e+06 2.280312598354200569e-25
2.704959730463137385e+06 1.770024795665724987e-25
3.001835813575591892e+06 1.368344019330683830e-25
3.331294787934676744e+06 1.052802595240943274e-25
3.696912707195031922e+06 8.060322992088236014e-26
4.102658105827190448e+06 6.137734212577580260e-26
4.552935074866947718e+06 4.648015640150046583e-26
5.052631065335679799e+06 3.497267321806066591e-26
5.607169938205458224e+06 2.613991318569308041e-26
6.222570836730230600e+06 1.939567914337986275e-26
6.905513520162330940e+06 1.427716034611915018e-26
7.663410868007462472e+06 1.041934531970480668e-26
8.504489341802684590e+06 7.535243033974788598e-27
9.437878277775391936e+06 5.392608257886445058e-27
1.047370897959450819e+07 3.814757547752002676e-27
1.162322468679854274e+07 2.666513128585740026e-27
1.289890261253307760e+07 1.836715503267107830e-27
1.431458937523478456e+07 1.244635538415586518e-27
1.588565129428052530e+07 8.264480314868887705e-28
1.762914118095947802e+07 5.349485367112764913e-28
1.956398343517064676e+07 3.345447718261991239e-28
2.171117945694505423e+07 1.994176591415942322e-28
2.409403560239527002e+07 1.108278695824018431e-28
2.673841615839949250e+07 5.521905675691261672e-29
2.967302408188872784e+07 2.283592608354644327e-29
3.292971255097155273e+07 6.521436748123368686e-30
3.654383070957254618e+07 7.490291071349788181e-31
4.055460735840827972e+07 4.510802164989585434e-32
