1.000000000000000000e+02 9.589226059175940452e-12
1.109752496412072134e+02 8.334059610282604146e-12
1.231550603292826196e+02 7.238297445423757463e-12
1.366716356462005990e+02 6.282668240580174344e-12
1.516716888470922413e+02 5.449285284692680069e-12
1.683180353330956791e+02 4.723649017125376898e-12
1.867913599020782840e+02 4.091759198403288445e-12
2.072921779595371845e+02 3.541324232765976008e-12
2.300430119772916839e+02 3.063095415567436856e-12
2.552908068239516410e+02 2.647102977819240342e-12
2.833096101839323637e+02 2.286216743458972844e-12
3.144035471591500368e+02 1.972639816393790626e-12
3.489101213406774491e+02 1.700731216269371232e-12
3.872038781812557318e+02 1.465312379345901422e-12
4.297004704320843871e+02 1.261203990647838040e-12
4.768611697714468960e+02 1.084786110723597972e-12
5.291978735958442712e+02 9.321826835490769271e-13
5.872786613189482523e+02 8.004663618864019670e-13
6.517339604882420190e+02 6.868091120246464755e-13
7.232633896483533817e+02 5.887393114497449528e-13
8.026433522257173081e+02 5.043411756935404782e-13
8.907354638610439679e+02 4.316732243135156315e-13
9.884959046625587007e+02 3.691681910264992993e-13
1.096985797892383971e+03 3.154825346492774538e-13
1.217382727739662187e+03 2.693630312700450523e-13
1.350993521198027793e+03 2.298475477214798334e-13
1.499268432786045423e+03 1.959742574404889806e-13
1.663816886076128640e+03 1.669687988556999626e-13
1.846424942895544291e+03 1.421535106621415123e-13
2.049074689815845886e+03 1.209376425668361631e-13
2.273965752357927613e+03 1.028163213529332992e-13
2.523539170434765765e+03 8.733789012049226625e-14
2.800503894183631019e+03 7.413138060155775998e-14
3.107866187782013640e+03 6.288131997832232476e-14
3.448962260405759935e+03 5.329652463780796229e-14
3.827494478516314757e+03 4.512960205987275195e-14
4.247571552536898707e+03 3.818732380902195758e-14
4.713753134116724141e+03 3.228441911049178563e-14
5.231099308056262998e+03 2.726859518709986556e-14
5.805225516094896193e+03 2.301276976879956459e-14
6.442363508721369726e+03 1.940376201132826901e-14
7.149428986597576113e+03 1.634143776826336803e-14
7.934096665797491369e+03 1.375037662221148459e-14
8.804883581643463913e+03 1.156209676697054186e-14
9.771241535346502133e+03 9.709622348794810417e-15
1.084365968689610963e+04 8.144561634088735155e-15
1.203377840777589154e+04 6.826468066789113087e-15
1.335451562929898682e+04 5.716122140729263935e-15
1.482020705798858762e+04 4.780826281194733690e-15
1.644676177994664249e+04 3.995278324716286190e-15
1.825183494319044257e+04 3.334799840746081868e-15
2.025501939230666540e+04 2.780991106534633490e-15
2.247805833548725059e+04 2.317259811760339702e-15
2.494508135230316839e+04 1.928547979829747368e-15
2.768286630392066581e+04 1.603527694962729741e-15
3.072112998861759115e+04 1.332264152201040571e-15
3.409285069746814406e+04 1.105725796560858815e-15
3.783462617131928710e+04 9.168573104929926707e-16
4.198707084443910571e+04 7.594356802232812214e-16
4.659525668664683326e+04 6.284640036121087203e-16
5.170920242896761192e+04 5.195760489009361841e-16
5.738441648302398244e+04 4.291252663508093218e-16
6.368249944718585903e+04 3.539994946419481399e-16
7.067181273927491566e+04 2.917062857099152945e-16
7.842822061337680498e+04 2.400893922254997585e-16
8.703591361485165544e+04 1.973532006429573414e-16
9.658832241158708348e+04 1.620158454621860131e-16
1.071891319205127511e+05 1.328185380665819150e-16
1.189534067370319535e+05 1.087117360894616815e-16
1.320088400831418112e+05 8.884061115789465261e-17
1.464971398307286145e+05 7.248105570407018220e-17
1.625755666443794908e+05 5.901445125910819658e-17
1.804186409392071655e+05 4.797376303036085655e-17
2.002200371815584658e+05 3.891260915936349599e-17
2.221946860939523904e+05 3.150438120862772182e-17
2.465811075822604180e+05 2.545714495895986376e-17
2.736439997074671555e+05 2.053060465842709824e-17
3.036771118035460822e+05 1.652562133707130216e-17
3.370064329271928291e+05 1.327968558519753904e-17
3.739937302478798083e+05 1.065319135486250485e-17
4.150404757850476308e+05 8.533106414613574263e-18
4.605922041145108524e+05 6.824828898569219084e-18
5.111433483440171112e+05 5.451560401985881000e-18
5.672426068491977639e+05 4.348768020258017134e-18
6.294988990221888525e+05 3.464929875497618509e-18
6.985879746785250027e+05 2.757509824889161905e-18
7.752597488629464060e+05 2.191823641595382403e-18
8.603464416684507160e+05 1.739869404222990166e-18
9.547716114208066138e+05 1.379340330135685143e-18
1.059560179277617019e+06 1.092215590175890696e-18
1.175849554052158026e+06 8.635616078847622185e-19
1.304901978014401859e+06 6.817616046789370720e-19
1.448118227674532915e+06 5.375119878562920252e-19
1.607052818261638284e+06 4.230783105680225209e-19
1.783430876931909472e+06 3.324307102057485773e-19
1.979166867853557458e+06 2.607656310729951404e-19
2.196385372416546568e+06 2.041901967934796750e-19
2.437444150122222025e+06 1.595719729408903290e-19
2.704959730463137385e+06 1.244614291390497600e-19
3.001835813575591892e+06 9.687829483436869131e-20
3.331294787934676744e+06 7.523146940505493756e-20
3.696912707195031922e+06 5.827983680900643010e-20
4.102658105827190448e+06 4.503818665155151236e-20
4.552935074866947718e+06 3.471151070496123299e-20
5.052631065335679799e+06 2.667575644864056549e-20
5.607169938205458224e+06 2.043648322190348687e-20
6.222570836730230600e+06 1.560363764479322536e-20
6.905513520162330940e+06 1.187494946581410639e-20
7.663410868007462472e+06 8.989443719947032063e-21
8.504489341802684590e+06 6.777767880059429841e-21
9.437878277775391936e+06 5.090822301820414766e-21
1.047370897959450819e+07 3.798179678565948712e-21
1.162322468679854274e+07 2.816936758623049182e-21
1.289890261253307760e+07 2.075509937495575622e-21
1.431458937523478456e+07 1.518065667348790801e-21
1.588565129428052530e+07 1.101139579009637520e-21
1.762914118095947802e+07 7.912377664711176339e-22
1.956398343517064676e+07 5.630069367276729255e-22
2.171117945694505423e+07 3.962324813093653742e-22
2.409403560239527002e+07 2.756777212080619159e-22
2.673841615839949250e+07 1.888717509759916383e-22
2.967302408188872784e+07 1.273441184605826539e-22
3.292971255097155273e+07 8.419044865026767088e-23
3.654383070957254618e+07 5.420812428140062162e-23
4.055460735840827972e+07 3.371558637709664240e-23
4.500557675700496882e+07 1.998033441369156792e-23
4.994505115855139494e+07 1.108346811633799561e-23
5.542664520663107187e+07 5.655052031701570222e-24
6.150985788580504060e+07 2.634954973700442180e-24
6.826071834272393584e+07 1.114373166188937781e-24
7.575250258771920204e+07 4.224262368672542724e-25
8.406652885618332028e+07 1.411503634435289643e-25
9.329304026284696162e+07 4.115680442455767586e-26
1.035321843295663744e+08 1.045074699111107470e-26
1.148951000187308788e+08 2.326819830379424954e-27
1.275051240713012964e+08 4.668086558543000543e-28
1.414991297434575856e+08 8.926375407367751749e-29
1.570290124729377627e+08 1.651492289486353501e-29
1.742633386009651124e+08 2.365243066870744875e-30
1.933891750455232263e+08 2.848115730692930721e-31
2.146141197858406007e+08 3.063819184331245803e-32
2.381685551976160705e+08 2.961613121015254173e-33
2.643081486974108517e+08 2.578122386054410406e-34
2.933166278390048146e+08 2.032282784879668708e-35
3.255088599835056663e+08 1.456383123363493978e-36
3.612342699709430337e+08 9.504395821531513203e-38
4.008806328898465633e+08 5.656679558876989094e-39
4.448782831127585173e+08 3.073868182977441105e-40
4.937047852839003801e+08 1.524710866609479357e-41
5.478901179593944550e+08 6.898692731460772354e-43
6.080224261649426222e+08 2.842455928371652116e-44
6.747544053110699654e+08 1.062298836357749728e-45
7.488103857590031624e+08 3.588004858535781958e-47
8.309941949353404045e+08 1.087814897897620366e-48
9.221978823334341049e+08 2.928585247777765425e-50
1.023411402105452657e+09 6.752428674667040117e-52
1.135733358343105316e+09 1.019608040910034975e-53
