1.000000000000000000e+02 1.535865374353317784e-12
1.109752496412072134e+02 1.318713620311076225e-12
1.231550603292826196e+02 1.131303555643375778e-12
1.366716356462005990e+02 9.693952302652806213e-13
1.516716888470922413e+02 8.298928736350069445e-13
1.683180353330956791e+02 7.096363072628864786e-13
1.867913599020782840e+02 6.060053279039573765e-13
2.072921779595371845e+02 5.170147327460231242e-13
2.300430119772916839e+02 4.403154933388496440e-13
2.552908068239516410e+02 3.745469939804851997e-13
2.833096101839323637e+02 3.180658622267473282e-13
3.144035471591500368e+02 2.696638967787717043e-13
3.489101213406774491e+02 2.282975384567467514e-13
3.872038781812557318e+02 1.928030650927355786e-13
4.297004704320843871e+02 1.626469607668990032e-13
4.768611697714468960e+02 1.367926759226140464e-13
5.291978735958442712e+02 1.149053577795526583e-13
5.872786613189482523e+02 9.624633011869539263e-14
6.517339604882420190e+02 8.046513523326307292e-14
7.232633896483533817e+02 6.708799212323409914e-14
8.026433522257173081e+02 5.576776133713389889e-14
8.907354638610439679e+02 4.626956328385398726e-14
9.884959046625587007e+02 3.826842938678970630e-14
1.096985797892383971e+03 3.155453729204711049e-14
1.217382727739662187e+03 2.591028157790515773e-14
1.350993521198027793e+03 2.124284204138153437e-14
1.499268432786045423e+03 1.733524433858277633e-14
1.663816886076128640e+03 1.409318044244161906e-14
1.846424942895544291e+03 1.143775863667059140e-14
2.049074689815845886e+03 9.224843506036290669e-15
2.273965752357927613e+03 7.425860155771530721e-15
2.523539170434765765e+03 5.935781849344552877e-15
2.800503894183631019e+03 4.736237859267242305e-15
3.107866187782013640e+03 3.755305008389930148e-15
3.448962260405759935e+03 2.971111219003429703e-15
3.827494478516314757e+03 2.334529391421299571e-15
4.247571552536898707e+03 1.834733966442350727e-15
4.713753134116724141e+03 1.429312998242418692e-15
5.231099308056262998e+03 1.112422972645866590e-15
5.805225516094896193e+03 8.612346975294703015e-16
6.442363508721369726e+03 6.660137603141589868e-16
7.149428986597576113e+03 5.138543301916358765e-16
7.934096665797491369e+03 3.959631530295017839e-16
8.804883581643463913e+03 3.051888146387218722e-16
9.771241535346502133e+03 2.354153408833600206e-16
1.084365968689610963e+04 1.817811825105771965e-16
1.203377840777589154e+04 1.410580615171411610e-16
1.335451562929898682e+04 1.097097862042839584e-16
1.482020705798858762e+04 8.569387387507513975e-17
1.644676177994664249e+04 6.713780915218598327e-17
1.825183494319044257e+04 5.289538646401006795e-17
2.025501939230666540e+04 4.169593121322001732e-17
2.247805833548725059e+04 3.298189398997357632e-17
2.494508135230316839e+04 2.609525726539863862e-17
2.768286630392066581e+04 2.063823944830559673e-17
3.072112998861759115e+04 1.635075246547297274e-17
3.409285069746814406e+04 1.289751730236718823e-17
3.783462617131928710e+04 1.015570082464503855e-17
4.198707084443910571e+04 7.993907974885324470e-18
4.659525668664683326e+04 6.251820264761820711e-18
5.170920242896761192e+04 4.886041581959580241e-18
5.738441648302398244e+04 3.809881842293080603e-18
6.368249944718585903e+04 2.958867561990961164e-18
7.067181273927491566e+04 2.294113652560887272e-18
7.842822061337680498e+04 1.777648517644631647e-18
8.703591361485165544e+04 1.375438862491434093e-18
9.658832241158708348e+04 1.064058789769333324e-18
1.071891319205127511e+05 8.235449418235729102e-19
1.189534067370319535e+05 6.376818728899960974e-19
1.320088400831418112e+05 4.940136052972370084e-19
1.464971398307286145e+05 3.828307955048787127e-19
1.625755666443794908e+05 2.963364349508001180e-19
1.804186409392071655e+05 2.291182907407329055e-19
2.002200371815584658e+05 1.765345511991522182e-19
2.221946860939523904e+05 1.354094185331757040e-19
2.465811075822604180e+05 1.031975029314436083e-19
2.736439997074671555e+05 7.803063451190159172e-20
3.036771118035460822e+05 5.837724661512767230e-20
3.370064329271928291e+05 4.316981529473763359e-20
3.739937302478798083e+05 3.147460814483259245e-20
4.150404757850476308e+05 2.257729700290807162e-20
4.605922041145108524e+05 1.588366103657609042e-20
5.111433483440171112e+05 1.091890750078277594e-20
5.672426068491977639e+05 7.301322118416311549e-21
6.294988990221888525e+05 4.727289066159528017e-21
6.985879746785250027e+05 2.961741875709630078e-21
7.752597488629464060e+05 1.803956479986251662e-21
8.603464416684507160e+05 1.097001976042166292e-21
9.547716114208066138e+05 6.948628296017242968e-22
1.059560179277617019e+06 4.732618073905615382e-22
1.175849554052158026e+06 3.465658933558119044e-22
1.304901978014401859e+06 2.658944735499561681e-22
1.448118227674532915e+06 2.086340945397643954e-22
1.607052818261638284e+06 1.650243290078424458e-22
1.783430876931909472e+06 1.307767242197726477e-22
1.979166867853557458e+06 1.035304030170715861e-22
2.196385372416546568e+06 8.180729587083681745e-23
2.437444150122222025e+06 6.451356632905270017e-23
2.704959730463137385e+06 5.075969178332089487e-23
3.001835813575591892e+06 3.984258902398706515e-23
3.331294787934676744e+06 3.119359582126044050e-23
3.696912707195031922e+06 2.435039471312552502e-23
4.102658105827190448e+06 1.895700520307052219e-23
4.552935074866947718e+06 1.470842685486615834e-23
5.052631065335679799e+06 1.137194672218251198e-23
5.607169938205458224e+06 8.757732544307254074e-24
6.222570836730230600e+06 6.715576148328059764e-24
6.905513520162330940e+06 5.126442816852835034e-24
7.663410868007462472e+06 3.894393805037815133e-24
8.504489341802684590e+06 2.944132357759465547e-24
9.437878277775391936e+06 2.208319767723129712e-24
1.047370897959450819e+07 1.646944020459362687e-24
1.162322468679854274e+07 1.219259363607717679e-24
1.289890261253307760e+07 8.947017991852810992e-25
1.431458937523478456e+07 6.495706430435954403e-25
1.588565129428052530e+07 4.665317073963890770e-25
1.762914118095947802e+07 3.310578760951044243e-25
1.956398343517064676e+07 2.312658730971013909e-25
2.171117945694505423e+07 1.590847927954798365e-25
2.409403560239527002e+07 1.070745339268411552e-25
2.673841615839949250e+07 7.041729106516563661e-26
2.967302408188872784e+07 4.498229532336499857e-26
3.292971255097155273e+07 2.777720837751861831e-26
3.654383070957254618e+07 1.645932577253885670e-26
4.055460735840827972e+07 9.287992871373737313e-27
4.500557675700496882e+07 4.944125387689340508e-27
4.994505115855139494e+07 2.469074112687663924e-27
5.542664520663107187e+07 1.160750959627889233e-27
6.150985788580504060e+07 5.191316705311138241e-28
6.826071834272393584e+07 2.191233522607036371e-28
7.575250258771920204e+07 7.659612857774609607e-29
8.406652885618332028e+07 1.388999053356134062e-29
9.329304026284696162e+07 2.064936253036208079e-31
1.035321843295663744e+08 3.807944032698856604e-58
