1.000000000000000000e+02 6.278390268417205835e-12
1.109752496412072134e+02 5.306516351896987884e-12
1.231550603292826196e+02 4.481368023696386769e-12
1.366716356462005990e+02 3.780871308270342572e-12
1.516716888470922413e+02 3.187182232253429488e-12
1.683180353330956791e+02 2.684471237964177650e-12
1.867913599020782840e+02 2.259426395128452400e-12
2.072921779595371845e+02 1.899802178509622413e-12
2.300430119772916839e+02 1.596584914435591584e-12
2.552908068239516410e+02 1.340382293243668228e-12
2.833096101839323637e+02 1.124716426649166945e-12
3.144035471591500368e+02 9.429726516228502934e-13
3.489101213406774491e+02 7.899904678047605770e-13
3.872038781812557318e+02 6.615853773359670033e-13
4.297004704320843871e+02 5.536192867464310004e-13
4.768611697714468960e+02 4.629736140334748780e-13
5.291978735958442712e+02 3.869730592578612642e-13
5.872786613189482523e+02 3.232171812151877814e-13
6.517339604882420190e+02 2.698080405625907457e-13
7.232633896483533817e+02 2.250974624052890764e-13
8.026433522257173081e+02 1.876841826504852673e-13
8.907354638610439679e+02 1.563903964362888586e-13
9.884959046625587007e+02 1.302527811244118701e-13
1.096985797892383971e+03 1.083956492682938073e-13
1.217382727739662187e+03 9.016744890335359057e-14
1.350993521198027793e+03 7.496683948498848113e-14
1.499268432786045423e+03 6.228584628831334642e-14
1.663816886076128640e+03 5.173792111283609950e-14
1.846424942895544291e+03 4.294150328084481197e-14
2.049074689815845886e+03 3.563598114954242861e-14
2.273965752357927613e+03 2.955955505050729313e-14
2.523539170434765765e+03 2.450337582917511592e-14
2.800503894183631019e+03 2.031586987828340804e-14
3.107866187782013640e+03 1.683454871720739849e-14
3.448962260405759935e+03 1.394707865948575466e-14
3.827494478516314757e+03 1.155087273138872117e-14
4.247571552536898707e+03 9.563545574638238421e-15
4.713753134116724141e+03 7.916962515211306951e-15
5.231099308056262998e+03 6.551693272552247414e-15
5.805225516094896193e+03 5.420198749052347140e-15
6.442363508721369726e+03 4.482944660052366341e-15
7.149428986597576113e+03 3.706091769448571944e-15
7.934096665797491369e+03 3.062950789068391223e-15
8.804883581643463913e+03 2.530203155758030839e-15
9.771241535346502133e+03 2.089180245903638308e-15
1.084365968689610963e+04 1.724292006531768192e-15
1.203377840777589154e+04 1.422256726665422987e-15
1.335451562929898682e+04 1.172410784856738038e-15
1.482020705798858762e+04 9.658781213370793691e-16
1.644676177994664249e+04 7.951759854020103890e-16
1.825183494319044257e+04 6.541941435538767837e-16
2.025501939230666540e+04 5.377877562657982391e-16
2.247805833548725059e+04 4.417248926238236148e-16
2.494508135230316839e+04 3.625303244327650664e-16
2.768286630392066581e+04 2.972460831866809982e-16
3.072112998861759115e+04 2.435150932171609993e-16
3.409285069746814406e+04 1.992986648243301407e-16
3.783462617131928710e+04 1.629415344477759052e-16
4.198707084443910571e+04 1.330801595760677083e-16
4.659525668664683326e+04 1.085835736800130038e-16
5.170920242896761192e+04 8.849480270845867082e-17
5.738441648302398244e+04 7.204967278734330416e-17
6.368249944718585903e+04 5.860031269452424781e-17
7.067181273927491566e+04 4.761711762454838477e-17
7.842822061337680498e+04 3.864984059985884370e-17
8.703591361485165544e+04 3.134492199905846864e-17
9.658832241158708348e+04 2.539830482741428126e-17
1.071891319205127511e+05 2.056551527813803327e-17
1.189534067370319535e+05 1.664112481106289988e-17
1.320088400831418112e+05 1.345974361652083438e-17
1.464971398307286145e+05 1.088030993203806793e-17
1.625755666443794908e+05 8.791317433784274694e-18
1.804186409392071655e+05 7.100497877684996099e-18
2.002200371815584658e+05 5.731926127312461830e-18
2.221946860939523904e+05 4.625203714687834065e-18
2.465811075822604180e+05 3.729940799314443321e-18
2.736439997074671555e+05 3.006930657986453364e-18
3.036771118035460822e+05 2.422512494072187617e-18
3.370064329271928291e+05 1.950714063428402349e-18
3.739937302478798083e+05 1.570031956193380947e-18
4.150404757850476308e+05 1.262872802019631508e-18
4.605922041145108524e+05 1.015207803961831532e-18
5.111433483440171112e+05 8.156308414937147439e-19
5.672426068491977639e+05 6.548551118657949032e-19
6.294988990221888525e+05 5.254148802220904538e-19
6.985879746785250027e+05 4.212600892563948364e-19
7.752597488629464060e+05 3.375643977145229672e-19
8.603464416684507160e+05 2.703028807962046709e-19
9.547716114208066138e+05 2.162674574556184185e-19
1.059560179277617019e+06 1.729096279397463100e-19
1.175849554052158026e+06 1.381353461578493208e-19
1.304901978014401859e+06 1.102625055499368061e-19
1.448118227674532915e+06 8.793865370401915652e-20
1.607052818261638284e+06 7.006628233253571735e-20
1.783430876931909472e+06 5.577713932226617451e-20
1.979166867853557458e+06 4.436020043835890964e-20
2.196385372416546568e+06 3.523724277100124184e-20
2.437444150122222025e+06 2.796479272719629284e-20
2.704959730463137385e+06 2.216758880922395836e-20
3.001835813575591892e+06 1.754968175779405566e-20
3.331294787934676744e+06 1.387705682737996338e-20
3.696912707195031922e+06 1.095977242115488146e-20
4.102658105827190448e+06 8.644111639442015790e-21
4.552935074866947718e+06 6.809836372342037033e-21
5.052631065335679799e+06 5.356277975665129139e-21
5.607169938205458224e+06 4.207327948844565609e-21
6.222570836730230600e+06 3.300849376704277456e-21
6.905513520162330940e+06 2.585280778784261974e-21
7.663410868007462472e+06 2.021990104605469412e-21
8.504489341802684590e+06 1.579057498451509032e-21
9.437878277775391936e+06 1.230811736872051496e-21
1.047370897959450819e+07 9.577967437875946427e-22
1.162322468679854274e+07 7.439664909028793193e-22
1.289890261253307760e+07 5.766911805621643476e-22
1.431458937523478456e+07 4.461622413250587984e-22
1.588565129428052530e+07 3.443706054751682070e-22
1.762914118095947802e+07 2.652179222959049196e-22
1.956398343517064676e+07 2.037516786031551285e-22
2.171117945694505423e+07 1.561208365756625680e-22
2.409403560239527002e+07 1.192975969943825956e-22
2.673841615839949250e+07 9.090520358383014620e-23
2.967302408188872784e+07 6.905297700893591840e-23
3.292971255097155273e+07 5.226911844100975945e-23
3.654383070957254618e+07 3.942015097017410163e-23
4.055460735840827972e+07 2.960550242504018585e-23
4.500557675700496882e+07 2.213836546257190044e-23
4.994505115855139494e+07 1.647322270299326235e-23
5.542664520663107187e+07 1.218838599232259961e-23
6.150985788580504060e+07 8.959743055928015668e-24
6.826071834272393584e+07 6.538295619403715527e-24
7.575250258771920204e+07 4.743394648827390076e-24
8.406652885618332028e+07 3.397604892427636761e-24
9.329304026284696162e+07 2.409488842686150015e-24
1.035321843295663744e+08 1.688040274566322688e-24
1.148951000187308788e+08 1.160691173592266140e-24
1.275051240713012964e+08 7.849556275105925979e-25
1.414991297434575856e+08 5.176287004902782008e-25
1.570290124729377627e+08 3.310156849790051968e-25
1.742633386009651124e+08 2.035649781229558813e-25
1.933891750455232263e+08 1.186768953508916993e-25
2.146141197858406007e+08 6.438486095010819749e-26
2.381685551976160705e+08 3.144528146624748490e-26
2.643081486974108517e+08 1.311791732965014192e-26
2.933166278390048146e+08 4.260017355276151531e-27
3.255088599835056663e+08 8.349965124609674726e-28
3.612342699709430337e+08 1.371894749615156040e-29
4.008806328898465633e+08 1.339951928469800439e-33
4.448782831127585173e+08 3.317662349650622889e-39
4.937047852839003801e+08 2.006525732024429399e-47
5.478901179593944550e+08 9.271223404958809635e-60
6.080224261649426222e+08 1.670235984974417694e-78
6.747544053110699654e+08 3.455331898994260056e-107
