1.000000000000000000e+02 1.969409067881191214e-12
1.109752496412072134e+02 1.588672390630815308e-12
1.231550603292826196e+02 1.281384832088147320e-12
1.366716356462005990e+02 1.031449480625147559e-12
1.516716888470922413e+02 8.305811085927937136e-13
1.683180353330956791e+02 6.687959929704061504e-13
1.867913599020782840e+02 5.383997193884845258e-13
2.072921779595371845e+02 4.339219020548683241e-13
2.300430119772916839e+02 3.497659214694867222e-13
2.552908068239516410e+02 2.820459291482427811e-13
2.833096101839323637e+02 2.275721378878644850e-13
3.144035471591500368e+02 1.836596321448628952e-13
3.489101213406774491e+02 1.481742756019671933e-13
3.872038781812557318e+02 1.194705488834998509e-13
4.297004704320843871e+02 9.626598142706893577e-14
4.768611697714468960e+02 7.746322108632472025e-14
5.291978735958442712e+02 6.225247377810829196e-14
5.872786613189482523e+02 4.995624018558045348e-14
6.517339604882420190e+02 4.001697513348187720e-14
7.232633896483533817e+02 3.203120033579608949e-14
8.026433522257173081e+02 2.560290753887905684e-14
8.907354638610439679e+02 2.046022150134398539e-14
9.884959046625587007e+02 1.635260881956760789e-14
1.096985797892383971e+03 1.307894676544459791e-14
1.217382727739662187e+03 1.048114857194704892e-14
1.350993521198027793e+03 8.423927417436296790e-15
1.499268432786045423e+03 6.791780864621307258e-15
1.663816886076128640e+03 5.497038187726746837e-15
1.846424942895544291e+03 4.478200097287706938e-15
2.049074689815845886e+03 3.664478140313381579e-15
2.273965752357927613e+03 3.014873258954156438e-15
2.523539170434765765e+03 2.493910841602712704e-15
2.800503894183631019e+03 2.072384680584367952e-15
3.107866187782013640e+03 1.729919497390977063e-15
3.448962260405759935e+03 1.449432631105935349e-15
3.827494478516314757e+03 1.217679016884630786e-15
4.247571552536898707e+03 1.025685636118247513e-15
4.713753134116724141e+03 8.648785310280763015e-16
5.231099308056262998e+03 7.302437450003774953e-16
5.805225516094896193e+03 6.166810055539002728e-16
6.442363508721369726e+03 5.208112143041816438e-16
7.149428986597576113e+03 4.395060089705694488e-16
7.934096665797491369e+03 3.705907763302997107e-16
8.804883581643463913e+03 3.122363707395422425e-16
9.771241535346502133e+03 2.625246902799720775e-16
1.084365968689610963e+04 2.203333545428141440e-16
1.203377840777589154e+04 1.845758655274099075e-16
1.335451562929898682e+04 1.542725683454337164e-16
1.482020705798858762e+04 1.285233399136142148e-16
1.644676177994664249e+04 1.067508336218298312e-16
1.825183494319044257e+04 8.844243208401004714e-17
2.025501939230666540e+04 7.302666302984973957e-17
2.247805833548725059e+04 6.003736427982123645e-17
2.494508135230316839e+04 4.915904044050985865e-17
2.768286630392066581e+04 4.009138976881937922e-17
3.072112998861759115e+04 3.256644263436029118e-17
3.409285069746814406e+04 2.629689058139733049e-17
3.783462617131928710e+04 2.116949980947216455e-17
4.198707084443910571e+04 1.696168739756662753e-17
4.659525668664683326e+04 1.351939679038988666e-17
5.170920242896761192e+04 1.072130283431130259e-17
5.738441648302398244e+04 8.479103683499123440e-18
6.368249944718585903e+04 6.693445864818291601e-18
7.067181273927491566e+04 5.277475606678655783e-18
7.842822061337680498e+04 4.167527852771232858e-18
8.703591361485165544e+04 3.303743651858174365e-18
9.658832241158708348e+04 2.636047000916785262e-18
1.071891319205127511e+05 2.120527430544739348e-18
1.189534067370319535e+05 1.722640965336546830e-18
1.320088400831418112e+05 1.413135486981649210e-18
1.464971398307286145e+05 1.168789163136132511e-18
1.625755666443794908e+05 9.723081922579457639e-19
1.804186409392071655e+05 8.117495371001919167e-19
2.002200371815584658e+05 6.788442904530416042e-19
2.221946860939523904e+05 5.681607133343874101e-19
2.465811075822604180e+05 4.755780913771593136e-19
2.736439997074671555e+05 3.979898400568964614e-19
3.036771118035460822e+05 3.329168831730000737e-19
3.370064329271928291e+05 2.783846767616723935e-19
3.739937302478798083e+05 2.326193063167944775e-19
4.150404757850476308e+05 1.943011756827428805e-19
4.605922041145108524e+05 1.622021596056185187e-19
5.111433483440171112e+05 1.353254197471994005e-19
5.672426068491977639e+05 1.128302973067043993e-19
6.294988990221888525e+05 9.401115004286097668e-20
6.985879746785250027e+05 7.829151803944188279e-20
7.752597488629464060e+05 6.514885787815371685e-20
8.603464416684507160e+05 5.417340030312655446e-20
9.547716114208066138e+05 4.501631197473537878e-20
1.059560179277617019e+06 3.737851911849157152e-20
1.175849554052158026e+06 3.100993368927818499e-20
1.304901978014401859e+06 2.570371979523584315e-20
1.448118227674532915e+06 2.129092190294347619e-20
1.607052818261638284e+06 1.761758038353146596e-20
1.783430876931909472e+06 1.456474505005561249e-20
1.979166867853557458e+06 1.202963083040289549e-20
2.196385372416546568e+06 9.924956326828449202e-21
2.437444150122222025e+06 8.181409708243082600e-21
2.704959730463137385e+06 6.735527319636497495e-21
3.001835813575591892e+06 5.539776588280251669e-21
3.331294787934676744e+06 4.550248552509903830e-21
3.696912707195031922e+06 3.733662097623760441e-21
4.102658105827190448e+06 3.059535825640452499e-21
4.552935074866947718e+06 2.503721631200127297e-21
5.052631065335679799e+06 2.046360810441572454e-21
5.607169938205458224e+06 1.669913351715521350e-21
6.222570836730230600e+06 1.360834496593435164e-21
6.905513520162330940e+06 1.107348383968865083e-21
7.663410868007462472e+06 8.995724331317145998e-22
8.504489341802684590e+06 7.295554150276830421e-22
9.437878277775391936e+06 5.906022842811152894e-22
1.047370897959450819e+07 4.772740698784802015e-22
1.162322468679854274e+07 3.849044432488399633e-22
1.289890261253307760e+07 3.098218445248417326e-22
1.431458937523478456e+07 2.488017733739944582e-22
1.588565129428052530e+07 1.993668784163690143e-22
1.762914118095947802e+07 1.593527116105066656e-22
1.956398343517064676e+07 1.270594802071149039e-22
2.171117945694505423e+07 1.010358985729871492e-22
2.409403560239527002e+07 8.010298324596568043e-23
2.673841615839949250e+07 6.332049701888609406e-23
2.967302408188872784e+07 4.987956492242734119e-23
3.292971255097155273e+07 3.915238081078262097e-23
3.654383070957254618e+07 3.061683941146472150e-23
4.055460735840827972e+07 2.384294945803528286e-23
4.500557675700496882e+07 1.846956304869185312e-23
4.994505115855139494e+07 1.423182965233878933e-23
5.542664520663107187e+07 1.090648965302438910e-23
6.150985788580504060e+07 8.308388874919235796e-24
6.826071834272393584e+07 6.283121335906039548e-24
7.575250258771920204e+07 4.713487515153810675e-24
8.406652885618332028e+07 3.501084529398794480e-24
9.329304026284696162e+07 2.576727064053191892e-24
1.035321843295663744e+08 1.874651186405137555e-24
1.148951000187308788e+08 1.345662111091935052e-24
1.275051240713012964e+08 9.507159335657122443e-25
1.414991297434575856e+08 6.592354924186640149e-25
1.570290124729377627e+08 4.459795825243111254e-25
1.742633386009651124e+08 2.936358075711239983e-25
1.933891750455232263e+08 1.857916250565675279e-25
2.146141197858406007e+08 1.114275849954269702e-25
2.381685551976160705e+08 6.200634609382368595e-26
2.643081486974108517e+08 3.081537604229940838e-26
2.933166278390048146e+08 1.279980901463353355e-26
3.255088599835056663e+08 3.942975868259234561e-27
3.612342699709430337e+08 7.325028707415534602e-28
4.008806328898465633e+08 1.747906432653032017e-29
4.448782831127585173e+08 5.164137684682047111e-38
4.937047852839003801e+08 9.882605545664531139e-54
5.478901179593944550e+08 2.622960385142529514e-86
