1.000000000000000000e+02 1.277269346832751827e-11
1.109752496412072134e+02 1.097770451794577400e-11
1.231550603292826196e+02 9.430825653107412242e-12
1.366716356462005990e+02 8.094314312279259235e-12
1.516716888470922413e+02 6.940918768782428640e-12
1.683180353330956791e+02 5.946058318803192246e-12
1.867913599020782840e+02 5.089200886856378229e-12
2.072921779595371845e+02 4.351101859942346816e-12
2.300430119772916839e+02 3.716620429278857698e-12
2.552908068239516410e+02 3.173643680241067148e-12
2.833096101839323637e+02 2.703951639810633056e-12
3.144035471591500368e+02 2.303754575013784158e-12
3.489101213406774491e+02 1.961225304784568393e-12
3.872038781812557318e+02 1.667828351658801292e-12
4.297004704320843871e+02 1.417247812104958041e-12
4.768611697714468960e+02 1.203409647279304635e-12
5.291978735958442712e+02 1.020722602800795187e-12
5.872786613189482523e+02 8.652471551835273534e-13
6.517339604882420190e+02 7.329394206093195291e-13
7.232633896483533817e+02 6.202497399833338848e-13
8.026433522257173081e+02 5.244181398823190758e-13
8.907354638610439679e+02 4.431047789584059563e-13
9.884959046625587007e+02 3.739685407648660094e-13
1.096985797892383971e+03 3.153623489372369199e-13
1.217382727739662187e+03 2.657278712587804360e-13
1.350993521198027793e+03 2.236073494282401322e-13
1.499268432786045423e+03 1.880290424144058404e-13
1.663816886076128640e+03 1.579484940426907586e-13
1.846424942895544291e+03 1.325409280599270677e-13
2.049074689815845886e+03 1.111374376413576684e-13
2.273965752357927613e+03 9.304669266083001185e-14
2.523539170434765765e+03 7.786295256105381162e-14
2.800503894183631019e+03 6.508400600051770438e-14
3.107866187782013640e+03 5.435132937721961921e-14
3.448962260405759935e+03 4.536040985109384937e-14
3.827494478516314757e+03 3.782530473183549579e-14
4.247571552536898707e+03 3.151559168358717092e-14
4.713753134116724141e+03 2.624561929859831251e-14
5.231099308056262998e+03 2.184512506362723623e-14
5.805225516094896193e+03 1.817114281093591164e-14
6.442363508721369726e+03 1.510914132507888981e-14
7.149428986597576113e+03 1.255785117832708567e-14
7.934096665797491369e+03 1.043285446427544930e-14
8.804883581643463913e+03 8.663746421541865195e-15
9.771241535346502133e+03 7.193259956643173273e-15
1.084365968689610963e+04 5.968436013519270547e-15
1.203377840777589154e+04 4.949923533932206488e-15
1.335451562929898682e+04 4.104006848409452868e-15
1.482020705798858762e+04 3.400496515016182863e-15
1.644676177994664249e+04 2.815550735348873373e-15
1.825183494319044257e+04 2.329915046290556628e-15
2.025501939230666540e+04 1.926487779444355446e-15
2.247805833548725059e+04 1.591854593062764479e-15
2.494508135230316839e+04 1.314102677081863593e-15
2.768286630392066581e+04 1.083758007177225774e-15
3.072112998861759115e+04 8.928768448214304889e-16
3.409285069746814406e+04 7.347710545920030267e-16
3.783462617131928710e+04 6.039354810804227455e-16
4.198707084443910571e+04 4.957542503607136928e-16
4.659525668664683326e+04 4.064029834569533220e-16
5.170920242896761192e+04 3.326511678540634821e-16
5.738441648302398244e+04 2.718607160057999846e-16
6.368249944718585903e+04 2.218220578412741675e-16
7.067181273927491566e+04 1.806939486677952580e-16
7.842822061337680498e+04 1.469043709037033575e-16
8.703591361485165544e+04 1.192352584228283031e-16
9.658832241158708348e+04 9.661665570376631019e-17
1.071891319205127511e+05 7.815324713996267972e-17
1.189534067370319535e+05 6.311381742186494891e-17
1.320088400831418112e+05 5.089099137607544160e-17
1.464971398307286145e+05 4.097476981664693429e-17
1.625755666443794908e+05 3.295554917338573129e-17
1.804186409392071655e+05 2.647787422614217358e-17
2.002200371815584658e+05 2.125125958977372461e-17
2.221946860939523904e+05 1.704200617930548228e-17
2.465811075822604180e+05 1.365125747854083776e-17
2.736439997074671555e+05 1.092412588311537785e-17
3.036771118035460822e+05 8.732248858671579454e-18
3.370064329271928291e+05 6.972451798642831014e-18
3.739937302478798083e+05 5.562089748129076007e-18
4.150404757850476308e+05 4.431641556034881020e-18
4.605922041145108524e+05 3.527059624918048756e-18
5.111433483440171112e+05 2.803772144115597328e-18
5.672426068491977639e+05 2.226248895727033676e-18
6.294988990221888525e+05 1.765444464844238596e-18
6.985879746785250027e+05 1.398345698250612636e-18
7.752597488629464060e+05 1.106171505609125155e-18
8.603464416684507160e+05 8.738924201087061940e-19
9.547716114208066138e+05 6.894821422630718355e-19
1.059560179277617019e+06 5.432772438028628640e-19
1.175849554052158026e+06 4.273943130389520601e-19
1.304901978014401859e+06 3.357890335972093889e-19
1.448118227674532915e+06 2.633449920676477956e-19
1.607052818261638284e+06 2.063619529672335765e-19
1.783430876931909472e+06 1.614153342675007488e-19
1.979166867853557458e+06 1.260372870354429188e-19
2.196385372416546568e+06 9.826693264479904126e-20
2.437444150122222025e+06 7.649065475118853403e-20
2.704959730463137385e+06 5.943630728072825083e-20
3.001835813575591892e+06 4.610511016866528696e-20
3.331294787934676744e+06 3.570276524977612200e-20
3.696912707195031922e+06 2.759637693699493119e-20
4.102658105827190448e+06 2.129285432804736305e-20
4.552935074866947718e+06 1.639815752637392946e-20
5.052631065335679799e+06 1.260350355195076222e-20
5.607169938205458224e+06 9.667721073540978404e-21
6.222570836730230600e+06 7.401573646350186418e-21
6.905513520162330940e+06 5.655356801237512816e-21
7.663410868007462472e+06 4.311597941594673785e-21
8.504489341802684590e+06 3.280088498843224764e-21
9.437878277775391936e+06 2.490394058945435597e-21
1.047370897959450819e+07 1.886618138085302271e-21
1.162322468679854274e+07 1.426051747605579017e-21
1.289890261253307760e+07 1.075569936224816409e-21
1.431458937523478456e+07 8.093957179649652229e-22
1.588565129428052530e+07 6.077213420616747711e-22
1.762914118095947802e+07 4.551996364395937997e-22
1.956398343517064676e+07 3.402063241601708581e-22
2.171117945694505423e+07 2.536669745158235272e-22
2.409403560239527002e+07 1.887089866235451643e-22
2.673841615839949250e+07 1.400624284538472568e-22
2.967302408188872784e+07 1.037238529826058463e-22
3.292971255097155273e+07 7.664054850179127714e-23
3.654383070957254618e+07 5.649109895666095765e-23
4.055460735840827972e+07 4.154781652679362082e-23
4.500557675700496882e+07 3.048692795109635336e-23
4.994505115855139494e+07 2.232077357062059773e-23
5.542664520663107187e+07 1.630600462458477251e-23
6.150985788580504060e+07 1.188653992394868968e-23
6.826071834272393584e+07 8.642995383943159169e-24
7.575250258771920204e+07 6.272206681297196918e-24
8.406652885618332028e+07 4.541161837613811716e-24
9.329304026284696162e+07 3.280633911831703016e-24
1.035321843295663744e+08 2.364741035864311138e-24
1.148951000187308788e+08 1.700913720605144087e-24
1.275051240713012964e+08 1.220488284935448710e-24
1.414991297434575856e+08 8.737729423634626472e-25
1.570290124729377627e+08 6.240826654354955989e-25
1.742633386009651124e+08 4.446777208488833595e-25
1.933891750455232263e+08 3.160134712645714444e-25
2.146141197858406007e+08 2.240129439634047951e-25
2.381685551976160705e+08 1.583801524819806765e-25
2.643081486974108517e+08 1.116410366096508454e-25
2.933166278390048146e+08 7.843500262955870810e-26
3.255088599835056663e+08 5.493521245834688977e-26
3.612342699709430337e+08 3.834289082827000330e-26
4.008806328898465633e+08 2.666063492928749054e-26
4.448782831127585173e+08 1.845955265754536129e-26
4.937047852839003801e+08 1.272371766889693069e-26
5.478901179593944550e+08 8.725147579582708561e-27
6.080224261649426222e+08 5.948954850600141945e-27
6.747544053110699654e+08 4.029950962543480775e-27
7.488103857590031624e+08 2.709675380677523830e-27
8.309941949353404045e+08 1.806006078834787617e-27
9.221978823334341049e+08 1.191273761809347703e-27
1.023411402105452657e+09 7.760236032965680055e-28
1.135733358343105316e+09 4.977824920943734236e-28
1.260382929679727316e+09 3.131064181665235261e-28
1.398713102647238731e+09 1.919507910756982709e-28
1.552225357427047968e+09 1.136242435226589125e-28
1.722585965398787737e+09 6.392431365470674528e-29
1.911644075385703564e+09 3.319263645449929256e-29
2.121451784910631895e+09 1.490709013436793732e-29
2.354286414322420120e+09 4.723354545400947957e-30
2.612675225563332081e+09 2.574888921622046121e-31
