1.000000000000000000e+02 1.650676454743375738e-15
1.109752496412072134e+02 1.411335197954498513e-15
1.231550603292826196e+02 1.202875476414322251e-15
1.366716356462005990e+02 1.021853956372143383e-15
1.516716888470922413e+02 8.647642877519950010e-16
1.683180353330956791e+02 7.288736539335374449e-16
1.867913599020782840e+02 6.115289619986642897e-16
2.072921779595371845e+02 5.104548567526574898e-16
2.300430119772916839e+02 4.238081117436842146e-16
2.552908068239516410e+02 3.497138643198582887e-16
2.833096101839323637e+02 2.866407479910627807e-16
3.144035471591500368e+02 2.332082676702382180e-16
3.489101213406774491e+02 1.882202867984639530e-16
3.872038781812557318e+02 1.505784467609185173e-16
4.297004704320843871e+02 1.193124886458659534e-16
4.768611697714468960e+02 9.360005339544814011e-17
5.291978735958442712e+02 7.268067813964767368e-17
5.872786613189482523e+02 5.586578361638610830e-17
6.517339604882420190e+02 4.255550004691589820e-17
7.232633896483533817e+02 3.221382024043236684e-17
8.026433522257173081e+02 2.433183497102705725e-17
8.907354638610439679e+02 1.844224485334860989e-17
9.884959046625587007e+02 1.410899168807731244e-17
1.096985797892383971e+03 1.095647525998544945e-17
1.217382727739662187e+03 8.665017831547124739e-18
1.350993521198027793e+03 6.990990152329118875e-18
1.499268432786045423e+03 5.739213643725007138e-18
1.663816886076128640e+03 4.777193788086737466e-18
1.846424942895544291e+03 4.013152182578579242e-18
2.049074689815845886e+03 3.389625537627542676e-18
2.273965752357927613e+03 2.871918307080551122e-18
2.523539170434765765e+03 2.436635114789531207e-18
2.800503894183631019e+03 2.069152966911144553e-18
3.107866187782013640e+03 1.757327195771529761e-18
3.448962260405759935e+03 1.492592050051195770e-18
3.827494478516314757e+03 1.267803160939023653e-18
4.247571552536898707e+03 1.076468139293902271e-18
4.713753134116724141e+03 9.137315235083402345e-19
5.231099308056262998e+03 7.755401625389728813e-19
5.805225516094896193e+03 6.583556785340076936e-19
6.442363508721369726e+03 5.585184771261087606e-19
7.149428986597576113e+03 4.736988117968465716e-19
7.934096665797491369e+03 4.015918673043844047e-19
8.804883581643463913e+03 3.403757663426250380e-19
9.771241535346502133e+03 2.883751781394716121e-19
1.084365968689610963e+04 2.442298570163240992e-19
1.203377840777589154e+04 2.067708054425478518e-19
1.335451562929898682e+04 1.749683547100154486e-19
1.482020705798858762e+04 1.479984116982422368e-19
1.644676177994664249e+04 1.251288315697204150e-19
1.825183494319044257e+04 1.057327536523205256e-19
2.025501939230666540e+04 8.930203329064567331e-20
2.247805833548725059e+04 7.537828024904408319e-20
2.494508135230316839e+04 6.358439486851274690e-20
2.768286630392066581e+04 5.360450041041490461e-20
3.072112998861759115e+04 4.515864112773445595e-20
3.409285069746814406e+04 3.801726654390964437e-20
3.783462617131928710e+04 3.198001335541782650e-20
4.198707084443910571e+04 2.687852258228348628e-20
4.659525668664683326e+04 2.257444309406146783e-20
5.170920242896761192e+04 1.894127676938104152e-20
5.738441648302398244e+04 1.587847423043260050e-20
6.368249944718585903e+04 1.329745975243385148e-20
7.067181273927491566e+04 1.112524085836775192e-20
7.842822061337680498e+04 9.297668500197082001e-21
8.703591361485165544e+04 7.761924722628331403e-21
9.658832241158708348e+04 6.472929390010001240e-21
1.071891319205127511e+05 5.391621511670365244e-21
1.189534067370319535e+05 4.485990250651078144e-21
1.320088400831418112e+05 3.727628925309969031e-21
1.464971398307286145e+05 3.093904782049108910e-21
1.625755666443794908e+05 2.564405071001794357e-21
1.804186409392071655e+05 2.122825001517678659e-21
2.002200371815584658e+05 1.755057724255374515e-21
2.221946860939523904e+05 1.448531800237751837e-21
2.465811075822604180e+05 1.193560572730307912e-21
2.736439997074671555e+05 9.821839331169879482e-22
3.036771118035460822e+05 8.066966898192471778e-22
3.370064329271928291e+05 6.611844921878113710e-22
3.739937302478798083e+05 5.411429736151856819e-22
4.150404757850476308e+05 4.418142556893600129e-22
4.605922041145108524e+05 3.598957135741643060e-22
5.111433483440171112e+05 2.926110652655514660e-22
5.672426068491977639e+05 2.372601292278641472e-22
6.294988990221888525e+05 1.918569847624602306e-22
6.985879746785250027e+05 1.547402017900462474e-22
7.752597488629464060e+05 1.244207683113462565e-22
8.603464416684507160e+05 9.974644143649579975e-23
9.547716114208066138e+05 7.970008496708430143e-23
1.059560179277617019e+06 6.346191723177716313e-23
1.175849554052158026e+06 5.035771731499787795e-23
1.304901978014401859e+06 3.979815442342008054e-23
1.448118227674532915e+06 3.130934734106207481e-23
1.607052818261638284e+06 2.452004193024843744e-23
1.783430876931909472e+06 1.911207469572443344e-23
1.979166867853557458e+06 1.482472319539928848e-23
2.196385372416546568e+06 1.144260712956798934e-23
2.437444150122222025e+06 8.777512316420502655e-24
2.704959730463137385e+06 6.690688852447013927e-24
3.001835813575591892e+06 5.069142760035352392e-24
3.331294787934676744e+06 3.814485865591680405e-24
3.696912707195031922e+06 2.849442754921338820e-24
4.102658105827190448e+06 2.111949693570686805e-24
4.552935074866947718e+06 1.552596477480702190e-24
5.052631065335679799e+06 1.131520834644182138e-24
5.607169938205458224e+06 8.167329276456374654e-25
6.222570836730230600e+06 5.831358438025654172e-25
6.905513520162330940e+06 4.112510157853661639e-25
7.663410868007462472e+06 2.858507234194675463e-25
8.504489341802684590e+06 1.950808441739658937e-25
9.437878277775391936e+06 1.301558774257380064e-25
1.047370897959450819e+07 8.426843652726013095e-26
1.162322468679854274e+07 5.244970647534482143e-26
1.289890261253307760e+07 3.091986912952486109e-26
1.431458937523478456e+07 1.688502039107778525e-26
1.588565129428052530e+07 8.227164406113037200e-27
1.762914118095947802e+07 3.342747571727951581e-27
1.956398343517064676e+07 9.858725813659419039e-28
2.171117945694505423e+07 1.649922428349406361e-28
2.409403560239527002e+07 2.389256397370108368e-29
