1.000000000000000000e+02 5.650490277311639135e-16
1.109752496412072134e+02 4.813887773784669470e-16
1.231550603292826196e+02 4.103361426734723198e-16
1.366716356462005990e+02 3.500235258527390376e-16
1.516716888470922413e+02 2.985453292846975071e-16
1.683180353330956791e+02 2.544095938047104625e-16
1.867913599020782840e+02 2.166145835227513319e-16
2.072921779595371845e+02 1.840772279268169710e-16
2.300430119772916839e+02 1.561612635690932419e-16
2.552908068239516410e+02 1.321241147246157714e-16
2.833096101839323637e+02 1.115430188893922228e-16
3.144035471591500368e+02 9.383895570341476147e-17
3.489101213406774491e+02 7.868534372602084998e-17
3.872038781812557318e+02 6.570688277216374821e-17
4.297004704320843871e+02 5.465451357415929167e-17
4.768611697714468960e+02 4.522650271057483686e-17
5.291978735958442712e+02 3.723895083449252744e-17
5.872786613189482523e+02 3.047141541096134399e-17
6.517339604882420190e+02 2.477317654941397589e-17
7.232633896483533817e+02 1.999537370857321843e-17
8.026433522257173081e+02 1.601566765463323562e-17
8.907354638610439679e+02 1.271916329075044423e-17
9.884959046625587007e+02 1.001737657714296393e-17
1.096985797892383971e+03 7.824339546503619234e-18
1.217382727739662187e+03 6.067631656655737181e-18
1.350993521198027793e+03 4.678863765702880463e-18
1.499268432786045423e+03 3.603015926758659055e-18
1.663816886076128640e+03 2.782736239630228741e-18
1.846424942895544291e+03 2.168232633041650579e-18
2.049074689815845886e+03 1.709694239430857727e-18
2.273965752357927613e+03 1.368297014384030420e-18
2.523539170434765765e+03 1.108891251808635384e-18
2.800503894183631019e+03 9.078260133595026369e-19
3.107866187782013640e+03 7.475111642367936962e-19
3.448962260405759935e+03 6.173765332092727339e-19
3.827494478516314757e+03 5.107839904603569008e-19
4.247571552536898707e+03 4.230636054310565953e-19
4.713753134116724141e+03 3.504370918353428361e-19
5.231099308056262998e+03 2.903828113616510598e-19
5.805225516094896193e+03 2.405518772791214627e-19
6.442363508721369726e+03 1.992875467927953242e-19
7.149428986597576113e+03 1.650826888846554403e-19
7.934096665797491369e+03 1.367137223829402098e-19
8.804883581643463913e+03 1.132179047215529142e-19
9.771241535346502133e+03 9.371016094008152998e-20
1.084365968689610963e+04 7.756350852497592409e-20
1.203377840777589154e+04 6.416303662889110765e-20
1.335451562929898682e+04 5.305500555614413162e-20
1.482020705798858762e+04 4.385164474044572917e-20
1.644676177994664249e+04 3.622805857360428358e-20
1.825183494319044257e+04 2.990047532434418996e-20
2.025501939230666540e+04 2.465986193403740864e-20
2.247805833548725059e+04 2.032396684585947787e-20
2.494508135230316839e+04 1.673109577744656315e-20
2.768286630392066581e+04 1.375927321104321464e-20
3.072112998861759115e+04 1.129810369120345459e-20
3.409285069746814406e+04 9.266286467364773392e-21
3.783462617131928710e+04 7.587955800979756711e-21
4.198707084443910571e+04 6.205110626006875650e-21
4.659525668664683326e+04 5.063849399541000661e-21
5.170920242896761192e+04 4.124332177400194772e-21
5.738441648302398244e+04 3.354252797209404424e-21
6.368249944718585903e+04 2.721615699951086749e-21
7.067181273927491566e+04 2.204314038059787420e-21
7.842822061337680498e+04 1.781406774099194357e-21
8.703591361485165544e+04 1.437723344607871147e-21
9.658832241158708348e+04 1.158204474528468439e-21
1.071891319205127511e+05 9.316618056702626554e-22
1.189534067370319535e+05 7.484465890664699454e-22
1.320088400831418112e+05 6.006565866103957854e-22
1.464971398307286145e+05 4.815147526973957373e-22
1.625755666443794908e+05 3.856443944875161586e-22
1.804186409392071655e+05 3.085174898589705261e-22
2.002200371815584658e+05 2.466079325318070391e-22
2.221946860939523904e+05 1.969075771611388832e-22
2.465811075822604180e+05 1.570507110792854410e-22
2.736439997074671555e+05 1.251342609948931822e-22
3.036771118035460822e+05 9.958927536596553983e-23
3.370064329271928291e+05 7.917254494341654516e-23
3.739937302478798083e+05 6.286211203425477279e-23
4.150404757850476308e+05 4.986148844688826292e-23
4.605922041145108524e+05 3.949129643209536795e-23
5.111433483440171112e+05 3.124443582612037345e-23
5.672426068491977639e+05 2.468583667082222094e-23
6.294988990221888525e+05 1.947652554854277840e-23
6.985879746785250027e+05 1.534535310011251683e-23
7.752597488629464060e+05 1.207405306610288210e-23
8.603464416684507160e+05 9.485159260022445610e-24
9.547716114208066138e+05 7.439854325865663544e-24
1.059560179277617019e+06 5.827058528327597565e-24
1.175849554052158026e+06 4.555851868660676587e-24
1.304901978014401859e+06 3.555842172624536392e-24
1.448118227674532915e+06 2.770652436263422853e-24
1.607052818261638284e+06 2.154694558282454914e-24
1.783430876931909472e+06 1.672453924419159742e-24
1.979166867853557458e+06 1.295471919891418626e-24
2.196385372416546568e+06 1.001373134917068480e-24
2.437444150122222025e+06 7.722597281065799303e-25
2.704959730463137385e+06 5.941192686311160329e-25
3.001835813575591892e+06 4.559666366985593149e-25
3.331294787934676744e+06 3.490359388119379438e-25
3.696912707195031922e+06 2.664326761278468126e-25
4.102658105827190448e+06 2.027381672079543926e-25
4.552935074866947718e+06 1.537839311672043084e-25
5.052631065335679799e+06 1.162296754671323444e-25
5.607169938205458224e+06 8.752955854175645771e-26
6.222570836730230600e+06 6.563778305776806416e-26
6.905513520162330940e+06 4.901512549997103824e-26
7.663410868007462472e+06 3.641609821324783120e-26
8.504489341802684590e+06 2.691355307021839288e-26
9.437878277775391936e+06 1.977683370176443601e-26
1.047370897959450819e+07 1.443856314852731839e-26
1.162322468679854274e+07 1.046435895801750656e-26
1.289890261253307760e+07 7.522518521281107621e-27
1.431458937523478456e+07 5.358698833409067427e-27
1.588565129428052530e+07 3.778783218902584503e-27
1.762914118095947802e+07 2.633752469838979145e-27
1.956398343517064676e+07 1.811112838103496169e-27
2.171117945694505423e+07 1.226596818574548844e-27
2.409403560239527002e+07 8.163999562668513518e-28
2.673841615839949250e+07 5.325518159867928232e-28
2.967302408188872784e+07 3.394442511598783492e-28
3.292971255097155273e+07 2.106992297109574425e-28
3.654383070957254618e+07 1.269320784669345739e-28
4.055460735840827972e+07 7.393424550598901150e-29
4.500557675700496882e+07 4.145701853547985848e-29
4.994505115855139494e+07 2.219695036719615137e-29
5.542664520663107187e+07 1.113015345014878342e-29
6.150985788580504060e+07 4.952486478434528262e-30
6.826071834272393584e+07 1.696929901416686312e-30
7.575250258771920204e+07 2.789569796209775120e-31
8.406652885618332028e+07 5.764562170868496643e-33
