1.000000000000000000e+02 2.747245642532482571e-13
1.109752496412072134e+02 2.088977199651206400e-13
1.231550603292826196e+02 1.577275262684930162e-13
1.366716356462005990e+02 1.184128914830729608e-13
1.516716888470922413e+02 8.815185359190250311e-14
1.683180353330956791e+02 6.517056254917763737e-14
1.867913599020782840e+02 4.781093267095556098e-14
2.072921779595371845e+02 3.479935936855966071e-14
2.300430119772916839e+02 2.513531782061480147e-14
2.552908068239516410e+02 1.799448609518986478e-14
2.833096101839323637e+02 1.278269215605912688e-14
3.144035471591500368e+02 9.004859177610671568e-15
3.489101213406774491e+02 6.288976744359951079e-15
3.872038781812557318e+02 4.357941853203398901e-15
4.297004704320843871e+02 2.989258153069566173e-15
4.768611697714468960e+02 2.046671104728616055e-15
5.291978735958442712e+02 1.394636103876686554e-15
5.872786613189482523e+02 9.361323539835285237e-16
6.517339604882420190e+02 6.333320535771998250e-16
7.232633896483533817e+02 4.299948056381748491e-16
8.026433522257173081e+02 2.904332786935843849e-16
8.907354638610439679e+02 1.988497423121977222e-16
9.884959046625587007e+02 1.379850620945917604e-16
1.096985797892383971e+03 9.745952716334259797e-17
1.217382727739662187e+03 7.029675476786708665e-17
1.350993521198027793e+03 5.183529303814794735e-17
1.499268432786045423e+03 3.923195949191726898e-17
1.663816886076128640e+03 3.035565408279544511e-17
1.846424942895544291e+03 2.378697368481681162e-17
2.049074689815845886e+03 1.894822546262357435e-17
2.273965752357927613e+03 1.530000657324663269e-17
2.523539170434765765e+03 1.242573521274993124e-17
2.800503894183631019e+03 1.012773989752878896e-17
3.107866187782013640e+03 8.296541084320949780e-18
3.448962260405759935e+03 6.807606193888498223e-18
3.827494478516314757e+03 5.585871815108645590e-18
4.247571552536898707e+03 4.584852307906347044e-18
4.713753134116724141e+03 3.763169252157046278e-18
5.231099308056262998e+03 3.078362093394590903e-18
5.805225516094896193e+03 2.511862464436576048e-18
6.442363508721369726e+03 2.040239617451167597e-18
7.149428986597576113e+03 1.642700843710665821e-18
7.934096665797491369e+03 1.308133687619412681e-18
8.804883581643463913e+03 1.030048097712430875e-18
9.771241535346502133e+03 7.951715415520854625e-19
1.084365968689610963e+04 5.992090134958153166e-19
1.203377840777589154e+04 4.382318325343043220e-19
1.335451562929898682e+04 3.088617631501321694e-19
1.482020705798858762e+04 2.083753510184948155e-19
1.644676177994664249e+04 1.339665604541038517e-19
1.825183494319044257e+04 8.252877790634120691e-20
2.025501939230666540e+04 5.004567683232116239e-20
2.247805833548725059e+04 3.168678339383605651e-20
2.494508135230316839e+04 2.182969484918484433e-20
2.768286630392066581e+04 1.617501190728110448e-20
3.072112998861759115e+04 1.249089650735936168e-20
3.409285069746814406e+04 9.821557023290050399e-21
3.783462617131928710e+04 7.764002551730213266e-21
4.198707084443910571e+04 6.142498746075665699e-21
4.659525668664683326e+04 4.859541356311811545e-21
5.170920242896761192e+04 3.834860277849267159e-21
5.738441648302398244e+04 3.023691790445145807e-21
6.368249944718585903e+04 2.382413010371496285e-21
7.067181273927491566e+04 1.874083119312752221e-21
7.842822061337680498e+04 1.472794881628503220e-21
8.703591361485165544e+04 1.155833215661881175e-21
9.658832241158708348e+04 9.060978967741163384e-22
1.071891319205127511e+05 7.095274565018326763e-22
1.189534067370319535e+05 5.548889796605397874e-22
1.320088400831418112e+05 4.335252437735254965e-22
1.464971398307286145e+05 3.383971262724344361e-22
1.625755666443794908e+05 2.636986735012306245e-22
1.804186409392071655e+05 2.052516093535674613e-22
2.002200371815584658e+05 1.596655253535051429e-22
2.221946860939523904e+05 1.240701924370347290e-22
2.465811075822604180e+05 9.623252152708149881e-23
2.736439997074671555e+05 7.454017816218450432e-23
3.036771118035460822e+05 5.769415638604735770e-23
3.370064329271928291e+05 4.460461579762341156e-23
3.739937302478798083e+05 3.443506808054977293e-23
4.150404757850476308e+05 2.654856235075319707e-23
4.605922041145108524e+05 2.044236708370848070e-23
5.111433483440171112e+05 1.571951720451644555e-23
5.672426068491977639e+05 1.207287378244856558e-23
6.294988990221888525e+05 9.259102909475138637e-24
6.985879746785250027e+05 7.091799708484463086e-24
7.752597488629464060e+05 5.424104095042710527e-24
8.603464416684507160e+05 4.142667569070191972e-24
9.547716114208066138e+05 3.159549360495867472e-24
1.059560179277617019e+06 2.406375901882643764e-24
1.175849554052158026e+06 1.829884807309527016e-24
1.304901978014401859e+06 1.389630971136283150e-24
1.448118227674532915e+06 1.053523179158961641e-24
1.607052818261638284e+06 7.975952457576582808e-25
1.783430876931909472e+06 6.028545611125372437e-25
1.979166867853557458e+06 4.549799235504605374e-25
2.196385372416546568e+06 3.428155245500592975e-25
2.437444150122222025e+06 2.578811352608671188e-25
2.704959730463137385e+06 1.936620428192573208e-25
3.001835813575591892e+06 1.451800411677773925e-25
3.331294787934676744e+06 1.086576622204172219e-25
3.696912707195031922e+06 8.118972371374015740e-26
4.102658105827190448e+06 6.054678154829785364e-26
4.552935074866947718e+06 4.506128406696142047e-26
5.052631065335679799e+06 3.347090523419822570e-26
5.607169938205458224e+06 2.482079133454796983e-26
6.222570836730230600e+06 1.837004389281849135e-26
6.905513520162330940e+06 1.356325472262846950e-26
7.663410868007462472e+06 9.990966581778491559e-27
8.504489341802684590e+06 7.344201336833791881e-27
9.437878277775391936e+06 5.386399852692644697e-27
1.047370897959450819e+07 3.939619601735442001e-27
1.162322468679854274e+07 2.873508036072435562e-27
1.289890261253307760e+07 2.090126435216179207e-27
1.431458937523478456e+07 1.515985503426790689e-27
1.588565129428052530e+07 1.095738312221363101e-27
1.762914118095947802e+07 7.891099404539870661e-28
1.956398343517064676e+07 5.662716545350386975e-28
2.171117945694505423e+07 4.045099308622886526e-28
2.409403560239527002e+07 2.877131640805989329e-28
2.673841615839949250e+07 2.035606190638625952e-28
2.967302408188872784e+07 1.431902144665713632e-28
3.292971255097155273e+07 1.000801930259578061e-28
3.654383070957254618e+07 6.943755952719965354e-29
4.055460735840827972e+07 4.776906678764785229e-29
4.500557675700496882e+07 3.253777163358524219e-29
4.994505115855139494e+07 2.191933534408949153e-29
5.542664520663107187e+07 1.455923980140824835e-29
6.150985788580504060e+07 9.517937171228270731e-30
6.826071834272393584e+07 6.098329997432766337e-30
7.575250258771920204e+07 3.811762272943561894e-30
8.406652885618332028e+07 2.307811853211894645e-30
9.329304026284696162e+07 1.339254166398847494e-30
1.035321843295663744e+08 7.335514989686839662e-31
1.148951000187308788e+08 3.692859849241709949e-31
1.275051240713012964e+08 1.624689678204915705e-31
1.414991297434575856e+08 5.555265374371500397e-32
1.570290124729377627e+08 9.805107749930403419e-33
