1.000000000000000000e+02 8.328823669036192117e-13
1.109752496412072134e+02 7.128260970991228013e-13
1.231550603292826196e+02 6.089760861337658755e-13
1.366716356462005990e+02 5.196206457633244200e-13
1.516716888470922413e+02 4.424093084174283137e-13
1.683180353330956791e+02 3.758627506783245015e-13
1.867913599020782840e+02 3.187935606179610316e-13
2.072921779595371845e+02 2.696767465458570473e-13
2.300430119772916839e+02 2.272599458388592997e-13
2.552908068239516410e+02 1.915690086881960311e-13
2.833096101839323637e+02 1.605347756886806224e-13
3.144035471591500368e+02 1.342814023978085664e-13
3.489101213406774491e+02 1.120683713537958793e-13
3.872038781812557318e+02 9.311067152748313389e-14
4.297004704320843871e+02 7.714155563808053491e-14
4.768611697714468960e+02 6.372292206392875421e-14
5.291978735958442712e+02 5.249033613883004197e-14
5.872786613189482523e+02 4.311232607041471177e-14
6.517339604882420190e+02 3.530924896437275006e-14
7.232633896483533817e+02 2.885534489342908993e-14
8.026433522257173081e+02 2.353631549283510520e-14
8.907354638610439679e+02 1.917715831016961033e-14
9.884959046625587007e+02 1.559407919136869469e-14
1.096985797892383971e+03 1.267363360825965308e-14
1.217382727739662187e+03 1.031163037008522283e-14
1.350993521198027793e+03 8.406662435895175266e-15
1.499268432786045423e+03 6.828954379363573708e-15
1.663816886076128640e+03 5.560682925067117599e-15
1.846424942895544291e+03 4.533040972882869122e-15
2.049074689815845886e+03 3.694722387639411618e-15
2.273965752357927613e+03 3.005974551090995600e-15
2.523539170434765765e+03 2.441065866602510580e-15
2.800503894183631019e+03 1.980250547772110551e-15
3.107866187782013640e+03 1.600333061559893707e-15
3.448962260405759935e+03 1.279419287472750497e-15
3.827494478516314757e+03 1.016369272991479986e-15
4.247571552536898707e+03 7.980053940892575853e-16
4.713753134116724141e+03 6.183572802929864412e-16
5.231099308056262998e+03 4.701282952152935719e-16
5.805225516094896193e+03 3.491894416882506526e-16
6.442363508721369726e+03 2.514975761024362579e-16
7.149428986597576113e+03 1.744599141090437002e-16
7.934096665797491369e+03 1.148701287969456621e-16
8.804883581643463913e+03 7.061097075065876327e-17
9.771241535346502133e+03 3.960172620328210647e-17
1.084365968689610963e+04 1.972552624191556876e-17
1.203377840777589154e+04 8.522159734326584899e-18
1.335451562929898682e+04 3.232384212877640444e-18
1.482020705798858762e+04 1.129391874221006264e-18
1.644676177994664249e+04 3.976897021642398859e-19
1.825183494319044257e+04 1.673305587081067311e-19
2.025501939230666540e+04 9.571568944756627103e-20
2.247805833548725059e+04 6.856295456651448021e-20
2.494508135230316839e+04 5.358188278207177069e-20
2.768286630392066581e+04 4.282300759670719816e-20
3.072112998861759115e+04 3.437862214972439381e-20
3.409285069746814406e+04 2.760678939305594809e-20
3.783462617131928710e+04 2.215453028792458552e-20
4.198707084443910571e+04 1.776469876032655027e-20
4.659525668664683326e+04 1.423348462075354649e-20
5.170920242896761192e+04 1.139498085248401698e-20
5.738441648302398244e+04 9.115391400782655501e-21
6.368249944718585903e+04 7.285479526192085262e-21
7.067181273927491566e+04 5.818530753311887518e-21
7.842822061337680498e+04 4.643233478440568310e-21
8.703591361485165544e+04 3.701554711915539329e-21
9.658832241158708348e+04 2.949175223063253385e-21
1.071891319205127511e+05 2.347311437470981037e-21
1.189534067370319535e+05 1.867092925709678291e-21
1.320088400831418112e+05 1.483943185151040014e-21
1.464971398307286145e+05 1.178677357964577727e-21
1.625755666443794908e+05 9.354639270951929621e-22
1.804186409392071655e+05 7.419832400568445765e-22
2.002200371815584658e+05 5.881053441329967478e-22
2.221946860939523904e+05 4.657830478366310984e-22
2.465811075822604180e+05 3.686347854982602274e-22
2.736439997074671555e+05 2.915196652338855062e-22
3.036771118035460822e+05 2.303504265580085690e-22
3.370064329271928291e+05 1.818759832615609691e-22
3.739937302478798083e+05 1.434770716670175441e-22
4.150404757850476308e+05 1.130897448193664675e-22
4.605922041145108524e+05 8.905220261164297112e-23
5.111433483440171112e+05 7.005526980634414499e-23
5.672426068491977639e+05 5.505721442895915900e-23
6.294988990221888525e+05 4.322442065945300396e-23
6.985879746785250027e+05 3.389532498471082539e-23
7.752597488629464060e+05 2.655149534633316460e-23
8.603464416684507160e+05 2.077430219922356792e-23
9.547716114208066138e+05 1.623107020250351188e-23
1.059560179277617019e+06 1.266447929715011120e-23
1.175849554052158026e+06 9.867038099041989717e-24
1.304901978014401859e+06 7.675236949266623405e-24
1.448118227674532915e+06 5.960283590889647623e-24
1.607052818261638284e+06 4.620547515741687215e-24
1.783430876931909472e+06 3.575223087375895034e-24
1.979166867853557458e+06 2.761110195898177012e-24
2.196385372416546568e+06 2.127754082779581721e-24
2.437444150122222025e+06 1.636123585782211409e-24
2.704959730463137385e+06 1.255026520661088612e-24
3.001835813575591892e+06 9.601767053875810532e-25
3.331294787934676744e+06 7.324352442575571535e-25
3.696912707195031922e+06 5.569447961599204907e-25
4.102658105827190448e+06 4.221223551998483131e-25
4.552935074866947718e+06 3.187811838124563205e-25
5.052631065335679799e+06 2.398681469550212376e-25
5.607169938205458224e+06 1.797862999677589768e-25
6.222570836730230600e+06 1.340830217373500947e-25
6.905513520162330940e+06 9.948125235404448144e-26
7.663410868007462472e+06 7.342924372451261904e-26
8.504489341802684590e+06 5.388681271540564104e-26
9.437878277775391936e+06 3.927308442468575666e-26
1.047370897959450819e+07 2.841391436187314046e-26
1.162322468679854274e+07 2.039081770292990728e-26
1.289890261253307760e+07 1.449893279626406369e-26
1.431458937523478456e+07 1.020657533776446079e-26
1.588565129428052530e+07 7.099584117326260317e-27
1.762914118095947802e+07 4.874232916971882583e-27
1.956398343517064676e+07 3.294731614595322958e-27
2.171117945694505423e+07 2.188473825239473917e-27
2.409403560239527002e+07 1.423030169527963379e-27
2.673841615839949250e+07 9.034369753977411205e-28
2.967302408188872784e+07 5.558500467505472954e-28
3.292971255097155273e+07 3.298182351175661736e-28
3.654383070957254618e+07 1.866647161169706927e-28
4.055460735840827972e+07 9.928224255999370280e-29
4.500557675700496882e+07 4.843521183845941410e-29
4.994505115855139494e+07 2.075692414838368244e-29
5.542664520663107187e+07 7.143063190657677350e-30
6.150985788580504060e+07 1.566711660017475560e-30
6.826071834272393584e+07 8.884934133217910701e-32
7.575250258771920204e+07 2.702444921977589789e-37
