1.000000000000000000e+02 6.532053687027262976e-12
1.109752496412072134e+02 5.672058731133172695e-12
1.231550603292826196e+02 4.920465930477169969e-12
1.366716356462005990e+02 4.258552285199968541e-12
1.516716888470922413e+02 3.682944590959961075e-12
1.683180353330956791e+02 3.177622196209489274e-12
1.867913599020782840e+02 2.739233402613081100e-12
2.072921779595371845e+02 2.355794919302230920e-12
2.300430119772916839e+02 2.023897171336708150e-12
2.552908068239516410e+02 1.735733313054318053e-12
2.833096101839323637e+02 1.486254004772789059e-12
3.144035471591500368e+02 1.270636710880105354e-12
3.489101213406774491e+02 1.084631196232761077e-12
3.872038781812557318e+02 9.244944813585462444e-13
4.297004704320843871e+02 7.873381356548375211e-13
4.768611697714468960e+02 6.693330622644909029e-13
5.291978735958442712e+02 5.688642974833747989e-13
5.872786613189482523e+02 4.826013769973896218e-13
6.517339604882420190e+02 4.094096290155012346e-13
7.232633896483533817e+02 3.467599717148486272e-13
8.026433522257173081e+02 2.937531410549102919e-13
8.907354638610439679e+02 2.485027261326797680e-13
9.884959046625587007e+02 2.102060119109737334e-13
1.096985797892383971e+03 1.776903600476420328e-13
1.217382727739662187e+03 1.500854789400898205e-13
1.350993521198027793e+03 1.265815870959092546e-13
1.499268432786045423e+03 1.067576741440497941e-13
1.663816886076128640e+03 8.984408919649636682e-14
1.846424942895544291e+03 7.553404727874793070e-14
2.049074689815845886e+03 6.335251661973967042e-14
2.273965752357927613e+03 5.306034422842990126e-14
2.523539170434765765e+03 4.430078526982637195e-14
2.800503894183631019e+03 3.689304925455732475e-14
3.107866187782013640e+03 3.062588490296617113e-14
3.448962260405759935e+03 2.534219393955824597e-14
3.827494478516314757e+03 2.089394400784247620e-14
4.247571552536898707e+03 1.716092686100694934e-14
4.713753134116724141e+03 1.402715319795139861e-14
5.231099308056262998e+03 1.144696290890641357e-14
5.805225516094896193e+03 9.298215563503593046e-15
6.442363508721369726e+03 7.538651176907466579e-15
7.149428986597576113e+03 6.075209283516161016e-15
7.934096665797491369e+03 4.888798761675142492e-15
8.804883581643463913e+03 3.927743536737681853e-15
9.771241535346502133e+03 3.147687203908458871e-15
1.084365968689610963e+04 2.535930748767920390e-15
1.203377840777589154e+04 2.029302687149065336e-15
1.335451562929898682e+04 1.633871948215777781e-15
1.482020705798858762e+04 1.320686639254395082e-15
1.644676177994664249e+04 1.067888917916780737e-15
1.825183494319044257e+04 8.694913144737559330e-16
2.025501939230666540e+04 7.110141958116871129e-16
2.247805833548725059e+04 5.840122895527335961e-16
2.494508135230316839e+04 4.817324580040226498e-16
2.768286630392066581e+04 3.991783368649340497e-16
3.072112998861759115e+04 3.313893019255491955e-16
3.409285069746814406e+04 2.754240720776003884e-16
3.783462617131928710e+04 2.290927975550277619e-16
4.198707084443910571e+04 1.903860068589511943e-16
4.659525668664683326e+04 1.578768854768645510e-16
5.170920242896761192e+04 1.302680908456363028e-16
5.738441648302398244e+04 1.069516297062874200e-16
6.368249944718585903e+04 8.726523669263471615e-17
7.067181273927491566e+04 7.071892975327963625e-17
7.842822061337680498e+04 5.681008180482770669e-17
8.703591361485165544e+04 4.514817996389384137e-17
9.658832241158708348e+04 3.539484115143635746e-17
1.071891319205127511e+05 2.733893612277905348e-17
1.189534067370319535e+05 2.075916842835466692e-17
1.320088400831418112e+05 1.544636733474526775e-17
1.464971398307286145e+05 1.121949829339554729e-17
1.625755666443794908e+05 7.924661655472286558e-18
1.804186409392071655e+05 5.405753845059567950e-18
2.002200371815584658e+05 3.548562666607928881e-18
2.221946860939523904e+05 2.230106064048642972e-18
2.465811075822604180e+05 1.340870645670117294e-18
2.736439997074671555e+05 7.738541082936632516e-19
3.036771118035460822e+05 4.350964578676406435e-19
3.370064329271928291e+05 2.452939388726897930e-19
3.739937302478798083e+05 1.429902105646455528e-19
4.150404757850476308e+05 8.788038483938161942e-20
4.605922041145108524e+05 5.709356826434733044e-20
5.111433483440171112e+05 3.871326816882889780e-20
5.672426068491977639e+05 2.696595622055037814e-20
6.294988990221888525e+05 1.897049802223277955e-20
6.985879746785250027e+05 1.329423014892487104e-20
7.752597488629464060e+05 9.208071302057154368e-21
8.603464416684507160e+05 6.288041023073405696e-21
9.547716114208066138e+05 4.239740477286270519e-21
1.059560179277617019e+06 2.822577969058214689e-21
1.175849554052158026e+06 1.852990223633062333e-21
1.304901978014401859e+06 1.197689655380617099e-21
1.448118227674532915e+06 7.609793909093699701e-22
1.607052818261638284e+06 4.743692489090665156e-22
1.783430876931909472e+06 2.891134259052885208e-22
1.979166867853557458e+06 1.715857126794901779e-22
2.196385372416546568e+06 9.839343399458584369e-23
2.437444150122222025e+06 5.399382118144076054e-23
2.704959730463137385e+06 2.793092024307932909e-23
3.001835813575591892e+06 1.333934718603807139e-23
3.331294787934676744e+06 5.772250307586296350e-24
3.696912707195031922e+06 2.244430883559575258e-24
4.102658105827190448e+06 7.805117664645915323e-25
4.552935074866947718e+06 2.400530914609644356e-25
5.052631065335679799e+06 6.461544984577602935e-26
5.607169938205458224e+06 1.507410938084310526e-26
6.222570836730230600e+06 3.011446614762124719e-27
6.905513520162330940e+06 5.113386871301266306e-28
7.663410868007462472e+06 7.306210594842209657e-29
8.504489341802684590e+06 8.696598993133110640e-30
9.437878277775391936e+06 8.533803291508727655e-31
1.047370897959450819e+07 6.823822282319524007e-32
1.162322468679854274e+07 4.389820881044199925e-33
1.289890261253307760e+07 2.241176652365335312e-34
1.431458937523478456e+07 8.941583498774682226e-36
1.588565129428052530e+07 2.739514605393543466e-37
1.762914118095947802e+07 6.285663156445845386e-39
1.956398343517064676e+07 1.054500251035845988e-40
2.171117945694505423e+07 1.260459878266289787e-42
2.409403560239527002e+07 1.043817325289073225e-44
2.673841615839949250e+07 5.798509131067378886e-47
2.967302408188872784e+07 2.080912055472478615e-49
3.292971255097155273e+07 4.622568683528619282e-52
3.654383070957254618e+07 6.062923019771344494e-55
4.055460735840827972e+07 4.451233177108527373e-58
4.500557675700496882e+07 1.720027806428169242e-61
4.994505115855139494e+07 3.259455065391044578e-65
5.542664520663107187e+07 2.798396682231673640e-69
6.150985788580504060e+07 9.973462168027436189e-74
6.826071834272393584e+07 1.337233868255317731e-78
7.575250258771920204e+07 6.046714182312862589e-84
8.406652885618332028e+07 1.720307755677132205e-89
9.329304026284696162e+07 1.623719492965892891e-90
1.035321843295663744e+08 1.001286005973539797e-90
1.148951000187308788e+08 5.957300275700524768e-91
1.275051240713012964e+08 3.379012552892357942e-91
1.414991297434575856e+08 1.797582799664604105e-91
1.570290124729377627e+08 8.761152587391061838e-92
1.742633386009651124e+08 3.742438233641942687e-92
1.933891750455232263e+08 1.237490180931469344e-92
2.146141197858406007e+08 1.460643375907925574e-93
2.381685551976160705e+08 1.246783260486101764e-101
2.643081486974108517e+08 2.433661568749531873e-124
