1.000000000000000000e+02 5.668535829217898765e-13
1.109752496412072134e+02 4.777519015960147453e-13
1.231550603292826196e+02 4.050470958398741039e-13
1.366716356462005990e+02 3.449879793683570409e-13
1.516716888470922413e+02 2.948903704620064640e-13
1.683180353330956791e+02 2.527370496641792166e-13
1.867913599020782840e+02 2.169248886133559914e-13
2.072921779595371845e+02 1.862484495470764104e-13
2.300430119772916839e+02 1.599589557673924781e-13
2.552908068239516410e+02 1.373164530398385266e-13
2.833096101839323637e+02 1.177421294376790137e-13
3.144035471591500368e+02 1.008346020856795233e-13
3.489101213406774491e+02 8.625552676976287374e-14
3.872038781812557318e+02 7.358912156403045352e-14
4.297004704320843871e+02 6.269243057499346909e-14
4.768611697714468960e+02 5.336224352585932362e-14
5.291978735958442712e+02 4.520539091021968411e-14
5.872786613189482523e+02 3.826331505791637105e-14
6.517339604882420190e+02 3.231535126824248158e-14
7.232633896483533817e+02 2.719420265934932181e-14
8.026433522257173081e+02 2.284357140311142626e-14
8.907354638610439679e+02 1.913659691221632360e-14
9.884959046625587007e+02 1.598855797970335752e-14
1.096985797892383971e+03 1.331874605920619495e-14
1.217382727739662187e+03 1.106700741185300391e-14
1.350993521198027793e+03 9.171475541931099647e-15
1.499268432786045423e+03 7.585158454908835152e-15
1.663816886076128640e+03 6.256409616715773556e-15
1.846424942895544291e+03 5.148935746897452244e-15
2.049074689815845886e+03 4.227061472477798133e-15
2.273965752357927613e+03 3.462653073414596074e-15
2.523539170434765765e+03 2.834246952521203804e-15
2.800503894183631019e+03 2.316737845978342382e-15
3.107866187782013640e+03 1.886507138413934096e-15
3.448962260405759935e+03 1.532947254453985282e-15
3.827494478516314757e+03 1.244955788958106228e-15
4.247571552536898707e+03 1.008059174027170033e-15
4.713753134116724141e+03 8.129368168873091227e-16
5.231099308056262998e+03 6.531378529676356511e-16
5.805225516094896193e+03 5.221546620335898977e-16
6.442363508721369726e+03 4.143329585553648216e-16
7.149428986597576113e+03 3.263425171986644862e-16
7.934096665797491369e+03 2.544207846796784513e-16
8.804883581643463913e+03 1.956142928514430836e-16
9.771241535346502133e+03 1.483036951293633170e-16
1.084365968689610963e+04 1.104087966681881433e-16
1.203377840777589154e+04 8.057521134305694792e-17
1.335451562929898682e+04 5.741487855488660904e-17
1.482020705798858762e+04 3.983858738464578729e-17
1.644676177994664249e+04 2.705365957392643273e-17
1.825183494319044257e+04 1.811195712116215851e-17
2.025501939230666540e+04 1.215151884333878508e-17
2.247805833548725059e+04 8.371684802842176723e-18
2.494508135230316839e+04 6.056590336448318717e-18
2.768286630392066581e+04 4.629293944278028353e-18
3.072112998861759115e+04 3.688686274806886372e-18
3.409285069746814406e+04 3.015639508108114544e-18
3.783462617131928710e+04 2.499894986924380719e-18
4.198707084443910571e+04 2.085551240980535550e-18
4.659525668664683326e+04 1.744474957046808859e-18
5.170920242896761192e+04 1.460215398008503362e-18
5.738441648302398244e+04 1.222183991289364995e-18
6.368249944718585903e+04 1.022673504844827760e-18
7.067181273927491566e+04 8.554086691996097943e-19
7.842822061337680498e+04 7.150994108926258310e-19
8.703591361485165544e+04 5.974918588576298320e-19
9.658832241158708348e+04 4.989501443825997781e-19
1.071891319205127511e+05 4.164429714833795127e-19
1.189534067370319535e+05 3.473707715136850933e-19
1.320088400831418112e+05 2.895807253533239677e-19
1.464971398307286145e+05 2.412411498502580066e-19
1.625755666443794908e+05 2.008300987564269317e-19
1.804186409392071655e+05 1.670719270892727899e-19
2.002200371815584658e+05 1.388747106630215408e-19
2.221946860939523904e+05 1.153508277869553901e-19
2.465811075822604180e+05 9.572872876493853359e-20
2.736439997074671555e+05 7.936840185622409012e-20
3.036771118035460822e+05 6.574431261224310091e-20
3.370064329271928291e+05 5.440403595467078665e-20
3.739937302478798083e+05 4.497822607808699095e-20
4.150404757850476308e+05 3.714278036588055018e-20
4.605922041145108524e+05 3.064033158679133401e-20
5.111433483440171112e+05 2.524926398449262869e-20
5.672426068491977639e+05 2.078178611052739242e-20
6.294988990221888525e+05 1.708707477194370992e-20
6.985879746785250027e+05 1.403464460381167091e-20
7.752597488629464060e+05 1.151151511583475720e-20
8.603464416684507160e+05 9.431342614149625610e-21
9.547716114208066138e+05 7.717036283757494687e-21
1.059560179277617019e+06 6.304856107161425204e-21
1.175849554052158026e+06 5.142921755372284407e-21
1.304901978014401859e+06 4.188512990942523498e-21
1.448118227674532915e+06 3.405369262235537413e-21
1.607052818261638284e+06 2.763224337830773988e-21
1.783430876931909472e+06 2.237990613914745411e-21
1.979166867853557458e+06 1.808424096350767666e-21
2.196385372416546568e+06 1.458039008986584193e-21
2.437444150122222025e+06 1.172573948455316423e-21
2.704959730463137385e+06 9.406043442737471987e-22
3.001835813575591892e+06 7.523170690438303183e-22
3.331294787934676744e+06 5.999226456435684255e-22
3.696912707195031922e+06 4.766906108467340835e-22
4.102658105827190448e+06 3.773133915098310354e-22
4.552935074866947718e+06 2.974083005211477597e-22
5.052631065335679799e+06 2.334254629794623939e-22
5.607169938205458224e+06 1.823589263237201618e-22
6.222570836730230600e+06 1.418188735263495156e-22
6.905513520162330940e+06 1.096014560614960443e-22
7.663410868007462472e+06 8.407547007856668591e-23
8.504489341802684590e+06 6.406490277883105724e-23
9.437878277775391936e+06 4.853058755879600080e-23
1.047370897959450819e+07 3.637322017270119282e-23
1.162322468679854274e+07 2.702005997241385552e-23
1.289890261253307760e+07 1.986131716219747070e-23
1.431458937523478456e+07 1.442443125462717173e-23
1.588565129428052530e+07 1.034427287664119137e-23
1.762914118095947802e+07 7.310300463782685769e-24
1.956398343517064676e+07 5.087832438700929220e-24
2.171117945694505423e+07 3.475348483301500724e-24
2.409403560239527002e+07 2.328634842892789604e-24
2.673841615839949250e+07 1.525475714194252215e-24
2.967302408188872784e+07 9.742427816010739877e-25
3.292971255097155273e+07 6.027685252991408295e-25
3.654383070957254618e+07 3.576450380120756925e-25
4.055460735840827972e+07 2.000533904039587713e-25
4.500557675700496882e+07 1.021157733181207779e-25
4.994505115855139494e+07 4.552501672991353267e-26
5.542664520663107187e+07 1.665613838621778362e-26
6.150985788580504060e+07 4.603016842818160105e-27
6.826071834272393584e+07 8.268124261100271683e-28
7.575250258771920204e+07 5.615377884232574045e-29
8.406652885618332028e+07 3.850897775239006597e-31
