1.000000000000000000e+02 2.145674212017220653e-12
1.109752496412072134e+02 1.834407465106649477e-12
1.231550603292826196e+02 1.566927882053064397e-12
1.366716356462005990e+02 1.337195945839928442e-12
1.516716888470922413e+02 1.139849257939531355e-12
1.683180353330956791e+02 9.710237909728380339e-13
1.867913599020782840e+02 8.265275590879574402e-13
2.072921779595371845e+02 7.028226932626096413e-13
2.300430119772916839e+02 5.971543003188104667e-13
2.552908068239516410e+02 5.069507431316623992e-13
2.833096101839323637e+02 4.300937704757186217e-13
3.144035471591500368e+02 3.645666745326921583e-13
3.489101213406774491e+02 3.088752401294292708e-13
3.872038781812557318e+02 2.614884421306246574e-13
4.297004704320843871e+02 2.212175629538285960e-13
4.768611697714468960e+02 1.870739271963600866e-13
5.291978735958442712e+02 1.581141707889287485e-13
5.872786613189482523e+02 1.335645725703128335e-13
6.517339604882420190e+02 1.127841180679970492e-13
7.232633896483533817e+02 9.519318436665650654e-14
8.026433522257173081e+02 8.032841552627498287e-14
8.907354638610439679e+02 6.775053837454948483e-14
9.884959046625587007e+02 5.713117351525572304e-14
1.096985797892383971e+03 4.815931737393474497e-14
1.217382727739662187e+03 4.058309861426377244e-14
1.350993521198027793e+03 3.418802609746717847e-14
1.499268432786045423e+03 2.879420158915037677e-14
1.663816886076128640e+03 2.424483300845858336e-14
1.846424942895544291e+03 2.040590795212292712e-14
2.049074689815845886e+03 1.717202945923384408e-14
2.273965752357927613e+03 1.444638755783728861e-14
2.523539170434765765e+03 1.214846048599820813e-14
2.800503894183631019e+03 1.021468700808352246e-14
3.107866187782013640e+03 8.584870294084243869e-15
3.448962260405759935e+03 7.213597243593629837e-15
3.827494478516314757e+03 6.059785479804613974e-15
4.247571552536898707e+03 5.088986467793427987e-15
4.713753134116724141e+03 4.272808762521878200e-15
5.231099308056262998e+03 3.586000484852691472e-15
5.805225516094896193e+03 3.009312279166407888e-15
6.442363508721369726e+03 2.524359652805964362e-15
7.149428986597576113e+03 2.117390016550861763e-15
7.934096665797491369e+03 1.775377537653863886e-15
8.804883581643463913e+03 1.488298099323159604e-15
9.771241535346502133e+03 1.247275342837421917e-15
1.084365968689610963e+04 1.044974787054663785e-15
1.203377840777589154e+04 8.753210093803851668e-16
1.335451562929898682e+04 7.330682521900437483e-16
1.482020705798858762e+04 6.136891680421470936e-16
1.644676177994664249e+04 5.136388077212231409e-16
1.825183494319044257e+04 4.297563804732260380e-16
2.025501939230666540e+04 3.594819877841454428e-16
2.247805833548725059e+04 3.005893394964780614e-16
2.494508135230316839e+04 2.512922916358385431e-16
2.768286630392066581e+04 2.099769431525055291e-16
3.072112998861759115e+04 1.754169995158644479e-16
3.409285069746814406e+04 1.464682427865128387e-16
3.783462617131928710e+04 1.222679722035874457e-16
4.198707084443910571e+04 1.020138708259216876e-16
4.659525668664683326e+04 8.509299805924530859e-17
5.170920242896761192e+04 7.093693064770336550e-17
5.738441648302398244e+04 5.911421999259475813e-17
6.368249944718585903e+04 4.924014219034199364e-17
7.067181273927491566e+04 4.099622913067181414e-17
7.842822061337680498e+04 3.411662052459947096e-17
8.703591361485165544e+04 2.837706364131546239e-17
9.658832241158708348e+04 2.359145230052319468e-17
1.071891319205127511e+05 1.960444466313258111e-17
1.189534067370319535e+05 1.628218601341729623e-17
1.320088400831418112e+05 1.351641597280372741e-17
1.464971398307286145e+05 1.121458264583659122e-17
1.625755666443794908e+05 9.300751472069025747e-18
1.804186409392071655e+05 7.708791988784138401e-18
2.002200371815584658e+05 6.386779362859002762e-18
2.221946860939523904e+05 5.288700844890547024e-18
2.465811075822604180e+05 4.376524759697204824e-18
2.736439997074671555e+05 3.619901496573244015e-18
3.036771118035460822e+05 2.992252506236590968e-18
3.370064329271928291e+05 2.471962262820436043e-18
3.739937302478798083e+05 2.040729895952985450e-18
4.150404757850476308e+05 1.683651361006170101e-18
4.605922041145108524e+05 1.388160892954229313e-18
5.111433483440171112e+05 1.143542749660999206e-18
5.672426068491977639e+05 9.413266843674827657e-19
6.294988990221888525e+05 7.743295192905749457e-19
6.985879746785250027e+05 6.361523004853382506e-19
7.752597488629464060e+05 5.223823433939919562e-19
8.603464416684507160e+05 4.284817315432713616e-19
9.547716114208066138e+05 3.509887664968414467e-19
1.059560179277617019e+06 2.872949300644257355e-19
1.175849554052158026e+06 2.348009291724221319e-19
1.304901978014401859e+06 1.917233870335622402e-19
1.448118227674532915e+06 1.563054908716618981e-19
1.607052818261638284e+06 1.272025269119253282e-19
1.783430876931909472e+06 1.033955216297357489e-19
1.979166867853557458e+06 8.389749334700853165e-20
2.196385372416546568e+06 6.792889075809002309e-20
2.437444150122222025e+06 5.489325526105451355e-20
2.704959730463137385e+06 4.425821307381737025e-20
3.001835813575591892e+06 3.560022269297799143e-20
3.331294787934676744e+06 2.855612510905206757e-20
3.696912707195031922e+06 2.284445625741697659e-20
4.102658105827190448e+06 1.821346582125207615e-20
4.552935074866947718e+06 1.448255573510529932e-20
5.052631065335679799e+06 1.146817289204451420e-20
5.607169938205458224e+06 9.054341689472797697e-21
6.222570836730230600e+06 7.122068167141316978e-21
6.905513520162330940e+06 5.582432306251577461e-21
7.663410868007462472e+06 4.355490865173482963e-21
8.504489341802684590e+06 3.386572665638421466e-21
9.437878277775391936e+06 2.619064995795047796e-21
1.047370897959450819e+07 2.018313687444856704e-21
1.162322468679854274e+07 1.545381318666367069e-21
1.289890261253307760e+07 1.178348756545072132e-21
1.431458937523478456e+07 8.900772408486536544e-22
1.588565129428052530e+07 6.696473165890577274e-22
1.762914118095947802e+07 4.990307469486253151e-22
1.956398343517064676e+07 3.692680984858357920e-22
2.171117945694505423e+07 2.725432431945959973e-22
2.409403560239527002e+07 1.989378551310492456e-22
2.673841615839949250e+07 1.453432491579030206e-22
2.967302408188872784e+07 1.059736469457920732e-22
3.292971255097155273e+07 7.724258426731940947e-23
3.654383070957254618e+07 5.649269466248215924e-23
4.055460735840827972e+07 4.158617460568228874e-23
4.500557675700496882e+07 3.079531874188466903e-23
4.994505115855139494e+07 2.303864655388506745e-23
5.542664520663107187e+07 1.741475683248345758e-23
6.150985788580504060e+07 1.330769848203148325e-23
6.826071834272393584e+07 1.027685459797241688e-23
7.575250258771920204e+07 8.009019884754195677e-24
8.406652885618332028e+07 6.281417778533742071e-24
9.329304026284696162e+07 4.945682437968908929e-24
1.035321843295663744e+08 3.897694879001423533e-24
1.148951000187308788e+08 3.076264410937634821e-24
1.275051240713012964e+08 2.424081802968554956e-24
1.414991297434575856e+08 1.906981906065089084e-24
1.570290124729377627e+08 1.497667643980802876e-24
1.742633386009651124e+08 1.173202049928048158e-24
1.933891750455232263e+08 9.158919987356486098e-25
2.146141197858406007e+08 7.115465879864779081e-25
2.381685551976160705e+08 5.480993557171743702e-25
2.643081486974108517e+08 4.195074242050664031e-25
2.933166278390048146e+08 3.164518998443845635e-25
3.255088599835056663e+08 2.349182970043861166e-25
3.612342699709430337e+08 1.707321847902015817e-25
4.008806328898465633e+08 1.204215627977577783e-25
4.448782831127585173e+08 8.115767275699536311e-26
4.937047852839003801e+08 5.089813548736506251e-26
5.478901179593944550e+08 2.841198398283414098e-26
6.080224261649426222e+08 1.358215909295924041e-26
6.747544053110699654e+08 5.454735230473490981e-27
7.488103857590031624e+08 1.819259981774396064e-27
8.309941949353404045e+08 5.051219095319358406e-28
9.221978823334341049e+08 1.177825463373433345e-28
1.023411402105452657e+09 2.337558936083744581e-29
1.135733358343105316e+09 3.981774625144890309e-30
1.260382929679727316e+09 5.867177464385982412e-31
1.398713102647238731e+09 7.504504597321293270e-32
1.552225357427047968e+09 8.350016124636979313e-33
1.722585965398787737e+09 8.071555311887053188e-34
1.911644075385703564e+09 6.750908665510669984e-35
2.121451784910631895e+09 4.846598986921736399e-36
2.354286414322420120e+09 2.946507407108977652e-37
2.612675225563332081e+09 1.460980425732747599e-38
2.899422853882881165e+09 3.293326451225593171e-40
