1.000000000000000000e+02 1.008489988987764652e-13
1.109752496412072134e+02 8.797235395675145999e-14
1.231550603292826196e+02 7.671221430581098076e-14
1.366716356462005990e+02 6.685086715605444797e-14
1.516716888470922413e+02 5.823892757158871728e-14
1.683180353330956791e+02 5.069983996621596982e-14
1.867913599020782840e+02 4.412394644480400681e-14
2.072921779595371845e+02 3.837289029338228863e-14
2.300430119772916839e+02 3.335946152549683806e-14
2.552908068239516410e+02 2.898004259417661477e-14
2.833096101839323637e+02 2.516467247497741875e-14
3.144035471591500368e+02 2.183844694154534406e-14
3.489101213406774491e+02 1.893977078767819733e-14
3.872038781812557318e+02 1.641614813418946225e-14
4.297004704320843871e+02 1.422029483641718201e-14
4.768611697714468960e+02 1.231018110521758972e-14
5.291978735958442712e+02 1.064984688586329531e-14
5.872786613189482523e+02 9.207405417094129386e-15
6.517339604882420190e+02 7.955681721885090041e-15
7.232633896483533817e+02 6.868939217532726379e-15
8.026433522257173081e+02 5.927082046737639387e-15
8.907354638610439679e+02 5.111081778773437937e-15
9.884959046625587007e+02 4.404050664936335890e-15
1.096985797892383971e+03 3.792516070772201999e-15
1.217382727739662187e+03 3.263445430889420399e-15
1.350993521198027793e+03 2.806558312135057465e-15
1.499268432786045423e+03 2.412049022268720967e-15
1.663816886076128640e+03 2.071574724622345653e-15
1.846424942895544291e+03 1.778184794664720270e-15
2.049074689815845886e+03 1.525290845351408963e-15
2.273965752357927613e+03 1.307792487305082965e-15
2.523539170434765765e+03 1.120514187056211678e-15
2.800503894183631019e+03 9.596654298875964980e-16
3.107866187782013640e+03 8.214353111025095839e-16
3.448962260405759935e+03 7.028155485649352653e-16
3.827494478516314757e+03 6.010457827146100477e-16
4.247571552536898707e+03 5.138181714102449336e-16
4.713753134116724141e+03 4.390843667299235789e-16
5.231099308056262998e+03 3.750933493452646627e-16
5.805225516094896193e+03 3.203041158795545147e-16
6.442363508721369726e+03 2.734475037413951466e-16
7.149428986597576113e+03 2.333613115079347081e-16
7.934096665797491369e+03 1.990974671313095199e-16
8.804883581643463913e+03 1.698192572965000687e-16
9.771241535346502133e+03 1.448018665518816762e-16
1.084365968689610963e+04 1.234461487355623589e-16
1.203377840777589154e+04 1.051984994958307863e-16
1.335451562929898682e+04 8.963341688097611699e-17
1.482020705798858762e+04 7.634559027811676114e-17
1.644676177994664249e+04 6.501010922148542483e-17
1.825183494319044257e+04 5.534548426271967247e-17
2.025501939230666540e+04 4.710190792851962747e-17
2.247805833548725059e+04 4.007547602681271507e-17
2.494508135230316839e+04 3.408674087631956986e-17
2.768286630392066581e+04 2.898179608615977918e-17
3.072112998861759115e+04 2.463556751795030627e-17
3.409285069746814406e+04 2.093246560413733938e-17
3.783462617131928710e+04 1.778086089627095361e-17
4.198707084443910571e+04 1.509776170683720563e-17
4.659525668664683326e+04 1.281460606955073805e-17
5.170920242896761192e+04 1.087216137526648245e-17
5.738441648302398244e+04 9.220304457115293548e-18
6.368249944718585903e+04 7.816403245679456409e-18
7.067181273927491566e+04 6.622825759374359293e-18
7.842822061337680498e+04 5.609211286913332880e-18
8.703591361485165544e+04 4.748183558833459180e-18
9.658832241158708348e+04 4.017240546256426074e-18
1.071891319205127511e+05 3.396675081803771613e-18
1.189534067370319535e+05 2.870487358158231494e-18
1.320088400831418112e+05 2.424169398308338254e-18
1.464971398307286145e+05 2.045952429590561387e-18
1.625755666443794908e+05 1.725445364989678552e-18
1.804186409392071655e+05 1.454167054364731640e-18
2.002200371815584658e+05 1.224562113761540317e-18
2.221946860939523904e+05 1.030371379042750009e-18
2.465811075822604180e+05 8.662026222264126574e-19
2.736439997074671555e+05 7.275010047415439710e-19
3.036771118035460822e+05 6.104349685887436818e-19
3.370064329271928291e+05 5.116045430999604560e-19
3.739937302478798083e+05 4.283511084961717615e-19
4.150404757850476308e+05 3.581957241492199617e-19
4.605922041145108524e+05 2.991621680722316969e-19
5.111433483440171112e+05 2.495104208684372151e-19
5.672426068491977639e+05 2.078206428805593300e-19
6.294988990221888525e+05 1.727977823023588951e-19
6.985879746785250027e+05 1.434654732887271102e-19
7.752597488629464060e+05 1.189094074222842641e-19
8.603464416684507160e+05 9.836359243080321596e-20
9.547716114208066138e+05 8.120724576070372021e-20
1.059560179277617019e+06 6.688587739809436466e-20
1.175849554052158026e+06 5.497531296586475839e-20
1.304901978014401859e+06 4.505198537321940588e-20
1.448118227674532915e+06 3.683479400305490068e-20
1.607052818261638284e+06 3.002553066744176449e-20
1.783430876931909472e+06 2.437937257732927562e-20
1.979166867853557458e+06 1.974859361624208299e-20
2.196385372416546568e+06 1.591781239322999693e-20
2.437444150122222025e+06 1.277762980023006629e-20
2.704959730463137385e+06 1.021894568324901804e-20
3.001835813575591892e+06 8.127421318324796493e-21
3.331294787934676744e+06 6.411817945425950287e-21
3.696912707195031922e+06 5.049403947319182585e-21
4.102658105827190448e+06 3.927717122564470579e-21
4.552935074866947718e+06 3.043348374461207127e-21
5.052631065335679799e+06 2.335410752422825349e-21
5.607169938205458224e+06 1.774614164829358092e-21
6.222570836730230600e+06 1.333586462170827825e-21
6.905513520162330940e+06 9.906238620583448941e-22
7.663410868007462472e+06 7.256314534087545526e-22
8.504489341802684590e+06 5.240644532465397272e-22
9.437878277775391936e+06 3.722065469145940128e-22
1.047370897959450819e+07 2.594178791378314120e-22
1.162322468679854274e+07 1.773664651453028633e-22
1.289890261253307760e+07 1.187198710980592169e-22
1.431458937523478456e+07 7.769447787381267629e-23
1.588565129428052530e+07 4.969682934089746616e-23
1.762914118095947802e+07 3.101294559401478223e-23
1.956398343517064676e+07 1.891276831829109007e-23
2.171117945694505423e+07 1.126183747497228581e-23
2.409403560239527002e+07 6.508440755953086387e-24
2.673841615839949250e+07 3.646368164792897482e-24
2.967302408188872784e+07 1.949438361958582891e-24
3.292971255097155273e+07 9.722909986028368252e-25
3.654383070957254618e+07 4.461385587783035933e-25
4.055460735840827972e+07 1.839945811202905964e-25
4.500557675700496882e+07 6.732218432351951197e-26
4.994505115855139494e+07 2.161426704836403619e-26
5.542664520663107187e+07 5.998906104939726131e-27
6.150985788580504060e+07 1.411730693802233138e-27
6.826071834272393584e+07 2.769291955226220580e-28
7.575250258771920204e+07 4.452237861083329528e-29
8.406652885618332028e+07 5.775221665650056066e-30
9.329304026284696162e+07 6.004681602736916137e-31
1.035321843295663744e+08 4.955579335258820471e-32
1.148951000187308788e+08 3.013129486088911346e-33
1.275051240713012964e+08 1.329026164156147162e-34
1.414991297434575856e+08 4.137776935152179111e-36
1.570290124729377627e+08 8.723492146245853443e-38
1.742633386009651124e+08 1.177038488220915467e-39
1.933891750455232263e+08 9.284742707304362114e-42
2.146141197858406007e+08 3.223209189040938136e-44
