1.000000000000000000e+02 6.609330285337108273e-14
1.109752496412072134e+02 5.655688984581269861e-14
1.231550603292826196e+02 4.834700463852601030e-14
1.366716356462005990e+02 4.122811010526480807e-14
1.516716888470922413e+02 3.511184942253676180e-14
1.683180353330956791e+02 2.980575705240327414e-14
1.867913599020782840e+02 2.523120787721613868e-14
2.072921779595371845e+02 2.128384058107008177e-14
2.300430119772916839e+02 1.788359735827042663e-14
2.552908068239516410e+02 1.496563842621300325e-14
2.833096101839323637e+02 1.246091852402389903e-14
3.144035471591500368e+02 1.032670283996066486e-14
3.489101213406774491e+02 8.502114749820049341e-15
3.872038781812557318e+02 6.957643740748678803e-15
4.297004704320843871e+02 5.654831798824505840e-15
4.768611697714468960e+02 4.561906732933486370e-15
5.291978735958442712e+02 3.651009822972695483e-15
5.872786613189482523e+02 2.897210589595229443e-15
6.517339604882420190e+02 2.280041841542300706e-15
7.232633896483533817e+02 1.779462846752061459e-15
8.026433522257173081e+02 1.379264460112218657e-15
8.907354638610439679e+02 1.064029330717882138e-15
9.884959046625587007e+02 8.204392023347472694e-16
1.096985797892383971e+03 6.349498675648640065e-16
1.217382727739662187e+03 4.961949843010338107e-16
1.350993521198027793e+03 3.932712588883204970e-16
1.499268432786045423e+03 3.172233022760523015e-16
1.663816886076128640e+03 2.604372114076374899e-16
1.846424942895544291e+03 2.172750990487243906e-16
2.049074689815845886e+03 1.833473384243907315e-16
2.273965752357927613e+03 1.559126398581077824e-16
2.523539170434765765e+03 1.330491040114760586e-16
2.800503894183631019e+03 1.137871139162695670e-16
3.107866187782013640e+03 9.726969802055098870e-17
3.448962260405759935e+03 8.319737323178279384e-17
3.827494478516314757e+03 7.100079089196937734e-17
4.247571552536898707e+03 6.056475196656499514e-17
4.713753134116724141e+03 5.156566099061556157e-17
5.231099308056262998e+03 4.386021808411353347e-17
5.805225516094896193e+03 3.721241642680892410e-17
6.442363508721369726e+03 3.152634756229292125e-17
7.149428986597576113e+03 2.665211475367079959e-17
7.934096665797491369e+03 2.249531026316971312e-17
8.804883581643463913e+03 1.894939168955568175e-17
9.771241535346502133e+03 1.592936181264843259e-17
1.084365968689610963e+04 1.336508745192577546e-17
1.203377840777589154e+04 1.119257779045490087e-17
1.335451562929898682e+04 9.355537958137593030e-18
1.482020705798858762e+04 7.811211752522793092e-18
1.644676177994664249e+04 6.509799300275787020e-18
1.825183494319044257e+04 5.416988497691123516e-18
2.025501939230666540e+04 4.505303682518253103e-18
2.247805833548725059e+04 3.741086950860327589e-18
2.494508135230316839e+04 3.103560419025678932e-18
2.768286630392066581e+04 2.573111524131928372e-18
3.072112998861759115e+04 2.130541592316046559e-18
3.409285069746814406e+04 1.763504889707195332e-18
3.783462617131928710e+04 1.457427145708084570e-18
4.198707084443910571e+04 1.203667796969544765e-18
4.659525668664683326e+04 9.925892173313205550e-19
5.170920242896761192e+04 8.174372303389243128e-19
5.738441648302398244e+04 6.721003042928847094e-19
6.368249944718585903e+04 5.514960798224414925e-19
7.067181273927491566e+04 4.515947013658506574e-19
7.842822061337680498e+04 3.688425063417530310e-19
8.703591361485165544e+04 3.003935321754541022e-19
9.658832241158708348e+04 2.439524801800631126e-19
1.071891319205127511e+05 1.973160828343743472e-19
1.189534067370319535e+05 1.590764174105345975e-19
1.320088400831418112e+05 1.276797074606309980e-19
1.464971398307286145e+05 1.020426978022567775e-19
1.625755666443794908e+05 8.115494840929012545e-20
1.804186409392071655e+05 6.428586253540157653e-20
2.002200371815584658e+05 5.072359021063560500e-20
2.221946860939523904e+05 3.990768805890187574e-20
2.465811075822604180e+05 3.132297242771013242e-20
2.736439997074671555e+05 2.453370699699662281e-20
3.036771118035460822e+05 1.918132327087037834e-20
3.370064329271928291e+05 1.496325822557744212e-20
3.739937302478798083e+05 1.164905663914902916e-20
4.150404757850476308e+05 9.051429253976166448e-21
4.605922041145108524e+05 7.013675905058309018e-21
5.111433483440171112e+05 5.423182185031832873e-21
5.672426068491977639e+05 4.183297010254944093e-21
6.294988990221888525e+05 3.218412435072927421e-21
6.985879746785250027e+05 2.469520282651787161e-21
7.752597488629464060e+05 1.889362189465058722e-21
8.603464416684507160e+05 1.441248581386989680e-21
9.547716114208066138e+05 1.095939046322358187e-21
1.059560179277617019e+06 8.306331530649759627e-22
1.175849554052158026e+06 6.273807071641809836e-22
1.304901978014401859e+06 4.721484945626190541e-22
1.448118227674532915e+06 3.539961108483651416e-22
1.607052818261638284e+06 2.643651852205638318e-22
1.783430876931909472e+06 1.966203597597552969e-22
1.979166867853557458e+06 1.456081600367753551e-22
2.196385372416546568e+06 1.073472999241512225e-22
2.437444150122222025e+06 7.877048142487465210e-23
2.704959730463137385e+06 5.752021717049188373e-23
3.001835813575591892e+06 4.178487280487783914e-23
3.331294787934676744e+06 3.019083642526922918e-23
3.696912707195031922e+06 2.170655464717693281e-23
4.102658105827190448e+06 1.550370221364800110e-23
4.552935074866947718e+06 1.101009076990189208e-23
5.052631065335679799e+06 7.769218266320075979e-24
5.607169938205458224e+06 5.445184285065752867e-24
6.222570836730230600e+06 3.789036227421021572e-24
6.905513520162330940e+06 2.616190125068903471e-24
7.663410868007462472e+06 1.791015046927988930e-24
8.504489341802684590e+06 1.214563496061102855e-24
9.437878277775391936e+06 8.149206727983856802e-25
1.047370897959450819e+07 5.399699227873603770e-25
1.162322468679854274e+07 3.524985142289100262e-25
1.289890261253307760e+07 2.259307573940968919e-25
1.431458937523478456e+07 1.414617360968441349e-25
1.588565129428052530e+07 8.588375512355624862e-26
1.762914118095947802e+07 4.998801861544698828e-26
1.956398343517064676e+07 2.739681528079363475e-26
2.171117945694505423e+07 1.369903732641978513e-26
2.409403560239527002e+07 5.881087566593437693e-27
2.673841615839949250e+07 1.887960328009250795e-27
2.967302408188872784e+07 3.101209774587257554e-28
3.292971255097155273e+07 1.984160783087799234e-29
