1.000000000000000000e+02 4.398004447463826058e-12
1.109752496412072134e+02 3.795554310353061993e-12
1.231550603292826196e+02 3.273084017551192060e-12
1.366716356462005990e+02 2.820043560621943979e-12
1.516716888470922413e+02 2.424213221307205304e-12
1.683180353330956791e+02 2.080810899806836374e-12
1.867913599020782840e+02 1.784402260437494455e-12
2.072921779595371845e+02 1.526664723379188846e-12
2.300430119772916839e+02 1.304910095912289495e-12
2.552908068239516410e+02 1.113342317086370258e-12
2.833096101839323637e+02 9.477533229507947082e-13
3.144035471591500368e+02 8.070130836587145755e-13
3.489101213406774491e+02 6.850772848357493881e-13
3.872038781812557318e+02 5.813788822212226789e-13
4.297004704320843871e+02 4.925077888368894916e-13
4.768611697714468960e+02 4.171417404269249510e-13
5.291978735958442712e+02 3.526715889790879019e-13
5.872786613189482523e+02 2.982723196879862882e-13
6.517339604882420190e+02 2.518856154072879142e-13
7.232633896483533817e+02 2.128562503240585516e-13
8.026433522257173081e+02 1.796380798545326579e-13
8.907354638610439679e+02 1.518425271007394742e-13
9.884959046625587007e+02 1.280627826864056987e-13
1.096985797892383971e+03 1.081863984577036693e-13
1.217382727739662187e+03 9.127323459192702808e-14
1.350993521198027793e+03 7.705401720943660009e-14
1.499268432786045423e+03 6.497361466383480023e-14
1.663816886076128640e+03 5.476513796381088712e-14
1.846424942895544291e+03 4.609810253907212733e-14
2.049074689815845886e+03 3.873920829152690945e-14
2.273965752357927613e+03 3.250917014879308506e-14
2.523539170434765765e+03 2.720356892641087832e-14
2.800503894183631019e+03 2.271778661804721045e-14
3.107866187782013640e+03 1.889284021643089222e-14
3.448962260405759935e+03 1.567034222330266966e-14
3.827494478516314757e+03 1.294066790296207260e-14
4.247571552536898707e+03 1.064726069411943801e-14
4.713753134116724141e+03 8.717130188055933231e-15
5.231099308056262998e+03 7.106402125302186656e-15
5.805225516094896193e+03 5.765810467862237850e-15
6.442363508721369726e+03 4.653191790407515149e-15
7.149428986597576113e+03 3.741148182525280223e-15
7.934096665797491369e+03 2.992555112660378134e-15
8.804883581643463913e+03 2.379266932166997619e-15
9.771241535346502133e+03 1.890038002298659629e-15
1.084365968689610963e+04 1.491590905099412725e-15
1.203377840777589154e+04 1.182601820874246811e-15
1.335451562929898682e+04 9.295599281775325898e-16
1.482020705798858762e+04 7.319004665383816484e-16
1.644676177994664249e+04 5.798068317540375746e-16
1.825183494319044257e+04 4.575069053629925492e-16
2.025501939230666540e+04 3.634158997520944902e-16
2.247805833548725059e+04 2.903640816145161111e-16
2.494508135230316839e+04 2.329578758501776640e-16
2.768286630392066581e+04 1.880519483680959072e-16
3.072112998861759115e+04 1.525205921396577833e-16
3.409285069746814406e+04 1.242708000042121472e-16
3.783462617131928710e+04 1.015525486554172938e-16
4.198707084443910571e+04 8.312700873424709167e-17
4.659525668664683326e+04 6.802133484034180058e-17
5.170920242896761192e+04 5.551438713282143776e-17
5.738441648302398244e+04 4.513945145217555784e-17
6.368249944718585903e+04 3.652194265695184719e-17
7.067181273927491566e+04 2.931838125758089459e-17
7.842822061337680498e+04 2.332589761620897090e-17
8.703591361485165544e+04 1.833850162848481393e-17
9.658832241158708348e+04 1.422426496284341493e-17
1.071891319205127511e+05 1.085610804222314931e-17
1.189534067370319535e+05 8.130119065485213769e-18
1.320088400831418112e+05 5.953734657155629489e-18
1.464971398307286145e+05 4.238168771027825206e-18
1.625755666443794908e+05 2.929782042848140563e-18
1.804186409392071655e+05 1.947219779832977928e-18
2.002200371815584658e+05 1.239940076827894610e-18
2.221946860939523904e+05 7.537734264711467208e-19
2.465811075822604180e+05 4.380373175080188260e-19
2.736439997074671555e+05 2.465500050653304722e-19
3.036771118035460822e+05 1.385119031622871836e-19
3.370064329271928291e+05 8.115003999434735162e-20
3.739937302478798083e+05 5.157630467222012112e-20
4.150404757850476308e+05 3.597555066166637820e-20
4.605922041145108524e+05 2.708626620182601836e-20
5.111433483440171112e+05 2.138774253455074831e-20
5.672426068491977639e+05 1.730140667237541238e-20
6.294988990221888525e+05 1.414073709353872810e-20
6.985879746785250027e+05 1.159396766196527538e-20
7.752597488629464060e+05 9.511107676628735626e-21
8.603464416684507160e+05 7.797481598742705479e-21
9.547716114208066138e+05 6.386026399256610988e-21
1.059560179277617019e+06 5.224562368672798731e-21
1.175849554052158026e+06 4.269822762170028882e-21
1.304901978014401859e+06 3.485967464309383436e-21
1.448118227674532915e+06 2.842770821563233446e-21
1.607052818261638284e+06 2.315722991050395209e-21
1.783430876931909472e+06 1.884092422011270122e-21
1.979166867853557458e+06 1.530810429477150830e-21
2.196385372416546568e+06 1.242347895315808231e-21
2.437444150122222025e+06 1.006859014307009745e-21
2.704959730463137385e+06 8.146748648210348160e-22
3.001835813575591892e+06 6.582659114775154788e-22
3.331294787934676744e+06 5.310923729179193909e-22
3.696912707195031922e+06 4.277464169822502292e-22
4.102658105827190448e+06 3.439011390787109003e-22
4.552935074866947718e+06 2.760141623209541850e-22
5.052631065335679799e+06 2.211205659016320752e-22
5.607169938205458224e+06 1.767927769126980964e-22
6.222570836730230600e+06 1.410385173982827323e-22
6.905513520162330940e+06 1.122671495312098536e-22
7.663410868007462472e+06 8.915288557464284983e-23
8.504489341802684590e+06 7.061992601414175499e-23
9.437878277775391936e+06 5.579511618928347121e-23
1.047370897959450819e+07 4.395831954062918073e-23
1.162322468679854274e+07 3.452607057858902865e-23
1.289890261253307760e+07 2.703335580686593922e-23
1.431458937523478456e+07 2.109745314713770656e-23
1.588565129428052530e+07 1.640340236977790623e-23
1.762914118095947802e+07 1.270388725788118738e-23
1.956398343517064676e+07 9.797706093155484305e-24
2.171117945694505423e+07 7.521655935158781458e-24
2.409403560239527002e+07 5.746453873519742864e-24
2.673841615839949250e+07 4.366357504919162277e-24
2.967302408188872784e+07 3.297992415261227297e-24
3.292971255097155273e+07 2.474863649336340789e-24
3.654383070957254618e+07 1.843815083766956851e-24
4.055460735840827972e+07 1.362527892255166020e-24
4.500557675700496882e+07 9.977490819626098581e-25
4.994505115855139494e+07 7.230757676498138970e-25
5.542664520663107187e+07 5.176243946134686101e-25
6.150985788580504060e+07 3.656136470322017849e-25
6.826071834272393584e+07 2.538626094055444011e-25
7.575250258771920204e+07 1.730028383412603248e-25
8.406652885618332028e+07 1.150789141530697142e-25
9.329304026284696162e+07 7.439865274106770327e-26
1.035321843295663744e+08 4.638633579563040756e-26
1.148951000187308788e+08 2.764549276909960333e-26
1.275051240713012964e+08 1.554588136373885723e-26
1.414991297434575856e+08 8.095113159560331999e-27
1.570290124729377627e+08 3.770221247694505377e-27
1.742633386009651124e+08 1.432808112633103717e-27
1.933891750455232263e+08 3.257105496241252756e-28
2.146141197858406007e+08 7.523987974846101446e-30
