1.000000000000000000e+02 3.604743123213891110e-13
1.109752496412072134e+02 2.886608969745556767e-13
1.231550603292826196e+02 2.311552314288616720e-13
1.366716356462005990e+02 1.851315258314618040e-13
1.516716888470922413e+02 1.486068023408964256e-13
1.683180353330956791e+02 1.193282663816961970e-13
1.867913599020782840e+02 9.607767625669423534e-14
2.072921779595371845e+02 7.741675042025675323e-14
2.300430119772916839e+02 6.256980071708240412e-14
2.552908068239516410e+02 5.054235299856124158e-14
2.833096101839323637e+02 4.095617910913700333e-14
3.144035471591500368e+02 3.314793481585742528e-14
3.489101213406774491e+02 2.682556975735742031e-14
3.872038781812557318e+02 2.167712513306595264e-14
4.297004704320843871e+02 1.749463848176815372e-14
4.768611697714468960e+02 1.407312183022526383e-14
5.291978735958442712e+02 1.130011356313407168e-14
5.872786613189482523e+02 9.044546803752133669e-15
6.517339604882420190e+02 7.215129679584582117e-15
7.232633896483533817e+02 5.736625040606685707e-15
8.026433522257173081e+02 4.552888543808065860e-15
8.907354638610439679e+02 3.601754639694699544e-15
9.884959046625587007e+02 2.845721392553863983e-15
1.096985797892383971e+03 2.247399710315721311e-15
1.217382727739662187e+03 1.775760711146978470e-15
1.350993521198027793e+03 1.405279799053060112e-15
1.499268432786045423e+03 1.115607183204617771e-15
1.663816886076128640e+03 8.894222180552544995e-16
1.846424942895544291e+03 7.131526132453923864e-16
2.049074689815845886e+03 5.754895977626698583e-16
2.273965752357927613e+03 4.675528823382959867e-16
2.523539170434765765e+03 3.826615650258496939e-16
2.800503894183631019e+03 3.153587680207443752e-16
3.107866187782013640e+03 2.616014722498272415e-16
3.448962260405759935e+03 2.182615804909160124e-16
3.827494478516314757e+03 1.830148716987370429e-16
4.247571552536898707e+03 1.540293288547704487e-16
4.713753134116724141e+03 1.300374550723304627e-16
5.231099308056262998e+03 1.100258860124793543e-16
5.805225516094896193e+03 9.320450484062748473e-17
6.442363508721369726e+03 7.898855824661284663e-17
7.149428986597576113e+03 6.694713356793179704e-17
7.934096665797491369e+03 5.671700500299458701e-17
8.804883581643463913e+03 4.799476660635175740e-17
9.771241535346502133e+03 4.056369850439982323e-17
1.084365968689610963e+04 3.420618741663483870e-17
1.203377840777589154e+04 2.881119320477082358e-17
1.335451562929898682e+04 2.419228174800802257e-17
1.482020705798858762e+04 2.026542446766379456e-17
1.644676177994664249e+04 1.691218438107952736e-17
1.825183494319044257e+04 1.407598289949043269e-17
2.025501939230666540e+04 1.167819918685625667e-17
2.247805833548725059e+04 9.655756867552760877e-18
2.494508135230316839e+04 7.945390071739403208e-18
2.768286630392066581e+04 6.506434724103951251e-18
3.072112998861759115e+04 5.308934713017898685e-18
3.409285069746814406e+04 4.310287147132722616e-18
3.783462617131928710e+04 3.487611769662957292e-18
4.198707084443910571e+04 2.811504084932869595e-18
4.659525668664683326e+04 2.258314378604868103e-18
5.170920242896761192e+04 1.810698170163853253e-18
5.738441648302398244e+04 1.450505454461187436e-18
6.368249944718585903e+04 1.163253069044007869e-18
7.067181273927491566e+04 9.358996683862492671e-19
7.842822061337680498e+04 7.563771972730428537e-19
8.703591361485165544e+04 6.150865234826753107e-19
9.658832241158708348e+04 5.033340189908495714e-19
1.071891319205127511e+05 4.143966864464540315e-19
1.189534067370319535e+05 3.430975731597954291e-19
1.320088400831418112e+05 2.851058580029099542e-19
1.464971398307286145e+05 2.375024126505289941e-19
1.625755666443794908e+05 1.980888247413603482e-19
1.804186409392071655e+05 1.652716350290429433e-19
2.002200371815584658e+05 1.378723172184783768e-19
2.221946860939523904e+05 1.149868521912764699e-19
2.465811075822604180e+05 9.582478624444990888e-20
2.736439997074671555e+05 7.978643064968298997e-20
3.036771118035460822e+05 6.637587256614973419e-20
3.370064329271928291e+05 5.515143548724956464e-20
3.739937302478798083e+05 4.579381713747170518e-20
4.150404757850476308e+05 3.796462073269912328e-20
4.605922041145108524e+05 3.144383718131684481e-20
5.111433483440171112e+05 2.600510835135864083e-20
5.672426068491977639e+05 2.146783058298169760e-20
6.294988990221888525e+05 1.770107684393520151e-20
6.985879746785250027e+05 1.456359539026419528e-20
7.752597488629464060e+05 1.196060797561671198e-20
8.603464416684507160e+05 9.804853339404776065e-21
9.547716114208066138e+05 8.016449581523717065e-21
1.059560179277617019e+06 6.543228196286315297e-21
1.175849554052158026e+06 5.326307560405109924e-21
1.304901978014401859e+06 4.322333120261934542e-21
1.448118227674532915e+06 3.500492586066588077e-21
1.607052818261638284e+06 2.827088599938658216e-21
1.783430876931909472e+06 2.274706046886298552e-21
1.979166867853557458e+06 1.825703401360031859e-21
2.196385372416546568e+06 1.460985625090473619e-21
2.437444150122222025e+06 1.164398255522486251e-21
2.704959730463137385e+06 9.248349313231310123e-22
3.001835813575591892e+06 7.313070684663328574e-22
3.331294787934676744e+06 5.756326870569867075e-22
3.696912707195031922e+06 4.508830170827697344e-22
4.102658105827190448e+06 3.512198198576322781e-22
4.552935074866947718e+06 2.719612623121709838e-22
5.052631065335679799e+06 2.092180427539152622e-22
5.607169938205458224e+06 1.598640620404458935e-22
6.222570836730230600e+06 1.213000808107053363e-22
6.905513520162330940e+06 9.136334500228791003e-23
7.663410868007462472e+06 6.831279706676767857e-23
8.504489341802684590e+06 5.072609245811962632e-23
9.437878277775391936e+06 3.737801814262607838e-23
1.047370897959450819e+07 2.733164914653202755e-23
1.162322468679854274e+07 1.983916047780859744e-23
1.289890261253307760e+07 1.423551522453193029e-23
1.431458937523478456e+07 1.012838347980357754e-23
1.588565129428052530e+07 7.118644054913190483e-24
1.762914118095947802e+07 4.940171133011107568e-24
1.956398343517064676e+07 3.381004438311626961e-24
2.171117945694505423e+07 2.275928469918650389e-24
2.409403560239527002e+07 1.504590063481682743e-24
2.673841615839949250e+07 9.749982721589822314e-25
2.967302408188872784e+07 6.184627580524615560e-25
3.292971255097155273e+07 3.836002212147060000e-25
3.654383070957254618e+07 2.322516468685875503e-25
4.055460735840827972e+07 1.367146880026538689e-25
4.500557675700496882e+07 7.787608102303462179e-26
4.994505115855139494e+07 4.258159210939342520e-26
5.542664520663107187e+07 2.219320109658269178e-26
6.150985788580504060e+07 1.095851233664894644e-26
6.826071834272393584e+07 5.071121962919732981e-27
7.575250258771920204e+07 2.120547227830643212e-27
8.406652885618332028e+07 6.954685042395195532e-28
9.329304026284696162e+07 1.032090938490645171e-28
1.035321843295663744e+08 3.375555253859580888e-31
1.148951000187308788e+08 3.088752619258259784e-44
