1.000000000000000000e+02 3.397970288474179730e-12
1.109752496412072134e+02 2.948367364687830095e-12
1.231550603292826196e+02 2.555944041058613411e-12
1.366716356462005990e+02 2.214405683793311977e-12
1.516716888470922413e+02 1.917001525678286974e-12
1.683180353330956791e+02 1.658511167523063794e-12
1.867913599020782840e+02 1.433359959412831134e-12
2.072921779595371845e+02 1.237906325498386237e-12
2.300430119772916839e+02 1.068114456743807971e-12
2.552908068239516410e+02 9.209496504921032250e-13
2.833096101839323637e+02 7.931123480698135050e-13
3.144035471591500368e+02 6.825451242920239369e-13
3.489101213406774491e+02 5.868264746421146528e-13
3.872038781812557318e+02 5.039593315588901858e-13
4.297004704320843871e+02 4.324392599909745024e-13
4.768611697714468960e+02 3.706540828872252721e-13
5.291978735958442712e+02 3.173750577627343438e-13
5.872786613189482523e+02 2.715187046391243206e-13
6.517339604882420190e+02 2.320139336900061884e-13
7.232633896483533817e+02 1.980500093746082500e-13
8.026433522257173081e+02 1.689055997074334963e-13
8.907354638610439679e+02 1.438884169158974884e-13
9.884959046625587007e+02 1.224635405819501710e-13
1.096985797892383971e+03 1.041223885272786063e-13
1.217382727739662187e+03 8.842847798142599025e-14
1.350993521198027793e+03 7.504006110591061903e-14
1.499268432786045423e+03 6.362508292373226929e-14
1.663816886076128640e+03 5.387941758518398427e-14
1.846424942895544291e+03 4.559396391410862654e-14
2.049074689815845886e+03 3.854467283427351700e-14
2.273965752357927613e+03 3.255590443003697818e-14
2.523539170434765765e+03 2.747409738103301903e-14
2.800503894183631019e+03 2.316708070942900436e-14
3.107866187782013640e+03 1.951690964073191414e-14
3.448962260405759935e+03 1.642994561783311848e-14
3.827494478516314757e+03 1.382180743886298256e-14
4.247571552536898707e+03 1.161436457274004408e-14
4.713753134116724141e+03 9.755057960130953245e-15
5.231099308056262998e+03 8.184853647133293473e-15
5.805225516094896193e+03 6.863787811997067501e-15
6.442363508721369726e+03 5.751195065837568485e-15
7.149428986597576113e+03 4.815491643344649720e-15
7.934096665797491369e+03 4.029152196929719440e-15
8.804883581643463913e+03 3.369135088103439793e-15
9.771241535346502133e+03 2.814521179970941532e-15
1.084365968689610963e+04 2.349813083358177377e-15
1.203377840777589154e+04 1.960560461972506824e-15
1.335451562929898682e+04 1.634511887820835907e-15
1.482020705798858762e+04 1.361954594625409334e-15
1.644676177994664249e+04 1.133874145556099672e-15
1.825183494319044257e+04 9.433498627790308113e-16
2.025501939230666540e+04 7.843516126368455952e-16
2.247805833548725059e+04 6.516837355656024113e-16
2.494508135230316839e+04 5.410502522635668888e-16
2.768286630392066581e+04 4.489726765801319660e-16
3.072112998861759115e+04 3.722279615063835986e-16
3.409285069746814406e+04 3.084309248458967081e-16
3.783462617131928710e+04 2.554059871619881156e-16
4.198707084443910571e+04 2.113127417060748300e-16
4.659525668664683326e+04 1.747411199331562173e-16
5.170920242896761192e+04 1.443844343062932045e-16
5.738441648302398244e+04 1.192261071553858941e-16
6.368249944718585903e+04 9.837651309300391985e-17
7.067181273927491566e+04 8.111202949736579133e-17
7.842822061337680498e+04 6.682731425430004988e-17
8.703591361485165544e+04 5.502006028750026442e-17
9.658832241158708348e+04 4.525763003779221459e-17
1.071891319205127511e+05 3.719841293422226843e-17
1.189534067370319535e+05 3.054829908993283173e-17
1.320088400831418112e+05 2.506392299697330162e-17
1.464971398307286145e+05 2.054611781879475746e-17
1.625755666443794908e+05 1.682428359068490616e-17
1.804186409392071655e+05 1.376367946101804566e-17
2.002200371815584658e+05 1.124846756027097878e-17
2.221946860939523904e+05 9.181558373230890665e-18
2.465811075822604180e+05 7.487467851363638524e-18
2.736439997074671555e+05 6.099215915184615744e-18
3.036771118035460822e+05 4.961239244834498671e-18
3.370064329271928291e+05 4.032306216569488606e-18
3.739937302478798083e+05 3.271666492827891846e-18
4.150404757850476308e+05 2.652099083338629507e-18
4.605922041145108524e+05 2.146974624369218732e-18
5.111433483440171112e+05 1.735760061533315660e-18
5.672426068491977639e+05 1.401501749844607814e-18
6.294988990221888525e+05 1.129941201835321995e-18
6.985879746785250027e+05 9.098725343881445752e-19
7.752597488629464060e+05 7.315820864240346729e-19
8.603464416684507160e+05 5.872601147047737935e-19
9.547716114208066138e+05 4.706795619244914841e-19
1.059560179277617019e+06 3.766574174505573323e-19
1.175849554052158026e+06 3.008775915859616864e-19
1.304901978014401859e+06 2.398986060208267945e-19
1.448118227674532915e+06 1.909032512632837107e-19
1.607052818261638284e+06 1.515900186624945077e-19
1.783430876931909472e+06 1.201352951823885923e-19
1.979166867853557458e+06 9.498476373039862681e-20
2.196385372416546568e+06 7.488664064445709714e-20
2.437444150122222025e+06 5.891835162644761676e-20
2.704959730463137385e+06 4.620976683696886216e-20
3.001835813575591892e+06 3.614935001559914135e-20
3.331294787934676744e+06 2.817855118684046667e-20
3.696912707195031922e+06 2.189143028267204144e-20
4.102658105827190448e+06 1.695322429599274062e-20
4.552935074866947718e+06 1.307095603225240162e-20
5.052631065335679799e+06 1.003828421248526547e-20
5.607169938205458224e+06 7.689044254576048947e-21
6.222570836730230600e+06 5.838538602074149346e-21
6.905513520162330940e+06 4.419634583585245406e-21
7.663410868007462472e+06 3.327303725294357039e-21
8.504489341802684590e+06 2.490197250264043793e-21
9.437878277775391936e+06 1.852393125186260641e-21
1.047370897959450819e+07 1.368804381491558537e-21
1.162322468679854274e+07 1.004949887547494350e-21
1.289890261253307760e+07 7.329028779563047405e-22
1.431458937523478456e+07 5.311495537353742571e-22
1.588565129428052530e+07 3.826549075625751861e-22
1.762914118095947802e+07 2.746894754820277244e-22
1.956398343517064676e+07 1.956799259253299940e-22
2.171117945694505423e+07 1.390681097128517695e-22
2.409403560239527002e+07 9.842125794845141618e-23
2.673841615839949250e+07 6.938494098170862919e-23
2.967302408188872784e+07 4.861288118320389808e-23
3.292971255097155273e+07 3.397592984107383742e-23
3.654383070957254618e+07 2.374419573846662351e-23
4.055460735840827972e+07 1.672968604051024097e-23
4.500557675700496882e+07 1.190850600633028917e-23
4.994505115855139494e+07 8.521736993040358217e-24
5.542664520663107187e+07 6.129173554772241193e-24
6.150985788580504060e+07 4.421377278955564810e-24
6.826071834272393584e+07 3.186743677258635625e-24
7.575250258771920204e+07 2.287219177665919691e-24
8.406652885618332028e+07 1.629336402246933323e-24
9.329304026284696162e+07 1.147722114460110782e-24
1.035321843295663744e+08 7.975548436087998174e-25
1.148951000187308788e+08 5.451912715181375667e-25
1.275051240713012964e+08 3.654050975556130593e-25
1.414991297434575856e+08 2.391059740905796078e-25
1.570290124729377627e+08 1.521576525228010281e-25
1.742633386009651124e+08 9.384979209486441057e-26
1.933891750455232263e+08 5.607646362477541970e-26
2.146141197858406007e+08 3.212703962051437566e-26
2.381685551976160705e+08 1.778634938839376337e-26
2.643081486974108517e+08 9.455857239172089810e-27
2.933166278390048146e+08 4.759711166083398569e-27
3.255088599835056663e+08 2.184639515883423786e-27
3.612342699709430337e+08 8.510828047621688166e-28
4.008806328898465633e+08 2.488291504722520571e-28
4.448782831127585173e+08 4.459541843266252044e-29
4.937047852839003801e+08 2.724830693619976684e-30
5.478901179593944550e+08 2.172509737988232707e-33
6.080224261649426222e+08 1.809401922699151766e-36
6.747544053110699654e+08 2.338824742071847670e-38
7.488103857590031624e+08 4.612497081058765377e-40
8.309941949353404045e+08 7.187600557196307593e-42
9.221978823334341049e+08 8.941617376217217278e-44
1.023411402105452657e+09 8.021494971438286395e-46
1.135733358343105316e+09 2.304136148095781632e-48
1.260382929679727316e+09 3.434274093784647236e-51
1.398713102647238731e+09 2.533556629926741135e-54
1.552225357427047968e+09 8.482693869564960275e-58
1.722585965398787737e+09 1.168178952788933580e-61
1.911644075385703564e+09 5.890299957780875667e-66
2.121451784910631895e+09 9.430144613917097378e-71
2.354286414322420120e+09 4.017386175686651310e-76
2.612675225563332081e+09 3.645872474037025477e-82
2.899422853882881165e+09 5.004201894904500331e-89
3.217641750250735283e+09 5.813322067099721942e-97
3.570785964900462627e+09 2.530973122742599543e-106
