1.000000000000000000e+02 1.380065962764689119e-11
1.109752496412072134e+02 1.199136787531272033e-11
1.231550603292826196e+02 1.041732392218795278e-11
1.366716356462005990e+02 9.049229409968023842e-12
1.516716888470922413e+02 7.860326044247698812e-12
1.683180353330956791e+02 6.826576499515098665e-12
1.867913599020782840e+02 5.927989093247123614e-12
2.072921779595371845e+02 5.147194951310515040e-12
2.300430119772916839e+02 4.468457979238124661e-12
2.552908068239516410e+02 3.878566221711797873e-12
2.833096101839323637e+02 3.366263996088249275e-12
3.144035471591500368e+02 2.921092543129908255e-12
3.489101213406774491e+02 2.534316699798863605e-12
3.872038781812557318e+02 2.198349293170802737e-12
4.297004704320843871e+02 1.906639105952549942e-12
4.768611697714468960e+02 1.653066618458314841e-12
5.291978735958442712e+02 1.433118213243150527e-12
5.872786613189482523e+02 1.242004849809794636e-12
6.517339604882420190e+02 1.076286542548132899e-12
7.232633896483533817e+02 9.323375797666776130e-13
8.026433522257173081e+02 8.073838176824375128e-13
8.907354638610439679e+02 6.990607289869446835e-13
9.884959046625587007e+02 6.050322189532655661e-13
1.096985797892383971e+03 5.235230909928553990e-13
1.217382727739662187e+03 4.528314698703857361e-13
1.350993521198027793e+03 3.915150571939182996e-13
1.499268432786045423e+03 3.384110952963947623e-13
1.663816886076128640e+03 2.923771359289453902e-13
1.846424942895544291e+03 2.524950755383254156e-13
2.049074689815845886e+03 2.179722257490140654e-13
2.273965752357927613e+03 1.880657981711288579e-13
2.523539170434765765e+03 1.621921039092275436e-13
2.800503894183631019e+03 1.398005471454972820e-13
3.107866187782013640e+03 1.204440062266128920e-13
3.448962260405759935e+03 1.036976439292352489e-13
3.827494478516314757e+03 8.923008724380117880e-14
4.247571552536898707e+03 7.672912228206924396e-14
4.713753134116724141e+03 6.593876822931129003e-14
5.231099308056262998e+03 5.662671444076702433e-14
5.805225516094896193e+03 4.859574223752321565e-14
6.442363508721369726e+03 4.166615070265475310e-14
7.149428986597576113e+03 3.570239975961194249e-14
7.934096665797491369e+03 3.056387232677757239e-14
8.804883581643463913e+03 2.614545882929571412e-14
9.771241535346502133e+03 2.234343024307431739e-14
1.084365968689610963e+04 1.907821501454554307e-14
1.203377840777589154e+04 1.627292496543966616e-14
1.335451562929898682e+04 1.386809941059511349e-14
1.482020705798858762e+04 1.180673529524809744e-14
1.644676177994664249e+04 1.003879909962095304e-14
1.825183494319044257e+04 8.528987004395104140e-15
2.025501939230666540e+04 7.236213780081499792e-15
2.247805833548725059e+04 6.133513649123585672e-15
2.494508135230316839e+04 5.191891175128351444e-15
2.768286630392066581e+04 4.389669928978363012e-15
3.072112998861759115e+04 3.705856573781466732e-15
3.409285069746814406e+04 3.125823352404606764e-15
3.783462617131928710e+04 2.630979805281775241e-15
4.198707084443910571e+04 2.212699180598886626e-15
4.659525668664683326e+04 1.857466203764651395e-15
5.170920242896761192e+04 1.557157421661092097e-15
5.738441648302398244e+04 1.302422027834326943e-15
6.368249944718585903e+04 1.088517186231918223e-15
7.067181273927491566e+04 9.075960632920774018e-16
7.842822061337680498e+04 7.553679393420532853e-16
8.703591361485165544e+04 6.273446562809023477e-16
9.658832241158708348e+04 5.199868135122472594e-16
1.071891319205127511e+05 4.299712609103315152e-16
1.189534067370319535e+05 3.548179034598717973e-16
1.320088400831418112e+05 2.919526248397883275e-16
1.464971398307286145e+05 2.397178030515685665e-16
1.625755666443794908e+05 1.962252290995650307e-16
1.804186409392071655e+05 1.602250638455332188e-16
2.002200371815584658e+05 1.303885548474422127e-16
2.221946860939523904e+05 1.057958500982719737e-16
2.465811075822604180e+05 8.554127847696705343e-17
2.736439997074671555e+05 6.897369490579747479e-17
3.036771118035460822e+05 5.538379880044471491e-17
3.370064329271928291e+05 4.431748341503125849e-17
3.739937302478798083e+05 3.532252549399539310e-17
4.150404757850476308e+05 2.804276384345777849e-17
4.605922041145108524e+05 2.216310610737573020e-17
5.111433483440171112e+05 1.744426015240056209e-17
5.672426068491977639e+05 1.366054735099466261e-17
6.294988990221888525e+05 1.064178124330624268e-17
6.985879746785250027e+05 8.245435894831130450e-18
7.752597488629464060e+05 6.348954972288016177e-18
8.603464416684507160e+05 4.856258663355131051e-18
9.547716114208066138e+05 3.685936865995803803e-18
1.059560179277617019e+06 2.774280529372225682e-18
1.175849554052158026e+06 2.068966833234147757e-18
1.304901978014401859e+06 1.526027369565783868e-18
1.448118227674532915e+06 1.111788022801619839e-18
1.607052818261638284e+06 7.992107659374479666e-19
1.783430876931909472e+06 5.645578402708934384e-19
1.979166867853557458e+06 3.916308362011881734e-19
2.196385372416546568e+06 2.658750099755117274e-19
2.437444150122222025e+06 1.761525081205672653e-19
2.704959730463137385e+06 1.141499644153127734e-19
3.001835813575591892e+06 7.053831434257847197e-20
3.331294787934676744e+06 4.233028358945338080e-20
3.696912707195031922e+06 2.435733430186439738e-20
4.102658105827190448e+06 1.341162786816422747e-20
4.552935074866947718e+06 7.070623238242843049e-21
5.052631065335679799e+06 3.585876659584724960e-21
5.607169938205458224e+06 1.760942547270260993e-21
6.222570836730230600e+06 8.405442758728877479e-22
6.905513520162330940e+06 3.915822137332855319e-22
7.663410868007462472e+06 1.838967339267402426e-22
8.504489341802684590e+06 9.385527127830293351e-23
9.437878277775391936e+06 5.514110382974665389e-23
1.047370897959450819e+07 3.652384983953129046e-23
1.162322468679854274e+07 2.572905721386457793e-23
1.289890261253307760e+07 1.849652242111013787e-23
1.431458937523478456e+07 1.336266447105402257e-23
1.588565129428052530e+07 9.656775730475913926e-24
1.762914118095947802e+07 6.975422374011372475e-24
1.956398343517064676e+07 5.032967947706243266e-24
2.171117945694505423e+07 3.625231029132868161e-24
2.409403560239527002e+07 2.605817273595325739e-24
2.673841615839949250e+07 1.868909053461785963e-24
2.967302408188872784e+07 1.336918908039792327e-24
3.292971255097155273e+07 9.535868205170183392e-25
3.654383070957254618e+07 6.778646435047244206e-25
4.055460735840827972e+07 4.800313991049587687e-25
4.500557675700496882e+07 3.385057667615809099e-25
4.994505115855139494e+07 2.375672123262268651e-25
5.542664520663107187e+07 1.658036620826619910e-25
6.150985788580504060e+07 1.150075577433392045e-25
6.826071834272393584e+07 7.919140356300200694e-26
7.575250258771920204e+07 5.407526442524191946e-26
8.406652885618332028e+07 3.656158720384348762e-26
9.329304026284696162e+07 2.442775027085063987e-26
1.035321843295663744e+08 1.609137575863643979e-26
1.148951000187308788e+08 1.041656225991656492e-26
1.275051240713012964e+08 6.598028426412919613e-27
1.414991297434575856e+08 4.065384331830889923e-27
1.570290124729377627e+08 2.416856545110768096e-27
1.742633386009651124e+08 1.369389164221107048e-27
1.933891750455232263e+08 7.259001674191839521e-28
2.146141197858406007e+08 3.499510178805618535e-28
2.381685551976160705e+08 1.459123331862040963e-28
2.643081486974108517e+08 4.680613509715185893e-29
2.933166278390048146e+08 4.938958888606057154e-30
