1.000000000000000000e+02 1.414909528336423716e-12
1.109752496412072134e+02 1.143245504750455473e-12
1.231550603292826196e+02 9.242924742785241310e-13
1.366716356462005990e+02 7.432550442205010514e-13
1.516716888470922413e+02 5.976090185452045945e-13
1.683180353330956791e+02 4.784339608430844078e-13
1.867913599020782840e+02 3.826363376766844252e-13
2.072921779595371845e+02 3.048619160455789027e-13
2.300430119772916839e+02 2.422395500674544267e-13
2.552908068239516410e+02 1.920321516594399695e-13
2.833096101839323637e+02 1.517215593850354722e-13
3.144035471591500368e+02 1.198310660620102002e-13
3.489101213406774491e+02 9.404611363181048766e-14
3.872038781812557318e+02 7.381713123469967538e-14
4.297004704320843871e+02 5.771287243607805626e-14
4.768611697714468960e+02 4.497266157840116225e-14
5.291978735958442712e+02 3.497358355918949272e-14
5.872786613189482523e+02 2.708306123800019433e-14
6.517339604882420190e+02 2.095239062851098278e-14
7.232633896483533817e+02 1.614344010435152109e-14
8.026433522257173081e+02 1.241531595073722197e-14
8.907354638610439679e+02 9.506220290877195209e-15
9.884959046625587007e+02 7.274102950464784095e-15
1.096985797892383971e+03 5.544116460529706386e-15
1.217382727739662187e+03 4.216234440708313740e-15
1.350993521198027793e+03 3.197507679254422895e-15
1.499268432786045423e+03 2.419638031172397946e-15
1.663816886076128640e+03 1.824047048078049925e-15
1.846424942895544291e+03 1.375871682684983646e-15
2.049074689815845886e+03 1.033560497226872378e-15
2.273965752357927613e+03 7.763259062459063862e-16
2.523539170434765765e+03 5.808322681769130619e-16
2.800503894183631019e+03 4.340888174681598829e-16
3.107866187782013640e+03 3.242474357142902404e-16
3.448962260405759935e+03 2.415808821486321940e-16
3.827494478516314757e+03 1.798936248991715595e-16
4.247571552536898707e+03 1.340231219770054949e-16
4.713753134116724141e+03 9.924221454460439899e-17
5.231099308056262998e+03 7.368107720930347396e-17
5.805225516094896193e+03 5.445237403053226236e-17
6.442363508721369726e+03 4.035064918086378912e-17
7.149428986597576113e+03 2.984987243379920469e-17
7.934096665797491369e+03 2.198418028988290580e-17
8.804883581643463913e+03 1.627023927210773558e-17
9.771241535346502133e+03 1.191766346064361952e-17
1.084365968689610963e+04 8.754016407296667352e-18
1.203377840777589154e+04 6.427100524906134531e-18
1.335451562929898682e+04 4.673648836752109191e-18
1.482020705798858762e+04 3.404671569363577320e-18
1.644676177994664249e+04 2.467001892510319414e-18
1.825183494319044257e+04 1.779578545065709382e-18
2.025501939230666540e+04 1.277396508917494766e-18
2.247805833548725059e+04 9.120876140439973943e-19
2.494508135230316839e+04 6.475987064841428833e-19
2.768286630392066581e+04 4.573961653855248223e-19
3.072112998861759115e+04 3.212834361643803171e-19
3.409285069746814406e+04 2.243129082364817496e-19
3.783462617131928710e+04 1.556550065210074805e-19
4.198707084443910571e+04 1.072388941601582758e-19
4.659525668664683326e+04 7.343475851725337489e-20
5.170920242896761192e+04 4.991906090694196125e-20
5.738441648302398244e+04 3.358663263322340042e-20
6.368249944718585903e+04 2.241122984801548809e-20
7.067181273927491566e+04 1.476167322075305251e-20
7.842822061337680498e+04 9.634554057401962552e-21
8.703591361485165544e+04 6.203999043945032677e-21
9.658832241158708348e+04 3.930808343972300356e-21
1.071891319205127511e+05 2.457498910226550410e-21
1.189534067370319535e+05 1.512989218407000032e-21
1.320088400831418112e+05 9.086036543315440174e-22
1.464971398307286145e+05 5.483329164909439898e-22
1.625755666443794908e+05 3.240027090981325636e-22
1.804186409392071655e+05 1.921668779875082527e-22
2.002200371815584658e+05 1.167460638214057891e-22
2.221946860939523904e+05 7.541117091187706192e-23
2.465811075822604180e+05 5.257866436333012810e-23
2.736439997074671555e+05 3.898876081718634965e-23
3.036771118035460822e+05 2.984785146624575172e-23
3.370064329271928291e+05 2.309118800151174393e-23
3.739937302478798083e+05 1.789855813315696287e-23
4.150404757850476308e+05 1.387072596551649974e-23
4.605922041145108524e+05 1.074086005186930359e-23
5.111433483440171112e+05 8.308696319356893969e-24
5.672426068491977639e+05 6.420148350489720037e-24
6.294988990221888525e+05 4.954433419442374805e-24
6.985879746785250027e+05 3.817672058174131805e-24
7.752597488629464060e+05 2.937130553773480363e-24
8.603464416684507160e+05 2.255709964353456774e-24
9.547716114208066138e+05 1.729302559679152997e-24
1.059560179277617019e+06 1.323218734731871278e-24
1.175849554052158026e+06 1.010241229575966315e-24
1.304901978014401859e+06 7.693063487295218437e-25
1.448118227674532915e+06 5.843238472961032755e-25
1.607052818261638284e+06 4.425672720778393244e-25
1.783430876931909472e+06 3.341880516369750900e-25
1.979166867853557458e+06 2.515331668376098093e-25
2.196385372416546568e+06 1.886675162446371431e-25
2.437444150122222025e+06 1.409127492379155938e-25
2.704959730463137385e+06 1.047819424197723144e-25
3.001835813575591892e+06 7.758685212608867425e-26
3.331294787934676744e+06 5.713744698440676083e-26
3.696912707195031922e+06 4.183460105642877811e-26
4.102658105827190448e+06 3.043975208477159782e-26
4.552935074866947718e+06 2.199141232778112439e-26
5.052631065335679799e+06 1.576408535580272278e-26
5.607169938205458224e+06 1.120154958965964177e-26
6.222570836730230600e+06 7.879051902107313640e-27
6.905513520162330940e+06 5.478853646709996613e-27
7.663410868007462472e+06 3.759989503345410070e-27
8.504489341802684590e+06 2.540587072814665218e-27
9.437878277775391936e+06 1.685432799426313698e-27
1.047370897959450819e+07 1.093635456195197756e-27
1.162322468679854274e+07 6.904839542699231927e-28
1.289890261253307760e+07 4.213472318021725961e-28
1.431458937523478456e+07 2.459016700320479974e-28
1.588565129428052530e+07 1.351889383059109611e-28
1.762914118095947802e+07 6.830378713966217614e-29
1.956398343517064676e+07 3.036625877633814914e-29
2.171117945694505423e+07 1.085733473558750814e-29
2.409403560239527002e+07 2.476169876132821877e-30
2.673841615839949250e+07 1.161042719386474349e-31
