1.000000000000000000e+02 2.488879975201130669e-15
1.109752496412072134e+02 2.131120507935825252e-15
1.231550603292826196e+02 1.826033866060822583e-15
1.366716356462005990e+02 1.567274529486029606e-15
1.516716888470922413e+02 1.349131306531187750e-15
1.683180353330956791e+02 1.161828305491814244e-15
1.867913599020782840e+02 1.001473429758371367e-15
2.072921779595371845e+02 8.640460683653736353e-16
2.300430119772916839e+02 7.465740854529592723e-16
2.552908068239516410e+02 6.446683254844714182e-16
2.833096101839323637e+02 5.563469519873676296e-16
3.144035471591500368e+02 4.795223163960353379e-16
3.489101213406774491e+02 4.128058287794383249e-16
3.872038781812557318e+02 3.544538582102919531e-16
4.297004704320843871e+02 3.034720050206807901e-16
4.768611697714468960e+02 2.589458144565266657e-16
5.291978735958442712e+02 2.199953310590725895e-16
5.872786613189482523e+02 1.860355879027625665e-16
6.517339604882420190e+02 1.563377177845467473e-16
7.232633896483533817e+02 1.305620448798043178e-16
8.026433522257173081e+02 1.082173891946300976e-16
8.907354638610439679e+02 8.887579822816840639e-17
9.884959046625587007e+02 7.222151428658806064e-17
1.096985797892383971e+03 5.798392418364114484e-17
1.217382727739662187e+03 4.596751088780578985e-17
1.350993521198027793e+03 3.582372008285792906e-17
1.499268432786045423e+03 2.740006431813264722e-17
1.663816886076128640e+03 2.049596586611309487e-17
1.846424942895544291e+03 1.493628746757242299e-17
2.049074689815845886e+03 1.054832085712061007e-17
2.273965752357927613e+03 7.188957297497286319e-18
2.523539170434765765e+03 4.708844555394092191e-18
2.800503894183631019e+03 2.965209838505108803e-18
3.107866187782013640e+03 1.810466826827248466e-18
3.448962260405759935e+03 1.093744692840963355e-18
3.827494478516314757e+03 6.777584419584147089e-19
4.247571552536898707e+03 4.464308592775393934e-19
4.713753134116724141e+03 3.165311340338323650e-19
5.231099308056262998e+03 2.394145840259023891e-19
5.805225516094896193e+03 1.893755511771313814e-19
6.442363508721369726e+03 1.537764738137683331e-19
7.149428986597576113e+03 1.266426549669151513e-19
7.934096665797491369e+03 1.048933312080010889e-19
8.804883581643463913e+03 8.711850252057297104e-20
9.771241535346502133e+03 7.239393482343236644e-20
1.084365968689610963e+04 6.014418895838797273e-20
1.203377840777589154e+04 4.995665331441044608e-20
1.335451562929898682e+04 4.146193549237576260e-20
1.482020705798858762e+04 3.439721150045923514e-20
1.644676177994664249e+04 2.851546823250978878e-20
1.825183494319044257e+04 2.362474942109380053e-20
2.025501939230666540e+04 1.956305852456159023e-20
2.247805833548725059e+04 1.618472743868099658e-20
2.494508135230316839e+04 1.338275585028098999e-20
2.768286630392066581e+04 1.105500083805290180e-20
3.072112998861759115e+04 9.126246838322992134e-21
3.409285069746814406e+04 7.526234829042387735e-21
3.783462617131928710e+04 6.201484285040736408e-21
4.198707084443910571e+04 5.104348712079639637e-21
4.659525668664683326e+04 4.197255666329047941e-21
5.170920242896761192e+04 3.447471717987547898e-21
5.738441648302398244e+04 2.827801958637240677e-21
6.368249944718585903e+04 2.317020100780821010e-21
7.067181273927491566e+04 1.895630226964756521e-21
7.842822061337680498e+04 1.548662887098350399e-21
8.703591361485165544e+04 1.263569977200838949e-21
9.658832241158708348e+04 1.029005322665779499e-21
1.071891319205127511e+05 8.367431578307510472e-22
1.189534067370319535e+05 6.789875992915959318e-22
1.320088400831418112e+05 5.501400247290450629e-22
1.464971398307286145e+05 4.447662010628081333e-22
1.625755666443794908e+05 3.588874432388688324e-22
1.804186409392071655e+05 2.889990527892985685e-22
2.002200371815584658e+05 2.323064157053328778e-22
2.221946860939523904e+05 1.863885570628597094e-22
2.465811075822604180e+05 1.493143409018478504e-22
2.736439997074671555e+05 1.193933755619023060e-22
3.036771118035460822e+05 9.534862402028909339e-23
3.370064329271928291e+05 7.601242444288144696e-23
3.739937302478798083e+05 6.050577807250480241e-23
4.150404757850476308e+05 4.808094233093447707e-23
4.605922041145108524e+05 3.813963833271199859e-23
5.111433483440171112e+05 3.020313610261389873e-23
5.672426068491977639e+05 2.387454295419003022e-23
6.294988990221888525e+05 1.883757402535768933e-23
6.985879746785250027e+05 1.483318915162810574e-23
7.752597488629464060e+05 1.165936785053516463e-23
8.603464416684507160e+05 9.144370464566412516e-24
9.547716114208066138e+05 7.158902571140315176e-24
1.059560179277617019e+06 5.592128158870090658e-24
1.175849554052158026e+06 4.359703481850660678e-24
1.304901978014401859e+06 3.391497315967657057e-24
1.448118227674532915e+06 2.631709154341935736e-24
1.607052818261638284e+06 2.038100572917053657e-24
1.783430876931909472e+06 1.574813711428927066e-24
1.979166867853557458e+06 1.213654641628763564e-24
2.196385372416546568e+06 9.333638774187283845e-25
2.437444150122222025e+06 7.162089264220268595e-25
2.704959730463137385e+06 5.481295649080717078e-25
3.001835813575591892e+06 4.186159126250779210e-25
3.331294787934676744e+06 3.189851965519275563e-25
3.696912707195031922e+06 2.425122907084372795e-25
4.102658105827190448e+06 1.839555635682142504e-25
4.552935074866947718e+06 1.392388747572320679e-25
5.052631065335679799e+06 1.051584059562474309e-25
5.607169938205458224e+06 7.926160722576275323e-26
6.222570836730230600e+06 5.960820599170305638e-26
6.905513520162330940e+06 4.472628681219202858e-26
7.663410868007462472e+06 3.348811877719889552e-26
8.504489341802684590e+06 2.501444715358390381e-26
9.437878277775391936e+06 1.864015216626269728e-26
1.047370897959450819e+07 1.385198732163299788e-26
1.162322468679854274e+07 1.026441474854507470e-26
1.289890261253307760e+07 7.582041876904634239e-27
1.431458937523478456e+07 5.580458554944248081e-27
1.588565129428052530e+07 4.091024168159949392e-27
1.762914118095947802e+07 2.987781465060808862e-27
1.956398343517064676e+07 2.169423913133930847e-27
2.171117945694505423e+07 1.567211472849922175e-27
2.409403560239527002e+07 1.124711483124278601e-27
2.673841615839949250e+07 8.013121765089600489e-28
2.967302408188872784e+07 5.661788359711144576e-28
3.292971255097155273e+07 3.960591268798735531e-28
3.654383070957254618e+07 2.739639405298428895e-28
4.055460735840827972e+07 1.868761634057087254e-28
4.500557675700496882e+07 1.254970005031301550e-28
4.994505115855139494e+07 8.258663494576983419e-29
5.542664520663107187e+07 5.312350128341812961e-29
6.150985788580504060e+07 3.316500528877285080e-29
6.826071834272393584e+07 1.997261314354435152e-29
7.575250258771920204e+07 1.147508919539586644e-29
8.406652885618332028e+07 6.215510328385200197e-30
9.329304026284696162e+07 3.124120960386433358e-30
1.035321843295663744e+08 1.433941005346772127e-30
1.148951000187308788e+08 5.948521971137363126e-31
1.275051240713012964e+08 2.193184762247094631e-31
1.414991297434575856e+08 5.779524523441838656e-32
1.570290124729377627e+08 1.147162005683574369e-33
