1.000000000000000000e+02 1.079824264709776428e-12
1.109752496412072134e+02 8.738704835376090467e-13
1.231550603292826196e+02 7.075258408206512747e-13
1.366716356462005990e+02 5.732350728201679220e-13
1.516716888470922413e+02 4.653399520057777666e-13
1.683180353330956791e+02 3.789292887512285382e-13
1.867913599020782840e+02 3.096076582055088788e-13
2.072921779595371845e+02 2.539835089321171305e-13
2.300430119772916839e+02 2.093205855607312678e-13
2.552908068239516410e+02 1.734143111403270488e-13
2.833096101839323637e+02 1.443713967700376953e-13
3.144035471591500368e+02 1.208190541262677930e-13
3.489101213406774491e+02 1.015251560621740016e-13
3.872038781812557318e+02 8.562856291314194332e-14
4.297004704320843871e+02 7.248098329331176632e-14
4.768611697714468960e+02 6.148827849922203405e-14
5.291978735958442712e+02 5.226388350762803974e-14
5.872786613189482523e+02 4.446098545285130769e-14
6.517339604882420190e+02 3.785550312334589135e-14
7.232633896483533817e+02 3.221600648880850932e-14
8.026433522257173081e+02 2.740808930195121288e-14
8.907354638610439679e+02 2.329541425473540228e-14
9.884959046625587007e+02 1.977248897943930975e-14
1.096985797892383971e+03 1.676115847555664221e-14
1.217382727739662187e+03 1.418215930578506906e-14
1.350993521198027793e+03 1.197430844184438894e-14
1.499268432786045423e+03 1.008968677764755748e-14
1.663816886076128640e+03 8.486189216152454086e-15
1.846424942895544291e+03 7.117412457441231215e-15
2.049074689815845886e+03 5.956059029400135347e-15
2.273965752357927613e+03 4.971520945407536391e-15
2.523539170434765765e+03 4.141202869482275911e-15
2.800503894183631019e+03 3.438650357001066293e-15
3.107866187782013640e+03 2.847481364996187855e-15
3.448962260405759935e+03 2.351278364901021737e-15
3.827494478516314757e+03 1.937352092743587067e-15
4.247571552536898707e+03 1.591728971616003573e-15
4.713753134116724141e+03 1.302513227188506585e-15
5.231099308056262998e+03 1.062795523121688314e-15
5.805225516094896193e+03 8.654678700612826878e-16
6.442363508721369726e+03 7.029607213433374861e-16
7.149428986597576113e+03 5.691699338290640273e-16
7.934096665797491369e+03 4.589545191722344152e-16
8.804883581643463913e+03 3.694982623020462087e-16
9.771241535346502133e+03 2.968583339049134084e-16
1.084365968689610963e+04 2.378560661784577133e-16
1.203377840777589154e+04 1.900654326746755563e-16
1.335451562929898682e+04 1.514174068616687701e-16
1.482020705798858762e+04 1.202705312577445265e-16
1.644676177994664249e+04 9.529058745300871106e-17
1.825183494319044257e+04 7.527174419938920364e-17
2.025501939230666540e+04 5.933008737840315949e-17
2.247805833548725059e+04 4.665423244287093947e-17
2.494508135230316839e+04 3.666658417963187761e-17
2.768286630392066581e+04 2.885037872957965385e-17
3.072112998861759115e+04 2.277649109725457367e-17
3.409285069746814406e+04 1.808391469795138412e-17
3.783462617131928710e+04 1.446169520976835602e-17
4.198707084443910571e+04 1.165324622837326570e-17
4.659525668664683326e+04 9.454103102442237993e-18
5.170920242896761192e+04 7.705625756938135845e-18
5.738441648302398244e+04 6.296483051680380425e-18
6.368249944718585903e+04 5.148911207874981641e-18
7.067181273927491566e+04 4.210578439129002188e-18
7.842822061337680498e+04 3.440512799664701817e-18
8.703591361485165544e+04 2.807806265005477781e-18
9.658832241158708348e+04 2.288566237439117073e-18
1.071891319205127511e+05 1.862055924154404934e-18
1.189534067370319535e+05 1.512989320069913751e-18
1.320088400831418112e+05 1.227149083243849223e-18
1.464971398307286145e+05 9.936293565564375841e-19
1.625755666443794908e+05 8.032216528795612187e-19
1.804186409392071655e+05 6.483240230653745684e-19
2.002200371815584658e+05 5.224709213270141220e-19
2.221946860939523904e+05 4.205303389403404959e-19
2.465811075822604180e+05 3.380631010180906173e-19
2.736439997074671555e+05 2.715144594018051261e-19
3.036771118035460822e+05 2.178617962605014334e-19
3.370064329271928291e+05 1.746532990193552923e-19
3.739937302478798083e+05 1.398716329588515288e-19
4.150404757850476308e+05 1.119061961650639312e-19
4.605922041145108524e+05 8.942179840446895421e-20
5.111433483440171112e+05 7.138343134455094867e-20
5.672426068491977639e+05 5.690835431335598480e-20
6.294988990221888525e+05 4.530165084185519218e-20
6.985879746785250027e+05 3.601332759809905714e-20
7.752597488629464060e+05 2.858555431196604664e-20
8.603464416684507160e+05 2.264775627118741854e-20
9.547716114208066138e+05 1.791478936442650944e-20
1.059560179277617019e+06 1.414288238780637111e-20
1.175849554052158026e+06 1.114554820908637295e-20
1.304901978014401859e+06 8.759393484095147287e-21
1.448118227674532915e+06 6.870437602845971110e-21
1.607052818261638284e+06 5.374870892031704104e-21
1.783430876931909472e+06 4.193503038247205967e-21
1.979166867853557458e+06 3.261152550018336470e-21
2.196385372416546568e+06 2.527337949592686939e-21
2.437444150122222025e+06 1.952456461499328362e-21
2.704959730463137385e+06 1.501387214221673156e-21
3.001835813575591892e+06 1.150861779758583531e-21
3.331294787934676744e+06 8.784842467984380818e-22
3.696912707195031922e+06 6.661696885792291881e-22
4.102658105827190448e+06 5.030151896623047112e-22
4.552935074866947718e+06 3.774784854700724386e-22
5.052631065335679799e+06 2.816036095249838381e-22
5.607169938205458224e+06 2.086320145051079171e-22
6.222570836730230600e+06 1.534217082294493267e-22
6.905513520162330940e+06 1.119061910176630792e-22
7.663410868007462472e+06 8.087853340609539466e-23
8.504489341802684590e+06 5.785286885845850692e-23
9.437878277775391936e+06 4.089236069733641200e-23
1.047370897959450819e+07 2.848361683389621100e-23
1.162322468679854274e+07 1.949954476846770015e-23
1.289890261253307760e+07 1.302752394937995586e-23
1.431458937523478456e+07 8.472680822179417144e-24
1.588565129428052530e+07 5.284746043755320835e-24
1.762914118095947802e+07 3.118331500974245912e-24
1.956398343517064676e+07 1.697481740303348247e-24
2.171117945694505423e+07 8.198316422589383667e-25
2.409403560239527002e+07 3.282209982963792727e-25
2.673841615839949250e+07 9.565462793510143009e-26
2.967302408188872784e+07 1.618590673114759648e-26
3.292971255097155273e+07 1.597802385606366636e-27
3.654383070957254618e+07 5.906755205339255856e-29
4.055460735840827972e+07 7.781363859907059352e-31
4.500557675700496882e+07 5.588205163452355821e-33
4.994505115855139494e+07 1.918963823001996131e-35
5.542664520663107187e+07 2.098622767740881208e-38
6.150985788580504060e+07 3.062758626500867785e-42
6.826071834272393584e+07 7.662371845984710856e-48
7.575250258771920204e+07 1.729142056952196639e-57
8.406652885618332028e+07 5.171885151172813138e-78
