1.000000000000000000e+02 3.511536807020348774e-13
1.109752496412072134e+02 3.078546668071603087e-13
1.231550603292826196e+02 2.697928795825577715e-13
1.366716356462005990e+02 2.363286520823300468e-13
1.516716888470922413e+02 2.069207592524579430e-13
1.683180353330956791e+02 1.810802676817842889e-13
1.867913599020782840e+02 1.584145418424603688e-13
2.072921779595371845e+02 1.385220126394532910e-13
2.300430119772916839e+02 1.210641286062009377e-13
2.552908068239516410e+02 1.057555499425393355e-13
2.833096101839323637e+02 9.233748846219653134e-14
3.144035471591500368e+02 8.058405275205981038e-14
3.489101213406774491e+02 7.029243540506980673e-14
3.872038781812557318e+02 6.127648407480286501e-14
4.297004704320843871e+02 5.339374897766454623e-14
4.768611697714468960e+02 4.650096607811513389e-14
5.291978735958442712e+02 4.047176218128731840e-14
5.872786613189482523e+02 3.520593866552597513e-14
6.517339604882420190e+02 3.060960128708306612e-14
7.232633896483533817e+02 2.659612778348688643e-14
8.026433522257173081e+02 2.309679725900165218e-14
8.907354638610439679e+02 2.004445091835686187e-14
9.884959046625587007e+02 1.738661857730332826e-14
1.096985797892383971e+03 1.507143356713879024e-14
1.217382727739662187e+03 1.305590495213119658e-14
1.350993521198027793e+03 1.130312276599072099e-14
1.499268432786045423e+03 9.779381853106172578e-15
1.663816886076128640e+03 8.455611392115697238e-15
1.846424942895544291e+03 7.306520876277880603e-15
2.049074689815845886e+03 6.309845590033056204e-15
2.273965752357927613e+03 5.445615473432888715e-15
2.523539170434765765e+03 4.696602256669662980e-15
2.800503894183631019e+03 4.047998259183033385e-15
3.107866187782013640e+03 3.487189419752778759e-15
3.448962260405759935e+03 3.001829705260598782e-15
3.827494478516314757e+03 2.582495887341828268e-15
4.247571552536898707e+03 2.220438540418184349e-15
4.713753134116724141e+03 1.908141723075574576e-15
5.231099308056262998e+03 1.638620887116802363e-15
5.805225516094896193e+03 1.406503683237672121e-15
6.442363508721369726e+03 1.206571927769497810e-15
7.149428986597576113e+03 1.034435995300266132e-15
7.934096665797491369e+03 8.863195488041355361e-16
8.804883581643463913e+03 7.590794427126893271e-16
9.771241535346502133e+03 6.497073021339322060e-16
1.084365968689610963e+04 5.558033851924191106e-16
1.203377840777589154e+04 4.752287500059213492e-16
1.335451562929898682e+04 4.060821178614184451e-16
1.482020705798858762e+04 3.468054902271891131e-16
1.644676177994664249e+04 2.960471027750431364e-16
1.825183494319044257e+04 2.525564396270118773e-16
2.025501939230666540e+04 2.153387520470214667e-16
2.247805833548725059e+04 1.835118557289374623e-16
2.494508135230316839e+04 1.562704481868201117e-16
2.768286630392066581e+04 1.330140428486754628e-16
3.072112998861759115e+04 1.131427794259371854e-16
3.409285069746814406e+04 9.618451505789909208e-17
3.783462617131928710e+04 8.171228458448583038e-17
4.198707084443910571e+04 6.937876828020258273e-17
4.659525668664683326e+04 5.887167648740605210e-17
5.170920242896761192e+04 4.991773643347256695e-17
5.738441648302398244e+04 4.230272988309756216e-17
6.368249944718585903e+04 3.582465722763940157e-17
7.067181273927491566e+04 3.031806809443243038e-17
7.842822061337680498e+04 2.564191701812613009e-17
8.703591361485165544e+04 2.167426137559606962e-17
9.658832241158708348e+04 1.830635576593179896e-17
1.071891319205127511e+05 1.545186630435600471e-17
1.189534067370319535e+05 1.303339506670556320e-17
1.320088400831418112e+05 1.098691436102049130e-17
1.464971398307286145e+05 9.254342142888554031e-18
1.625755666443794908e+05 7.789947438331619537e-18
1.804186409392071655e+05 6.553377280599446183e-18
2.002200371815584658e+05 5.508236748289626163e-18
2.221946860939523904e+05 4.626556903186788005e-18
2.465811075822604180e+05 3.883192763752541443e-18
2.736439997074671555e+05 3.256681240264185006e-18
3.036771118035460822e+05 2.729029094441269683e-18
3.370064329271928291e+05 2.285213575329519544e-18
3.739937302478798083e+05 1.911822157851132380e-18
4.150404757850476308e+05 1.598090229579227805e-18
4.605922041145108524e+05 1.334666496030713751e-18
5.111433483440171112e+05 1.113546775381205760e-18
5.672426068491977639e+05 9.282089691217743926e-19
6.294988990221888525e+05 7.729692087399071841e-19
6.985879746785250027e+05 6.430907048052914550e-19
7.752597488629464060e+05 5.344682178924628293e-19
8.603464416684507160e+05 4.436948774241588675e-19
9.547716114208066138e+05 3.679267745996234593e-19
1.059560179277617019e+06 3.047512617161081635e-19
1.175849554052158026e+06 2.521266191688950266e-19
1.304901978014401859e+06 2.083340383783873062e-19
1.448118227674532915e+06 1.719138398339055162e-19
1.607052818261638284e+06 1.416711434036562665e-19
1.783430876931909472e+06 1.165679964075669121e-19
1.979166867853557458e+06 9.577356986035241367e-20
2.196385372416546568e+06 7.856262214135213340e-20
2.437444150122222025e+06 6.433871548335157128e-20
2.704959730463137385e+06 5.259142456292907379e-20
3.001835813575591892e+06 4.291206771432131695e-20
3.331294787934676744e+06 3.494464095271047059e-20
3.696912707195031922e+06 2.839257076714115740e-20
4.102658105827190448e+06 2.302146601109976014e-20
4.552935074866947718e+06 1.861419869192976483e-20
5.052631065335679799e+06 1.501829823775630254e-20
5.607169938205458224e+06 1.207906911566233370e-20
6.222570836730230600e+06 9.688061512216202414e-21
6.905513520162330940e+06 7.746656857447326085e-21
7.663410868007462472e+06 6.169714804873135341e-21
8.504489341802684590e+06 4.897169304785608341e-21
9.437878277775391936e+06 3.870645444726178786e-21
1.047370897959450819e+07 3.045566054004650919e-21
1.162322468679854274e+07 2.383359251744547024e-21
1.289890261253307760e+07 1.856939636578437850e-21
1.431458937523478456e+07 1.436967741022180105e-21
1.588565129428052530e+07 1.105102624167314998e-21
1.762914118095947802e+07 8.430287446018925685e-22
1.956398343517064676e+07 6.380081021485276223e-22
2.171117945694505423e+07 4.785273667756781441e-22
2.409403560239527002e+07 3.550600941300879002e-22
2.673841615839949250e+07 2.603232448490191786e-22
2.967302408188872784e+07 1.885407486114064596e-22
3.292971255097155273e+07 1.345284465755827827e-22
3.654383070957254618e+07 9.440476484762656469e-23
4.055460735840827972e+07 6.501172560084386306e-23
4.500557675700496882e+07 4.380353976287714949e-23
4.994505115855139494e+07 2.879649037267688565e-23
5.542664520663107187e+07 1.839797620336819059e-23
6.150985788580504060e+07 1.138407083083748983e-23
6.826071834272393584e+07 6.717653679973374941e-24
7.575250258771920204e+07 3.752116520218409811e-24
8.406652885618332028e+07 1.955290061070201917e-24
9.329304026284696162e+07 9.343299385690843718e-25
1.035321843295663744e+08 4.021046755619232387e-25
1.148951000187308788e+08 1.557077220445370306e-25
1.275051240713012964e+08 5.494889186692390127e-26
1.414991297434575856e+08 1.705169442858362909e-26
1.570290124729377627e+08 4.182271759079746149e-27
1.742633386009651124e+08 8.035168153970158367e-28
1.933891750455232263e+08 1.195755370290233183e-28
2.146141197858406007e+08 1.346911808959897831e-29
2.381685551976160705e+08 1.125242910525660460e-30
2.643081486974108517e+08 6.830094912749034206e-32
2.933166278390048146e+08 2.950084147212154335e-33
3.255088599835056663e+08 8.859121906188560958e-35
3.612342699709430337e+08 1.801732301478478593e-36
4.008806328898465633e+08 2.404606364321876030e-38
4.448782831127585173e+08 2.033842972624249794e-40
4.937047852839003801e+08 1.044827804938643740e-42
5.478901179593944550e+08 3.115070472391256697e-45
6.080224261649426222e+08 5.117708185425954557e-48
6.747544053110699654e+08 4.422794287497345930e-51
7.488103857590031624e+08 2.004989243183267824e-54
8.309941949353404045e+08 4.917962224742533812e-58
9.221978823334341049e+08 5.320575018332881784e-62
