1.000000000000000000e+02 3.617001541747435692e-14
1.109752496412072134e+02 3.038390606956770841e-14
1.231550603292826196e+02 2.548101983989227796e-14
1.366716356462005990e+02 2.130793387519620864e-14
1.516716888470922413e+02 1.773367628901333985e-14
1.683180353330956791e+02 1.471762715721899454e-14
1.867913599020782840e+02 1.217861027427401609e-14
2.072921779595371845e+02 1.005453130927690196e-14
2.300430119772916839e+02 8.277604231525872619e-15
2.552908068239516410e+02 6.805222867575220694e-15
2.833096101839323637e+02 5.580740477325475128e-15
3.144035471591500368e+02 4.578841477178398172e-15
3.489101213406774491e+02 3.753788174865892204e-15
3.872038781812557318e+02 3.081702039981845540e-15
4.297004704320843871e+02 2.526608638211246161e-15
4.768611697714468960e+02 2.077333561621851009e-15
5.291978735958442712e+02 1.712540355100398477e-15
5.872786613189482523e+02 1.413967964965566567e-15
6.517339604882420190e+02 1.169049451502522496e-15
7.232633896483533817e+02 9.691905739780468414e-16
8.026433522257173081e+02 8.047529011269909287e-16
8.907354638610439679e+02 6.684768392053811445e-16
9.884959046625587007e+02 5.555701439552697396e-16
1.096985797892383971e+03 4.613608516726007852e-16
1.217382727739662187e+03 3.823531801690087750e-16
1.350993521198027793e+03 3.163654611819413016e-16
1.499268432786045423e+03 2.604156871638447602e-16
1.663816886076128640e+03 2.134691973283459055e-16
1.846424942895544291e+03 1.739288317763220169e-16
2.049074689815845886e+03 1.407527582880690525e-16
2.273965752357927613e+03 1.129130750808956478e-16
2.523539170434765765e+03 8.979180937356816349e-17
2.800503894183631019e+03 7.066770467451366493e-17
3.107866187782013640e+03 5.497819866019395388e-17
3.448962260405759935e+03 4.229828778910672889e-17
3.827494478516314757e+03 3.218562636089325650e-17
4.247571552536898707e+03 2.429167435283251854e-17
4.713753134116724141e+03 1.826475045402031958e-17
5.231099308056262998e+03 1.377893631771299702e-17
5.805225516094896193e+03 1.052439681583251221e-17
6.442363508721369726e+03 8.191242294301388210e-18
7.149428986597576113e+03 6.509143900515033689e-18
7.934096665797491369e+03 5.259892096942513525e-18
8.804883581643463913e+03 4.303674819329155506e-18
9.771241535346502133e+03 3.524948943959227671e-18
1.084365968689610963e+04 2.902704647504159971e-18
1.203377840777589154e+04 2.392944980524704990e-18
1.335451562929898682e+04 1.973625371666626813e-18
1.482020705798858762e+04 1.627793487116402479e-18
1.644676177994664249e+04 1.342097027974395032e-18
1.825183494319044257e+04 1.106144986193692337e-18
2.025501939230666540e+04 9.115474779289031598e-19
2.247805833548725059e+04 7.506833735068395220e-19
2.494508135230316839e+04 6.179301762193999866e-19
2.768286630392066581e+04 5.083833090571607222e-19
3.072112998861759115e+04 4.180705657989258230e-19
3.409285069746814406e+04 3.435677801113117152e-19
3.783462617131928710e+04 2.821747921542827502e-19
4.198707084443910571e+04 2.315651732310170039e-19
4.659525668664683326e+04 1.898890914448041595e-19
5.170920242896761192e+04 1.555836779436456434e-19
5.738441648302398244e+04 1.273538694510176747e-19
6.368249944718585903e+04 1.041390844140737042e-19
7.067181273927491566e+04 8.504696280384717067e-20
7.842822061337680498e+04 6.938271078921070798e-20
8.703591361485165544e+04 5.653028730904274416e-20
9.658832241158708348e+04 4.599611300615561351e-20
1.071891319205127511e+05 3.736789063012077586e-20
1.189534067370319535e+05 3.031211253939341063e-20
1.320088400831418112e+05 2.455410876172616443e-20
1.464971398307286145e+05 1.986114189211906455e-20
1.625755666443794908e+05 1.604010157627974550e-20
1.804186409392071655e+05 1.293905424497727114e-20
2.002200371815584658e+05 1.042478437838766499e-20
2.221946860939523904e+05 8.391205529690191025e-21
2.465811075822604180e+05 6.747259244638040534e-21
2.736439997074671555e+05 5.420598419981545197e-21
3.036771118035460822e+05 4.350591690728683100e-21
3.370064329271928291e+05 3.487877126970521622e-21
3.739937302478798083e+05 2.793692889339008849e-21
4.150404757850476308e+05 2.234760291793735261e-21
4.605922041145108524e+05 1.785820269068993183e-21
5.111433483440171112e+05 1.425237546364089651e-21
5.672426068491977639e+05 1.135999568171547318e-21
6.294988990221888525e+05 9.042319666409941032e-22
6.985879746785250027e+05 7.188459173872888182e-22
7.752597488629464060e+05 5.705782617762159686e-22
8.603464416684507160e+05 4.521888617820027631e-22
9.547716114208066138e+05 3.578728720188441711e-22
1.059560179277617019e+06 2.827315930262677001e-22
1.175849554052158026e+06 2.229568086700319323e-22
1.304901978014401859e+06 1.755222676945222383e-22
1.448118227674532915e+06 1.378978599351975963e-22
1.607052818261638284e+06 1.081325306849122865e-22
1.783430876931909472e+06 8.460577488699527755e-23
1.979166867853557458e+06 6.604853780589432330e-23
2.196385372416546568e+06 5.143392916138226307e-23
2.437444150122222025e+06 3.995123046868002322e-23
2.704959730463137385e+06 3.095172819794775669e-23
3.001835813575591892e+06 2.391300678197523840e-23
3.331294787934676744e+06 1.841414253318772584e-23
3.696912707195031922e+06 1.413428891766068090e-23
4.102658105827190448e+06 1.081051828382404894e-23
4.552935074866947718e+06 8.235342427775000831e-24
5.052631065335679799e+06 6.247358557492087937e-24
5.607169938205458224e+06 4.719120134664522270e-24
6.222570836730230600e+06 3.548024215863281115e-24
6.905513520162330940e+06 2.652131797917787392e-24
7.663410868007462472e+06 1.970054635359148059e-24
8.504489341802684590e+06 1.454459672031152452e-24
9.437878277775391936e+06 1.066463075796953018e-24
1.047370897959450819e+07 7.749543863233293198e-25
1.162322468679854274e+07 5.581638267276592634e-25
1.289890261253307760e+07 3.978063368377550132e-25
1.431458937523478456e+07 2.802966261870374592e-25
1.588565129428052530e+07 1.949230902004840695e-25
1.762914118095947802e+07 1.334479017455832797e-25
1.956398343517064676e+07 8.979105942749056946e-26
2.171117945694505423e+07 5.921509626293710813e-26
2.409403560239527002e+07 3.814848257965417234e-26
2.673841615839949250e+07 2.393853349664861133e-26
2.967302408188872784e+07 1.457885238182132301e-26
3.292971255097155273e+07 8.588750459947557948e-27
3.654383070957254618e+07 4.892940951824082641e-27
4.055460735840827972e+07 2.695242254171492287e-27
4.500557675700496882e+07 1.439926425055991876e-27
4.994505115855139494e+07 7.425992500331325320e-28
5.542664520663107187e+07 3.578937161704226702e-28
6.150985788580504060e+07 1.464009405539551949e-28
6.826071834272393584e+07 3.899123349674959813e-29
7.575250258771920204e+07 1.481932951038787555e-30
