1.000000000000000000e+02 2.811804093654250870e-11
1.109752496412072134e+02 2.433077688129705304e-11
1.231550603292826196e+02 2.102824614365690561e-11
1.366716356462005990e+02 1.814571432590353680e-11
1.516716888470922413e+02 1.563242803736809856e-11
1.683180353330956791e+02 1.344646996031236753e-11
1.867913599020782840e+02 1.154861506473173622e-11
2.072921779595371845e+02 9.900586927911728834e-12
2.300430119772916839e+02 8.478866639975386326e-12
2.552908068239516410e+02 7.244990952371343803e-12
2.833096101839323637e+02 6.190573068405330540e-12
3.144035471591500368e+02 5.273237353742417466e-12
3.489101213406774491e+02 4.493127871563037742e-12
3.872038781812557318e+02 3.818487259841810526e-12
4.297004704320843871e+02 3.244749286323027279e-12
4.768611697714468960e+02 2.754181395213496246e-12
5.291978735958442712e+02 2.335759322452975335e-12
5.872786613189482523e+02 1.980026888200438020e-12
6.517339604882420190e+02 1.677248960516247775e-12
7.232633896483533817e+02 1.420027058136173821e-12
8.026433522257173081e+02 1.201739888210655807e-12
8.907354638610439679e+02 1.016548565096774119e-12
9.884959046625587007e+02 8.592129223766504090e-13
1.096985797892383971e+03 7.259251347144171217e-13
1.217382727739662187e+03 6.127828292009193934e-13
1.350993521198027793e+03 5.170992129077842271e-13
1.499268432786045423e+03 4.358592284844335349e-13
1.663816886076128640e+03 3.670779382540636401e-13
1.846424942895544291e+03 3.089787908078029983e-13
2.049074689815845886e+03 2.597566679659370264e-13
2.273965752357927613e+03 2.182496043929454500e-13
2.523539170434765765e+03 1.831264939522188700e-13
2.800503894183631019e+03 1.536195964601820497e-13
3.107866187782013640e+03 1.286629925185721383e-13
3.448962260405759935e+03 1.077731020560905106e-13
3.827494478516314757e+03 9.014107401466568519e-14
4.247571552536898707e+03 7.540059923914961927e-14
4.713753134116724141e+03 6.302391266444507827e-14
5.231099308056262998e+03 5.265526810645247490e-14
5.805225516094896193e+03 4.398444762941580893e-14
6.442363508721369726e+03 3.673710535842708111e-14
7.149428986597576113e+03 3.067406168615899465e-14
7.934096665797491369e+03 2.561376594107755049e-14
8.804883581643463913e+03 2.138474466726165753e-14
9.771241535346502133e+03 1.785198527447555035e-14
1.084365968689610963e+04 1.490255821036541935e-14
1.203377840777589154e+04 1.243860383779995599e-14
1.335451562929898682e+04 1.038003477659136901e-14
1.482020705798858762e+04 8.662062464656507612e-15
1.644676177994664249e+04 7.227153307118675388e-15
1.825183494319044257e+04 6.028605453402014708e-15
2.025501939230666540e+04 5.027645828833434388e-15
2.247805833548725059e+04 4.192176938186350376e-15
2.494508135230316839e+04 3.494650555853620071e-15
2.768286630392066581e+04 2.912291203381536302e-15
3.072112998861759115e+04 2.425879964964099625e-15
3.409285069746814406e+04 2.020237013288265722e-15
3.783462617131928710e+04 1.681396109568664246e-15
4.198707084443910571e+04 1.398841866545669136e-15
4.659525668664683326e+04 1.162981341511986003e-15
5.170920242896761192e+04 9.664973583443161596e-16
5.738441648302398244e+04 8.023710022694729300e-16
6.368249944718585903e+04 6.656088342361160040e-16
7.067181273927491566e+04 5.518577453810904890e-16
7.842822061337680498e+04 4.570545148033347845e-16
8.703591361485165544e+04 3.781549284924562825e-16
9.658832241158708348e+04 3.124545244516178716e-16
1.071891319205127511e+05 2.579034429492382712e-16
1.189534067370319535e+05 2.126395133065088370e-16
1.320088400831418112e+05 1.751135687914706870e-16
1.464971398307286145e+05 1.440530856921324135e-16
1.625755666443794908e+05 1.183848014743097005e-16
1.804186409392071655e+05 9.721521113416230085e-17
2.002200371815584658e+05 7.978561681134085877e-17
2.221946860939523904e+05 6.545995127098672398e-17
2.465811075822604180e+05 5.369479692018384113e-17
2.736439997074671555e+05 4.402603816899444204e-17
3.036771118035460822e+05 3.608125074338913429e-17
3.370064329271928291e+05 2.955704513427177619e-17
3.739937302478798083e+05 2.419954710936675909e-17
4.150404757850476308e+05 1.980166626210893002e-17
4.605922041145108524e+05 1.619336490444656257e-17
5.111433483440171112e+05 1.323324080392904092e-17
5.672426068491977639e+05 1.080560549455137329e-17
6.294988990221888525e+05 8.814239131312513524e-18
6.985879746785250027e+05 7.183429519580348968e-18
7.752597488629464060e+05 5.846373812769479706e-18
8.603464416684507160e+05 4.751883412743927027e-18
9.547716114208066138e+05 3.856579182275174703e-18
1.059560179277617019e+06 3.124468119727005433e-18
1.175849554052158026e+06 2.526920080235355705e-18
1.304901978014401859e+06 2.039429576037910103e-18
1.448118227674532915e+06 1.642672460199075425e-18
1.607052818261638284e+06 1.319802709027148433e-18
1.783430876931909472e+06 1.057837717454167980e-18
1.979166867853557458e+06 8.442533721822778668e-19
2.196385372416546568e+06 6.704555804238563880e-19
2.437444150122222025e+06 5.302644543957387152e-19
2.704959730463137385e+06 4.175933693324515092e-19
3.001835813575591892e+06 3.274805939615789838e-19
3.331294787934676744e+06 2.556246662363191997e-19
3.696912707195031922e+06 1.979186582820406815e-19
4.102658105827190448e+06 1.518934004737053428e-19
4.552935074866947718e+06 1.156621292737277316e-19
5.052631065335679799e+06 8.755316280096528421e-20
5.607169938205458224e+06 6.563715022729680542e-20
6.222570836730230600e+06 4.867440062294222922e-20
6.905513520162330940e+06 3.577171495083607920e-20
7.663410868007462472e+06 2.603268551660111246e-20
8.504489341802684590e+06 1.875121401073948528e-20
9.437878277775391936e+06 1.338366818021406057e-20
1.047370897959450819e+07 9.466982777898510142e-21
1.162322468679854274e+07 6.608745460840989726e-21
1.289890261253307760e+07 4.562284183782224454e-21
1.431458937523478456e+07 3.086985834214574919e-21
1.588565129428052530e+07 2.032931583177670910e-21
1.762914118095947802e+07 1.284534164848250126e-21
1.956398343517064676e+07 7.637699688229305261e-22
2.171117945694505423e+07 4.161165024155887868e-22
2.409403560239527002e+07 2.004470558076263653e-22
2.673841615839949250e+07 8.171320653778374495e-23
2.967302408188872784e+07 2.685425906698097285e-23
3.292971255097155273e+07 6.691638756351613253e-24
3.654383070957254618e+07 1.122629304958995415e-24
4.055460735840827972e+07 1.022660877788696488e-25
4.500557675700496882e+07 4.816800249083455329e-27
