1.000000000000000000e+02 1.346191879883705047e-13
1.109752496412072134e+02 1.096135604785539380e-13
1.231550603292826196e+02 8.924138961852564347e-14
1.366716356462005990e+02 7.260279627046442234e-14
1.516716888470922413e+02 5.904128417549063050e-14
1.683180353330956791e+02 4.789288813718329862e-14
1.867913599020782840e+02 3.875162393028425661e-14
2.072921779595371845e+02 3.124617960764940681e-14
2.300430119772916839e+02 2.509404244805927888e-14
2.552908068239516410e+02 2.007769604472070099e-14
2.833096101839323637e+02 1.598307710406112526e-14
3.144035471591500368e+02 1.266387217044011815e-14
3.489101213406774491e+02 9.992288039845632607e-15
3.872038781812557318e+02 7.851346365480125137e-15
4.297004704320843871e+02 6.140959524993403137e-15
4.768611697714468960e+02 4.788422234834991802e-15
5.291978735958442712e+02 3.725900224054660663e-15
5.872786613189482523e+02 2.896848327924924691e-15
6.517339604882420190e+02 2.254112882866416161e-15
7.232633896483533817e+02 1.758289723323343466e-15
8.026433522257173081e+02 1.377451000221142311e-15
8.907354638610439679e+02 1.086049605551610632e-15
9.884959046625587007e+02 8.633110727626337104e-16
1.096985797892383971e+03 6.924590960439566115e-16
1.217382727739662187e+03 5.612322975282984433e-16
1.350993521198027793e+03 4.595839548872465757e-16
1.499268432786045423e+03 3.801317894394466320e-16
1.663816886076128640e+03 3.171263105288885020e-16
1.846424942895544291e+03 2.666905124664487174e-16
2.049074689815845886e+03 2.255200843029693562e-16
2.273965752357927613e+03 1.915103726142602029e-16
2.523539170434765765e+03 1.632181965035833286e-16
2.800503894183631019e+03 1.392500458468702716e-16
3.107866187782013640e+03 1.188636494669410545e-16
3.448962260405759935e+03 1.014014098187404455e-16
3.827494478516314757e+03 8.642409334557700651e-17
4.247571552536898707e+03 7.348323322093120290e-17
4.713753134116724141e+03 6.231430858208231247e-17
5.231099308056262998e+03 5.267133074851647727e-17
5.805225516094896193e+03 4.438327068967939209e-17
6.442363508721369726e+03 3.726009694716611881e-17
7.149428986597576113e+03 3.110641272387659293e-17
7.934096665797491369e+03 2.581767370535179420e-17
8.804883581643463913e+03 2.130570979188470694e-17
9.771241535346502133e+03 1.751849733438486379e-17
1.084365968689610963e+04 1.427609932298504872e-17
1.203377840777589154e+04 1.153914885542659248e-17
1.335451562929898682e+04 9.269074531830389974e-18
1.482020705798858762e+04 7.398076544119809312e-18
1.644676177994664249e+04 5.826747496249222824e-18
1.825183494319044257e+04 4.532560973226921989e-18
2.025501939230666540e+04 3.493916243097656313e-18
2.247805833548725059e+04 2.667852963636741766e-18
2.494508135230316839e+04 2.016523227474774260e-18
2.768286630392066581e+04 1.503836390962066936e-18
3.072112998861759115e+04 1.105461347854644317e-18
3.409285069746814406e+04 8.079857986856398593e-19
3.783462617131928710e+04 5.872572580078982829e-19
4.198707084443910571e+04 4.268088061943355393e-19
4.659525668664683326e+04 3.120684844945854794e-19
5.170920242896761192e+04 2.310557345805155348e-19
5.738441648302398244e+04 1.742318323729674842e-19
6.368249944718585903e+04 1.341818643123868038e-19
7.067181273927491566e+04 1.056296790043018770e-19
7.842822061337680498e+04 8.472805546181047773e-20
8.703591361485165544e+04 6.895275353105869642e-20
9.658832241158708348e+04 5.670563135591641362e-20
1.071891319205127511e+05 4.691141025837413955e-20
1.189534067370319535e+05 3.893311618100163406e-20
1.320088400831418112e+05 3.236010851492180706e-20
1.464971398307286145e+05 2.691064816361655482e-20
1.625755666443794908e+05 2.238096269953598376e-20
1.804186409392071655e+05 1.860925737181091082e-20
2.002200371815584658e+05 1.546995893246552009e-20
2.221946860939523904e+05 1.285477583642325740e-20
2.465811075822604180e+05 1.067801768688939208e-20
2.736439997074671555e+05 8.866592097992291476e-21
3.036771118035460822e+05 7.359243108617461274e-21
3.370064329271928291e+05 6.105747864544855290e-21
3.739937302478798083e+05 5.063508189400424906e-21
4.150404757850476308e+05 4.197198250273127502e-21
4.605922041145108524e+05 3.477542019640848800e-21
5.111433483440171112e+05 2.879797034637276878e-21
5.672426068491977639e+05 2.383464569451539295e-21
6.294988990221888525e+05 1.971648646477697140e-21
6.985879746785250027e+05 1.629947110467117337e-21
7.752597488629464060e+05 1.346644461048652445e-21
8.603464416684507160e+05 1.111897222580475158e-21
9.547716114208066138e+05 9.174122925453486853e-22
1.059560179277617019e+06 7.563751605007644912e-22
1.175849554052158026e+06 6.231436889259835010e-22
1.304901978014401859e+06 5.129492496227560209e-22
1.448118227674532915e+06 4.218788447570773295e-22
1.607052818261638284e+06 3.466921692354081915e-22
1.783430876931909472e+06 2.846304009895106579e-22
1.979166867853557458e+06 2.334210840213210741e-22
2.196385372416546568e+06 1.912226743109745867e-22
2.437444150122222025e+06 1.564768652571595560e-22
2.704959730463137385e+06 1.278933016820963190e-22
3.001835813575591892e+06 1.043879745461879829e-22
3.331294787934676744e+06 8.509891171092832653e-23
3.696912707195031922e+06 6.926069421922788290e-23
4.102658105827190448e+06 5.628843717446393081e-23
4.552935074866947718e+06 4.565763943043069619e-23
5.052631065335679799e+06 3.697193175672239206e-23
5.607169938205458224e+06 2.987977541028219354e-23
6.222570836730230600e+06 2.409791597084774088e-23
6.905513520162330940e+06 1.938691923371073654e-23
7.663410868007462472e+06 1.555684658171858254e-23
8.504489341802684590e+06 1.244923766957124422e-23
9.437878277775391936e+06 9.931440851273324938e-24
1.047370897959450819e+07 7.897658894696702128e-24
1.162322468679854274e+07 6.258725083484216865e-24
1.289890261253307760e+07 4.938464304673493634e-24
1.431458937523478456e+07 3.877475062434676894e-24
1.588565129428052530e+07 3.029977382720613959e-24
1.762914118095947802e+07 2.355148892239180998e-24
1.956398343517064676e+07 1.816847565897236192e-24
2.171117945694505423e+07 1.392598107022225629e-24
2.409403560239527002e+07 1.059091662443370271e-24
2.673841615839949250e+07 7.979879303149318288e-25
2.967302408188872784e+07 5.943147034014290105e-25
3.292971255097155273e+07 4.372852133634306773e-25
3.654383070957254618e+07 3.171693606658860834e-25
4.055460735840827972e+07 2.259899995009418743e-25
4.500557675700496882e+07 1.576231481854941421e-25
4.994505115855139494e+07 1.071790436574796981e-25
5.542664520663107187e+07 7.070030858026617072e-26
6.150985788580504060e+07 4.490993616974854118e-26
6.826071834272393584e+07 2.722602660825258151e-26
7.575250258771920204e+07 1.559555256839426945e-26
8.406652885618332028e+07 8.346775358446657763e-27
9.329304026284696162e+07 4.142008383818318469e-27
1.035321843295663744e+08 1.895372233473917100e-27
1.148951000187308788e+08 7.653036701530117255e-28
1.275051240713012964e+08 2.039869924382519633e-28
1.414991297434575856e+08 2.951137046531139279e-30
1.570290124729377627e+08 8.851688496523639575e-38
