1.000000000000000000e+02 1.567276129401875100e-11
1.109752496412072134e+02 1.357698384083816891e-11
1.231550603292826196e+02 1.175762851948822760e-11
1.366716356462005990e+02 1.018015805044500843e-11
1.516716888470922413e+02 8.812481903649110013e-12
1.683180353330956791e+02 7.626364557018947819e-12
1.867913599020782840e+02 6.598235194591116078e-12
2.072921779595371845e+02 5.707116753480518495e-12
2.300430119772916839e+02 4.934843845652411204e-12
2.552908068239516410e+02 4.265555620968699086e-12
2.833096101839323637e+02 3.686160802845723626e-12
3.144035471591500368e+02 3.184585408227648125e-12
3.489101213406774491e+02 2.750082779439132932e-12
3.872038781812557318e+02 2.374384902296835626e-12
4.297004704320843871e+02 2.049170303079883432e-12
4.768611697714468960e+02 1.767951919815479767e-12
5.291978735958442712e+02 1.524693127194686896e-12
5.872786613189482523e+02 1.314542125610173924e-12
6.517339604882420190e+02 1.132772433778316335e-12
7.232633896483533817e+02 9.758770311938365171e-13
8.026433522257173081e+02 8.402743090472315773e-13
8.907354638610439679e+02 7.232632716997461165e-13
9.884959046625587007e+02 6.222410109429271713e-13
1.096985797892383971e+03 5.351361307665936790e-13
1.217382727739662187e+03 4.599870624467881765e-13
1.350993521198027793e+03 3.951948865531169516e-13
1.499268432786045423e+03 3.393587089054571070e-13
1.663816886076128640e+03 2.912733061429440476e-13
1.846424942895544291e+03 2.498493535539104352e-13
2.049074689815845886e+03 2.142034376967563504e-13
2.273965752357927613e+03 1.835333554550281064e-13
2.523539170434765765e+03 1.571709933483804814e-13
2.800503894183631019e+03 1.345130990986421999e-13
3.107866187782013640e+03 1.150459375703262827e-13
3.448962260405759935e+03 9.832598659166515358e-14
3.827494478516314757e+03 8.399119946867341743e-14
4.247571552536898707e+03 7.168687339676675244e-14
4.713753134116724141e+03 6.114951761589963212e-14
5.231099308056262998e+03 5.211633861546596454e-14
5.805225516094896193e+03 4.438939092382414829e-14
6.442363508721369726e+03 3.777289960679248503e-14
7.149428986597576113e+03 3.212521539913838823e-14
7.934096665797491369e+03 2.729246539283061197e-14
8.804883581643463913e+03 2.317277115105840703e-14
9.771241535346502133e+03 1.965492826694552228e-14
1.084365968689610963e+04 1.665815580142514907e-14
1.203377840777589154e+04 1.410499704785869937e-14
1.335451562929898682e+04 1.193402032570128842e-14
1.482020705798858762e+04 1.008599534022558844e-14
1.644676177994664249e+04 8.515955631078065630e-15
1.825183494319044257e+04 7.184133409569963152e-15
2.025501939230666540e+04 6.053742587517334786e-15
2.247805833548725059e+04 5.095619177231387643e-15
2.494508135230316839e+04 4.284689074675770261e-15
2.768286630392066581e+04 3.598619309914990983e-15
3.072112998861759115e+04 3.019350549456514225e-15
3.409285069746814406e+04 2.529008829023189299e-15
3.783462617131928710e+04 2.116556659072210860e-15
4.198707084443910571e+04 1.768918637605300710e-15
4.659525668664683326e+04 1.476046884206931865e-15
5.170920242896761192e+04 1.229938866067567860e-15
5.738441648302398244e+04 1.023546519232321462e-15
6.368249944718585903e+04 8.501457205181597366e-16
7.067181273927491566e+04 7.053164349379042634e-16
7.842822061337680498e+04 5.840725714003816127e-16
8.703591361485165544e+04 4.826775635514334853e-16
9.658832241158708348e+04 3.983369788741230547e-16
1.071891319205127511e+05 3.281167622105560241e-16
1.189534067370319535e+05 2.697270704124278032e-16
1.320088400831418112e+05 2.213029321522320813e-16
1.464971398307286145e+05 1.812030552886351660e-16
1.625755666443794908e+05 1.480625949846072136e-16
1.804186409392071655e+05 1.206978671876563753e-16
2.002200371815584658e+05 9.820075833257105680e-17
2.221946860939523904e+05 7.970290765023110220e-17
2.465811075822604180e+05 6.454169529908664058e-17
2.736439997074671555e+05 5.213583927492381614e-17
3.036771118035460822e+05 4.200602482087979904e-17
3.370064329271928291e+05 3.375764973284361706e-17
3.739937302478798083e+05 2.705359815711481654e-17
4.150404757850476308e+05 2.162313804768418893e-17
4.605922041145108524e+05 1.723189151372473017e-17
5.111433483440171112e+05 1.368690087868418622e-17
5.672426068491977639e+05 1.083829747805409532e-17
6.294988990221888525e+05 8.552672588260772821e-18
6.985879746785250027e+05 6.725043329292109790e-18
7.752597488629464060e+05 5.267189145472261771e-18
8.603464416684507160e+05 4.111728362539894299e-18
9.547716114208066138e+05 3.196096457668578338e-18
1.059560179277617019e+06 2.474660837316159671e-18
1.175849554052158026e+06 1.907348949036292386e-18
1.304901978014401859e+06 1.463937017651625772e-18
1.448118227674532915e+06 1.118585381552239368e-18
1.607052818261638284e+06 8.506454773424292908e-19
1.783430876931909472e+06 6.437301719553166424e-19
1.979166867853557458e+06 4.846169272416056220e-19
2.196385372416546568e+06 3.627481500745416388e-19
2.437444150122222025e+06 2.699536448169525253e-19
2.704959730463137385e+06 1.995926166232511911e-19
3.001835813575591892e+06 1.465873954080453524e-19
3.331294787934676744e+06 1.067823020797180699e-19
3.696912707195031922e+06 7.720543835986546910e-20
4.102658105827190448e+06 5.529243083181741548e-20
4.552935074866947718e+06 3.916815978205922279e-20
5.052631065335679799e+06 2.737593927240956035e-20
5.607169938205458224e+06 1.884302845007908811e-20
6.222570836730230600e+06 1.274596061485226633e-20
6.905513520162330940e+06 8.443970316669032891e-21
7.663410868007462472e+06 5.453412417210663722e-21
8.504489341802684590e+06 3.418964400008202937e-21
9.437878277775391936e+06 2.065496774923242792e-21
1.047370897959450819e+07 1.183988233669207059e-21
1.162322468679854274e+07 6.421327806793355364e-22
1.289890261253307760e+07 3.242422863407898340e-22
1.431458937523478456e+07 1.503792102901812113e-22
1.588565129428052530e+07 6.317587627974041291e-23
1.762914118095947802e+07 2.366783206251041556e-23
1.956398343517064676e+07 7.854111600243640104e-24
2.171117945694505423e+07 2.382689894296619178e-24
2.409403560239527002e+07 7.457535443018162320e-25
2.673841615839949250e+07 2.915831851109767069e-25
2.967302408188872784e+07 1.506458669410900180e-25
3.292971255097155273e+07 8.995487270961642915e-26
3.654383070957254618e+07 5.532960425230908930e-26
4.055460735840827972e+07 3.355490029926695553e-26
4.500557675700496882e+07 1.978399754693314285e-26
4.994505115855139494e+07 1.120353717024142683e-26
5.542664520663107187e+07 5.989279163216624896e-27
6.150985788580504060e+07 2.939658098896208077e-27
6.826071834272393584e+07 1.255052738839479205e-27
7.575250258771920204e+07 4.130767518371511379e-28
8.406652885618332028e+07 6.835313622186561580e-29
9.329304026284696162e+07 1.322453447622574030e-30
1.035321843295663744e+08 1.026444700893745186e-34
1.148951000187308788e+08 6.512540021209916934e-55
1.275051240713012964e+08 3.112949295142136461e-59
1.414991297434575856e+08 5.619603153624378760e-64
1.570290124729377627e+08 3.270931532767845270e-69
1.742633386009651124e+08 3.751343485135539304e-75
1.933891750455232263e+08 8.281526757993890872e-82
2.146141197858406007e+08 2.936335536916041886e-89
2.381685551976160705e+08 1.329820789816104489e-97
2.643081486974108517e+08 5.960596123380833111e-107
2.933166278390048146e+08 1.965110042901772606e-117
3.255088599835056663e+08 3.343477296098079119e-129
3.612342699709430337e+08 1.930466255999774777e-142
