1.000000000000000000e+02 1.728432195514991978e-12
1.109752496412072134e+02 1.387700183301605766e-12
1.231550603292826196e+02 1.114960180668353928e-12
1.366716356462005990e+02 8.975872849644835818e-13
1.516716888470922413e+02 7.239485161848807230e-13
1.683180353330956791e+02 5.849787309102814785e-13
1.867913599020782840e+02 4.747420652545098583e-13
2.072921779595371845e+02 3.858365057239980017e-13
2.300430119772916839e+02 3.146854556441259940e-13
2.552908068239516410e+02 2.571423188107551422e-13
2.833096101839323637e+02 2.107850539598054774e-13
3.144035471591500368e+02 1.730414607705105137e-13
3.489101213406774491e+02 1.422521522670642434e-13
3.872038781812557318e+02 1.170639714509777756e-13
4.297004704320843871e+02 9.639816616686876986e-14
4.768611697714468960e+02 7.938690837418798320e-14
5.291978735958442712e+02 6.537765660727975403e-14
5.872786613189482523e+02 5.384967706359946852e-14
6.517339604882420190e+02 4.433642680656526321e-14
7.232633896483533817e+02 3.650590276175907120e-14
8.026433522257173081e+02 3.004493375373791386e-14
8.907354638610439679e+02 2.472640445047274029e-14
9.884959046625587007e+02 2.036032628140105398e-14
1.096985797892383971e+03 1.677385384532201016e-14
1.217382727739662187e+03 1.383074009764743571e-14
1.350993521198027793e+03 1.141658504768778055e-14
1.499268432786045423e+03 9.437845955777885536e-15
1.663816886076128640e+03 7.813302032357208487e-15
1.846424942895544291e+03 6.479774597920837904e-15
2.049074689815845886e+03 5.385434269107696995e-15
2.273965752357927613e+03 4.482327063864793009e-15
2.523539170434765765e+03 3.739202180161348186e-15
2.800503894183631019e+03 3.123025625189378470e-15
3.107866187782013640e+03 2.613344554224261351e-15
3.448962260405759935e+03 2.189207287470512798e-15
3.827494478516314757e+03 1.835529891634033945e-15
4.247571552536898707e+03 1.540370999584958425e-15
4.713753134116724141e+03 1.293056891951662903e-15
5.231099308056262998e+03 1.085297381338670710e-15
5.805225516094896193e+03 9.106663427954800129e-16
6.442363508721369726e+03 7.640370272281400226e-16
7.149428986597576113e+03 6.404130780876022001e-16
7.934096665797491369e+03 5.362942444488983286e-16
8.804883581643463913e+03 4.486396160596814879e-16
9.771241535346502133e+03 3.749394381567905888e-16
1.084365968689610963e+04 3.128788470213097643e-16
1.203377840777589154e+04 2.605452494524866325e-16
1.335451562929898682e+04 2.167119400773500757e-16
1.482020705798858762e+04 1.799969467685614619e-16
1.644676177994664249e+04 1.492941278880244361e-16
1.825183494319044257e+04 1.234562919201077475e-16
2.025501939230666540e+04 1.019847693302796347e-16
2.247805833548725059e+04 8.412168931717281339e-17
2.494508135230316839e+04 6.924384361215796097e-17
2.768286630392066581e+04 5.691007189209001447e-17
3.072112998861759115e+04 4.670434398834042521e-17
3.409285069746814406e+04 3.828977053059023630e-17
3.783462617131928710e+04 3.135868449674039441e-17
4.198707084443910571e+04 2.566281792202640813e-17
4.659525668664683326e+04 2.099841841640553628e-17
5.170920242896761192e+04 1.718947007436695148e-17
5.738441648302398244e+04 1.408185736341820725e-17
6.368249944718585903e+04 1.155220346845238763e-17
7.067181273927491566e+04 9.499218876767256533e-18
7.842822061337680498e+04 7.834601094817641275e-18
8.703591361485165544e+04 6.485169252271511844e-18
9.658832241158708348e+04 5.389498328272607288e-18
1.071891319205127511e+05 4.496765779672715589e-18
1.189534067370319535e+05 3.765812391495486310e-18
1.320088400831418112e+05 3.162893422488500023e-18
1.464971398307286145e+05 2.661437571127660986e-18
1.625755666443794908e+05 2.241883494959801616e-18
1.804186409392071655e+05 1.888892667257890827e-18
2.002200371815584658e+05 1.591441391707313506e-18
2.221946860939523904e+05 1.340503104063952944e-18
2.465811075822604180e+05 1.128578423938692698e-18
2.736439997074671555e+05 9.497665966021141127e-19
3.036771118035460822e+05 7.987846853949041642e-19
3.370064329271928291e+05 6.714495270807463609e-19
3.739937302478798083e+05 5.640886950465616619e-19
4.150404757850476308e+05 4.735660229945799657e-19
4.605922041145108524e+05 3.973570400332655588e-19
5.111433483440171112e+05 3.331639314030004897e-19
5.672426068491977639e+05 2.791494877726407321e-19
6.294988990221888525e+05 2.337297039661324959e-19
6.985879746785250027e+05 1.955317204044124221e-19
7.752597488629464060e+05 1.634604819880372088e-19
8.603464416684507160e+05 1.365241440315140040e-19
9.547716114208066138e+05 1.139388130521296409e-19
1.059560179277617019e+06 9.499106449214284393e-20
1.175849554052158026e+06 7.912720086909078684e-20
1.304901978014401859e+06 6.583425525635188873e-20
1.448118227674532915e+06 5.472490266456788796e-20
1.607052818261638284e+06 4.543915558188020674e-20
1.783430876931909472e+06 3.768328029492098318e-20
1.979166867853557458e+06 3.121800597311867148e-20
2.196385372416546568e+06 2.582429796116418585e-20
2.437444150122222025e+06 2.133885889503216711e-20
2.704959730463137385e+06 1.760640741053496045e-20
3.001835813575591892e+06 1.450615182956815710e-20
3.331294787934676744e+06 1.193328211010194489e-20
3.696912707195031922e+06 9.801476518806729994e-21
4.102658105827190448e+06 8.037191223215306292e-21
4.552935074866947718e+06 6.576873007957123249e-21
5.052631065335679799e+06 5.372545449278190081e-21
5.607169938205458224e+06 4.380042212465379458e-21
6.222570836730230600e+06 3.563209670428194804e-21
6.905513520162330940e+06 2.891975642323452505e-21
7.663410868007462472e+06 2.341475428422038140e-21
8.504489341802684590e+06 1.890457263235982768e-21
9.437878277775391936e+06 1.522260790142515651e-21
1.047370897959450819e+07 1.222095920365002931e-21
1.162322468679854274e+07 9.778750623924450160e-22
1.289890261253307760e+07 7.798360495158027284e-22
1.431458937523478456e+07 6.194124710443049837e-22
1.588565129428052530e+07 4.899257807860984023e-22
1.762914118095947802e+07 3.855677006171576997e-22
1.956398343517064676e+07 3.018675513412940155e-22
2.171117945694505423e+07 2.350476251668884224e-22
2.409403560239527002e+07 1.819275177016444496e-22
2.673841615839949250e+07 1.399462372560716687e-22
2.967302408188872784e+07 1.064791350150574567e-22
3.292971255097155273e+07 8.040117834696745453e-23
3.654383070957254618e+07 6.007404066237351041e-23
4.055460735840827972e+07 4.437646356581930499e-23
4.500557675700496882e+07 3.227080889781838075e-23
4.994505115855139494e+07 2.309772876509598843e-23
5.542664520663107187e+07 1.620277112565012510e-23
6.150985788580504060e+07 1.109124268433916145e-23
6.826071834272393584e+07 7.370787343070144369e-24
7.575250258771920204e+07 4.725946814925671323e-24
8.406652885618332028e+07 2.888490384092228361e-24
9.329304026284696162e+07 1.661813949952128108e-24
1.035321843295663744e+08 8.831816491319832647e-25
1.148951000187308788e+08 4.227898002353487508e-25
1.275051240713012964e+08 1.761736802231412052e-25
1.414991297434575856e+08 6.209734931312594415e-26
1.570290124729377627e+08 1.848313985734661073e-26
1.742633386009651124e+08 3.640712475916343579e-27
1.933891750455232263e+08 6.215119316470169010e-29
2.146141197858406007e+08 5.632619651946863553e-32
2.381685551976160705e+08 1.744253594115990324e-36
2.643081486974108517e+08 5.366382137944204158e-43
2.933166278390048146e+08 4.961396965180929764e-54
3.255088599835056663e+08 2.061678052049773237e-76
3.612342699709430337e+08 1.497591743628424100e-131
