1.000000000000000000e+02 3.331850680817214231e-11
1.109752496412072134e+02 2.907804607143975833e-11
1.231550603292826196e+02 2.536620538718967255e-11
1.366716356462005990e+02 2.211426990835128451e-11
1.516716888470922413e+02 1.926969179243210346e-11
1.683180353330956791e+02 1.677979697531358134e-11
1.867913599020782840e+02 1.460286104851148085e-11
2.072921779595371845e+02 1.270017928169208149e-11
2.300430119772916839e+02 1.115958467497923028e-11
2.552908068239516410e+02 9.586221918654020814e-12
2.833096101839323637e+02 8.319398727582085827e-12
3.144035471591500368e+02 7.215137372077825745e-12
3.489101213406774491e+02 6.252704327521954818e-12
3.872038781812557318e+02 5.413618855101334971e-12
4.297004704320843871e+02 4.684400391836666758e-12
4.768611697714468960e+02 4.048807573019364294e-12
5.291978735958442712e+02 3.497775736367078033e-12
5.872786613189482523e+02 3.017996652663141454e-12
6.517339604882420190e+02 2.602719447493467580e-12
7.232633896483533817e+02 2.241792153831312696e-12
8.026433522257173081e+02 1.929926861640727206e-12
8.907354638610439679e+02 1.659277438553460664e-12
9.884959046625587007e+02 1.426001411083202775e-12
1.096985797892383971e+03 1.223940798523423224e-12
1.217382727739662187e+03 1.049925062873249022e-12
1.350993521198027793e+03 8.995963605973688184e-13
1.499268432786045423e+03 7.704419927414645180e-13
1.663816886076128640e+03 6.590252167223256986e-13
1.846424942895544291e+03 5.634840465670605617e-13
2.049074689815845886e+03 4.812218775729135038e-13
2.273965752357927613e+03 4.107781410744210800e-13
2.523539170434765765e+03 3.502940842471930726e-13
2.800503894183631019e+03 2.985179931133740804e-13
3.107866187782013640e+03 2.541580315679579725e-13
3.448962260405759935e+03 2.162417353605367395e-13
3.827494478516314757e+03 1.838329920551892661e-13
4.247571552536898707e+03 1.561194895283276183e-13
4.713753134116724141e+03 1.324942236441296195e-13
5.231099308056262998e+03 1.123097915065222448e-13
5.805225516094896193e+03 9.513916390671534062e-14
6.442363508721369726e+03 8.048053209622060237e-14
7.149428986597576113e+03 6.801630712220720042e-14
7.934096665797491369e+03 5.741696741914048547e-14
8.804883581643463913e+03 4.841559536522910781e-14
9.771241535346502133e+03 4.076076238371495394e-14
1.084365968689610963e+04 3.428360145843426742e-14
1.203377840777589154e+04 2.878763655322211889e-14
1.335451562929898682e+04 2.413847338101100940e-14
1.482020705798858762e+04 2.021764198981940581e-14
1.644676177994664249e+04 1.689844615136221112e-14
1.825183494319044257e+04 1.410651289705477598e-14
2.025501939230666540e+04 1.176108215094231270e-14
2.247805833548725059e+04 9.783615563859209529e-15
2.494508135230316839e+04 8.129917326374377793e-15
2.768286630392066581e+04 6.746400845697730094e-15
3.072112998861759115e+04 5.586799313394180649e-15
3.409285069746814406e+04 4.620657835619808824e-15
3.783462617131928710e+04 3.816364957935318541e-15
4.198707084443910571e+04 3.146907968012415312e-15
4.659525668664683326e+04 2.591394070076819419e-15
5.170920242896761192e+04 2.130420830521692514e-15
5.738441648302398244e+04 1.749322482700220926e-15
6.368249944718585903e+04 1.434232833866696705e-15
7.067181273927491566e+04 1.174135946364792992e-15
7.842822061337680498e+04 9.597941974160326550e-16
8.703591361485165544e+04 7.833752348320566322e-16
9.658832241158708348e+04 6.384972710285580861e-16
1.071891319205127511e+05 5.195609013076686324e-16
1.189534067370319535e+05 4.220437040399396869e-16
1.320088400831418112e+05 3.422436697161116850e-16
1.464971398307286145e+05 2.770428499081109583e-16
1.625755666443794908e+05 2.238524754300684538e-16
1.804186409392071655e+05 1.805041391324423738e-16
2.002200371815584658e+05 1.452210921622047773e-16
2.221946860939523904e+05 1.165878714097268314e-16
2.465811075822604180e+05 9.336492111737690570e-17
2.736439997074671555e+05 7.457533754956026997e-17
3.036771118035460822e+05 5.942892083015315978e-17
3.370064329271928291e+05 4.723873125064592164e-17
3.739937302478798083e+05 3.745666036146151472e-17
4.150404757850476308e+05 2.963349548123924541e-17
4.605922041145108524e+05 2.337762492110364779e-17
5.111433483440171112e+05 1.840595478099676304e-17
5.672426068491977639e+05 1.445092589177462580e-17
6.294988990221888525e+05 1.132524296500985675e-17
6.985879746785250027e+05 8.851929677471663436e-18
7.752597488629464060e+05 6.901347267431897825e-18
8.603464416684507160e+05 5.364110357511891239e-18
9.547716114208066138e+05 4.161340641558469239e-18
1.059560179277617019e+06 3.214940869045900919e-18
1.175849554052158026e+06 2.476330658540096890e-18
1.304901978014401859e+06 1.900114555562611909e-18
1.448118227674532915e+06 1.451321641077512346e-18
1.607052818261638284e+06 1.104252923869181061e-18
1.783430876931909472e+06 8.364340225950054829e-19
1.979166867853557458e+06 6.307265616566875439e-19
2.196385372416546568e+06 4.738260235235413328e-19
2.437444150122222025e+06 3.547225457285784741e-19
2.704959730463137385e+06 2.648836023429983808e-19
3.001835813575591892e+06 1.973726501511286286e-19
3.331294787934676744e+06 1.468788312342269574e-19
3.696912707195031922e+06 1.092262289112891270e-19
4.102658105827190448e+06 8.130772380562310155e-20
4.552935074866947718e+06 6.071150799995204563e-20
5.052631065335679799e+06 4.557532854487547654e-20
5.607169938205458224e+06 3.445716494281240014e-20
6.222570836730230600e+06 2.625959433347790391e-20
6.905513520162330940e+06 2.015615323981689942e-20
7.663410868007462472e+06 1.557229327250101126e-20
8.504489341802684590e+06 1.208984508308566183e-20
9.437878277775391936e+06 9.410164385402926010e-21
1.047370897959450819e+07 7.330923317782478637e-21
1.162322468679854274e+07 5.712125856256370637e-21
1.289890261253307760e+07 4.446744435058900268e-21
1.431458937523478456e+07 3.458644367622611753e-21
1.588565129428052530e+07 2.686753598171379887e-21
1.762914118095947802e+07 2.083088940909470858e-21
1.956398343517064676e+07 1.611165753918370622e-21
2.171117945694505423e+07 1.242751436980506434e-21
2.409403560239527002e+07 9.556254780741825587e-22
2.673841615839949250e+07 7.322704618593747465e-22
2.967302408188872784e+07 5.591645104678165277e-22
3.292971255097155273e+07 4.250938525415080034e-22
3.654383070957254618e+07 3.216313135386764776e-22
4.055460735840827972e+07 2.419819827038704341e-22
4.500557675700496882e+07 1.808673434038564863e-22
4.994505115855139494e+07 1.341850180057236810e-22
5.542664520663107187e+07 9.864580149533781937e-23
6.150985788580504060e+07 7.176091344553856380e-23
6.826071834272393584e+07 5.153499722714554900e-23
7.575250258771920204e+07 3.646968248384687278e-23
8.406652885618332028e+07 2.530202800693698658e-23
9.329304026284696162e+07 1.718005364199958512e-23
1.035321843295663744e+08 1.135208090821661194e-23
1.148951000187308788e+08 7.245859373582949350e-24
1.275051240713012964e+08 4.417462141626023762e-24
1.414991297434575856e+08 2.542319747052781332e-24
1.570290124729377627e+08 1.351086034814047352e-24
1.742633386009651124e+08 6.498092482637951532e-25
1.933891750455232263e+08 2.763625448928215694e-25
2.146141197858406007e+08 1.001907958465324076e-25
2.381685551976160705e+08 2.750965903694664662e-26
2.643081486974108517e+08 2.459034469875112171e-27
2.933166278390048146e+08 2.726532057176181409e-29
3.255088599835056663e+08 1.014885526320608711e-31
3.612342699709430337e+08 8.347352764969350226e-34
4.008806328898465633e+08 5.702593972925360928e-37
4.448782831127585173e+08 4.630144396826027136e-41
