1.000000000000000000e+02 1.694078972480465087e-11
1.109752496412072134e+02 1.458127165273650599e-11
1.231550603292826196e+02 1.254485158484794982e-11
1.366716356462005990e+02 1.078863817105431184e-11
1.516716888470922413e+02 9.273050764497573718e-12
1.683180353330956791e+02 7.967566776399771656e-12
1.867913599020782840e+02 6.841776071946309399e-12
2.072921779595371845e+02 5.873001006723200717e-12
2.300430119772916839e+02 5.038784352682380068e-12
2.552908068239516410e+02 4.320520459448119267e-12
2.833096101839323637e+02 3.702987904986756223e-12
3.144035471591500368e+02 3.171685613073858651e-12
3.489101213406774491e+02 2.715264814269170739e-12
3.872038781812557318e+02 2.323192295149098691e-12
4.297004704320843871e+02 1.986384082862342224e-12
4.768611697714468960e+02 1.697531189435373842e-12
5.291978735958442712e+02 1.449745982533344527e-12
5.872786613189482523e+02 1.237275779342307385e-12
6.517339604882420190e+02 1.055171662399618509e-12
7.232633896483533817e+02 8.993970699155899844e-13
8.026433522257173081e+02 7.660648651518351716e-13
8.907354638610439679e+02 6.519892881943760426e-13
9.884959046625587007e+02 5.545754302271364787e-13
1.096985797892383971e+03 4.713892533199293187e-13
1.217382727739662187e+03 4.003692793658716676e-13
1.350993521198027793e+03 3.398097795229076856e-13
1.499268432786045423e+03 2.882117565517879858e-13
1.663816886076128640e+03 2.442528331788656985e-13
1.846424942895544291e+03 2.068458874838667429e-13
2.049074689815845886e+03 1.750556076429175511e-13
2.273965752357927613e+03 1.480471173822790846e-13
2.523539170434765765e+03 1.251160701853434773e-13
2.800503894183631019e+03 1.056672064832250564e-13
3.107866187782013640e+03 8.916994629043627994e-14
3.448962260405759935e+03 7.519734849911900500e-14
3.827494478516314757e+03 6.336747382461760313e-14
4.247571552536898707e+03 5.336566238850932805e-14
4.713753134116724141e+03 4.490854215908371463e-14
5.231099308056262998e+03 3.776824412367792848e-14
5.805225516094896193e+03 3.173816204471961144e-14
6.442363508721369726e+03 2.665370140367768980e-14
7.149428986597576113e+03 2.236615918827710796e-14
7.934096665797491369e+03 1.875692462060825776e-14
8.804883581643463913e+03 1.571838858762458171e-14
9.771241535346502133e+03 1.316097973598379512e-14
1.084365968689610963e+04 1.101395667304274479e-14
1.203377840777589154e+04 9.208428100802937312e-15
1.335451562929898682e+04 7.693091850238439718e-15
1.482020705798858762e+04 6.423408242022323329e-15
1.644676177994664249e+04 5.357808632923500010e-15
1.825183494319044257e+04 4.465865251264655455e-15
2.025501939230666540e+04 3.719632873762448750e-15
2.247805833548725059e+04 3.095267143551701102e-15
2.494508135230316839e+04 2.573715893367468814e-15
2.768286630392066581e+04 2.138359566468041727e-15
3.072112998861759115e+04 1.775177246283035806e-15
3.409285069746814406e+04 1.472254291549786893e-15
3.783462617131928710e+04 1.220108913437420195e-15
4.198707084443910571e+04 1.010368965249370643e-15
4.659525668664683326e+04 8.358182178428870372e-16
5.170920242896761192e+04 6.908771613078286469e-16
5.738441648302398244e+04 5.705753429817645974e-16
6.368249944718585903e+04 4.708114103183556602e-16
7.067181273927491566e+04 3.881410809789461452e-16
7.842822061337680498e+04 3.196813264379125918e-16
8.703591361485165544e+04 2.630668241204204188e-16
9.658832241158708348e+04 2.162633134267498796e-16
1.071891319205127511e+05 1.776262593682087922e-16
1.189534067370319535e+05 1.457209190717234223e-16
1.320088400831418112e+05 1.194532580468945401e-16
1.464971398307286145e+05 9.779727960533050109e-17
1.625755666443794908e+05 7.998172049553909348e-17
1.804186409392071655e+05 6.533449415099002635e-17
2.002200371815584658e+05 5.330533597163182875e-17
2.221946860939523904e+05 4.344324752758862674e-17
2.465811075822604180e+05 3.534675963041808816e-17
2.736439997074671555e+05 2.872813297101481727e-17
3.036771118035460822e+05 2.331175284419100340e-17
3.370064329271928291e+05 1.889319356878142003e-17
3.739937302478798083e+05 1.528622369598129191e-17
4.150404757850476308e+05 1.235000419499084283e-17
4.605922041145108524e+05 9.961848159615821483e-18
5.111433483440171112e+05 8.021902646093394229e-18
5.672426068491977639e+05 6.449169082350043514e-18
6.294988990221888525e+05 5.175630101591602417e-18
6.985879746785250027e+05 4.145745482384327259e-18
7.752597488629464060e+05 3.314860250958403726e-18
8.603464416684507160e+05 2.644994173625198384e-18
9.547716114208066138e+05 2.105785903398523968e-18
1.059560179277617019e+06 1.672999351511485887e-18
1.175849554052158026e+06 1.325895627078063029e-18
1.304901978014401859e+06 1.048060961536234268e-18
1.448118227674532915e+06 8.261362139739921295e-19
1.607052818261638284e+06 6.492341061677566284e-19
1.783430876931909472e+06 5.089325655533428869e-19
1.979166867853557458e+06 3.974152343549761562e-19
2.196385372416546568e+06 3.094043258489182223e-19
2.437444150122222025e+06 2.399441429583058410e-19
2.704959730463137385e+06 1.853956473277495165e-19
3.001835813575591892e+06 1.426815446094992115e-19
3.331294787934676744e+06 1.093555546407650144e-19
3.696912707195031922e+06 8.345485738768288112e-20
4.102658105827190448e+06 6.343557436318350997e-20
4.552935074866947718e+06 4.797969895668027118e-20
5.052631065335679799e+06 3.614406828519603899e-20
5.607169938205458224e+06 2.703271473734964566e-20
6.222570836730230600e+06 2.016972442394929483e-20
6.905513520162330940e+06 1.491846545459789512e-20
7.663410868007462472e+06 1.097882812955229515e-20
8.504489341802684590e+06 8.021452830770736475e-21
9.437878277775391936e+06 5.812280109767044956e-21
1.047370897959450819e+07 4.181975548122858345e-21
1.162322468679854274e+07 2.969651455621618499e-21
1.289890261253307760e+07 2.085218369664606337e-21
1.431458937523478456e+07 1.446721157862089039e-21
1.588565129428052530e+07 9.860556729011622651e-22
1.762914118095947802e+07 6.627278054982273196e-22
1.956398343517064676e+07 4.397228019344626940e-22
2.171117945694505423e+07 2.887741433622266989e-22
2.409403560239527002e+07 1.885206501385823623e-22
2.673841615839949250e+07 1.225986510149420165e-22
2.967302408188872784e+07 7.949481344850316648e-23
3.292971255097155273e+07 5.100615825769166360e-23
3.654383070957254618e+07 3.202012135950037633e-23
4.055460735840827972e+07 1.936763529185442044e-23
4.500557675700496882e+07 1.104640477942891538e-23
4.994505115855139494e+07 5.745612752754989131e-24
5.542664520663107187e+07 2.598837060026068148e-24
6.150985788580504060e+07 9.623752734324257693e-25
6.826071834272393584e+07 2.775272621815767287e-25
7.575250258771920204e+07 5.774733815038782374e-26
8.406652885618332028e+07 9.008265271620475558e-27
9.329304026284696162e+07 1.179058466368741132e-27
1.035321843295663744e+08 1.330077165244120165e-28
1.148951000187308788e+08 1.188977710024118811e-29
1.275051240713012964e+08 8.084581726971387630e-31
1.414991297434575856e+08 4.050472348547323372e-32
1.570290124729377627e+08 1.455747771421239478e-33
1.742633386009651124e+08 3.668336161799723738e-35
1.933891750455232263e+08 6.312137652089328922e-37
2.146141197858406007e+08 7.292916890187648128e-39
2.381685551976160705e+08 5.666764570780919986e-41
2.643081486974108517e+08 2.576684254675950503e-43
2.933166278390048146e+08 6.211829032119285575e-46
3.255088599835056663e+08 8.125166233447444055e-49
3.612342699709430337e+08 5.398467743246479469e-52
4.008806328898465633e+08 1.679395902286837015e-55
4.448782831127585173e+08 2.217355660513347992e-59
4.937047852839003801e+08 1.103007009233384550e-63
5.478901179593944550e+08 1.805294623311378850e-68
6.080224261649426222e+08 8.332595566036851732e-74
6.747544053110699654e+08 9.043230853306617720e-80
7.488103857590031624e+08 1.854476525398255345e-86
8.309941949353404045e+08 5.456894864586827591e-94
9.221978823334341049e+08 1.630347892406138766e-102
1.023411402105452657e+09 3.161247501129345992e-112
1.135733358343105316e+09 2.168105964746895190e-123
1.260382929679727316e+09 2.138065358132334209e-136
