1.000000000000000000e+02 4.178611170843847951e-12
1.109752496412072134e+02 3.615628785560916302e-12
1.231550603292826196e+02 3.124796346986960375e-12
1.366716356462005990e+02 2.698230088543432155e-12
1.516716888470922413e+02 2.327309434200122268e-12
1.683180353330956791e+02 2.004901183364634876e-12
1.867913599020782840e+02 1.725695926884005706e-12
2.072921779595371845e+02 1.483366887455056173e-12
2.300430119772916839e+02 1.273968920610379336e-12
2.552908068239516410e+02 1.092867598943559692e-12
2.833096101839323637e+02 9.363809186739993681e-13
3.144035471591500368e+02 8.015374075113083157e-13
3.489101213406774491e+02 6.852412444701266870e-13
3.872038781812557318e+02 5.852206735591179051e-13
4.297004704320843871e+02 4.993292260072852674e-13
4.768611697714468960e+02 4.254965356028521016e-13
5.291978735958442712e+02 3.623026364499982046e-13
5.872786613189482523e+02 3.080474683251300561e-13
6.517339604882420190e+02 2.617351994797215795e-13
7.232633896483533817e+02 2.221556723793030350e-13
8.026433522257173081e+02 1.883830527131764862e-13
8.907354638610439679e+02 1.596161896719272365e-13
9.884959046625587007e+02 1.350935584915794794e-13
1.096985797892383971e+03 1.142869803481180563e-13
1.217382727739662187e+03 9.657064440445365279e-14
1.350993521198027793e+03 8.155819951162965958e-14
1.499268432786045423e+03 6.883644907029157279e-14
1.663816886076128640e+03 5.805197763635549408e-14
1.846424942895544291e+03 4.894190047463479554e-14
2.049074689815845886e+03 4.121839715363112666e-14
2.273965752357927613e+03 3.472125229718969988e-14
2.523539170434765765e+03 2.920882438865428651e-14
2.800503894183631019e+03 2.458502897848257047e-14
3.107866187782013640e+03 2.066155511426298512e-14
3.448962260405759935e+03 1.736303567300100892e-14
3.827494478516314757e+03 1.458941918361654354e-14
4.247571552536898707e+03 1.224860585998716209e-14
4.713753134116724141e+03 1.027114623130907400e-14
5.231099308056262998e+03 8.611156293822093369e-15
5.805225516094896193e+03 7.209414120441168671e-15
6.442363508721369726e+03 6.032420123130672100e-15
7.149428986597576113e+03 5.037985142842044698e-15
7.934096665797491369e+03 4.204848178871577087e-15
8.804883581643463913e+03 3.501857334804062883e-15
9.771241535346502133e+03 2.912918400083048418e-15
1.084365968689610963e+04 2.419745270510458470e-15
1.203377840777589154e+04 2.003054730315622473e-15
1.335451562929898682e+04 1.656496821052396632e-15
1.482020705798858762e+04 1.368478804661380393e-15
1.644676177994664249e+04 1.126160111239416762e-15
1.825183494319044257e+04 9.253935274443393464e-16
2.025501939230666540e+04 7.599394681707219600e-16
2.247805833548725059e+04 6.209823215361189246e-16
2.494508135230316839e+04 5.075538311503587171e-16
2.768286630392066581e+04 4.135315884785065148e-16
3.072112998861759115e+04 3.364277745915886959e-16
3.409285069746814406e+04 2.733858055282331020e-16
3.783462617131928710e+04 2.216192967240412534e-16
4.198707084443910571e+04 1.792147627912566045e-16
4.659525668664683326e+04 1.449321470870006030e-16
5.170920242896761192e+04 1.168847603646407909e-16
5.738441648302398244e+04 9.412295522769709464e-17
6.368249944718585903e+04 7.566882653469016986e-17
7.067181273927491566e+04 6.071685580400822067e-17
7.842822061337680498e+04 4.857077741689070088e-17
8.703591361485165544e+04 3.875524864070118817e-17
9.658832241158708348e+04 3.082005115679013458e-17
1.071891319205127511e+05 2.440699606721077814e-17
1.189534067370319535e+05 1.923267965064382834e-17
1.320088400831418112e+05 1.506990562869565539e-17
1.464971398307286145e+05 1.173052857206522787e-17
1.625755666443794908e+05 9.057705254431247501e-18
1.804186409392071655e+05 6.930104290481892312e-18
2.002200371815584658e+05 5.249304184306170711e-18
2.221946860939523904e+05 3.930307573684561261e-18
2.465811075822604180e+05 2.902042064256677314e-18
2.736439997074671555e+05 2.108819003082210777e-18
3.036771118035460822e+05 1.509177438446730892e-18
3.370064329271928291e+05 1.059146649773974481e-18
3.739937302478798083e+05 7.299711448783235698e-19
4.150404757850476308e+05 4.949254602275047136e-19
4.605922041145108524e+05 3.327409641299552675e-19
5.111433483440171112e+05 2.246095478494575046e-19
5.672426068491977639e+05 1.549448537888589962e-19
6.294988990221888525e+05 1.111190765870162470e-19
6.985879746785250027e+05 8.310373177082707608e-20
7.752597488629464060e+05 6.436408066262631750e-20
8.603464416684507160e+05 5.102015663806618308e-20
9.547716114208066138e+05 4.101390109731409473e-20
1.059560179277617019e+06 3.321356880126068564e-20
1.175849554052158026e+06 2.698625459205984329e-20
1.304901978014401859e+06 2.194840619567044222e-20
1.448118227674532915e+06 1.784560670633753846e-20
1.607052818261638284e+06 1.449880821401035215e-20
1.783430876931909472e+06 1.177128991548985974e-20
1.979166867853557458e+06 9.549242662630949072e-21
2.196385372416546568e+06 7.740183561661363492e-21
2.437444150122222025e+06 6.269361182147028806e-21
2.704959730463137385e+06 5.073424442120463033e-21
3.001835813575591892e+06 4.101630065917746080e-21
3.331294787934676744e+06 3.312775829028308397e-21
3.696912707195031922e+06 2.672875063662537017e-21
4.102658105827190448e+06 2.153998415359137056e-21
4.552935074866947718e+06 1.733390756811724448e-21
5.052631065335679799e+06 1.393201542013003567e-21
5.607169938205458224e+06 1.118185727652406067e-21
6.222570836730230600e+06 8.960257060707480065e-22
6.905513520162330940e+06 7.168072124224756425e-22
7.663410868007462472e+06 5.723692785273722121e-22
8.504489341802684590e+06 4.561383970677652496e-22
9.437878277775391936e+06 3.627406007343708799e-22
1.047370897959450819e+07 2.877655344796037619e-22
1.162322468679854274e+07 2.277072119835213503e-22
1.289890261253307760e+07 1.796869785735696867e-22
1.431458937523478456e+07 1.413596900058119153e-22
1.588565129428052530e+07 1.108418161842334319e-22
1.762914118095947802e+07 8.656847045395303804e-23
1.956398343517064676e+07 6.732804956127853387e-23
2.171117945694505423e+07 5.212556070361500372e-23
2.409403560239527002e+07 4.014192442076407745e-23
2.673841615839949250e+07 3.073092217464452963e-23
2.967302408188872784e+07 2.336492711350734209e-23
3.292971255097155273e+07 1.762873629512350247e-23
3.654383070957254618e+07 1.318733698792798489e-23
4.055460735840827972e+07 9.762438944852475777e-24
4.500557675700496882e+07 7.138368306391937925e-24
4.994505115855139494e+07 5.150213180091423948e-24
5.542664520663107187e+07 3.652553253149180876e-24
6.150985788580504060e+07 2.537443447589283043e-24
6.826071834272393584e+07 1.720430511438079099e-24
7.575250258771920204e+07 1.131836569998518101e-24
8.406652885618332028e+07 7.178422382708520505e-25
9.329304026284696162e+07 4.358522837455889097e-25
1.035321843295663744e+08 2.510057366502935483e-25
1.148951000187308788e+08 1.361829368879659297e-25
1.275051240713012964e+08 6.737281577453910842e-26
1.414991297434575856e+08 2.747256996299376644e-26
1.570290124729377627e+08 6.519660902223456768e-27
1.742633386009651124e+08 3.129340926004728359e-28
1.933891750455232263e+08 1.538395490893676340e-37
