1.000000000000000000e+02 1.435663795889375561e-12
1.109752496412072134e+02 1.213017144024877189e-12
1.231550603292826196e+02 1.023463448125715094e-12
1.366716356462005990e+02 8.612810117282569678e-13
1.516716888470922413e+02 7.239074218262583604e-13
1.683180353330956791e+02 6.068152584572011284e-13
1.867913599020782840e+02 5.079021186538812473e-13
2.072921779595371845e+02 4.239164060136554760e-13
2.300430119772916839e+02 3.532134770946820295e-13
2.552908068239516410e+02 2.935791649495489395e-13
2.833096101839323637e+02 2.435113355885498430e-13
3.144035471591500368e+02 2.014542206988470165e-13
3.489101213406774491e+02 1.663347446620509096e-13
3.872038781812557318e+02 1.369466991013182977e-13
4.297004704320843871e+02 1.125341668323544252e-13
4.768611697714468960e+02 9.218459521601301574e-14
5.291978735958442712e+02 7.542459580967549389e-14
5.872786613189482523e+02 6.147977328633619085e-14
6.517339604882420190e+02 5.009446231685560899e-14
7.232633896483533817e+02 4.065052839209887191e-14
8.026433522257173081e+02 3.299245281118559976e-14
8.907354638610439679e+02 2.666538440168837318e-14
9.884959046625587007e+02 2.157185624063553487e-14
1.096985797892383971e+03 1.738574619974327117e-14
1.217382727739662187e+03 1.403323415375010698e-14
1.350993521198027793e+03 1.129192324727370706e-14
1.499268432786045423e+03 9.103839257395236680e-15
1.663816886076128640e+03 7.324845194505111239e-15
1.846424942895544291e+03 5.906483338043300609e-15
2.049074689815845886e+03 4.760301315184191354e-15
2.273965752357927613e+03 3.843378463890880526e-15
2.523539170434765765e+03 3.106508374227180150e-15
2.800503894183631019e+03 2.513447148886964958e-15
3.107866187782013640e+03 2.038582676501499700e-15
3.448962260405759935e+03 1.653365148313416143e-15
3.827494478516314757e+03 1.344087466424079492e-15
4.247571552536898707e+03 1.092178677733175817e-15
4.713753134116724141e+03 8.892479171333482823e-16
5.231099308056262998e+03 7.230676870310856513e-16
5.805225516094896193e+03 5.882974922906334288e-16
6.442363508721369726e+03 4.780257364384101363e-16
7.149428986597576113e+03 3.881647068704737341e-16
7.934096665797491369e+03 3.144860043511975401e-16
8.804883581643463913e+03 2.546290540964174993e-16
9.771241535346502133e+03 2.055688526130597570e-16
1.084365968689610963e+04 1.655181585645918390e-16
1.203377840777589154e+04 1.332900481843398515e-16
1.335451562929898682e+04 1.067207850033955712e-16
1.482020705798858762e+04 8.543500961522998738e-17
1.644676177994664249e+04 6.827022851179418671e-17
1.825183494319044257e+04 5.434030320263224528e-17
2.025501939230666540e+04 4.326408518116603339e-17
2.247805833548725059e+04 3.435450591872506937e-17
2.494508135230316839e+04 2.725863747186997211e-17
2.768286630392066581e+04 2.160516210128235360e-17
3.072112998861759115e+04 1.712650402242338057e-17
3.409285069746814406e+04 1.357144905341444753e-17
3.783462617131928710e+04 1.075974787001173529e-17
4.198707084443910571e+04 8.537437658319340736e-18
4.659525668664683326e+04 6.772341781389374580e-18
5.170920242896761192e+04 5.376630064299310079e-18
5.738441648302398244e+04 4.270760588899566967e-18
6.368249944718585903e+04 3.392636274904342996e-18
7.067181273927491566e+04 2.694571676008905233e-18
7.842822061337680498e+04 2.135925166410659066e-18
8.703591361485165544e+04 1.690384904841604003e-18
9.658832241158708348e+04 1.334939234198168724e-18
1.071891319205127511e+05 1.051283436244013684e-18
1.189534067370319535e+05 8.250686071227813480e-19
1.320088400831418112e+05 6.447929694979484174e-19
1.464971398307286145e+05 5.016600753961540601e-19
1.625755666443794908e+05 3.885061622619937210e-19
1.804186409392071655e+05 2.996904382533339783e-19
2.002200371815584658e+05 2.302317611830366274e-19
2.221946860939523904e+05 1.763362035188761450e-19
2.465811075822604180e+05 1.348435054553462788e-19
2.736439997074671555e+05 1.031595640541578367e-19
3.036771118035460822e+05 7.916697603929108332e-20
3.370064329271928291e+05 6.118225309924368122e-20
3.739937302478798083e+05 4.776720926492966863e-20
4.150404757850476308e+05 3.772901190746991127e-20
4.605922041145108524e+05 3.015735609106842842e-20
5.111433483440171112e+05 2.434379304728675567e-20
5.672426068491977639e+05 1.980164304945656525e-20
6.294988990221888525e+05 1.617968528003520435e-20
6.985879746785250027e+05 1.325368659870844581e-20
7.752597488629464060e+05 1.086915893412985078e-20
8.603464416684507160e+05 8.916439679611754615e-21
9.547716114208066138e+05 7.312862225107633520e-21
1.059560179277617019e+06 5.994980447399656738e-21
1.175849554052158026e+06 4.911571638439994231e-21
1.304901978014401859e+06 4.020473714953679835e-21
1.448118227674532915e+06 3.288882664238517105e-21
1.607052818261638284e+06 2.687947223278158206e-21
1.783430876931909472e+06 2.195228992546980188e-21
1.979166867853557458e+06 1.791062792825512515e-21
2.196385372416546568e+06 1.460257855619794316e-21
2.437444150122222025e+06 1.189325978134057741e-21
2.704959730463137385e+06 9.676135408997368980e-22
3.001835813575591892e+06 7.865315674469332766e-22
3.331294787934676744e+06 6.385175907605762418e-22
3.696912707195031922e+06 5.178290573096164955e-22
4.102658105827190448e+06 4.194131117283431059e-22
4.552935074866947718e+06 3.393033448575957854e-22
5.052631065335679799e+06 2.741025852751251714e-22
5.607169938205458224e+06 2.211159957149021077e-22
6.222570836730230600e+06 1.781223196421814718e-22
6.905513520162330940e+06 1.432609048353402199e-22
7.663410868007462472e+06 1.150334169938887686e-22
8.504489341802684590e+06 9.220559864051297229e-23
9.437878277775391936e+06 7.377536222247162603e-23
1.047370897959450819e+07 5.891827068480178113e-23
1.162322468679854274e+07 4.695310473488536832e-23
1.289890261253307760e+07 3.732969666334137489e-23
1.431458937523478456e+07 2.961311819573346457e-23
1.588565129428052530e+07 2.343612226182528240e-23
1.762914118095947802e+07 1.849765889133729146e-23
1.956398343517064676e+07 1.455968719454494461e-23
2.171117945694505423e+07 1.142506484576938770e-23
2.409403560239527002e+07 8.934588214499249303e-24
2.673841615839949250e+07 6.963929183131998554e-24
2.967302408188872784e+07 5.406639473537169718e-24
3.292971255097155273e+07 4.181205450165316757e-24
3.654383070957254618e+07 3.215491930052852938e-24
4.055460735840827972e+07 2.459154036839665268e-24
4.500557675700496882e+07 1.871737996618112251e-24
4.994505115855139494e+07 1.414646014873260279e-24
5.542664520663107187e+07 1.061525276582223167e-24
6.150985788580504060e+07 7.897714944097771465e-25
6.826071834272393584e+07 5.818461661934556381e-25
7.575250258771920204e+07 4.237369510769150637e-25
8.406652885618332028e+07 3.046468925752724341e-25
9.329304026284696162e+07 2.154403600090357063e-25
1.035321843295663744e+08 1.492858965869728038e-25
1.148951000187308788e+08 1.009948121517657575e-25
1.275051240713012964e+08 6.618591770875899985e-26
1.414991297434575856e+08 4.163017734729717154e-26
1.570290124729377627e+08 2.479974142072897717e-26
1.742633386009651124e+08 1.371597898490159612e-26
1.933891750455232263e+08 6.840240868750469363e-27
2.146141197858406007e+08 2.936271079994757878e-27
2.381685551976160705e+08 1.006074680877423543e-27
2.643081486974108517e+08 2.499292733053348052e-28
2.933166278390048146e+08 4.453095368041789150e-29
3.255088599835056663e+08 8.664679849961712983e-31
3.612342699709430337e+08 6.261499102138617911e-37
4.008806328898465633e+08 1.860647662519418755e-62
