1.000000000000000000e+02 2.675493670338249421e-14
1.109752496412072134e+02 2.265802735116091767e-14
1.231550603292826196e+02 1.912249092044003083e-14
1.366716356462005990e+02 1.606785412310091067e-14
1.516716888470922413e+02 1.344249967123154152e-14
1.683180353330956791e+02 1.118225869093849661e-14
1.867913599020782840e+02 9.243405180951955663e-15
2.072921779595371845e+02 7.588018365591500615e-15
2.300430119772916839e+02 6.180866889826316849e-15
2.552908068239516410e+02 4.989624013233230117e-15
2.833096101839323637e+02 3.988047919950545687e-15
3.144035471591500368e+02 3.151961651656291709e-15
3.489101213406774491e+02 2.458702355034301513e-15
3.872038781812557318e+02 1.889968148759583832e-15
4.297004704320843871e+02 1.428681100875782702e-15
4.768611697714468960e+02 1.059813992761790817e-15
5.291978735958442712e+02 7.699145530145727753e-16
5.872786613189482523e+02 5.469075100944866048e-16
6.517339604882420190e+02 3.796143658625791409e-16
7.232633896483533817e+02 2.577372468532126241e-16
8.026433522257173081e+02 1.715958514656207320e-16
8.907354638610439679e+02 1.126619074453997736e-16
9.884959046625587007e+02 7.369062192406117690e-17
1.096985797892383971e+03 4.871810410805921527e-17
1.217382727739662187e+03 3.315646786793679371e-17
1.350993521198027793e+03 2.361786471278752326e-17
1.499268432786045423e+03 1.773457802430946634e-17
1.663816886076128640e+03 1.394881630228810536e-17
1.846424942895544291e+03 1.133405729408653796e-17
2.049074689815845886e+03 9.397598655024875813e-18
2.273965752357927613e+03 7.883470109499057147e-18
2.523539170434765765e+03 6.650275649212953541e-18
2.800503894183631019e+03 5.626318793002832055e-18
3.107866187782013640e+03 4.764514651515869459e-18
3.448962260405759935e+03 4.034905661064144991e-18
3.827494478516314757e+03 3.415949954162669254e-18
4.247571552536898707e+03 2.889886542376160272e-18
4.713753134116724141e+03 2.443188298068850785e-18
5.231099308056262998e+03 2.063623584794137572e-18
5.805225516094896193e+03 1.741676879673167386e-18
6.442363508721369726e+03 1.468317204294563928e-18
7.149428986597576113e+03 1.236992085606841560e-18
7.934096665797491369e+03 1.040910402960151659e-18
8.804883581643463913e+03 8.751950134829709165e-19
9.771241535346502133e+03 7.351639371566441772e-19
1.084365968689610963e+04 6.170072097115920519e-19
1.203377840777589154e+04 5.173895039896008193e-19
1.335451562929898682e+04 4.335195186279864055e-19
1.482020705798858762e+04 3.629309908638820510e-19
1.644676177994664249e+04 3.036314777605839167e-19
1.825183494319044257e+04 2.538203596592525294e-19
2.025501939230666540e+04 2.120554526819418826e-19
2.247805833548725059e+04 1.770285073170969760e-19
2.494508135230316839e+04 1.477003550325754544e-19
2.768286630392066581e+04 1.231433874504434467e-19
3.072112998861759115e+04 1.026073871899371613e-19
3.409285069746814406e+04 8.543597078016646980e-20
3.783462617131928710e+04 7.108533940053279481e-20
4.198707084443910571e+04 5.910116321942209386e-20
4.659525668664683326e+04 4.909791082190197662e-20
5.170920242896761192e+04 4.075462700351803407e-20
5.738441648302398244e+04 3.379707378179390536e-20
6.368249944718585903e+04 2.800194342620256816e-20
7.067181273927491566e+04 2.317638283993592930e-20
7.842822061337680498e+04 1.916169829337204026e-20
8.703591361485165544e+04 1.582530653359086806e-20
9.658832241158708348e+04 1.305277050480483542e-20
1.071891319205127511e+05 1.075190273889452116e-20
1.189534067370319535e+05 8.844636123533539268e-21
1.320088400831418112e+05 7.266088970262439766e-21
1.464971398307286145e+05 5.959588498297921713e-21
1.625755666443794908e+05 4.879080636030376537e-21
1.804186409392071655e+05 3.988332872361699862e-21
2.002200371815584658e+05 3.254179009210605546e-21
2.221946860939523904e+05 2.650397821924735854e-21
2.465811075822604180e+05 2.153987598793403718e-21
2.736439997074671555e+05 1.747861097000732054e-21
3.036771118035460822e+05 1.415254182443298434e-21
3.370064329271928291e+05 1.143957936336414400e-21
3.739937302478798083e+05 9.229043175326112899e-22
4.150404757850476308e+05 7.430648956285305621e-22
4.605922041145108524e+05 5.969911217493070612e-22
5.111433483440171112e+05 4.786088377941620176e-22
5.672426068491977639e+05 3.827573686158591276e-22
6.294988990221888525e+05 3.053440426984148056e-22
6.985879746785250027e+05 2.429385343816510299e-22
7.752597488629464060e+05 1.927357448409035668e-22
8.603464416684507160e+05 1.524481437569205826e-22
9.547716114208066138e+05 1.202188654192122515e-22
1.059560179277617019e+06 9.443665617059314490e-23
1.175849554052158026e+06 7.392483274217782453e-23
1.304901978014401859e+06 5.763207884019692595e-23
1.448118227674532915e+06 4.474907428217970099e-23
1.607052818261638284e+06 3.459894026828417289e-23
1.783430876931909472e+06 2.662848279818880761e-23
1.979166867853557458e+06 2.038227201701007547e-23
2.196385372416546568e+06 1.551687976777908200e-23
2.437444150122222025e+06 1.174892061303812935e-23
2.704959730463137385e+06 8.840100230153958895e-24
3.001835813575591892e+06 6.607516203821420414e-24
3.331294787934676744e+06 4.903311658617556589e-24
3.696912707195031922e+06 3.609993925357636638e-24
4.102658105827190448e+06 2.634411136296611917e-24
4.552935074866947718e+06 1.903994604181615188e-24
5.052631065335679799e+06 1.360013206717003268e-24
5.607169938205458224e+06 9.578752555745965292e-25
6.222570836730230600e+06 6.639187959872465164e-25
6.905513520162330940e+06 4.504531804669469233e-25
7.663410868007462472e+06 2.978528819524873357e-25
8.504489341802684590e+06 1.903351046652351954e-25
9.437878277775391936e+06 1.163860166621464517e-25
1.047370897959450819e+07 6.699000430798536697e-26
1.162322468679854274e+07 3.541828643576928552e-26
1.289890261253307760e+07 1.652469401891244760e-26
1.431458937523478456e+07 6.333938059787589789e-27
1.588565129428052530e+07 1.762003830228250832e-27
1.762914118095947802e+07 3.335208684173967803e-28
1.956398343517064676e+07 7.743658626868492618e-29
