1.000000000000000000e+02 3.736459179610154973e-13
1.109752496412072134e+02 3.088438486880414408e-13
1.231550603292826196e+02 2.545940310811365440e-13
1.366716356462005990e+02 2.093464922662219884e-13
1.516716888470922413e+02 1.717518136443025818e-13
1.683180353330956791e+02 1.406711989061338199e-13
1.867913599020782840e+02 1.150063904356383631e-13
2.072921779595371845e+02 9.387412541678322760e-14
2.300430119772916839e+02 7.657680543137980255e-14
2.552908068239516410e+02 6.240502290660551020e-14
2.833096101839323637e+02 5.088392844946842566e-14
3.144035471591500368e+02 4.144168694096492251e-14
3.489101213406774491e+02 3.380799563748900950e-14
3.872038781812557318e+02 2.760445694023685337e-14
4.297004704320843871e+02 2.255406292977995018e-14
4.768611697714468960e+02 1.844628210722157357e-14
5.291978735958442712e+02 1.509842470353392296e-14
5.872786613189482523e+02 1.236766840175043379e-14
6.517339604882420190e+02 1.013118604782199407e-14
7.232633896483533817e+02 8.297232092144548100e-15
8.026433522257173081e+02 6.788215678499224154e-15
8.907354638610439679e+02 5.544732556766986902e-15
9.884959046625587007e+02 4.517691673383847989e-15
1.096985797892383971e+03 3.671015179633661202e-15
1.217382727739662187e+03 2.965986636932815040e-15
1.350993521198027793e+03 2.384758518274737132e-15
1.499268432786045423e+03 1.904768480944239942e-15
1.663816886076128640e+03 1.507626832291913072e-15
1.846424942895544291e+03 1.180838227876973748e-15
2.049074689815845886e+03 9.137545973773570455e-16
2.273965752357927613e+03 6.935652670440476770e-16
2.523539170434765765e+03 5.166265872632456831e-16
2.800503894183631019e+03 3.753577175755189524e-16
3.107866187782013640e+03 2.643439525343312269e-16
3.448962260405759935e+03 1.790213135749309423e-16
3.827494478516314757e+03 1.154012327674478939e-16
4.247571552536898707e+03 6.991132792263354259e-17
4.713753134116724141e+03 3.932685357808252191e-17
5.231099308056262998e+03 2.015439382718434111e-17
5.805225516094896193e+03 9.359741322462844389e-18
6.442363508721369726e+03 3.968146773604602226e-18
7.149428986597576113e+03 1.587152212052890514e-18
7.934096665797491369e+03 6.249290167961675884e-19
8.804883581643463913e+03 2.636469284373062975e-19
9.771241535346502133e+03 1.333792302013109354e-19
1.084365968689610963e+04 8.426947186897963726e-20
1.203377840777589154e+04 6.202701355128204362e-20
1.335451562929898682e+04 4.888840626231510714e-20
1.482020705798858762e+04 3.946242223000824355e-20
1.644676177994664249e+04 3.208463509331886185e-20
1.825183494319044257e+04 2.613041927332363711e-20
2.025501939230666540e+04 2.128401195584080455e-20
2.247805833548725059e+04 1.732865163093695320e-20
2.494508135230316839e+04 1.409896794748946306e-20
2.768286630392066581e+04 1.146368682113648250e-20
3.072112998861759115e+04 9.314379244554099152e-21
3.409285069746814406e+04 7.563685104414077213e-21
3.783462617131928710e+04 6.137425017570886840e-21
4.198707084443910571e+04 4.976227189548152943e-21
4.659525668664683326e+04 4.031696330088553060e-21
5.170920242896761192e+04 3.263664818971699945e-21
5.738441648302398244e+04 2.639877242700203925e-21
6.368249944718585903e+04 2.133300103279919926e-21
7.067181273927491566e+04 1.722354950451629828e-21
7.842822061337680498e+04 1.389338861656014569e-21
8.703591361485165544e+04 1.119615999919886866e-21
9.658832241158708348e+04 9.014267708999339645e-22
1.071891319205127511e+05 7.249157162229055918e-22
1.189534067370319535e+05 5.824421411513994395e-22
1.320088400831418112e+05 4.674474000227343361e-22
1.464971398307286145e+05 3.747932860123354822e-22
1.625755666443794908e+05 3.001908901276507255e-22
1.804186409392071655e+05 2.401869456145164201e-22
2.002200371815584658e+05 1.919900249136810147e-22
2.221946860939523904e+05 1.533099501897606355e-22
2.465811075822604180e+05 1.223139262992720600e-22
2.736439997074671555e+05 9.750157971845331823e-23
3.036771118035460822e+05 7.765340532928690232e-23
3.370064329271928291e+05 6.180160392396941851e-23
3.739937302478798083e+05 4.914836262637924188e-23
4.150404757850476308e+05 3.905206791362357749e-23
4.605922041145108524e+05 3.100647749299586761e-23
5.111433483440171112e+05 2.459708753768756562e-23
5.672426068491977639e+05 1.949864732643585090e-23
6.294988990221888525e+05 1.544270378890581154e-23
6.985879746785250027e+05 1.222102938355572906e-23
7.752597488629464060e+05 9.662342338986898289e-24
8.603464416684507160e+05 7.631634948782599674e-24
9.547716114208066138e+05 6.021974052803343676e-24
1.059560179277617019e+06 4.746976145070393783e-24
1.175849554052158026e+06 3.737899618156415043e-24
1.304901978014401859e+06 2.940433782983000447e-24
1.448118227674532915e+06 2.310542385775224892e-24
1.607052818261638284e+06 1.813328303448893216e-24
1.783430876931909472e+06 1.421061966676896140e-24
1.979166867853557458e+06 1.112100625056874668e-24
2.196385372416546568e+06 8.691305731194587172e-25
2.437444150122222025e+06 6.781567239780441484e-25
2.704959730463137385e+06 5.282827353979726300e-25
3.001835813575591892e+06 4.107786466414561722e-25
3.331294787934676744e+06 3.188250022719236127e-25
3.696912707195031922e+06 2.469379055461423865e-25
4.102658105827190448e+06 1.908563450661879073e-25
4.552935074866947718e+06 1.471551410975516419e-25
5.052631065335679799e+06 1.132023169062331596e-25
5.607169938205458224e+06 8.684662234729186292e-26
6.222570836730230600e+06 6.642175740124766491e-26
6.905513520162330940e+06 5.063964982111150445e-26
7.663410868007462472e+06 3.848030878274169364e-26
8.504489341802684590e+06 2.913612653862200435e-26
9.437878277775391936e+06 2.197988346599327650e-26
1.047370897959450819e+07 1.651509244687202429e-26
1.162322468679854274e+07 1.234366519752446048e-26
1.289890261253307760e+07 9.179224444462291600e-27
1.431458937523478456e+07 6.795395269394036418e-27
1.588565129428052530e+07 4.997010589477773493e-27
1.762914118095947802e+07 3.650031105992240261e-27
1.956398343517064676e+07 2.647424579240946281e-27
2.171117945694505423e+07 1.903992401919537037e-27
2.409403560239527002e+07 1.357316361801777335e-27
2.673841615839949250e+07 9.581285131425821530e-28
2.967302408188872784e+07 6.683632306381546149e-28
3.292971255097155273e+07 4.602105762287514397e-28
3.654383070957254618e+07 3.121979825731099107e-28
4.055460735840827972e+07 2.081132612837881673e-28
4.500557675700496882e+07 1.359362104818114787e-28
4.994505115855139494e+07 8.667749493924765372e-29
5.542664520663107187e+07 5.366988424097411040e-29
6.150985788580504060e+07 3.211217124315772893e-29
6.826071834272393584e+07 1.839796568110077023e-29
7.575250258771920204e+07 1.000057594551124669e-29
8.406652885618332028e+07 5.088513073323211173e-30
9.329304026284696162e+07 2.376915244729530588e-30
1.035321843295663744e+08 9.809508727691643999e-31
1.148951000187308788e+08 3.145374839238014023e-31
1.275051240713012964e+08 4.226177306920228647e-32
