1.000000000000000000e+02 1.977384091325869123e-11
1.109752496412072134e+02 1.700416637715467762e-11
1.231550603292826196e+02 1.459846579740154427e-11
1.366716356462005990e+02 1.252089051542564480e-11
1.516716888470922413e+02 1.072180052786966657e-11
1.683180353330956791e+02 9.169251339937693486e-12
1.867913599020782840e+02 7.829838909496637114e-12
2.072921779595371845e+02 6.674481613501934404e-12
2.300430119772916839e+02 5.681370754301795268e-12
2.552908068239516410e+02 4.827766568812656886e-12
2.833096101839323637e+02 4.094852951961783780e-12
3.144035471591500368e+02 3.468783824767398543e-12
3.489101213406774491e+02 2.931810483717492167e-12
3.872038781812557318e+02 2.473425323204594000e-12
4.297004704320843871e+02 2.083999412808350627e-12
4.768611697714468960e+02 1.750921105592356080e-12
5.291978735958442712e+02 1.470003499351958918e-12
5.872786613189482523e+02 1.229958368270261507e-12
6.517339604882420190e+02 1.028507440104603494e-12
7.232633896483533817e+02 8.574692273489905242e-13
8.026433522257173081e+02 7.142032777228626921e-13
8.907354638610439679e+02 5.932148901903959030e-13
9.884959046625587007e+02 4.921569298293542956e-13
1.096985797892383971e+03 4.073797912162955582e-13
1.217382727739662187e+03 3.367023118579874240e-13
1.350993521198027793e+03 2.777084059242500487e-13
1.499268432786045423e+03 2.288469846939560330e-13
1.663816886076128640e+03 1.881229070115389253e-13
1.846424942895544291e+03 1.546126632986122930e-13
2.049074689815845886e+03 1.267679081640034219e-13
2.273965752357927613e+03 1.038439317323287928e-13
2.523539170434765765e+03 8.496479116191982283e-14
2.800503894183631019e+03 6.952630428420829934e-14
3.107866187782013640e+03 5.673352848124646078e-14
3.448962260405759935e+03 4.633712024661793303e-14
3.827494478516314757e+03 3.774092268469161124e-14
4.247571552536898707e+03 3.077605111497749954e-14
4.713753134116724141e+03 2.501800955042548053e-14
5.231099308056262998e+03 2.035825987520999756e-14
5.805225516094896193e+03 1.651607890020082284e-14
6.442363508721369726e+03 1.340315389507360956e-14
7.149428986597576113e+03 1.084398901511381518e-14
7.934096665797491369e+03 8.768450342546633770e-15
8.804883581643463913e+03 7.075942639416223087e-15
9.771241535346502133e+03 5.689787616102498731e-15
1.084365968689610963e+04 4.560467208116423641e-15
1.203377840777589154e+04 3.655790210562582614e-15
1.335451562929898682e+04 2.911046049550298168e-15
1.482020705798858762e+04 2.320640004013650308e-15
1.644676177994664249e+04 1.837229107493918908e-15
1.825183494319044257e+04 1.451765697744967646e-15
2.025501939230666540e+04 1.145854347298259550e-15
2.247805833548725059e+04 8.978749724962740383e-16
2.494508135230316839e+04 7.055497317619466137e-16
2.768286630392066581e+04 5.501827022051156140e-16
3.072112998861759115e+04 4.290342117668436919e-16
3.409285069746814406e+04 3.346073765354436555e-16
3.783462617131928710e+04 2.600352097565394851e-16
4.198707084443910571e+04 2.023392658380476739e-16
4.659525668664683326e+04 1.574799403846677891e-16
5.170920242896761192e+04 1.225582722844001524e-16
5.738441648302398244e+04 9.555898956023467567e-17
6.368249944718585903e+04 7.458997966832404752e-17
7.067181273927491566e+04 5.829838499755952378e-17
7.842822061337680498e+04 4.561916200342836018e-17
8.703591361485165544e+04 3.570514071136118086e-17
9.658832241158708348e+04 2.793603138455400513e-17
1.071891319205127511e+05 2.181551878768490124e-17
1.189534067370319535e+05 1.698947364400367112e-17
1.320088400831418112e+05 1.316855999973886129e-17
1.464971398307286145e+05 1.014856681529731174e-17
1.625755666443794908e+05 7.762207536166120522e-18
1.804186409392071655e+05 5.880655458389114890e-18
2.002200371815584658e+05 4.402148244637968944e-18
2.221946860939523904e+05 3.253066139395784976e-18
2.465811075822604180e+05 2.367467901498159826e-18
2.736439997074671555e+05 1.693599004899210148e-18
3.036771118035460822e+05 1.187294305291298544e-18
3.370064329271928291e+05 8.154916443584393452e-19
3.739937302478798083e+05 5.467518580208492194e-19
4.150404757850476308e+05 3.580401844730624832e-19
4.605922041145108524e+05 2.298295644038989766e-19
5.111433483440171112e+05 1.455257325862593126e-19
5.672426068491977639e+05 9.213607894050941740e-20
6.294988990221888525e+05 5.960678503222371892e-20
6.985879746785250027e+05 4.018910193857599574e-20
7.752597488629464060e+05 2.843058417105651706e-20
8.603464416684507160e+05 2.100718189272096206e-20
9.547716114208066138e+05 1.603708509609332547e-20
1.059560179277617019e+06 1.250043807786555062e-20
1.175849554052158026e+06 9.861165284956497506e-21
1.304901978014401859e+06 7.825344911306459934e-21
1.448118227674532915e+06 6.227686287765864562e-21
1.607052818261638284e+06 4.959037209258330419e-21
1.783430876931909472e+06 3.946887147121825124e-21
1.979166867853557458e+06 3.138205522586676466e-21
2.196385372416546568e+06 2.492541968329032406e-21
2.437444150122222025e+06 1.977291552997561923e-21
2.704959730463137385e+06 1.566912288851303815e-21
3.001835813575591892e+06 1.239985561434931184e-21
3.331294787934676744e+06 9.800187304207618218e-22
3.696912707195031922e+06 7.734918439570491811e-22
4.102658105827190448e+06 6.095900683347669069e-22
4.552935074866947718e+06 4.796732145241096356e-22
5.052631065335679799e+06 3.768126914171769305e-22
5.607169938205458224e+06 2.954987777160899184e-22
6.222570836730230600e+06 2.312865328084311012e-22
6.905513520162330940e+06 1.806772183048246943e-22
7.663410868007462472e+06 1.408323054843787027e-22
8.504489341802684590e+06 1.095215962486195404e-22
9.437878277775391936e+06 8.492533760257277064e-23
1.047370897959450819e+07 6.568401550690606073e-23
1.162322468679854274e+07 5.064160342934931736e-23
1.289890261253307760e+07 3.891745410967561455e-23
1.431458937523478456e+07 2.980446847441573449e-23
1.588565129428052530e+07 2.273683907933310995e-23
1.762914118095947802e+07 1.725295226074366032e-23
1.956398343517064676e+07 1.300689782033763838e-23
2.171117945694505423e+07 9.771697567288113181e-24
2.409403560239527002e+07 7.283460072002379261e-24
2.673841615839949250e+07 5.391335943262540705e-24
2.967302408188872784e+07 3.953424774681472365e-24
3.292971255097155273e+07 2.870368646711115083e-24
3.654383070957254618e+07 2.060168669616374731e-24
4.055460735840827972e+07 1.458608246204389527e-24
4.500557675700496882e+07 1.016290407964498587e-24
4.994505115855139494e+07 6.942149913711541881e-25
5.542664520663107187e+07 4.631545818188019360e-25
6.150985788580504060e+07 3.002888014321530461e-25
6.826071834272393584e+07 1.879296992696790706e-25
7.575250258771920204e+07 1.126155990007091388e-25
8.406652885618332028e+07 6.404777883988409661e-26
9.329304026284696162e+07 3.421030659150788884e-26
1.035321843295663744e+08 1.693442221344361282e-26
1.148951000187308788e+08 7.513411221916506744e-27
1.275051240713012964e+08 2.622825601417403004e-27
1.414991297434575856e+08 4.273670713714468737e-28
1.570290124729377627e+08 5.962521366776240073e-31
1.742633386009651124e+08 1.332884431069616835e-36
1.933891750455232263e+08 1.457234190662884183e-47
2.146141197858406007e+08 2.089387506291447371e-95
