1.000000000000000000e+02 2.456070263615777592e-12
1.109752496412072134e+02 1.988690471198513732e-12
1.231550603292826196e+02 1.611626217925506622e-12
1.366716356462005990e+02 1.300698314270249044e-12
1.516716888470922413e+02 1.056674394838795355e-12
1.683180353330956791e+02 8.540394906784527836e-13
1.867913599020782840e+02 6.959176991371672289e-13
2.072921779595371845e+02 5.646880842370491494e-13
2.300430119772916839e+02 4.616892032167879363e-13
2.552908068239516410e+02 3.766585126587085472e-13
2.833096101839323637e+02 3.086242373470531478e-13
3.144035471591500368e+02 2.520433663885653329e-13
3.489101213406774491e+02 2.067274171370421261e-13
3.872038781812557318e+02 1.692288796009520747e-13
4.297004704320843871e+02 1.383320509957624339e-13
4.768611697714468960e+02 1.127736849178082741e-13
5.291978735958442712e+02 9.170868247548164951e-14
5.872786613189482523e+02 7.428823239910509819e-14
6.517339604882420190e+02 5.995190842260914153e-14
7.232633896483533817e+02 4.815164352571403131e-14
8.026433522257173081e+02 3.847453539224889557e-14
8.907354638610439679e+02 3.060597355461605664e-14
9.884959046625587007e+02 2.422414716954801693e-14
1.096985797892383971e+03 1.908647041329390155e-14
1.217382727739662187e+03 1.497757563928276836e-14
1.350993521198027793e+03 1.171900596691783074e-14
1.499268432786045423e+03 9.138696797787651187e-15
1.663816886076128640e+03 7.135287863306730988e-15
1.846424942895544291e+03 5.566099025660854458e-15
2.049074689815845886e+03 4.353637419340461747e-15
2.273965752357927613e+03 3.420006346711588744e-15
2.523539170434765765e+03 2.701944453805955548e-15
2.800503894183631019e+03 2.149460757531675020e-15
3.107866187782013640e+03 1.725006746364086044e-15
3.448962260405759935e+03 1.394882245936595313e-15
3.827494478516314757e+03 1.139469859746548833e-15
4.247571552536898707e+03 9.365932873154863214e-16
4.713753134116724141e+03 7.754980027774963621e-16
5.231099308056262998e+03 6.456921482332485327e-16
5.805225516094896193e+03 5.386658486815158221e-16
6.442363508721369726e+03 4.508210926413260064e-16
7.149428986597576113e+03 3.777216677174699182e-16
7.934096665797491369e+03 3.161608839758764980e-16
8.804883581643463913e+03 2.642696512437580065e-16
9.771241535346502133e+03 2.205871024994459781e-16
1.084365968689610963e+04 1.832742403663909774e-16
1.203377840777589154e+04 1.517824807928665391e-16
1.335451562929898682e+04 1.250066452575737318e-16
1.482020705798858762e+04 1.024326759781592039e-16
1.644676177994664249e+04 8.351538038077064105e-17
1.825183494319044257e+04 6.749506941184631245e-17
2.025501939230666540e+04 5.391317885979437395e-17
2.247805833548725059e+04 4.268604625151513075e-17
2.494508135230316839e+04 3.349167336315181072e-17
2.768286630392066581e+04 2.600848841807547781e-17
3.072112998861759115e+04 1.982327130883144717e-17
3.409285069746814406e+04 1.477072220434354866e-17
3.783462617131928710e+04 1.080246204799405805e-17
4.198707084443910571e+04 7.729372683760565898e-18
4.659525668664683326e+04 5.391824229471156989e-18
5.170920242896761192e+04 3.646715635420233464e-18
5.738441648302398244e+04 2.363026362607982884e-18
6.368249944718585903e+04 1.468124723679662411e-18
7.067181273927491566e+04 8.682341551114066494e-19
7.842822061337680498e+04 4.862245944564238267e-19
8.703591361485165544e+04 2.566141399369690889e-19
9.658832241158708348e+04 1.275661169832639539e-19
1.071891319205127511e+05 5.966093290364721424e-20
1.189534067370319535e+05 2.634948838028770552e-20
1.320088400831418112e+05 1.124118092381633947e-20
1.464971398307286145e+05 4.936032092413732274e-21
1.625755666443794908e+05 2.450803317261210012e-21
1.804186409392071655e+05 1.463792103023200203e-21
2.002200371815584658e+05 1.017510712571559961e-21
2.221946860939523904e+05 7.686610294989824203e-22
2.465811075822604180e+05 6.002502078357782663e-22
2.736439997074671555e+05 4.730825503629877635e-22
3.036771118035460822e+05 3.734520751398586071e-22
3.370064329271928291e+05 2.945815330048516932e-22
3.739937302478798083e+05 2.320918256406535939e-22
4.150404757850476308e+05 1.826882702065016944e-22
4.605922041145108524e+05 1.436459631479871967e-22
5.111433483440171112e+05 1.128159711373701007e-22
5.672426068491977639e+05 8.850538084872521003e-23
6.294988990221888525e+05 6.936108225291382712e-23
6.985879746785250027e+05 5.428801843483841216e-23
7.752597488629464060e+05 4.243878142707895078e-23
8.603464416684507160e+05 3.313278283130733224e-23
9.547716114208066138e+05 2.583409952237080390e-23
1.059560179277617019e+06 2.011727846194957832e-23
1.175849554052158026e+06 1.564341008922840847e-23
1.304901978014401859e+06 1.214880379932961850e-23
1.448118227674532915e+06 9.420030634577030834e-24
1.607052818261638284e+06 7.293991026966457942e-24
1.783430876931909472e+06 5.639095717783144997e-24
1.979166867853557458e+06 4.352404469266271252e-24
2.196385372416546568e+06 3.354401323823977699e-24
2.437444150122222025e+06 2.580882788683446706e-24
2.704959730463137385e+06 1.981917092055681027e-24
3.001835813575591892e+06 1.519572216570729154e-24
3.331294787934676744e+06 1.162931080695637928e-24
3.696912707195031922e+06 8.882725335158921969e-25
4.102658105827190448e+06 6.771370227690278203e-25
4.552935074866947718e+06 5.151440119145829363e-25
5.052631065335679799e+06 3.910756416548307931e-25
5.607169938205458224e+06 2.962561663170359657e-25
6.222570836730230600e+06 2.239047130814386664e-25
6.905513520162330940e+06 1.688212578412191249e-25
7.663410868007462472e+06 1.269736610984872939e-25
8.504489341802684590e+06 9.524466425408049098e-26
9.437878277775391936e+06 7.125421834501406937e-26
1.047370897959450819e+07 5.314860622979051176e-26
1.162322468679854274e+07 3.951710547699590883e-26
1.289890261253307760e+07 2.928923287107433419e-26
1.431458937523478456e+07 2.163669123304338464e-26
1.588565129428052530e+07 1.591673090212838108e-26
1.762914118095947802e+07 1.165797819658133592e-26
1.956398343517064676e+07 8.508663779163793758e-27
2.171117945694505423e+07 6.173628139799631553e-27
2.409403560239527002e+07 4.457358779360189804e-27
2.673841615839949250e+07 3.198269516282244022e-27
2.967302408188872784e+07 2.279197053015951386e-27
3.292971255097155273e+07 1.611961932403924671e-27
3.654383070957254618e+07 1.130126084210526073e-27
4.055460735840827972e+07 7.842608651397825381e-28
4.500557675700496882e+07 5.378732046586111589e-28
4.994505115855139494e+07 3.638806615910112198e-28
5.542664520663107187e+07 2.420707024385482907e-28
6.150985788580504060e+07 1.578780748339920896e-28
6.826071834272393584e+07 1.004766216121402424e-28
7.575250258771920204e+07 6.203074379916704709e-29
8.406652885618332028e+07 3.686189267675695259e-29
9.329304026284696162e+07 2.084596057728678545e-29
1.035321843295663744e+08 1.106234247788120019e-29
1.148951000187308788e+08 5.405210961922043810e-30
1.275051240713012964e+08 2.378412013991554619e-30
1.414991297434575856e+08 9.199855431702960255e-31
1.570290124729377627e+08 2.858035868032504647e-31
1.742633386009651124e+08 3.315274251611965369e-32
