1.000000000000000000e+02 1.233470058408904226e-10
1.109752496412072134e+02 1.087014990177006080e-10
1.231550603292826196e+02 9.578298015865835227e-11
1.366716356462005990e+02 8.437982640364848717e-11
1.516716888470922413e+02 7.431124178619200262e-11
1.683180353330956791e+02 6.543343729528397593e-11
1.867913599020782840e+02 5.760336875822176294e-11
2.072921779595371845e+02 5.068409684750368956e-11
2.300430119772916839e+02 4.458931228579232488e-11
2.552908068239516410e+02 3.921606946430370309e-11
2.833096101839323637e+02 3.447117401578061317e-11
3.144035471591500368e+02 3.029196378357511631e-11
3.489101213406774491e+02 2.660192305090402516e-11
3.872038781812557318e+02 2.335219308943711507e-11
4.297004704320843871e+02 2.049173403858907524e-11
4.768611697714468960e+02 1.796583471673355348e-11
5.291978735958442712e+02 1.574600199650948492e-11
5.872786613189482523e+02 1.378552967727144477e-11
6.517339604882420190e+02 1.206517649585448832e-11
7.232633896483533817e+02 1.054748530888451193e-11
8.026433522257173081e+02 9.213795311236797763e-12
8.907354638610439679e+02 8.044641584061001498e-12
9.884959046625587007e+02 7.012389284559966816e-12
1.096985797892383971e+03 6.110142545153965927e-12
1.217382727739662187e+03 5.316279586868919966e-12
1.350993521198027793e+03 4.621094957397136624e-12
1.499268432786045423e+03 4.012245732712264435e-12
1.663816886076128640e+03 3.477835138841716107e-12
1.846424942895544291e+03 3.011810571114166598e-12
2.049074689815845886e+03 2.605350004824524865e-12
2.273965752357927613e+03 2.249062193671780506e-12
2.523539170434765765e+03 1.938871957564528849e-12
2.800503894183631019e+03 1.669605730309758329e-12
3.107866187782013640e+03 1.435358527750846290e-12
3.448962260405759935e+03 1.232111159803528278e-12
3.827494478516314757e+03 1.055526374112682766e-12
4.247571552536898707e+03 9.033394921531062963e-13
4.713753134116724141e+03 7.712711009715931332e-13
5.231099308056262998e+03 6.572712026155001345e-13
5.805225516094896193e+03 5.590952159410895979e-13
6.442363508721369726e+03 4.752583501705860015e-13
7.149428986597576113e+03 4.028239401431566878e-13
7.934096665797491369e+03 3.409492355696386749e-13
8.804883581643463913e+03 2.881727651633947511e-13
9.771241535346502133e+03 2.429911182937396113e-13
1.084365968689610963e+04 2.045523660047230049e-13
1.203377840777589154e+04 1.719138808324911027e-13
1.335451562929898682e+04 1.441949777568063396e-13
1.482020705798858762e+04 1.207489874427393628e-13
1.644676177994664249e+04 1.008630120752227208e-13
1.825183494319044257e+04 8.421184345000410474e-14
2.025501939230666540e+04 6.997940451344252935e-14
2.247805833548725059e+04 5.815600767538939292e-14
2.494508135230316839e+04 4.806556281794560849e-14
2.768286630392066581e+04 3.971343834750821854e-14
3.072112998861759115e+04 3.262945864649525838e-14
3.409285069746814406e+04 2.674389218230972911e-14
3.783462617131928710e+04 2.184151657703309393e-14
4.198707084443910571e+04 1.771953015073157717e-14
4.659525668664683326e+04 1.432378503100988483e-14
5.170920242896761192e+04 1.147898457987017102e-14
5.738441648302398244e+04 9.155436665866244349e-15
6.368249944718585903e+04 7.254272971184488550e-15
7.067181273927491566e+04 5.686807097234764390e-15
7.842822061337680498e+04 4.427225473469515953e-15
8.703591361485165544e+04 3.413447378605166477e-15
9.658832241158708348e+04 2.600154555379123224e-15
1.071891319205127511e+05 1.962660717962631911e-15
1.189534067370319535e+05 1.463629055404523192e-15
1.320088400831418112e+05 1.077354049446807646e-15
1.464971398307286145e+05 7.834592193185421687e-16
1.625755666443794908e+05 5.627690089394570285e-16
1.804186409392071655e+05 3.992395388227149196e-16
2.002200371815584658e+05 2.801503142885836594e-16
2.221946860939523904e+05 1.946124426335866671e-16
2.465811075822604180e+05 1.345895542005147064e-16
2.736439997074671555e+05 9.283013923502509663e-17
3.036771118035460822e+05 6.419794972980739900e-17
3.370064329271928291e+05 4.478650640454039983e-17
3.739937302478798083e+05 3.161985684899123519e-17
4.150404757850476308e+05 2.265513977690980112e-17
4.605922041145108524e+05 1.644802424603638681e-17
5.111433483440171112e+05 1.205355480204773336e-17
5.672426068491977639e+05 8.855710455129661113e-18
6.294988990221888525e+05 6.473053774432112795e-18
6.985879746785250027e+05 4.664782613680443264e-18
7.752597488629464060e+05 3.277004769733064309e-18
8.603464416684507160e+05 2.226930406414315630e-18
9.547716114208066138e+05 1.436650413417188071e-18
1.059560179277617019e+06 8.648842362826415875e-19
1.175849554052158026e+06 4.742717687553293885e-19
1.304901978014401859e+06 2.307076407606177319e-19
1.448118227674532915e+06 9.767632700975051351e-20
1.607052818261638284e+06 3.622787309241644385e-20
1.783430876931909472e+06 1.197033487690864362e-20
1.979166867853557458e+06 3.613043703911081595e-21
2.196385372416546568e+06 1.057599500151219818e-21
2.437444150122222025e+06 3.367999537651508162e-22
2.704959730463137385e+06 1.293799486042074273e-22
3.001835813575591892e+06 5.894640691731606976e-23
3.331294787934676744e+06 2.906009050906829800e-23
3.696912707195031922e+06 1.443347140029736665e-23
4.102658105827190448e+06 6.929065532812739215e-24
4.552935074866947718e+06 3.109541775609641053e-24
5.052631065335679799e+06 1.295008996795138341e-24
5.607169938205458224e+06 4.964790815586598895e-25
6.222570836730230600e+06 1.725498051439869474e-25
6.905513520162330940e+06 5.370345303946412782e-26
7.663410868007462472e+06 1.481479486292205324e-26
8.504489341802684590e+06 3.584371146696723301e-27
9.437878277775391936e+06 7.526774515815141832e-28
1.047370897959450819e+07 1.357107665027440096e-28
1.162322468679854274e+07 2.079609470337650646e-29
1.289890261253307760e+07 2.680128211344308488e-30
1.431458937523478456e+07 2.873893546908562073e-31
1.588565129428052530e+07 2.535378290143832884e-32
1.762914118095947802e+07 1.817301841462547755e-33
1.956398343517064676e+07 1.043746346335012077e-34
2.171117945694505423e+07 4.731884247534896389e-36
2.409403560239527002e+07 1.665055742169983310e-37
2.673841615839949250e+07 4.457516163708976548e-39
2.967302408188872784e+07 8.881437752141164758e-41
3.292971255097155273e+07 1.283848560018576704e-42
3.654383070957254618e+07 1.308449742520784230e-44
4.055460735840827972e+07 9.094937136120258365e-47
4.500557675700496882e+07 4.147683389779626593e-49
4.994505115855139494e+07 1.186063737476220713e-51
5.542664520663107187e+07 2.019678623096664761e-54
6.150985788580504060e+07 1.913753179461482533e-57
6.826071834272393584e+07 9.386042662638707081e-61
7.575250258771920204e+07 2.207272601644794683e-64
8.406652885618332028e+07 2.271056296270047326e-68
9.329304026284696162e+07 9.175097476892014731e-73
1.035321843295663744e+08 1.276173207176510585e-77
1.148951000187308788e+08 5.191506890356855220e-83
1.275051240713012964e+08 4.976710233540946863e-89
1.414991297434575856e+08 7.990084863128764808e-96
