1.000000000000000000e+02 5.154883640646435130e-12
1.109752496412072134e+02 4.272246217721210001e-12
1.231550603292826196e+02 3.536189025506419462e-12
1.366716356462005990e+02 2.928179267441695046e-12
1.516716888470922413e+02 2.423693426898203915e-12
1.683180353330956791e+02 2.006220552924002103e-12
1.867913599020782840e+02 1.659179747202092336e-12
2.072921779595371845e+02 1.371375123961026387e-12
2.300430119772916839e+02 1.132103960279712999e-12
2.552908068239516410e+02 9.334285504311710881e-13
2.833096101839323637e+02 7.684805367625953232e-13
3.144035471591500368e+02 6.314909973045539612e-13
3.489101213406774491e+02 5.177637275160810071e-13
3.872038781812557318e+02 4.234804188848498959e-13
4.297004704320843871e+02 3.455293646239301397e-13
4.768611697714468960e+02 2.812513652221355958e-13
5.291978735958442712e+02 2.283337614192205220e-13
5.872786613189482523e+02 1.849414700866193184e-13
6.517339604882420190e+02 1.494763288569033414e-13
7.232633896483533817e+02 1.205591855423723739e-13
8.026433522257173081e+02 9.709432097781201006e-14
8.907354638610439679e+02 7.807756203683761184e-14
9.884959046625587007e+02 6.280486282472025316e-14
1.096985797892383971e+03 5.046974869199420681e-14
1.217382727739662187e+03 4.059283479190615585e-14
1.350993521198027793e+03 3.269913446217121982e-14
1.499268432786045423e+03 2.638420464776032510e-14
1.663816886076128640e+03 2.134206833613393195e-14
1.846424942895544291e+03 1.731429382703563354e-14
2.049074689815845886e+03 1.408548790327073685e-14
2.273965752357927613e+03 1.150694691064032186e-14
2.523539170434765765e+03 9.433085071370367071e-15
2.800503894183631019e+03 7.754811861165710749e-15
3.107866187782013640e+03 6.404630326394614615e-15
3.448962260405759935e+03 5.299600880986731094e-15
3.827494478516314757e+03 4.397154864106101458e-15
4.247571552536898707e+03 3.659149754215534187e-15
4.713753134116724141e+03 3.046166047604327128e-15
5.231099308056262998e+03 2.541198996641271399e-15
5.805225516094896193e+03 2.119215461458897052e-15
6.442363508721369726e+03 1.767134993721658269e-15
7.149428986597576113e+03 1.471708091295015908e-15
7.934096665797491369e+03 1.225142756009927658e-15
8.804883581643463913e+03 1.017043690610633543e-15
9.771241535346502133e+03 8.414194995489686442e-16
1.084365968689610963e+04 6.947050681532435894e-16
1.203377840777589154e+04 5.715852305072033019e-16
1.335451562929898682e+04 4.684844307283027782e-16
1.482020705798858762e+04 3.809116675307502482e-16
1.644676177994664249e+04 3.079849194170208247e-16
1.825183494319044257e+04 2.478663796701566796e-16
2.025501939230666540e+04 1.983208816337580522e-16
2.247805833548725059e+04 1.569885620786702292e-16
2.494508135230316839e+04 1.229358668823206406e-16
2.768286630392066581e+04 9.563277647143486436e-17
3.072112998861759115e+04 7.358634120229044108e-17
3.409285069746814406e+04 5.586404707014746964e-17
3.783462617131928710e+04 4.177528902173640959e-17
4.198707084443910571e+04 3.074350683619585049e-17
4.659525668664683326e+04 2.224298582700180057e-17
5.170920242896761192e+04 1.576867372379728864e-17
5.738441648302398244e+04 1.092111879096424728e-17
6.368249944718585903e+04 7.364200942596099515e-18
7.067181273927491566e+04 4.829967228275093373e-18
7.842822061337680498e+04 3.079860904369153328e-18
8.703591361485165544e+04 1.914525128605791488e-18
9.658832241158708348e+04 1.167161923232139775e-18
1.071891319205127511e+05 7.053427366711796001e-19
1.189534067370319535e+05 4.297808843364537669e-19
1.320088400831418112e+05 2.697353081081501802e-19
1.464971398307286145e+05 1.774161026021586470e-19
1.625755666443794908e+05 1.229231640940733161e-19
1.804186409392071655e+05 8.900054816695787772e-20
2.002200371815584658e+05 6.641871003753275316e-20
2.221946860939523904e+05 5.026510318231952876e-20
2.465811075822604180e+05 3.803832794215615706e-20
2.736439997074671555e+05 2.853492705508246147e-20
3.036771118035460822e+05 2.100208293673537002e-20
3.370064329271928291e+05 1.509179487245352416e-20
3.739937302478798083e+05 1.051968304519900802e-20
4.150404757850476308e+05 7.065887245844913870e-21
4.605922041145108524e+05 4.526824912275181409e-21
5.111433483440171112e+05 2.771382198226192281e-21
5.672426068491977639e+05 1.639492724606854513e-21
6.294988990221888525e+05 9.778014070920641083e-22
6.985879746785250027e+05 6.218898944086350105e-22
7.752597488629464060e+05 4.311438776442877671e-22
8.603464416684507160e+05 3.176497213488193323e-22
9.547716114208066138e+05 2.408638126860338171e-22
1.059560179277617019e+06 1.846859816341682773e-22
1.175849554052158026e+06 1.421328821994942690e-22
1.304901978014401859e+06 1.095135724362770737e-22
1.448118227674532915e+06 8.445555717928653682e-23
1.607052818261638284e+06 6.517441147022053339e-23
1.783430876931909472e+06 5.030569019192900807e-23
1.979166867853557458e+06 3.883207431089030088e-23
2.196385372416546568e+06 2.997579655170900035e-23
2.437444150122222025e+06 2.312970629589611124e-23
2.704959730463137385e+06 1.783755265229826417e-23
3.001835813575591892e+06 1.374794786635276897e-23
3.331294787934676744e+06 1.058850638945913875e-23
3.696912707195031922e+06 8.148318686272651017e-24
4.102658105827190448e+06 6.264823523679887221e-24
4.552935074866947718e+06 4.811341292153178291e-24
5.052631065335679799e+06 3.690561830294954687e-24
5.607169938205458224e+06 2.827122365271110311e-24
6.222570836730230600e+06 2.162604227821467056e-24
6.905513520162330940e+06 1.651411703214549637e-24
7.663410868007462472e+06 1.259149666555856228e-24
8.504489341802684590e+06 9.582468784144938021e-25
9.437878277775391936e+06 7.278649552555742714e-25
1.047370897959450819e+07 5.516457992034249368e-25
1.162322468679854274e+07 4.171010875498950784e-25
1.289890261253307760e+07 3.145776159905299113e-25
1.431458937523478456e+07 2.366101915513224979e-25
1.588565129428052530e+07 1.774487650310338080e-25
1.762914118095947802e+07 1.326233981098000800e-25
1.956398343517064676e+07 9.874061884658473405e-26
2.171117945694505423e+07 7.327710462081240235e-26
2.409403560239527002e+07 5.410189019464135797e-26
2.673841615839949250e+07 3.976462767750174625e-26
2.967302408188872784e+07 2.906733576140185120e-26
3.292971255097155273e+07 2.111717247331146999e-26
3.654383070957254618e+07 1.523792099221587952e-26
4.055460735840827972e+07 1.090888789828931328e-26
4.500557675700496882e+07 7.740397006475760291e-27
4.994505115855139494e+07 5.435254391602825767e-27
5.542664520663107187e+07 3.770925928730078818e-27
6.150985788580504060e+07 2.579168735878349879e-27
6.826071834272393584e+07 1.734311164900317891e-27
7.575250258771920204e+07 1.142367832925643438e-27
8.406652885618332028e+07 7.333850946913390628e-28
9.329304026284696162e+07 4.563640542519709512e-28
1.035321843295663744e+08 2.726883099214141908e-28
1.148951000187308788e+08 1.546240242915637843e-28
1.275051240713012964e+08 8.182401895014157733e-29
1.414991297434575856e+08 3.948097889414246174e-29
1.570290124729377627e+08 1.682809486786684546e-29
1.742633386009651124e+08 5.969072628679118717e-30
1.933891750455232263e+08 1.294682046784223082e-30
2.146141197858406007e+08 1.803168273009436497e-33
