1.000000000000000000e+02 1.548923495989062994e-11
1.109752496412072134e+02 1.316183445898107999e-11
1.231550603292826196e+02 1.117027578845886059e-11
1.366716356462005990e+02 9.453130921749812552e-12
1.516716888470922413e+02 7.985968533676373080e-12
1.683180353330956791e+02 6.731129357292869218e-12
1.867913599020782840e+02 5.657274854380494229e-12
2.072921779595371845e+02 4.745149519489262537e-12
2.300430119772916839e+02 3.967724865469484655e-12
2.552908068239516410e+02 3.309934548727569243e-12
2.833096101839323637e+02 2.752521973360793788e-12
3.144035471591500368e+02 2.284136514867391726e-12
3.489101213406774491e+02 1.887314402161574885e-12
3.872038781812557318e+02 1.557474205897484170e-12
4.297004704320843871e+02 1.278326215525150054e-12
4.768611697714468960e+02 1.048403555116188713e-12
5.291978735958442712e+02 8.551217766762415359e-13
5.872786613189482523e+02 6.966145622031116361e-13
6.517339604882420190e+02 5.647972430005725484e-13
7.232633896483533817e+02 4.570877937806507806e-13
8.026433522257173081e+02 3.683380705643656624e-13
8.907354638610439679e+02 2.962692083717677536e-13
9.884959046625587007e+02 2.373071073537331035e-13
1.096985797892383971e+03 1.898826410907691303e-13
1.217382727739662187e+03 1.512751967289959997e-13
1.350993521198027793e+03 1.205180382536402509e-13
1.499268432786045423e+03 9.560225990033751054e-14
1.663816886076128640e+03 7.592005144931870351e-14
1.846424942895544291e+03 6.003563240834630579e-14
2.049074689815845886e+03 4.758096248835096470e-14
2.273965752357927613e+03 3.756907935187548328e-14
2.523539170434765765e+03 2.973807513624114477e-14
2.800503894183631019e+03 2.348220446485004821e-14
3.107866187782013640e+03 1.858030008916098902e-14
3.448962260405759935e+03 1.468219394034358021e-14
3.827494478516314757e+03 1.160776212348397374e-14
4.247571552536898707e+03 9.178165115089185355e-15
4.713753134116724141e+03 7.248377944254375015e-15
5.231099308056262998e+03 5.729317604997161104e-15
5.805225516094896193e+03 4.515466549835189422e-15
6.442363508721369726e+03 3.564077327009595361e-15
7.149428986597576113e+03 2.801377615748861527e-15
7.934096665797491369e+03 2.206517520204069897e-15
8.804883581643463913e+03 1.729927167416112143e-15
9.771241535346502133e+03 1.361142928145701319e-15
1.084365968689610963e+04 1.065116737435954588e-15
1.203377840777589154e+04 8.388800935092610679e-16
1.335451562929898682e+04 6.572787244392405290e-16
1.482020705798858762e+04 5.183298726187156843e-16
1.644676177994664249e+04 4.090991645051019816e-16
1.825183494319044257e+04 3.238669952212966586e-16
2.025501939230666540e+04 2.581753656794937054e-16
2.247805833548725059e+04 2.059106200126079832e-16
2.494508135230316839e+04 1.652810889898893688e-16
2.768286630392066581e+04 1.332500233545601175e-16
3.072112998861759115e+04 1.077795027380373867e-16
3.409285069746814406e+04 8.744941361911313845e-17
3.783462617131928710e+04 7.112267678696548583e-17
4.198707084443910571e+04 5.787907767334971550e-17
4.659525668664683326e+04 4.707854072044061694e-17
5.170920242896761192e+04 3.828855957866730363e-17
5.738441648302398244e+04 3.104720758269589824e-17
6.368249944718585903e+04 2.510260844370182647e-17
7.067181273927491566e+04 2.021592650413712920e-17
7.842822061337680498e+04 1.619165605685747619e-17
8.703591361485165544e+04 1.289077256007053414e-17
9.658832241158708348e+04 1.019212625639038631e-17
1.071891319205127511e+05 7.991185823121946977e-18
1.189534067370319535e+05 6.207261671081290276e-18
1.320088400831418112e+05 4.770710170683054654e-18
1.464971398307286145e+05 3.620706585989372583e-18
1.625755666443794908e+05 2.711698098894495631e-18
1.804186409392071655e+05 2.000490731764425301e-18
2.002200371815584658e+05 1.451373604943261181e-18
2.221946860939523904e+05 1.033882240777512227e-18
2.465811075822604180e+05 7.221518263381607584e-19
2.736439997074671555e+05 4.950626617820724207e-19
3.036771118035460822e+05 3.317519590166340768e-19
3.370064329271928291e+05 2.190796788402818214e-19
3.739937302478798083e+05 1.438083780549209704e-19
4.150404757850476308e+05 9.537158833005040832e-20
4.605922041145108524e+05 6.525137241382545066e-20
5.111433483440171112e+05 4.672668490877366101e-20
5.672426068491977639e+05 3.493966932188102986e-20
6.294988990221888525e+05 2.693806438316363754e-20
6.985879746785250027e+05 2.112903092739195900e-20
7.752597488629464060e+05 1.670638716133048307e-20
8.603464416684507160e+05 1.325069160989121045e-20
9.547716114208066138e+05 1.051394404293040972e-20
1.059560179277617019e+06 8.336862247143368728e-21
1.175849554052158026e+06 6.602967146722572811e-21
1.304901978014401859e+06 5.224972383962133028e-21
1.448118227674532915e+06 4.129661988714668739e-21
1.607052818261638284e+06 3.260331138628162009e-21
1.783430876931909472e+06 2.570863597316369232e-21
1.979166867853557458e+06 2.024662066152546394e-21
2.196385372416546568e+06 1.592482215353754968e-21
2.437444150122222025e+06 1.250601758167048934e-21
2.704959730463137385e+06 9.807940723818126209e-22
3.001835813575591892e+06 7.680995214802971921e-22
3.331294787934676744e+06 6.004641862895410423e-22
3.696912707195031922e+06 4.686674022100214583e-22
4.102658105827190448e+06 3.651959457821548556e-22
4.552935074866947718e+06 2.840408682169162514e-22
5.052631065335679799e+06 2.205240061641216654e-22
5.607169938205458224e+06 1.708761149984268689e-22
6.222570836730230600e+06 1.321280271913597593e-22
6.905513520162330940e+06 1.019674538375755908e-22
7.663410868007462472e+06 7.850911760672072517e-23
8.504489341802684590e+06 6.031040789387859618e-23
9.437878277775391936e+06 4.621952839497076536e-23
1.047370897959450819e+07 3.533001400701755784e-23
1.162322468679854274e+07 2.693580132932671131e-23
1.289890261253307760e+07 2.047781129751360060e-23
1.431458937523478456e+07 1.552238619027265290e-23
1.588565129428052530e+07 1.172864598122596159e-23
1.762914118095947802e+07 8.832499134464084508e-24
1.956398343517064676e+07 6.629003682885781786e-24
2.171117945694505423e+07 4.955513710419779930e-24
2.409403560239527002e+07 3.688995467253869343e-24
2.673841615839949250e+07 2.734868038489888515e-24
2.967302408188872784e+07 2.017198253432551262e-24
3.292971255097155273e+07 1.480079833030291534e-24
3.654383070957254618e+07 1.079596905597165876e-24
4.055460735840827972e+07 7.822686098851015458e-25
4.500557675700496882e+07 5.627565816795024565e-25
4.994505115855139494e+07 4.014836313432375771e-25
5.542664520663107187e+07 2.837749680826076109e-25
6.150985788580504060e+07 1.983306422068198291e-25
6.826071834272393584e+07 1.368656175072858722e-25
7.575250258771920204e+07 9.303647728647890451e-26
8.406652885618332028e+07 6.208908475699743237e-26
9.329304026284696162e+07 4.052383119720596295e-26
1.035321843295663744e+08 2.570992906688556214e-26
1.148951000187308788e+08 1.574286310923163979e-26
1.275051240713012964e+08 9.194472951260951485e-27
1.414991297434575856e+08 5.037679691875215451e-27
1.570290124729377627e+08 2.522661907425761047e-27
1.742633386009651124e+08 1.108365268695952738e-27
1.933891750455232263e+08 4.013133648712106074e-28
2.146141197858406007e+08 1.105791106117708518e-28
2.381685551976160705e+08 1.769499897098722275e-29
2.643081486974108517e+08 1.369466135816289354e-34
