1.000000000000000000e+02 4.532362173478115637e-13
1.109752496412072134e+02 3.782721022219081634e-13
1.231550603292826196e+02 3.155072100788024541e-13
1.366716356462005990e+02 2.627416185820359125e-13
1.516716888470922413e+02 2.185814305002978794e-13
1.683180353330956791e+02 1.818935428411158860e-13
1.867913599020782840e+02 1.509385363355312167e-13
2.072921779595371845e+02 1.253620907133717359e-13
2.300430119772916839e+02 1.038488575535602613e-13
2.552908068239516410e+02 8.603863030620624240e-14
2.833096101839323637e+02 7.099616056201113837e-14
3.144035471591500368e+02 5.859835450412743434e-14
3.489101213406774491e+02 4.814472967989129273e-14
3.872038781812557318e+02 3.953043653936769653e-14
4.297004704320843871e+02 3.229770264955845929e-14
4.768611697714468960e+02 2.635260631397475332e-14
5.291978735958442712e+02 2.139157996093546322e-14
5.872786613189482523e+02 1.732190163855157309e-14
6.517339604882420190e+02 1.396749645440407684e-14
7.232633896483533817e+02 1.123589880066703518e-14
8.026433522257173081e+02 9.002527873848879535e-15
8.907354638610439679e+02 7.200510520898187397e-15
9.884959046625587007e+02 5.744885099022726225e-15
1.096985797892383971e+03 4.584138874283493991e-15
1.217382727739662187e+03 3.654561616748513028e-15
1.350993521198027793e+03 2.922748205989342352e-15
1.499268432786045423e+03 2.339529969624221749e-15
1.663816886076128640e+03 1.885219945644306783e-15
1.846424942895544291e+03 1.523324756549820986e-15
2.049074689815845886e+03 1.242625273372578081e-15
2.273965752357927613e+03 1.017983061836564101e-15
2.523539170434765765e+03 8.423710697944287881e-16
2.800503894183631019e+03 7.011909446104814768e-16
3.107866187782013640e+03 5.879855041617903587e-16
3.448962260405759935e+03 4.956596455859158042e-16
3.827494478516314757e+03 4.202834173516381148e-16
4.247571552536898707e+03 3.573734211976967494e-16
4.713753134116724141e+03 3.046841539502238869e-16
5.231099308056262998e+03 2.601847564965319515e-16
5.805225516094896193e+03 2.222414126707900922e-16
6.442363508721369726e+03 1.897374705710298736e-16
7.149428986597576113e+03 1.617160512200372030e-16
7.934096665797491369e+03 1.376200015273521106e-16
8.804883581643463913e+03 1.167512585113999908e-16
9.771241535346502133e+03 9.863822521610113378e-17
1.084365968689610963e+04 8.314405426069202429e-17
1.203377840777589154e+04 6.988408984992568812e-17
1.335451562929898682e+04 5.824792215603397958e-17
1.482020705798858762e+04 4.834314263198760422e-17
1.644676177994664249e+04 3.993095561052775186e-17
1.825183494319044257e+04 3.279640623356272513e-17
2.025501939230666540e+04 2.669905351886440706e-17
2.247805833548725059e+04 2.156338232292956378e-17
2.494508135230316839e+04 1.725704272437634974e-17
2.768286630392066581e+04 1.368730543369226962e-17
3.072112998861759115e+04 1.073231497594904837e-17
3.409285069746814406e+04 8.322047923140117742e-18
3.783462617131928710e+04 6.370336201914699577e-18
4.198707084443910571e+04 4.807575680684942013e-18
4.659525668664683326e+04 3.572919929179468288e-18
5.170920242896761192e+04 2.614438648776820760e-18
5.738441648302398244e+04 1.883856314777894310e-18
6.368249944718585903e+04 1.340993396776015899e-18
7.067181273927491566e+04 9.429480879220088518e-19
7.842822061337680498e+04 6.597780840656919065e-19
8.703591361485165544e+04 4.634106147340648064e-19
9.658832241158708348e+04 3.296688093320922682e-19
1.071891319205127511e+05 2.394665265792669333e-19
1.189534067370319535e+05 1.785319532526620763e-19
1.320088400831418112e+05 1.364252611885589537e-19
1.464971398307286145e+05 1.062171437353379289e-19
1.625755666443794908e+05 8.407353984808281749e-20
1.804186409392071655e+05 6.691185460272306651e-20
2.002200371815584658e+05 5.352402969333605971e-20
2.221946860939523904e+05 4.281897279214061437e-20
2.465811075822604180e+05 3.417829548343875903e-20
2.736439997074671555e+05 2.726320723413270264e-20
3.036771118035460822e+05 2.163587736860988730e-20
3.370064329271928291e+05 1.714808260485710111e-20
3.739937302478798083e+05 1.353362200137341019e-20
4.150404757850476308e+05 1.065284533400539958e-20
4.605922041145108524e+05 8.355822669155817889e-21
5.111433483440171112e+05 6.529760294069161927e-21
5.672426068491977639e+05 5.085248917273386502e-21
6.294988990221888525e+05 3.939546539620667852e-21
6.985879746785250027e+05 3.037625031875369806e-21
7.752597488629464060e+05 2.327740000819325149e-21
8.603464416684507160e+05 1.771195030574112612e-21
9.547716114208066138e+05 1.338168902202368404e-21
1.059560179277617019e+06 1.000598272511689414e-21
1.175849554052158026e+06 7.396825671889500884e-22
1.304901978014401859e+06 5.404550795950374973e-22
1.448118227674532915e+06 3.889083456374784045e-22
1.607052818261638284e+06 2.751597012711035385e-22
1.783430876931909472e+06 1.909802756869431852e-22
1.979166867853557458e+06 1.297484102183400784e-22
2.196385372416546568e+06 8.607975214231959739e-23
2.437444150122222025e+06 5.567810193353472321e-23
2.704959730463137385e+06 3.509681378941190340e-23
3.001835813575591892e+06 2.156644501155197466e-23
3.331294787934676744e+06 1.293118486107776735e-23
3.696912707195031922e+06 7.603217103979146315e-24
4.102658105827190448e+06 4.392105382031816683e-24
4.552935074866947718e+06 2.483617904938336543e-24
5.052631065335679799e+06 1.352842688711552299e-24
5.607169938205458224e+06 6.874560668067454049e-25
6.222570836730230600e+06 3.113013244994737206e-25
6.905513520162330940e+06 1.201546137473084475e-25
7.663410868007462472e+06 3.920926832217197583e-26
8.504489341802684590e+06 1.087436416112316153e-26
9.437878277775391936e+06 2.532222748852252234e-27
1.047370897959450819e+07 4.892039594429666403e-28
1.162322468679854274e+07 7.744561291780702653e-29
1.289890261253307760e+07 9.923908411353982977e-30
1.431458937523478456e+07 1.016052416205130046e-30
1.588565129428052530e+07 8.190073335566133501e-32
1.762914118095947802e+07 5.111611921483900944e-33
1.956398343517064676e+07 2.424226881884640766e-34
2.171117945694505423e+07 8.549118940820697540e-36
2.409403560239527002e+07 2.186376463245363481e-37
2.673841615839949250e+07 3.934778188755303266e-39
2.967302408188872784e+07 4.804141153871120655e-41
3.292971255097155273e+07 3.804789936254793857e-43
3.654383070957254618e+07 1.848726523281872284e-45
4.055460735840827972e+07 5.124172245803272433e-48
4.500557675700496882e+07 7.307252139776965273e-51
4.994505115855139494e+07 4.497612863114764221e-54
5.542664520663107187e+07 7.348430738250735303e-58
6.150985788580504060e+07 4.810165146401112337e-68
6.826071834272393584e+07 1.848394216678378412e-116
