1.000000000000000000e+02 6.270584420690253758e-13
1.109752496412072134e+02 5.459489078829392322e-13
1.231550603292826196e+02 4.751907995922885882e-13
1.366716356462005990e+02 4.134671933326799592e-13
1.516716888470922413e+02 3.596445718720588075e-13
1.683180353330956791e+02 3.127054725077194056e-13
1.867913599020782840e+02 2.718122787060691695e-13
2.072921779595371845e+02 2.361756492961197075e-13
2.300430119772916839e+02 2.051343683539374540e-13
2.552908068239516410e+02 1.781086296771097068e-13
2.833096101839323637e+02 1.545660833814477927e-13
3.144035471591500368e+02 1.340918689338223679e-13
3.489101213406774491e+02 1.162731045052790816e-13
3.872038781812557318e+02 1.007861137175854463e-13
4.297004704320843871e+02 8.731726617112032653e-14
4.768611697714468960e+02 7.561263487699438757e-14
5.291978735958442712e+02 6.544165391921718689e-14
5.872786613189482523e+02 5.661179410476198734e-14
6.517339604882420190e+02 4.894190666825273931e-14
7.232633896483533817e+02 4.229505178198284105e-14
8.026433522257173081e+02 3.652451251049848623e-14
8.907354638610439679e+02 3.152845862361901833e-14
9.884959046625587007e+02 2.719285487693310681e-14
1.096985797892383971e+03 2.344355359780777431e-14
1.217382727739662187e+03 2.019500879377111109e-14
1.350993521198027793e+03 1.738893674035897697e-14
1.499268432786045423e+03 1.495925686398026219e-14
1.663816886076128640e+03 1.286261476893911866e-14
1.846424942895544291e+03 1.105102157548287356e-14
2.049074689815845886e+03 9.488645004633224825e-15
2.273965752357927613e+03 8.140300297762258887e-15
2.523539170434765765e+03 6.979414209609299654e-15
2.800503894183631019e+03 5.979262591723114774e-15
3.107866187782013640e+03 5.118961214775642867e-15
3.448962260405759935e+03 4.378346832412762257e-15
3.827494478516314757e+03 3.742660175789925795e-15
4.247571552536898707e+03 3.196564726058232801e-15
4.713753134116724141e+03 2.728051887863508170e-15
5.231099308056262998e+03 2.326240247022478892e-15
5.805225516094896193e+03 1.982553349319015063e-15
6.442363508721369726e+03 1.688001052460025483e-15
7.149428986597576113e+03 1.436439917802593378e-15
7.934096665797491369e+03 1.220869135633446446e-15
8.804883581643463913e+03 1.037237033341381697e-15
9.771241535346502133e+03 8.802783986884737505e-16
1.084365968689610963e+04 7.464896725912033519e-16
1.203377840777589154e+04 6.325075973961437360e-16
1.335451562929898682e+04 5.354810478028014825e-16
1.482020705798858762e+04 4.529118426402479920e-16
1.644676177994664249e+04 3.827245538110312133e-16
1.825183494319044257e+04 3.231121849627177823e-16
2.025501939230666540e+04 2.725102707240768525e-16
2.247805833548725059e+04 2.295914541529105929e-16
2.494508135230316839e+04 1.931935079294994112e-16
2.768286630392066581e+04 1.624244073915209066e-16
3.072112998861759115e+04 1.363549500473308734e-16
3.409285069746814406e+04 1.143409931999325108e-16
3.783462617131928710e+04 9.573441826895727696e-17
4.198707084443910571e+04 8.003962816289758822e-17
4.659525668664683326e+04 6.683842373932642130e-17
5.170920242896761192e+04 5.569051754950227088e-17
5.738441648302398244e+04 4.634296599107456452e-17
6.368249944718585903e+04 3.847092120190784062e-17
7.067181273927491566e+04 3.190046849790253731e-17
7.842822061337680498e+04 2.636125196890239170e-17
8.703591361485165544e+04 2.176397805570543810e-17
9.658832241158708348e+04 1.790463798491196840e-17
1.071891319205127511e+05 1.469906041440927343e-17
1.189534067370319535e+05 1.203427307181774742e-17
1.320088400831418112e+05 9.819941456334637021e-18
1.464971398307286145e+05 7.986999423650846282e-18
1.625755666443794908e+05 6.479292513279785851e-18
1.804186409392071655e+05 5.233061943759148967e-18
2.002200371815584658e+05 4.212925265868183373e-18
2.221946860939523904e+05 3.376876174380730549e-18
2.465811075822604180e+05 2.696217363473379137e-18
2.736439997074671555e+05 2.142863121589312950e-18
3.036771118035460822e+05 1.696946908558654277e-18
3.370064329271928291e+05 1.337324577045267212e-18
3.739937302478798083e+05 1.049675405815506551e-18
4.150404757850476308e+05 8.208303672202009797e-19
4.605922041145108524e+05 6.377452524614400079e-19
5.111433483440171112e+05 4.959345519831530980e-19
5.672426068491977639e+05 3.820253538439954478e-19
6.294988990221888525e+05 2.948147666628618381e-19
6.985879746785250027e+05 2.262217316138169690e-19
7.752597488629464060e+05 1.737453276863684281e-19
8.603464416684507160e+05 1.328560200480685912e-19
9.547716114208066138e+05 1.017313754672147517e-19
1.059560179277617019e+06 7.749111269438356031e-20
1.175849554052158026e+06 5.894942068123767436e-20
1.304901978014401859e+06 4.465340111045613412e-20
1.448118227674532915e+06 3.367921102361456409e-20
1.607052818261638284e+06 2.521970485126449459e-20
1.783430876931909472e+06 1.872701349031020210e-20
1.979166867853557458e+06 1.373419235006862944e-20
2.196385372416546568e+06 9.904271117001992116e-21
2.437444150122222025e+06 7.071466690669089880e-21
2.704959730463137385e+06 4.893253280389318636e-21
3.001835813575591892e+06 3.309753888459209842e-21
3.331294787934676744e+06 2.171990773575437272e-21
3.696912707195031922e+06 1.374040835226240129e-21
4.102658105827190448e+06 8.321583281184206999e-22
4.552935074866947718e+06 4.824849841105721126e-22
5.052631065335679799e+06 2.654711394694056898e-22
5.607169938205458224e+06 1.385807660956690133e-22
6.222570836730230600e+06 6.847761204288673949e-23
6.905513520162330940e+06 3.174031393647441623e-23
7.663410868007462472e+06 1.345918015830821896e-23
8.504489341802684590e+06 5.018695225344649598e-24
9.437878277775391936e+06 1.612912160111694095e-24
1.047370897959450819e+07 4.460822258053222603e-25
1.162322468679854274e+07 1.050343170667834373e-25
1.289890261253307760e+07 2.079832773367712741e-26
1.431458937523478456e+07 3.418100467561422195e-27
1.588565129428052530e+07 4.604757393686047942e-28
1.762914118095947802e+07 5.011567366032695114e-29
1.956398343517064676e+07 4.336937150491183534e-30
2.171117945694505423e+07 2.933006673451073153e-31
2.409403560239527002e+07 1.520004203063921832e-32
2.673841615839949250e+07 5.906288934769408511e-34
2.967302408188872784e+07 1.676392412232481068e-35
3.292971255097155273e+07 3.367791590163897759e-37
3.654383070957254618e+07 4.641386801276346215e-39
4.055460735840827972e+07 4.242127134554743653e-41
4.500557675700496882e+07 2.475662821632399241e-43
4.994505115855139494e+07 8.836490453044282025e-46
5.542664520663107187e+07 1.837784945574714608e-48
6.150985788580504060e+07 2.107787115999342914e-51
6.826071834272393584e+07 1.251923779200084992e-54
7.575250258771920204e+07 3.577962382191989566e-58
8.406652885618332028e+07 4.525855359492914279e-62
9.329304026284696162e+07 2.308300250990227632e-66
1.035321843295663744e+08 4.283377604848648323e-71
1.148951000187308788e+08 2.575237317357831828e-76
1.275051240713012964e+08 4.391621984637080691e-82
1.414991297434575856e+08 1.822372535670494272e-88
1.570290124729377627e+08 1.544974645464073640e-95
1.742633386009651124e+08 2.194800498098401128e-103
1.933891750455232263e+08 4.174045027634539225e-112
2.146141197858406007e+08 7.921806729510862236e-122
2.381685551976160705e+08 1.046369760600451767e-132
2.643081486974108517e+08 7.137552338383827451e-145
2.933166278390048146e+08 1.630679779153376915e-158
