1.000000000000000000e+02 1.272763914256995798e-12
1.109752496412072134e+02 1.118678193468304211e-12
1.231550603292826196e+02 9.828367273783015872e-13
1.366716356462005990e+02 8.632902028271685981e-13
1.516716888470922413e+02 7.579727371601681282e-13
1.683180353330956791e+02 6.652840970072086557e-13
1.867913599020782840e+02 5.837322199179396916e-13
2.072921779595371845e+02 5.119685317362551230e-13
2.300430119772916839e+02 4.488841599315841864e-13
2.552908068239516410e+02 3.933859211273131119e-13
2.833096101839323637e+02 3.446483847919617104e-13
3.144035471591500368e+02 3.018002818053961922e-13
3.489101213406774491e+02 2.641815265197586972e-13
3.872038781812557318e+02 2.311473638935227353e-13
4.297004704320843871e+02 2.021578699701291683e-13
4.768611697714468960e+02 1.767189331049497643e-13
5.291978735958442712e+02 1.544101771218152776e-13
5.872786613189482523e+02 1.348481665304149169e-13
6.517339604882420190e+02 1.177049802397144377e-13
7.232633896483533817e+02 1.026920287271963960e-13
8.026433522257173081e+02 8.954392633742057574e-14
8.907354638610439679e+02 7.803551267989315167e-14
9.884959046625587007e+02 6.796753721143874950e-14
1.096985797892383971e+03 5.916332217097430979e-14
1.217382727739662187e+03 5.147035084288091421e-14
1.350993521198027793e+03 4.474746860242206805e-14
1.499268432786045423e+03 3.888080268298674230e-14
1.663816886076128640e+03 3.375462801242278073e-14
1.846424942895544291e+03 2.929155790930496248e-14
2.049074689815845886e+03 2.539448522919871125e-14
2.273965752357927613e+03 2.200427975425005313e-14
2.523539170434765765e+03 1.904807733996868909e-14
2.800503894183631019e+03 1.648034094911710660e-14
3.107866187782013640e+03 1.424546013705332302e-14
3.448962260405759935e+03 1.230581911609069271e-14
3.827494478516314757e+03 1.061891858796706329e-14
4.247571552536898707e+03 9.158752885751335037e-15
4.713753134116724141e+03 7.890878835635170642e-15
5.231099308056262998e+03 6.793967940108337237e-15
5.805225516094896193e+03 5.844091991289733451e-15
6.442363508721369726e+03 5.023522113107217836e-15
7.149428986597576113e+03 4.314061905663311510e-15
7.934096665797491369e+03 3.702005712419888771e-15
8.804883581643463913e+03 3.173926361855609650e-15
9.771241535346502133e+03 2.719232150515921953e-15
1.084365968689610963e+04 2.327529338747378711e-15
1.203377840777589154e+04 1.990795751299913302e-15
1.335451562929898682e+04 1.701387054346273098e-15
1.482020705798858762e+04 1.452854225779594117e-15
1.644676177994664249e+04 1.239588181289381736e-15
1.825183494319044257e+04 1.056889577829937701e-15
2.025501939230666540e+04 9.003074103582161193e-16
2.247805833548725059e+04 7.663123617536037638e-16
2.494508135230316839e+04 6.517397447246878029e-16
2.768286630392066581e+04 5.537761876788151381e-16
3.072112998861759115e+04 4.702376738774299773e-16
3.409285069746814406e+04 3.988528716241124410e-16
3.783462617131928710e+04 3.380355148417873736e-16
4.198707084443910571e+04 2.862595842556689784e-16
4.659525668664683326e+04 2.421596857758281658e-16
5.170920242896761192e+04 2.046455641705915379e-16
5.738441648302398244e+04 1.728030177063118196e-16
6.368249944718585903e+04 1.457362769985572694e-16
7.067181273927491566e+04 1.228181147860084002e-16
7.842822061337680498e+04 1.033477889587466686e-16
8.703591361485165544e+04 8.689087341431960172e-17
9.658832241158708348e+04 7.298035632315546183e-17
1.071891319205127511e+05 6.119833582667145708e-17
1.189534067370319535e+05 5.127599101532090547e-17
1.320088400831418112e+05 4.290378709035398016e-17
1.464971398307286145e+05 3.584967928461440235e-17
1.625755666443794908e+05 2.991535421189950038e-17
1.804186409392071655e+05 2.493056433469783815e-17
2.002200371815584658e+05 2.074491211477186150e-17
2.221946860939523904e+05 1.723390268745031617e-17
2.465811075822604180e+05 1.429605624586440049e-17
2.736439997074671555e+05 1.183870825360898110e-17
3.036771118035460822e+05 9.785127570556089231e-18
3.370064329271928291e+05 8.075177839149318490e-18
3.739937302478798083e+05 6.647322580381839221e-18
4.150404757850476308e+05 5.463336062003039066e-18
4.605922041145108524e+05 4.477410013415888060e-18
5.111433483440171112e+05 3.663085602661816185e-18
5.672426068491977639e+05 2.987333503184696669e-18
6.294988990221888525e+05 2.430626422748982553e-18
6.985879746785250027e+05 1.971533033408449171e-18
7.752597488629464060e+05 1.595321809758730443e-18
8.603464416684507160e+05 1.286176822746492916e-18
9.547716114208066138e+05 1.034253707078139780e-18
1.059560179277617019e+06 8.286843300388180974e-19
1.175849554052158026e+06 6.625029406274224476e-19
1.304901978014401859e+06 5.272262423696634179e-19
1.448118227674532915e+06 4.185843203073892006e-19
1.607052818261638284e+06 3.311501256863850163e-19
1.783430876931909472e+06 2.612471379009451683e-19
1.979166867853557458e+06 2.051603920968260255e-19
2.196385372416546568e+06 1.607621870463003178e-19
2.437444150122222025e+06 1.254364115039503856e-19
2.704959730463137385e+06 9.757057633369362335e-20
3.001835813575591892e+06 7.554525075310180295e-20
3.331294787934676744e+06 5.824607553874922622e-20
3.696912707195031922e+06 4.463677682719283185e-20
4.102658105827190448e+06 3.401373646451693214e-20
4.552935074866947718e+06 2.570089180792019812e-20
5.052631065335679799e+06 1.930626401050613964e-20
5.607169938205458224e+06 1.434730595002692208e-20
6.222570836730230600e+06 1.054716839586622166e-20
6.905513520162330940e+06 7.653237869498640914e-21
7.663410868007462472e+06 5.487462695830562482e-21
8.504489341802684590e+06 3.893510772760989429e-21
9.437878277775391936e+06 2.716253028726788426e-21
1.047370897959450819e+07 1.878172392947445917e-21
1.162322468679854274e+07 1.293655581392625349e-21
1.289890261253307760e+07 8.841524895791311760e-22
1.431458937523478456e+07 6.066447745057554158e-22
1.588565129428052530e+07 4.168694984423815034e-22
1.762914118095947802e+07 2.856836983580925431e-22
1.956398343517064676e+07 1.936025747369176289e-22
2.171117945694505423e+07 1.284974613457682888e-22
2.409403560239527002e+07 8.267623977610210567e-23
2.673841615839949250e+07 5.111353791616160600e-23
2.967302408188872784e+07 3.035724231662473484e-23
3.292971255097155273e+07 1.752475152214024884e-23
3.654383070957254618e+07 1.016831884366998338e-23
4.055460735840827972e+07 6.152327000310464738e-24
4.500557675700496882e+07 3.918197546557933954e-24
4.994505115855139494e+07 2.594666133793392875e-24
5.542664520663107187e+07 1.751594246821069434e-24
6.150985788580504060e+07 1.187273762010602324e-24
6.826071834272393584e+07 8.015420212483165673e-25
7.575250258771920204e+07 5.367844680232733153e-25
8.406652885618332028e+07 3.558597239098711264e-25
9.329304026284696162e+07 2.317857674676215431e-25
1.035321843295663744e+08 1.480920538331278693e-25
1.148951000187308788e+08 9.208595781193570157e-26
1.275051240713012964e+08 5.531863004174335030e-26
1.414991297434575856e+08 3.168987978209668473e-26
1.570290124729377627e+08 1.703181153234784377e-26
1.742633386009651124e+08 8.370963095165295707e-27
1.933891750455232263e+08 3.630208049802926931e-27
2.146141197858406007e+08 1.316313514462563189e-27
2.381685551976160705e+08 3.435072069637661050e-28
2.643081486974108517e+08 5.602096585336706616e-30
2.933166278390048146e+08 7.102453007698005530e-50
3.255088599835056663e+08 2.604003655446031549e-68
3.612342699709430337e+08 1.901039177570863558e-81
4.008806328898465633e+08 2.544783600014137573e-92
4.448782831127585173e+08 3.366261512023299929e-102
4.937047852839003801e+08 3.193249379044603769e-112
5.478901179593944550e+08 2.048834105932125793e-123
6.080224261649426222e+08 4.791651722902934561e-136
6.747544053110699654e+08 2.309491984395236444e-150
