1.000000000000000000e+02 7.736355327548062924e-12
1.109752496412072134e+02 6.711738139302732678e-12
1.231550603292826196e+02 5.822563924231847312e-12
1.366716356462005990e+02 5.050445103790196245e-12
1.516716888470922413e+02 4.380496057688576652e-12
1.683180353330956791e+02 3.798871129522179638e-12
1.867913599020782840e+02 3.294061823090122002e-12
2.072921779595371845e+02 2.855834487839606235e-12
2.300430119772916839e+02 2.475516320848270077e-12
2.552908068239516410e+02 2.145500316562625155e-12
2.833096101839323637e+02 1.859357161203168857e-12
3.144035471591500368e+02 1.610839325367813700e-12
3.489101213406774491e+02 1.395383615986365063e-12
3.872038781812557318e+02 1.208341287581660069e-12
4.297004704320843871e+02 1.046236653726296873e-12
4.768611697714468960e+02 9.055019221200845961e-13
5.291978735958442712e+02 7.835856745544969241e-13
5.872786613189482523e+02 6.778860913271008645e-13
6.517339604882420190e+02 5.862036159861367695e-13
7.232633896483533817e+02 5.067864473385536239e-13
8.026433522257173081e+02 4.379044457729460929e-13
8.907354638610439679e+02 3.782684840631075174e-13
9.884959046625587007e+02 3.266828723890296108e-13
1.096985797892383971e+03 2.819000234061366613e-13
1.217382727739662187e+03 2.432094541155125520e-13
1.350993521198027793e+03 2.096766458820600003e-13
1.499268432786045423e+03 1.807029025334045933e-13
1.663816886076128640e+03 1.556403892165127639e-13
1.846424942895544291e+03 1.339572578762195381e-13
2.049074689815845886e+03 1.152359083150652156e-13
2.273965752357927613e+03 9.904895043129978349e-14
2.523539170434765765e+03 8.509387672580425193e-14
2.800503894183631019e+03 7.303145040686901878e-14
3.107866187782013640e+03 6.264087538701263463e-14
3.448962260405759935e+03 5.367359913001613110e-14
3.827494478516314757e+03 4.596327907588218735e-14
4.247571552536898707e+03 3.931349892155546936e-14
4.713753134116724141e+03 3.359061227114868613e-14
5.231099308056262998e+03 2.868731616385687902e-14
5.805225516094896193e+03 2.445260820524103398e-14
6.442363508721369726e+03 2.083728214067535610e-14
7.149428986597576113e+03 1.772327824164018604e-14
7.934096665797491369e+03 1.506636525031687160e-14
8.804883581643463913e+03 1.278481658716133370e-14
9.771241535346502133e+03 1.084052929791988304e-14
1.084365968689610963e+04 9.173587367198398080e-15
1.203377840777589154e+04 7.759029964282031054e-15
1.335451562929898682e+04 6.546825560984453382e-15
1.482020705798858762e+04 5.523965742169567549e-15
1.644676177994664249e+04 4.647374818236830738e-15
1.825183494319044257e+04 3.906777705282694192e-15
2.025501939230666540e+04 3.283597213437161686e-15
2.247805833548725059e+04 2.752754936273525125e-15
2.494508135230316839e+04 2.302753370756250560e-15
2.768286630392066581e+04 1.926840909425238116e-15
3.072112998861759115e+04 1.607919308562991875e-15
3.409285069746814406e+04 1.341364609950224776e-15
3.783462617131928710e+04 1.117183077957816787e-15
4.198707084443910571e+04 9.283897132324273119e-16
4.659525668664683326e+04 7.722944730391120350e-16
5.170920242896761192e+04 6.390177377750914678e-16
5.738441648302398244e+04 5.304645332020279461e-16
6.368249944718585903e+04 4.369729071637795422e-16
7.067181273927491566e+04 3.604725908368505634e-16
7.842822061337680498e+04 2.962952395116097762e-16
8.703591361485165544e+04 2.427947985899795858e-16
9.658832241158708348e+04 1.984836792297099906e-16
1.071891319205127511e+05 1.611212961907778269e-16
1.189534067370319535e+05 1.304300618902432776e-16
1.320088400831418112e+05 1.046434388906148458e-16
1.464971398307286145e+05 8.404363171074415171e-17
1.625755666443794908e+05 6.683293283973353224e-17
1.804186409392071655e+05 5.274573358197076420e-17
2.002200371815584658e+05 4.128971898709235733e-17
2.221946860939523904e+05 3.198403325044714370e-17
2.465811075822604180e+05 2.454077752350784759e-17
2.736439997074671555e+05 1.861903389756615997e-17
3.036771118035460822e+05 1.395966452140577855e-17
3.370064329271928291e+05 1.032822509400813382e-17
3.739937302478798083e+05 7.530738005803764707e-18
4.150404757850476308e+05 5.410141754405540330e-18
4.605922041145108524e+05 3.824060446772816397e-18
5.111433483440171112e+05 2.662182958631010346e-18
5.672426068491977639e+05 1.826172378426085082e-18
6.294988990221888525e+05 1.236723623162966511e-18
6.985879746785250027e+05 8.294332633134725470e-19
7.752597488629464060e+05 5.536835089663299374e-19
8.603464416684507160e+05 3.693415104554356079e-19
9.547716114208066138e+05 2.473722724628239995e-19
1.059560179277617019e+06 1.662510604890426249e-19
1.175849554052158026e+06 1.115378024652896544e-19
1.304901978014401859e+06 7.388732798819084115e-20
1.448118227674532915e+06 4.747836376042531866e-20
1.607052818261638284e+06 2.893513268313506072e-20
1.783430876931909472e+06 1.626935325296480713e-20
1.979166867853557458e+06 8.292498006415225018e-21
2.196385372416546568e+06 3.914446093640752825e-21
2.437444150122222025e+06 1.912546257833430663e-21
2.704959730463137385e+06 1.091893709476325802e-21
3.001835813575591892e+06 7.367075920083061201e-22
3.331294787934676744e+06 5.442764815039525070e-22
3.696912707195031922e+06 4.146391385539119146e-22
4.102658105827190448e+06 3.184159411367250233e-22
4.552935074866947718e+06 2.447333657879634649e-22
5.052631065335679799e+06 1.879503932383540017e-22
5.607169938205458224e+06 1.441330397353697836e-22
6.222570836730230600e+06 1.104349638915604167e-22
6.905513520162330940e+06 8.450562256987274444e-23
7.663410868007462472e+06 6.458016219569417434e-23
8.504489341802684590e+06 4.927433293021069903e-23
9.437878277775391936e+06 3.753602403580739679e-23
1.047370897959450819e+07 2.854763311903646697e-23
1.162322468679854274e+07 2.167155800957952863e-23
1.289890261253307760e+07 1.642052593118359263e-23
1.431458937523478456e+07 1.241817148028920998e-23
1.588565129428052530e+07 9.371940821725296867e-24
1.762914118095947802e+07 7.058350722845298221e-24
1.956398343517064676e+07 5.304010537466475519e-24
2.171117945694505423e+07 3.976561271765280139e-24
2.409403560239527002e+07 2.974226552273627791e-24
2.673841615839949250e+07 2.218567057030643011e-24
2.967302408188872784e+07 1.650683738152528647e-24
3.292971255097155273e+07 1.224825384958689365e-24
3.654383070957254618e+07 9.061880810916531699e-25
4.055460735840827972e+07 6.683296791296228004e-25
4.500557675700496882e+07 4.912364366383200330e-25
4.994505115855139494e+07 3.598408533965487610e-25
5.542664520663107187e+07 2.625335690502516947e-25
6.150985788580504060e+07 1.907531013803537263e-25
6.826071834272393584e+07 1.379773034518751713e-25
7.575250258771920204e+07 9.929555643867309693e-26
8.406652885618332028e+07 7.105958936241790109e-26
9.329304026284696162e+07 5.053502142299917256e-26
1.035321843295663744e+08 3.567851316267492898e-26
1.148951000187308788e+08 2.498631041159222259e-26
1.275051240713012964e+08 1.733302996736879847e-26
1.414991297434575856e+08 1.188813201310744728e-26
1.570290124729377627e+08 8.046334234315916282e-27
1.742633386009651124e+08 5.358036531728421653e-27
1.933891750455232263e+08 3.496567713166136156e-27
2.146141197858406007e+08 2.224389719198401799e-27
2.381685551976160705e+08 1.369163991998968801e-27
2.643081486974108517e+08 8.061199907214159848e-28
2.933166278390048146e+08 4.462567866540669410e-28
3.255088599835056663e+08 2.255839438125793584e-28
3.612342699709430337e+08 9.903842218413199105e-29
4.008806328898465633e+08 3.441471836991714366e-29
4.448782831127585173e+08 7.003497691897138204e-30
