1.000000000000000000e+02 4.780857948982715991e-12
1.109752496412072134e+02 4.106788352313410885e-12
1.231550603292826196e+02 3.524390885629318724e-12
1.366716356462005990e+02 3.021257904903678528e-12
1.516716888470922413e+02 2.587919831289934332e-12
1.683180353330956791e+02 2.214563492407124786e-12
1.867913599020782840e+02 1.892806673347210326e-12
2.072921779595371845e+02 1.616768197206893958e-12
2.300430119772916839e+02 1.379615810865042924e-12
2.552908068239516410e+02 1.175954629907077627e-12
2.833096101839323637e+02 1.002022374037385691e-12
3.144035471591500368e+02 8.524602483813783165e-13
3.489101213406774491e+02 7.252828227163264195e-13
3.872038781812557318e+02 6.159927638088035585e-13
4.297004704320843871e+02 5.233211407045970374e-13
4.768611697714468960e+02 4.439240116279545172e-13
5.291978735958442712e+02 3.765960711330458851e-13
5.872786613189482523e+02 3.191362499110570789e-13
6.517339604882420190e+02 2.704289755358988390e-13
7.232633896483533817e+02 2.289055282058756603e-13
8.026433522257173081e+02 1.938071381877168431e-13
8.907354638610439679e+02 1.638387233004935226e-13
9.884959046625587007e+02 1.385817822104801771e-13
1.096985797892383971e+03 1.170220132302263163e-13
1.217382727739662187e+03 9.885607781767305954e-14
1.350993521198027793e+03 8.334719477527637317e-14
1.499268432786045423e+03 7.029226550562414463e-14
1.663816886076128640e+03 5.918122285179829910e-14
1.846424942895544291e+03 4.973820295881967453e-14
2.049074689815845886e+03 4.178344518291327698e-14
2.273965752357927613e+03 3.504305549194986096e-14
2.523539170434765765e+03 2.932383460559675259e-14
2.800503894183631019e+03 2.451313039007752051e-14
3.107866187782013640e+03 2.043428999041535122e-14
3.448962260405759935e+03 1.701484037453777970e-14
3.827494478516314757e+03 1.412604502487255021e-14
4.247571552536898707e+03 1.171037977308751878e-14
4.713753134116724141e+03 9.681851251383822075e-15
5.231099308056262998e+03 7.991537416537542915e-15
5.805225516094896193e+03 6.580553324266650647e-15
6.442363508721369726e+03 5.405682493953512364e-15
7.149428986597576113e+03 4.438293528627358299e-15
7.934096665797491369e+03 3.642039596332328863e-15
8.804883581643463913e+03 2.976041256958929681e-15
9.771241535346502133e+03 2.438959126124800729e-15
1.084365968689610963e+04 1.989889819165969422e-15
1.203377840777589154e+04 1.626789355852196054e-15
1.335451562929898682e+04 1.330054486001662612e-15
1.482020705798858762e+04 1.086683722676105959e-15
1.644676177994664249e+04 8.893633777354640376e-16
1.825183494319044257e+04 7.279352788914773850e-16
2.025501939230666540e+04 5.961747246918121795e-16
2.247805833548725059e+04 4.887706240482219020e-16
2.494508135230316839e+04 4.009520194487352415e-16
2.768286630392066581e+04 3.287005254697974354e-16
3.072112998861759115e+04 2.695173916032565141e-16
3.409285069746814406e+04 2.207542206489506228e-16
3.783462617131928710e+04 1.805222271025047646e-16
4.198707084443910571e+04 1.472952942552836341e-16
4.659525668664683326e+04 1.197942956926057106e-16
5.170920242896761192e+04 9.708653469353084028e-17
5.738441648302398244e+04 7.826431257429171653e-17
6.368249944718585903e+04 6.275054469296972446e-17
7.067181273927491566e+04 4.998072956641633315e-17
7.842822061337680498e+04 3.948500888658254569e-17
8.703591361485165544e+04 3.093179146968469870e-17
9.658832241158708348e+04 2.397529053941361228e-17
1.071891319205127511e+05 1.837202914269414355e-17
1.189534067370319535e+05 1.391704941847603611e-17
1.320088400831418112e+05 1.034721522695225825e-17
1.464971398307286145e+05 7.583799987800737228e-18
1.625755666443794908e+05 5.476860646102128471e-18
1.804186409392071655e+05 3.884697375773262561e-18
2.002200371815584658e+05 2.716455731211866011e-18
2.221946860939523904e+05 1.880872652548084596e-18
2.465811075822604180e+05 1.301111553417661043e-18
2.736439997074671555e+05 9.106235980770932918e-19
3.036771118035460822e+05 6.531397207248738227e-19
3.370064329271928291e+05 4.839908524787754576e-19
3.739937302478798083e+05 3.707706051500701073e-19
4.150404757850476308e+05 2.917941522452900507e-19
4.605922041145108524e+05 2.340542611529640732e-19
5.111433483440171112e+05 1.899560775666922329e-19
5.672426068491977639e+05 1.552717643712079955e-19
6.294988990221888525e+05 1.272963728999447084e-19
6.985879746785250027e+05 1.044339288811459433e-19
7.752597488629464060e+05 8.565348662632451010e-20
8.603464416684507160e+05 7.019797904385188637e-20
9.547716114208066138e+05 5.747168067866023962e-20
1.059560179277617019e+06 4.700615872822076689e-20
1.175849554052158026e+06 3.840581333237317764e-20
1.304901978014401859e+06 3.134508247863476215e-20
1.448118227674532915e+06 2.555589954779994293e-20
1.607052818261638284e+06 2.081223155430435627e-20
1.783430876931909472e+06 1.692702477933473976e-20
1.979166867853557458e+06 1.374825722676979180e-20
2.196385372416546568e+06 1.115035335512086823e-20
2.437444150122222025e+06 9.031210892889586800e-21
2.704959730463137385e+06 7.303572182975270743e-21
3.001835813575591892e+06 5.896089788492616375e-21
3.331294787934676744e+06 4.751254764578240559e-21
3.696912707195031922e+06 3.821292256527589199e-21
4.102658105827190448e+06 3.066460996607201378e-21
4.552935074866947718e+06 2.455330921429305126e-21
5.052631065335679799e+06 1.961554222868393210e-21
5.607169938205458224e+06 1.562939166063717489e-21
6.222570836730230600e+06 1.241446374767886442e-21
6.905513520162330940e+06 9.821183733394215036e-22
7.663410868007462472e+06 7.748102969189001692e-22
8.504489341802684590e+06 6.088119787681759323e-22
9.437878277775391936e+06 4.763302771935168877e-22
1.047370897959450819e+07 3.708328266132218749e-22
1.162322468679854274e+07 2.873199935150878040e-22
1.289890261253307760e+07 2.209641480137981674e-22
1.431458937523478456e+07 1.690207911541231387e-22
1.588565129428052530e+07 1.288316062812303194e-22
1.762914118095947802e+07 9.678954268582152529e-23
1.956398343517064676e+07 7.221846804039010064e-23
2.171117945694505423e+07 5.331686414112627000e-23
2.409403560239527002e+07 3.890224746711779943e-23
2.673841615839949250e+07 2.801379601664795566e-23
2.967302408188872784e+07 1.987023798659833745e-23
3.292971255097155273e+07 1.385861731732369952e-23
3.654383070957254618e+07 9.482671347760050309e-24
4.055460735840827972e+07 6.331081210348439120e-24
4.500557675700496882e+07 4.117943418631047327e-24
4.994505115855139494e+07 2.568964703429044185e-24
5.542664520663107187e+07 1.506284586956064965e-24
6.150985788580504060e+07 7.952649614284374631e-25
6.826071834272393584e+07 3.438790672629983184e-25
7.575250258771920204e+07 9.797762518549770324e-26
8.406652885618332028e+07 9.420473912801062198e-27
9.329304026284696162e+07 1.635705874769741926e-28
1.035321843295663744e+08 1.841075986376848501e-31
1.148951000187308788e+08 1.084118625564268611e-35
1.275051240713012964e+08 1.156440888180557672e-42
1.414991297434575856e+08 1.277984317343883519e-61
