1.000000000000000000e+02 2.053313725639673865e-11
1.109752496412072134e+02 1.723900054816631170e-11
1.231550603292826196e+02 1.445415929123783195e-11
1.366716356462005990e+02 1.205438209088731246e-11
1.516716888470922413e+02 1.002766160944746305e-11
1.683180353330956791e+02 8.300193909791366220e-12
1.867913599020782840e+02 6.847467253166516987e-12
2.072921779595371845e+02 5.634161979819771631e-12
2.300430119772916839e+02 4.608306127832351604e-12
2.552908068239516410e+02 3.770022137450921438e-12
2.833096101839323637e+02 3.077278464990483215e-12
3.144035471591500368e+02 2.506085146905450185e-12
3.489101213406774491e+02 2.046258726745679741e-12
3.872038781812557318e+02 1.662452526902333547e-12
4.297004704320843871e+02 1.358219867331320997e-12
4.768611697714468960e+02 1.106099086060622916e-12
5.291978735958442712e+02 9.055252461105122082e-13
5.872786613189482523e+02 7.416361072793525938e-13
6.517339604882420190e+02 6.082930734059288355e-13
7.232633896483533817e+02 4.992801101806984853e-13
8.026433522257173081e+02 4.098576476136142644e-13
8.907354638610439679e+02 3.363538254172508353e-13
9.884959046625587007e+02 2.755200095119380507e-13
1.096985797892383971e+03 2.248518358511300007e-13
1.217382727739662187e+03 1.829648856217253190e-13
1.350993521198027793e+03 1.479967971257711009e-13
1.499268432786045423e+03 1.190858995317684230e-13
1.663816886076128640e+03 9.522578398629598749e-14
1.846424942895544291e+03 7.553519121336462312e-14
2.049074689815845886e+03 5.946950572772562905e-14
2.273965752357927613e+03 4.645944045072794484e-14
2.523539170434765765e+03 3.600800015434050651e-14
2.800503894183631019e+03 2.767088248152392075e-14
3.107866187782013640e+03 2.111818240508485688e-14
3.448962260405759935e+03 1.601309036555325732e-14
3.827494478516314757e+03 1.208628087024129311e-14
4.247571552536898707e+03 9.095421105403098839e-15
4.713753134116724141e+03 6.847256286220107335e-15
5.231099308056262998e+03 5.171019432509756497e-15
5.805225516094896193e+03 3.930724203728387907e-15
6.442363508721369726e+03 3.021017572256746826e-15
7.149428986597576113e+03 2.345968905962288363e-15
7.934096665797491369e+03 1.860085614998612215e-15
8.804883581643463913e+03 1.493264702444671537e-15
9.771241535346502133e+03 1.216880190166712470e-15
1.084365968689610963e+04 1.006350494647769250e-15
1.203377840777589154e+04 8.386455610886212853e-16
1.335451562929898682e+04 7.041054463256123654e-16
1.482020705798858762e+04 5.941519622887387528e-16
1.644676177994664249e+04 5.024400771819898771e-16
1.825183494319044257e+04 4.247745689999310668e-16
2.025501939230666540e+04 3.587860308259138827e-16
2.247805833548725059e+04 3.020931944868641848e-16
2.494508135230316839e+04 2.537361842473665989e-16
2.768286630392066581e+04 2.123112432661377824e-16
3.072112998861759115e+04 1.763084933510684544e-16
3.409285069746814406e+04 1.452499354269525307e-16
3.783462617131928710e+04 1.188794055734750367e-16
4.198707084443910571e+04 9.652175803604806161e-17
4.659525668664683326e+04 7.783257549556845238e-17
5.170920242896761192e+04 6.176560286864332307e-17
5.738441648302398244e+04 4.804773336947764028e-17
6.368249944718585903e+04 3.674930093837370239e-17
7.067181273927491566e+04 2.756066829539570080e-17
7.842822061337680498e+04 2.017802232571296411e-17
8.703591361485165544e+04 1.433397903661203956e-17
9.658832241158708348e+04 9.809608974970607525e-18
1.071891319205127511e+05 6.402196955644815365e-18
1.189534067370319535e+05 3.959866179382085353e-18
1.320088400831418112e+05 2.302608567123171855e-18
1.464971398307286145e+05 1.253318220584380691e-18
1.625755666443794908e+05 6.429029826204973935e-19
1.804186409392071655e+05 3.195586418981739409e-19
2.002200371815584658e+05 1.620701839166222587e-19
2.221946860939523904e+05 9.063408474000627429e-20
2.465811075822604180e+05 5.853839678692739780e-20
2.736439997074671555e+05 4.252974983610522910e-20
3.036771118035460822e+05 3.289195469759167589e-20
3.370064329271928291e+05 2.603831553632792156e-20
3.739937302478798083e+05 2.075621602067035654e-20
4.150404757850476308e+05 1.656202151550630742e-20
4.605922041145108524e+05 1.320485441761711178e-20
5.111433483440171112e+05 1.051694815968450202e-20
5.672426068491977639e+05 8.367400876371082026e-21
6.294988990221888525e+05 6.649630727601959130e-21
6.985879746785250027e+05 5.278479483584676283e-21
7.752597488629464060e+05 4.185625531455941147e-21
8.603464416684507160e+05 3.315014279193796752e-21
9.547716114208066138e+05 2.622097276853912656e-21
1.059560179277617019e+06 2.071545819539780912e-21
1.175849554052158026e+06 1.634577838560176547e-21
1.304901978014401859e+06 1.288084018779606284e-21
1.448118227674532915e+06 1.013660747169250366e-21
1.607052818261638284e+06 7.965943107421861862e-22
1.783430876931909472e+06 6.251501485700156168e-22
1.979166867853557458e+06 4.898932564178008130e-22
2.196385372416546568e+06 3.833361633499981681e-22
2.437444150122222025e+06 2.995092146116614109e-22
2.704959730463137385e+06 2.336232348109439944e-22
3.001835813575591892e+06 1.819565773140303993e-22
3.331294787934676744e+06 1.415200381744465756e-22
3.696912707195031922e+06 1.098523932785283435e-22
4.102658105827190448e+06 8.513736545240213087e-23
4.552935074866947718e+06 6.587334281332447561e-23
5.052631065335679799e+06 5.087508167715836457e-23
5.607169938205458224e+06 3.921737925798962796e-23
6.222570836730230600e+06 3.017275588377266825e-23
6.905513520162330940e+06 2.316844926580761735e-23
7.663410868007462472e+06 1.775396736539410795e-23
8.504489341802684590e+06 1.357523695401895183e-23
9.437878277775391936e+06 1.035844847603016219e-23
1.047370897959450819e+07 7.884977935277091425e-24
1.162322468679854274e+07 5.988513942992759786e-24
1.289890261253307760e+07 4.536276895832209024e-24
1.431458937523478456e+07 3.427248707297433366e-24
1.588565129428052530e+07 2.582211164642265925e-24
1.762914118095947802e+07 1.939767864147393958e-24
1.956398343517064676e+07 1.452723570754135257e-24
2.171117945694505423e+07 1.084354743443168926e-24
2.409403560239527002e+07 8.064297917077737816e-25
2.673841615839949250e+07 5.972796269418304374e-25
2.967302408188872784e+07 4.407501146347296076e-25
3.292971255097155273e+07 3.236282905207074777e-25
3.654383070957254618e+07 2.364478210933154595e-25
4.055460735840827972e+07 1.718026298639841352e-25
4.500557675700496882e+07 1.240386434128365135e-25
4.994505115855139494e+07 8.893002175075212410e-26
5.542664520663107187e+07 6.325185480343060875e-26
6.150985788580504060e+07 4.457684073475455135e-26
6.826071834272393584e+07 3.108377134827303109e-26
7.575250258771920204e+07 2.140677334279169511e-26
8.406652885618332028e+07 1.452615405861429145e-26
9.329304026284696162e+07 9.682709384528973906e-27
1.035321843295663744e+08 6.313813870390190727e-27
1.148951000187308788e+08 4.005075968707453146e-27
1.275051240713012964e+08 2.453234996036607007e-27
1.414991297434575856e+08 1.434591881844571728e-27
1.570290124729377627e+08 7.882218222237223223e-28
1.742633386009651124e+08 3.969793090028870071e-28
1.933891750455232263e+08 1.764752395433873498e-28
2.146141197858406007e+08 6.560020919315549058e-29
2.381685551976160705e+08 1.872686157859092550e-29
2.643081486974108517e+08 1.951552977419572798e-30
