1.000000000000000000e+02 9.105838659531839367e-14
1.109752496412072134e+02 7.754106903499766278e-14
1.231550603292826196e+02 6.613479406532160797e-14
1.366716356462005990e+02 5.645514710755240881e-14
1.516716888470922413e+02 4.820761312281992318e-14
1.683180353330956791e+02 4.118755612202552085e-14
1.867913599020782840e+02 3.518858391435589787e-14
2.072921779595371845e+02 3.008776616826339934e-14
2.300430119772916839e+02 2.571807524316109429e-14
2.552908068239516410e+02 2.197107633778728492e-14
2.833096101839323637e+02 1.875356435483683062e-14
3.144035471591500368e+02 1.600081795795278833e-14
3.489101213406774491e+02 1.362862892204013959e-14
3.872038781812557318e+02 1.158276400072323454e-14
4.297004704320843871e+02 9.825187305597185361e-15
4.768611697714468960e+02 8.310946732612741714e-15
5.291978735958442712e+02 6.999427081507031154e-15
5.872786613189482523e+02 5.874395357395439456e-15
6.517339604882420190e+02 4.907728559528830774e-15
7.232633896483533817e+02 4.080013595009544380e-15
8.026433522257173081e+02 3.364769437203493759e-15
8.907354638610439679e+02 2.754103089661246325e-15
9.884959046625587007e+02 2.235811481569351274e-15
1.096985797892383971e+03 1.795242454203470885e-15
1.217382727739662187e+03 1.424076861663361568e-15
1.350993521198027793e+03 1.113818891553349386e-15
1.499268432786045423e+03 8.551634637889793366e-16
1.663816886076128640e+03 6.430392203238122505e-16
1.846424942895544291e+03 4.715867296912779380e-16
2.049074689815845886e+03 3.356523748986633792e-16
2.273965752357927613e+03 2.304665212727590917e-16
2.523539170434765765e+03 1.519232052720869035e-16
2.800503894183631019e+03 9.578717269912909236e-17
3.107866187782013640e+03 5.812065872980309053e-17
3.448962260405759935e+03 3.450087531817474729e-17
3.827494478516314757e+03 2.089340462726942758e-17
4.247571552536898707e+03 1.351711479346201772e-17
4.713753134116724141e+03 9.531936180353870125e-18
5.231099308056262998e+03 7.220684030415565019e-18
5.805225516094896193e+03 5.731447971936659881e-18
6.442363508721369726e+03 4.665008509355762371e-18
7.149428986597576113e+03 3.842433259517131509e-18
7.934096665797491369e+03 3.178485301848224612e-18
8.804883581643463913e+03 2.633649667821715943e-18
9.771241535346502133e+03 2.181022189636257326e-18
1.084365968689610963e+04 1.805370840064987246e-18
1.203377840777589154e+04 1.492647389500794204e-18
1.335451562929898682e+04 1.233012714651081826e-18
1.482020705798858762e+04 1.017490673679908052e-18
1.644676177994664249e+04 8.388430738496637490e-19
1.825183494319044257e+04 6.911808527394433471e-19
2.025501939230666540e+04 5.689135287437026249e-19
2.247805833548725059e+04 4.680709952802166420e-19
2.494508135230316839e+04 3.848120072271185437e-19
2.768286630392066581e+04 3.161725176404787144e-19
3.072112998861759115e+04 2.596324805513629834e-19
3.409285069746814406e+04 2.130542478444998708e-19
3.783462617131928710e+04 1.747081091253831439e-19
4.198707084443910571e+04 1.431613947203096252e-19
4.659525668664683326e+04 1.172084420592569068e-19
5.170920242896761192e+04 9.587698502260086435e-20
5.738441648302398244e+04 7.834467917026103393e-20
6.368249944718585903e+04 6.394788857236539862e-20
7.067181273927491566e+04 5.212738451367847130e-20
7.842822061337680498e+04 4.243132934881060498e-20
8.703591361485165544e+04 3.448358032365134053e-20
9.658832241158708348e+04 2.797348082020295012e-20
1.071891319205127511e+05 2.265164123260020509e-20
1.189534067370319535e+05 1.829885502683349235e-20
1.320088400831418112e+05 1.475007910256797502e-20
1.464971398307286145e+05 1.185783144322458081e-20
1.625755666443794908e+05 9.502936302855943428e-21
1.804186409392071655e+05 7.592730064961962867e-21
2.002200371815584658e+05 6.046745855453702056e-21
2.221946860939523904e+05 4.799202309368788106e-21
2.465811075822604180e+05 3.795890360133271497e-21
2.736439997074671555e+05 2.991859698027214536e-21
3.036771118035460822e+05 2.351175350183382308e-21
3.370064329271928291e+05 1.842793208802908834e-21
3.739937302478798083e+05 1.441556997314108466e-21
4.150404757850476308e+05 1.125543803668646253e-21
4.605922041145108524e+05 8.773456421564275957e-22
5.111433483440171112e+05 6.826521783142653940e-22
5.672426068491977639e+05 5.300947119450646775e-22
6.294988990221888525e+05 4.107897064186713424e-22
6.985879746785250027e+05 3.175945006291420949e-22
7.752597488629464060e+05 2.449680560370024666e-22
8.603464416684507160e+05 1.884651231264603206e-22
9.547716114208066138e+05 1.445900612968742880e-22
1.059560179277617019e+06 1.106064397764670630e-22
1.175849554052158026e+06 8.433947010316223672e-23
1.304901978014401859e+06 6.409237065223797889e-23
1.448118227674532915e+06 4.851981281172302693e-23
1.607052818261638284e+06 3.658683357866135708e-23
1.783430876931909472e+06 2.747098724855803199e-23
1.979166867853557458e+06 2.053042351970492738e-23
2.196385372416546568e+06 1.527430599372471775e-23
2.437444150122222025e+06 1.129648074402928179e-23
2.704959730463137385e+06 8.305284590147499653e-24
3.001835813575591892e+06 6.072079931866866964e-24
3.331294787934676744e+06 4.409235723399547180e-24
3.696912707195031922e+06 3.178875015244773154e-24
4.102658105827190448e+06 2.274584386179526198e-24
4.552935074866947718e+06 1.614665926353799194e-24
5.052631065335679799e+06 1.136585544521323631e-24
5.607169938205458224e+06 7.926237031752974776e-25
6.222570836730230600e+06 5.472295499496679667e-25
6.905513520162330940e+06 3.736069480709237499e-25
7.663410868007462472e+06 2.518482669123573180e-25
8.504489341802684590e+06 1.670798748419949564e-25
9.437878277775391936e+06 1.086924638599061782e-25
1.047370897959450819e+07 6.888532030211365670e-26
1.162322468679854274e+07 4.216247388187816950e-26
1.289890261253307760e+07 2.458680736401416352e-26
1.431458937523478456e+07 1.339771821418708650e-26
1.588565129428052530e+07 6.608301943945290848e-27
1.762914118095947802e+07 2.795851718135782468e-27
1.956398343517064676e+07 9.215663040520592200e-28
2.171117945694505423e+07 2.086799011392754004e-28
2.409403560239527002e+07 4.085093180216097280e-29
2.673841615839949250e+07 3.926655856941291430e-31
