1.000000000000000000e+02 1.051736291773704565e-11
1.109752496412072134e+02 9.060558698600344138e-12
1.231550603292826196e+02 7.803128698602759214e-12
1.366716356462005990e+02 6.718183935859562921e-12
1.516716888470922413e+02 5.783009247066699190e-12
1.683180353330956791e+02 4.976779738105897252e-12
1.867913599020782840e+02 4.282050468658127197e-12
2.072921779595371845e+02 3.683607164962342069e-12
2.300430119772916839e+02 3.167844965780420996e-12
2.552908068239516410e+02 2.724025790951547671e-12
2.833096101839323637e+02 2.342105067091533350e-12
3.144035471591500368e+02 2.013647129789740429e-12
3.489101213406774491e+02 1.730768540743854879e-12
3.872038781812557318e+02 1.487445286839993472e-12
4.297004704320843871e+02 1.278226569999787243e-12
4.768611697714468960e+02 1.098195664055322125e-12
5.291978735958442712e+02 9.435738387746039197e-13
5.872786613189482523e+02 8.104790636239561535e-13
6.517339604882420190e+02 6.959773024173906949e-13
7.232633896483533817e+02 5.976030451389397857e-13
8.026433522257173081e+02 5.129961034911606134e-13
8.907354638610439679e+02 4.402483158832918963e-13
9.884959046625587007e+02 3.777228024683910905e-13
1.096985797892383971e+03 3.239421597920971053e-13
1.217382727739662187e+03 2.777612987880824204e-13
1.350993521198027793e+03 2.380212348045938936e-13
1.499268432786045423e+03 2.039130437801849753e-13
1.663816886076128640e+03 1.745981305818848357e-13
1.846424942895544291e+03 1.494253412448130990e-13
2.049074689815845886e+03 1.278078824058559129e-13
2.273965752357927613e+03 1.092528639884456523e-13
2.523539170434765765e+03 9.332984870178255782e-14
2.800503894183631019e+03 7.968346214352112729e-14
3.107866187782013640e+03 6.797466861661157898e-14
3.448962260405759935e+03 5.794761176793837296e-14
3.827494478516314757e+03 4.935903230019797064e-14
4.247571552536898707e+03 4.200972467624534527e-14
4.713753134116724141e+03 3.572240484022040847e-14
5.231099308056262998e+03 3.035180924564401006e-14
5.805225516094896193e+03 2.575863994560757122e-14
6.442363508721369726e+03 2.184524256531235134e-14
7.149428986597576113e+03 1.850234942204459483e-14
7.934096665797491369e+03 1.565793016453536958e-14
8.804883581643463913e+03 1.323319420847568092e-14
9.771241535346502133e+03 1.117393081781269733e-14
1.084365968689610963e+04 9.420480885157791339e-15
1.203377840777589154e+04 7.934581164426099187e-15
1.335451562929898682e+04 6.673555906226736555e-15
1.482020705798858762e+04 5.605123758514225418e-15
1.644676177994664249e+04 4.701324186303049590e-15
1.825183494319044257e+04 3.936884847845400087e-15
2.025501939230666540e+04 3.292198434844356183e-15
2.247805833548725059e+04 2.748226959179133277e-15
2.494508135230316839e+04 2.289931140698208865e-15
2.768286630392066581e+04 1.906285045998987974e-15
3.072112998861759115e+04 1.581311060006507371e-15
3.409285069746814406e+04 1.310322116839220695e-15
3.783462617131928710e+04 1.084414231989407049e-15
4.198707084443910571e+04 8.941026216542196200e-16
4.659525668664683326e+04 7.364230794506004662e-16
5.170920242896761192e+04 6.047806256893750177e-16
5.738441648302398244e+04 4.953846037998853299e-16
6.368249944718585903e+04 4.050968512365205764e-16
7.067181273927491566e+04 3.301133603855030521e-16
7.842822061337680498e+04 2.681832691760583559e-16
8.703591361485165544e+04 2.172935729880246816e-16
9.658832241158708348e+04 1.755217712661100602e-16
1.071891319205127511e+05 1.413025592817362846e-16
1.189534067370319535e+05 1.133275001881156576e-16
1.320088400831418112e+05 9.062046658725054406e-17
1.464971398307286145e+05 7.213879977307318448e-17
1.625755666443794908e+05 5.722305398272704572e-17
1.804186409392071655e+05 4.519774547874471259e-17
2.002200371815584658e+05 3.553166998210074860e-17
2.221946860939523904e+05 2.780071571367359003e-17
2.465811075822604180e+05 2.164295845846677587e-17
2.736439997074671555e+05 1.675447946931282207e-17
3.036771118035460822e+05 1.289416128233305537e-17
3.370064329271928291e+05 9.857386298953691577e-18
3.739937302478798083e+05 7.482197351753358116e-18
4.150404757850476308e+05 5.633427072426328433e-18
4.605922041145108524e+05 4.206187140319779248e-18
5.111433483440171112e+05 3.110838992831827290e-18
5.672426068491977639e+05 2.277528392618011767e-18
6.294988990221888525e+05 1.648604899970502525e-18
6.985879746785250027e+05 1.179236022138966461e-18
7.752597488629464060e+05 8.329840386455285801e-19
8.603464416684507160e+05 5.799687254369586744e-19
9.547716114208066138e+05 3.982933778326690672e-19
1.059560179277617019e+06 2.691605935278499109e-19
1.175849554052158026e+06 1.797158178570115309e-19
1.304901978014401859e+06 1.183319806114898251e-19
1.448118227674532915e+06 7.678781895179091384e-20
1.607052818261638284e+06 4.902344735901027274e-20
1.783430876931909472e+06 3.067229991957594373e-20
1.979166867853557458e+06 1.866174406989656644e-20
2.196385372416546568e+06 1.091281001259316255e-20
2.437444150122222025e+06 6.029257726342132080e-21
2.704959730463137385e+06 3.064067854927642045e-21
3.001835813575591892e+06 1.389518061082910737e-21
3.331294787934676744e+06 5.485781738101634203e-22
3.696912707195031922e+06 1.934409563483146314e-22
4.102658105827190448e+06 6.784504403905245383e-23
4.552935074866947718e+06 2.865721601198946500e-23
5.052631065335679799e+06 1.600356684221264273e-23
5.607169938205458224e+06 1.058534724234299016e-23
6.222570836730230600e+06 7.427582615114072585e-24
6.905513520162330940e+06 5.290044767345716793e-24
7.663410868007462472e+06 3.780280877785574663e-24
8.504489341802684590e+06 2.703634184488015134e-24
9.437878277775391936e+06 1.934027468223578812e-24
1.047370897959450819e+07 1.383985730655138093e-24
1.162322468679854274e+07 9.901778660838023853e-25
1.289890261253307760e+07 7.078630212475117227e-25
1.431458937523478456e+07 5.056392791233063462e-25
1.588565129428052530e+07 3.607984446159054633e-25
1.762914118095947802e+07 2.571509147819405749e-25
1.956398343517064676e+07 1.829813964330574835e-25
2.171117945694505423e+07 1.299844665946629611e-25
2.409403560239527002e+07 9.217229536518701509e-26
2.673841615839949250e+07 6.522022172215682463e-26
2.967302408188872784e+07 4.604670430847164595e-26
3.292971255097155273e+07 3.243441310728757423e-26
3.654383070957254618e+07 2.278081817618059252e-26
4.055460735840827972e+07 1.595634858813181406e-26
4.500557675700496882e+07 1.114008269946943243e-26
4.994505115855139494e+07 7.751368656633621809e-27
5.542664520663107187e+07 5.372099020076603628e-27
6.150985788580504060e+07 3.707901880315757754e-27
6.826071834272393584e+07 2.547153483818281031e-27
7.575250258771920204e+07 1.740414964860798529e-27
8.406652885618332028e+07 1.182002526210853580e-27
9.329304026284696162e+07 7.970591414574706794e-28
1.035321843295663744e+08 5.332220569663882869e-28
1.148951000187308788e+08 3.532933678255974199e-28
1.275051240713012964e+08 2.314400894261662929e-28
1.414991297434575856e+08 1.495220574022047815e-28
1.570290124729377627e+08 9.495349780590433912e-29
1.742633386009651124e+08 5.903613778859744493e-29
1.933891750455232263e+08 3.569156241708002905e-29
2.146141197858406007e+08 2.079967649087754479e-29
2.381685551976160705e+08 1.151737127765747331e-29
2.643081486974108517e+08 5.918721283399108293e-30
2.933166278390048146e+08 2.705252745503801518e-30
3.255088599835056663e+08 1.000818171390544468e-30
3.612342699709430337e+08 2.067459722085581506e-31
