1.000000000000000000e+02 1.547843612452581166e-12
1.109752496412072134e+02 1.338689504045161933e-12
1.231550603292826196e+02 1.157597122069526475e-12
1.366716356462005990e+02 1.000635295792065357e-12
1.516716888470922413e+02 8.647665784739205782e-13
1.683180353330956791e+02 7.471183832974150216e-13
1.867913599020782840e+02 6.452450362361461428e-13
2.072921779595371845e+02 5.570911719392705524e-13
2.300430119772916839e+02 4.808204471931636534e-13
2.552908068239516410e+02 4.148679328870145606e-13
2.833096101839323637e+02 3.578253733499279637e-13
3.144035471591500368e+02 3.085155632820587736e-13
3.489101213406774491e+02 2.658991674805409315e-13
3.872038781812557318e+02 2.290668989866269386e-13
4.297004704320843871e+02 1.972701788984674934e-13
4.768611697714468960e+02 1.698100267410261149e-13
5.291978735958442712e+02 1.461113828039097576e-13
5.872786613189482523e+02 1.256597848728871430e-13
6.517339604882420190e+02 1.080186106378660754e-13
7.232633896483533817e+02 9.281023811405518122e-14
8.026433522257173081e+02 7.970714734270058758e-14
8.907354638610439679e+02 6.841842850307293746e-14
9.884959046625587007e+02 5.869836922356674175e-14
1.096985797892383971e+03 5.032923125941929241e-14
1.217382727739662187e+03 4.313030298288008128e-14
1.350993521198027793e+03 3.694187140826272697e-14
1.499268432786045423e+03 3.162246550487882357e-14
1.663816886076128640e+03 2.705298874045511955e-14
1.846424942895544291e+03 2.313120123848171711e-14
2.049074689815845886e+03 1.976584101456301124e-14
2.273965752357927613e+03 1.687983965510177670e-14
2.523539170434765765e+03 1.440652592873188812e-14
2.800503894183631019e+03 1.228723551996942027e-14
3.107866187782013640e+03 1.047432049013158366e-14
3.448962260405759935e+03 8.923384515793629012e-15
3.827494478516314757e+03 7.597539830147106807e-15
4.247571552536898707e+03 6.464915633158561337e-15
4.713753134116724141e+03 5.497984047149255001e-15
5.231099308056262998e+03 4.672813672118342020e-15
5.805225516094896193e+03 3.969132332167208617e-15
6.442363508721369726e+03 3.369656207708969554e-15
7.149428986597576113e+03 2.859096706915045100e-15
7.934096665797491369e+03 2.424708976954770598e-15
8.804883581643463913e+03 2.055136420413453395e-15
9.771241535346502133e+03 1.740774252557574922e-15
1.084365968689610963e+04 1.473996454348306364e-15
1.203377840777589154e+04 1.247301589035083567e-15
1.335451562929898682e+04 1.054889443429570391e-15
1.482020705798858762e+04 8.917522507093148676e-16
1.644676177994664249e+04 7.534597838218408325e-16
1.825183494319044257e+04 6.362979178250663921e-16
2.025501939230666540e+04 5.369604424769475829e-16
2.247805833548725059e+04 4.529222777948925316e-16
2.494508135230316839e+04 3.818409778740372936e-16
2.768286630392066581e+04 3.217385013793583495e-16
3.072112998861759115e+04 2.709226721124196058e-16
3.409285069746814406e+04 2.279654542770845774e-16
3.783462617131928710e+04 1.917403249518786972e-16
4.198707084443910571e+04 1.611576422838213416e-16
4.659525668664683326e+04 1.353576301307554969e-16
5.170920242896761192e+04 1.136115292965604116e-16
5.738441648302398244e+04 9.529144177283324662e-17
6.368249944718585903e+04 7.986617230908061391e-17
7.067181273927491566e+04 6.688790490384879694e-17
7.842822061337680498e+04 5.596922270160770714e-17
8.703591361485165544e+04 4.679366416646692884e-17
9.658832241158708348e+04 3.908774374098911636e-17
1.071891319205127511e+05 3.262334346063386628e-17
1.189534067370319535e+05 2.719858141851395493e-17
1.320088400831418112e+05 2.265477731979210484e-17
1.464971398307286145e+05 1.884695056117671039e-17
1.625755666443794908e+05 1.566218523124506735e-17
1.804186409392071655e+05 1.299997428923759555e-17
2.002200371815584658e+05 1.077326650244914472e-17
2.221946860939523904e+05 8.918096789954860367e-18
2.465811075822604180e+05 7.369060421264656222e-18
2.736439997074671555e+05 6.078665037125898859e-18
3.036771118035460822e+05 5.008088335743516919e-18
3.370064329271928291e+05 4.113211793895255110e-18
3.739937302478798083e+05 3.374933812589515881e-18
4.150404757850476308e+05 2.760677107242523461e-18
4.605922041145108524e+05 2.253835691441253955e-18
5.111433483440171112e+05 1.834556436657958229e-18
5.672426068491977639e+05 1.489101217624239413e-18
6.294988990221888525e+05 1.204739947977475942e-18
6.985879746785250027e+05 9.714649169888598311e-19
7.752597488629464060e+05 7.806735802099101015e-19
8.603464416684507160e+05 6.248016772889835608e-19
9.547716114208066138e+05 4.981260560493261232e-19
1.059560179277617019e+06 3.951463044467520484e-19
1.175849554052158026e+06 3.128658217634878946e-19
1.304901978014401859e+06 2.455892529379683499e-19
1.448118227674532915e+06 1.925019675079435249e-19
1.607052818261638284e+06 1.494563846025307460e-19
1.783430876931909472e+06 1.159541028938143904e-19
1.979166867853557458e+06 8.898657669774027252e-20
2.196385372416546568e+06 6.818435857328759817e-20
2.437444150122222025e+06 5.176335796855589300e-20
2.704959730463137385e+06 3.910273788102041318e-20
3.001835813575591892e+06 2.936691046237798643e-20
3.331294787934676744e+06 2.187782473006314925e-20
3.696912707195031922e+06 1.626210642992260371e-20
4.102658105827190448e+06 1.195448301906797902e-20
4.552935074866947718e+06 8.746878729601514334e-21
5.052631065335679799e+06 6.359218830131849729e-21
5.607169938205458224e+06 4.572920901804838830e-21
6.222570836730230600e+06 3.276627797546426813e-21
6.905513520162330940e+06 2.320734085383085450e-21
7.663410868007462472e+06 1.623031628194244783e-21
8.504489341802684590e+06 1.116490251934682266e-21
9.437878277775391936e+06 7.558783366254809399e-22
1.047370897959450819e+07 4.983686210999508092e-22
1.162322468679854274e+07 3.194943985139251076e-22
1.289890261253307760e+07 1.980560998193127638e-22
1.431458937523478456e+07 1.183814342476558654e-22
1.588565129428052530e+07 6.815370520107697692e-23
1.762914118095947802e+07 3.798888133465720053e-23
1.956398343517064676e+07 2.068697860498133691e-23
2.171117945694505423e+07 1.116716018423672786e-23
2.409403560239527002e+07 6.131179339328146731e-24
2.673841615839949250e+07 3.545209980346999580e-24
2.967302408188872784e+07 2.213748910234528154e-24
3.292971255097155273e+07 1.483169866774787955e-24
3.654383070957254618e+07 1.037997139696126868e-24
4.055460735840827972e+07 7.403474479581885757e-25
4.500557675700496882e+07 5.310275986197484056e-25
4.994505115855139494e+07 3.805877803028883923e-25
5.542664520663107187e+07 2.721156231084082790e-25
6.150985788580504060e+07 1.938633915463719782e-25
6.826071834272393584e+07 1.374424903366962456e-25
7.575250258771920204e+07 9.688090593871801420e-26
8.406652885618332028e+07 6.774391751206368551e-26
9.329304026284696162e+07 4.692775108417000628e-26
1.035321843295663744e+08 3.211529168910100217e-26
1.148951000187308788e+08 2.168481240981643221e-26
1.275051240713012964e+08 1.437589975736640184e-26
1.414991297434575856e+08 9.322306464909720299e-27
1.570290124729377627e+08 5.871397930145914597e-27
1.742633386009651124e+08 3.564952644695434255e-27
1.933891750455232263e+08 2.052855103868514034e-27
2.146141197858406007e+08 1.099576004447230200e-27
2.381685551976160705e+08 5.279184883233794900e-28
2.643081486974108517e+08 2.133456350845617544e-28
2.933166278390048146e+08 6.492601049303493801e-29
3.255088599835056663e+08 1.341109134493524727e-29
3.612342699709430337e+08 7.152101795107037081e-31
4.008806328898465633e+08 1.324979537417464628e-85
4.448782831127585173e+08 6.991719501637532899e-130
4.937047852839003801e+08 2.065906728046774266e-151
