1.000000000000000000e+02 1.089569994110728052e-10
1.109752496412072134e+02 9.308856498440082503e-11
1.231550603292826196e+02 7.935799327394604616e-11
1.366716356462005990e+02 6.752805393686952346e-11
1.516716888470922413e+02 5.735431439512574485e-11
1.683180353330956791e+02 4.860355672096456977e-11
1.867913599020782840e+02 4.112422972838970274e-11
2.072921779595371845e+02 3.469655236503586451e-11
2.300430119772916839e+02 2.922500572273127344e-11
2.552908068239516410e+02 2.457515532477889215e-11
2.833096101839323637e+02 2.061124349677759285e-11
3.144035471591500368e+02 1.726783765724330671e-11
3.489101213406774491e+02 1.442195750530272961e-11
3.872038781812557318e+02 1.204186698713426191e-11
4.297004704320843871e+02 1.002388481200468628e-11
4.768611697714468960e+02 8.342806267179859471e-12
5.291978735958442712e+02 6.926039615760480230e-12
5.872786613189482523e+02 5.748741822522400439e-12
6.517339604882420190e+02 4.763799805478031317e-12
7.232633896483533817e+02 3.944962310497254683e-12
8.026433522257173081e+02 3.263861694638887718e-12
8.907354638610439679e+02 2.698721062112169264e-12
9.884959046625587007e+02 2.229735756231642813e-12
1.096985797892383971e+03 1.842283139213471414e-12
1.217382727739662187e+03 1.520866978177367776e-12
1.350993521198027793e+03 1.255426073650985338e-12
1.499268432786045423e+03 1.034339775354598641e-12
1.663816886076128640e+03 8.529832994012027763e-13
1.846424942895544291e+03 7.015512343834772686e-13
2.049074689815845886e+03 5.772186233183153111e-13
2.273965752357927613e+03 4.735334792245973721e-13
2.523539170434765765e+03 3.882702852683436344e-13
2.800503894183631019e+03 3.172829804933580336e-13
3.107866187782013640e+03 2.589449736741501417e-13
3.448962260405759935e+03 2.105560829036027555e-13
3.827494478516314757e+03 1.708552985572219265e-13
4.247571552536898707e+03 1.380863777539490114e-13
4.713753134116724141e+03 1.112055613285614485e-13
5.231099308056262998e+03 8.949696014411154805e-14
5.805225516094896193e+03 7.156264275572978617e-14
6.442363508721369726e+03 5.710146449183481232e-14
7.149428986597576113e+03 4.541692382395994185e-14
7.934096665797491369e+03 3.607424313890547843e-14
8.804883581643463913e+03 2.851096039809565867e-14
9.771241535346502133e+03 2.261048311566854066e-14
1.084365968689610963e+04 1.780120576653147915e-14
1.203377840777589154e+04 1.409475640281406736e-14
1.335451562929898682e+04 1.112589484943039326e-14
1.482020705798858762e+04 8.810871343777452641e-15
1.644676177994664249e+04 7.006427806350720912e-15
1.825183494319044257e+04 5.572589483605659349e-15
2.025501939230666540e+04 4.457115143624278077e-15
2.247805833548725059e+04 3.581345173632099203e-15
2.494508135230316839e+04 2.885839071687468279e-15
2.768286630392066581e+04 2.334705530559835695e-15
3.072112998861759115e+04 1.895827897476795920e-15
3.409285069746814406e+04 1.541590645405051234e-15
3.783462617131928710e+04 1.255453863704586671e-15
4.198707084443910571e+04 1.022547846320249655e-15
4.659525668664683326e+04 8.316452384348258936e-16
5.170920242896761192e+04 6.746081883410658086e-16
5.738441648302398244e+04 5.453396758814971982e-16
6.368249944718585903e+04 4.386586239998553858e-16
7.067181273927491566e+04 3.506575502918213522e-16
7.842822061337680498e+04 2.783408291573995738e-16
8.703591361485165544e+04 2.190949281723674751e-16
9.658832241158708348e+04 1.707893675845602446e-16
1.071891319205127511e+05 1.317970461420003876e-16
1.189534067370319535e+05 1.004778931670014863e-16
1.320088400831418112e+05 7.561321747797587620e-17
1.464971398307286145e+05 5.613893524661663526e-17
1.625755666443794908e+05 4.109807916645939272e-17
1.804186409392071655e+05 2.962642688258982445e-17
2.002200371815584658e+05 2.109757485546369931e-17
2.221946860939523904e+05 1.488440025444466979e-17
2.465811075822604180e+05 1.045662247140939826e-17
2.736439997074671555e+05 7.382908445018671270e-18
3.036771118035460822e+05 5.294035294643311717e-18
3.370064329271928291e+05 3.892149873861377499e-18
3.739937302478798083e+05 2.946163086535241892e-18
4.150404757850476308e+05 2.287809330477497587e-18
4.605922041145108524e+05 1.810567195869374663e-18
5.111433483440171112e+05 1.450333806564553596e-18
5.672426068491977639e+05 1.170070571800933214e-18
6.294988990221888525e+05 9.472505678698375426e-19
6.985879746785250027e+05 7.680065387332607099e-19
7.752597488629464060e+05 6.227886799816731332e-19
8.603464416684507160e+05 5.048347231564840437e-19
9.547716114208066138e+05 4.088579730385597899e-19
1.059560179277617019e+06 3.308390023203600912e-19
1.175849554052158026e+06 2.674161389397809274e-19
1.304901978014401859e+06 2.159294288564748171e-19
1.448118227674532915e+06 1.741708315072713389e-19
1.607052818261638284e+06 1.403115194667365016e-19
1.783430876931909472e+06 1.129092231790088701e-19
1.979166867853557458e+06 9.073609532710567274e-20
2.196385372416546568e+06 7.280638695858909233e-20
2.437444150122222025e+06 5.833883633870225954e-20
2.704959730463137385e+06 4.666533750823187852e-20
3.001835813575591892e+06 3.725376624749598322e-20
3.331294787934676744e+06 2.968942184173874365e-20
3.696912707195031922e+06 2.360832797257975946e-20
4.102658105827190448e+06 1.872767733645859061e-20
4.552935074866947718e+06 1.481922542001175859e-20
5.052631065335679799e+06 1.169431263460556170e-20
5.607169938205458224e+06 9.196904282331692726e-21
6.222570836730230600e+06 7.206893750332473776e-21
6.905513520162330940e+06 5.627070311778957977e-21
7.663410868007462472e+06 4.378902228499308830e-21
8.504489341802684590e+06 3.389114440096606061e-21
9.437878277775391936e+06 2.609324787947603794e-21
1.047370897959450819e+07 1.997028964795649874e-21
1.162322468679854274e+07 1.517323376586125127e-21
1.289890261253307760e+07 1.146736230631972418e-21
1.431458937523478456e+07 8.584114614810356281e-22
1.588565129428052530e+07 6.364944104402490479e-22
1.762914118095947802e+07 4.669922696449271331e-22
1.956398343517064676e+07 3.384894638639720321e-22
2.171117945694505423e+07 2.419211985636227506e-22
2.409403560239527002e+07 1.702432282638227775e-22
2.673841615839949250e+07 1.177086206721951256e-22
2.967302408188872784e+07 7.978902901437060720e-23
3.292971255097155273e+07 5.291749790479211253e-23
3.654383070957254618e+07 3.428279968468307034e-23
4.055460735840827972e+07 2.162843864138407910e-23
4.500557675700496882e+07 1.321433969667442686e-23
4.994505115855139494e+07 7.703881748296429442e-24
5.542664520663107187e+07 4.141620826035623398e-24
6.150985788580504060e+07 1.910063757558889176e-24
6.826071834272393584e+07 6.440365980514766264e-25
7.575250258771920204e+07 9.960112181505617918e-26
8.406652885618332028e+07 2.542216386566650962e-27
9.329304026284696162e+07 2.152387738020203159e-30
1.035321843295663744e+08 7.773133812382686267e-37
1.148951000187308788e+08 4.294745114413624712e-56
