1.000000000000000000e+02 1.584447522823713167e-14
1.109752496412072134e+02 1.331350608534648938e-14
1.231550603292826196e+02 1.121453838923466183e-14
1.366716356462005990e+02 9.473029172292019758e-15
1.516716888470922413e+02 8.014478776308639230e-15
1.683180353330956791e+02 6.782593533008781550e-15
1.867913599020782840e+02 5.740961742744440572e-15
2.072921779595371845e+02 4.855470251040085439e-15
2.300430119772916839e+02 4.098812602481907438e-15
2.552908068239516410e+02 3.452804891098258784e-15
2.833096101839323637e+02 2.899732980801527785e-15
3.144035471591500368e+02 2.427086499008993094e-15
3.489101213406774491e+02 2.023106787624288229e-15
3.872038781812557318e+02 1.677162188054962683e-15
4.297004704320843871e+02 1.382721824077032327e-15
4.768611697714468960e+02 1.132940202554797817e-15
5.291978735958442712e+02 9.207366560645222935e-16
5.872786613189482523e+02 7.415044386021267499e-16
6.517339604882420190e+02 5.907222552535873751e-16
7.232633896483533817e+02 4.649399669146422560e-16
8.026433522257173081e+02 3.603434847559342433e-16
8.907354638610439679e+02 2.746226662091546821e-16
9.884959046625587007e+02 2.048420786267156462e-16
1.096985797892383971e+03 1.489869906503558933e-16
1.217382727739662187e+03 1.051360252669538897e-16
1.350993521198027793e+03 7.152196954332221400e-17
1.499268432786045423e+03 4.662154540159158932e-17
1.663816886076128640e+03 2.898729467389178347e-17
1.846424942895544291e+03 1.719123303636633281e-17
2.049074689815845886e+03 9.828375911433863749e-18
2.273965752357927613e+03 5.581834529389482121e-18
2.523539170434765765e+03 3.317594972508159422e-18
2.800503894183631019e+03 2.155602446087197169e-18
3.107866187782013640e+03 1.543046586442328767e-18
3.448962260405759935e+03 1.190827426305994847e-18
3.827494478516314757e+03 9.625435051156555309e-19
4.247571552536898707e+03 7.963520391485055625e-19
4.713753134116724141e+03 6.656043269136080502e-19
5.231099308056262998e+03 5.582485759306111573e-19
5.805225516094896193e+03 4.686650967770335942e-19
6.442363508721369726e+03 3.931836757376421672e-19
7.149428986597576113e+03 3.296645097554658270e-19
7.934096665797491369e+03 2.761265637591753589e-19
8.804883581643463913e+03 2.310538683957810136e-19
9.771241535346502133e+03 1.931812518435403620e-19
1.084365968689610963e+04 1.613327324337859387e-19
1.203377840777589154e+04 1.346435245542986389e-19
1.335451562929898682e+04 1.122531496019985534e-19
1.482020705798858762e+04 9.350932203981814035e-20
1.644676177994664249e+04 7.783651386245375368e-20
1.825183494319044257e+04 6.473048941831663679e-20
2.025501939230666540e+04 5.380044736734842460e-20
2.247805833548725059e+04 4.468041911627041667e-20
2.494508135230316839e+04 3.707184423834116511e-20
2.768286630392066581e+04 3.073804648484032825e-20
3.072112998861759115e+04 2.546557002287535020e-20
3.409285069746814406e+04 2.107965424703449523e-20
3.783462617131928710e+04 1.743213944690660916e-20
4.198707084443910571e+04 1.440231774134309607e-20
4.659525668664683326e+04 1.188728114331198114e-20
5.170920242896761192e+04 9.801303027351052502e-21
5.738441648302398244e+04 8.071145492132893116e-21
6.368249944718585903e+04 6.638936451440709688e-21
7.067181273927491566e+04 5.453582018356434714e-21
7.842822061337680498e+04 4.473741824363809785e-21
8.703591361485165544e+04 3.664389499124454957e-21
9.658832241158708348e+04 2.997399969548264131e-21
1.071891319205127511e+05 2.447128165388133252e-21
1.189534067370319535e+05 1.994591493132100695e-21
1.320088400831418112e+05 1.622992347598317055e-21
1.464971398307286145e+05 1.317823505755939306e-21
1.625755666443794908e+05 1.068095514181289965e-21
1.804186409392071655e+05 8.638578391435598075e-22
2.002200371815584658e+05 6.972351824372812267e-22
2.221946860939523904e+05 5.615930757781217252e-22
2.465811075822604180e+05 4.513867762949869104e-22
2.736439997074671555e+05 3.621176566451165257e-22
3.036771118035460822e+05 2.899460855486906820e-22
3.370064329271928291e+05 2.318318195339762988e-22
3.739937302478798083e+05 1.850270952263243850e-22
4.150404757850476308e+05 1.474293327219096885e-22
4.605922041145108524e+05 1.172669586011356325e-22
5.111433483440171112e+05 9.312700022654282210e-23
5.672426068491977639e+05 7.381869068866655412e-23
6.294988990221888525e+05 5.839574680016460997e-23
6.985879746785250027e+05 4.611300536311800446e-23
7.752597488629464060e+05 3.634425314022021746e-23
8.603464416684507160e+05 2.858246792388031035e-23
9.547716114208066138e+05 2.243431166307766735e-23
1.059560179277617019e+06 1.756823777966809803e-23
1.175849554052158026e+06 1.372692121568996105e-23
1.304901978014401859e+06 1.070130748068362535e-23
1.448118227674532915e+06 8.321217926336889137e-24
1.607052818261638284e+06 6.453982416937511389e-24
1.783430876931909472e+06 4.991650180169814039e-24
1.979166867853557458e+06 3.850061924738308029e-24
2.196385372416546568e+06 2.959996323307956205e-24
2.437444150122222025e+06 2.268724884359199695e-24
2.704959730463137385e+06 1.732656009972195228e-24
3.001835813575591892e+06 1.318461171740447922e-24
3.331294787934676744e+06 9.993331849716356435e-25
3.696912707195031922e+06 7.541338674062430770e-25
4.102658105827190448e+06 5.664678795695413662e-25
4.552935074866947718e+06 4.233144117369129660e-25
5.052631065335679799e+06 3.146653855607949985e-25
5.607169938205458224e+06 2.324716919629735227e-25
6.222570836730230600e+06 1.706262264302866028e-25
6.905513520162330940e+06 1.243181496230226339e-25
7.663410868007462472e+06 8.985999481119725043e-26
8.504489341802684590e+06 6.439414612464034808e-26
9.437878277775391936e+06 4.568850598957252000e-26
1.047370897959450819e+07 3.206672712879129989e-26
1.162322468679854274e+07 2.223052840912615386e-26
1.289890261253307760e+07 1.520390790019350916e-26
1.431458937523478456e+07 1.022635958763274369e-26
1.588565129428052530e+07 6.756054397528660432e-27
1.762914118095947802e+07 4.359850863625531938e-27
1.956398343517064676e+07 2.732802446190612710e-27
2.171117945694505423e+07 1.646690879522215494e-27
2.409403560239527002e+07 9.380705897918616287e-28
2.673841615839949250e+07 4.917206237978438902e-28
2.967302408188872784e+07 2.256983575336513841e-28
3.292971255097155273e+07 8.203239521350533179e-29
3.654383070957254618e+07 1.857999799272217063e-29
4.055460735840827972e+07 1.801366974783631799e-30
4.500557675700496882e+07 3.228872141567739610e-32
