1.000000000000000000e+02 1.415178069212918756e-12
1.109752496412072134e+02 1.217940714177271428e-12
1.231550603292826196e+02 1.047483632058746937e-12
1.366716356462005990e+02 9.000381746512048620e-13
1.516716888470922413e+02 7.724788116339493478e-13
1.683180353330956791e+02 6.624734852982144393e-13
1.867913599020782840e+02 5.673694324837769508e-13
2.072921779595371845e+02 4.856210848941824809e-13
2.300430119772916839e+02 4.152997726320093293e-13
2.552908068239516410e+02 3.546818399456269921e-13
2.833096101839323637e+02 3.026540444157722898e-13
3.144035471591500368e+02 2.579761211350746336e-13
3.489101213406774491e+02 2.197126183441516145e-13
3.872038781812557318e+02 1.869069700444456210e-13
4.297004704320843871e+02 1.588294278511619832e-13
4.768611697714468960e+02 1.348613735367383011e-13
5.291978735958442712e+02 1.143796090258914769e-13
5.872786613189482523e+02 9.693039847070307952e-14
6.517339604882420190e+02 8.205457558931796295e-14
7.232633896483533817e+02 6.939858850871354116e-14
8.026433522257173081e+02 5.866590137533369877e-14
8.907354638610439679e+02 4.954211372061754007e-14
9.884959046625587007e+02 4.180678014184273773e-14
1.096985797892383971e+03 3.526369296930353242e-14
1.217382727739662187e+03 2.971725879716260601e-14
1.350993521198027793e+03 2.503338755180011349e-14
1.499268432786045423e+03 2.107828609485918547e-14
1.663816886076128640e+03 1.773714955185067634e-14
1.846424942895544291e+03 1.492168550830901878e-14
2.049074689815845886e+03 1.254747493846466629e-14
2.273965752357927613e+03 1.054877512911316365e-14
2.523539170434765765e+03 8.864828242805359423e-15
2.800503894183631019e+03 7.448200830600849778e-15
3.107866187782013640e+03 6.256130786103322173e-15
3.448962260405759935e+03 5.253458020362675188e-15
3.827494478516314757e+03 4.410141391523767724e-15
4.247571552536898707e+03 3.701125224855137847e-15
4.713753134116724141e+03 3.105256390631316462e-15
5.231099308056262998e+03 2.604538247595369177e-15
5.805225516094896193e+03 2.183825277764334560e-15
6.442363508721369726e+03 1.830523455232503915e-15
7.149428986597576113e+03 1.534034847341625638e-15
7.934096665797491369e+03 1.285070948572670598e-15
8.804883581643463913e+03 1.076023941383658044e-15
9.771241535346502133e+03 9.008854794294679435e-16
1.084365968689610963e+04 7.539080730941777345e-16
1.203377840777589154e+04 6.307122661562187696e-16
1.335451562929898682e+04 5.274905253294310973e-16
1.482020705798858762e+04 4.410901594736468151e-16
1.644676177994664249e+04 3.686398153483785718e-16
1.825183494319044257e+04 3.080339223694871854e-16
2.025501939230666540e+04 2.573358175453015408e-16
2.247805833548725059e+04 2.148821040476511172e-16
2.494508135230316839e+04 1.794082053036468292e-16
2.768286630392066581e+04 1.497409956391021575e-16
3.072112998861759115e+04 1.249307304990156666e-16
3.409285069746814406e+04 1.042138799528199429e-16
3.783462617131928710e+04 8.689464623250945688e-17
4.198707084443910571e+04 7.243903647996934807e-17
4.659525668664683326e+04 6.036237820328745549e-17
5.170920242896761192e+04 5.028416926273273819e-17
5.738441648302398244e+04 4.187450228356926183e-17
6.368249944718585903e+04 3.485030088655414552e-17
7.067181273927491566e+04 2.900123181283587772e-17
7.842822061337680498e+04 2.411938821801378846e-17
8.703591361485165544e+04 2.005375439933826258e-17
9.658832241158708348e+04 1.666571880819137424e-17
1.071891319205127511e+05 1.384300289661758542e-17
1.189534067370319535e+05 1.149315633425224750e-17
1.320088400831418112e+05 9.537849506673559797e-18
1.464971398307286145e+05 7.911280885617660577e-18
1.625755666443794908e+05 6.558410286850609222e-18
1.804186409392071655e+05 5.434077190416545591e-18
2.002200371815584658e+05 4.500793912954315731e-18
2.221946860939523904e+05 3.724875739371782572e-18
2.465811075822604180e+05 3.081637518477789067e-18
2.736439997074671555e+05 2.548257281513620576e-18
3.036771118035460822e+05 2.105626763235830503e-18
3.370064329271928291e+05 1.739142663560352322e-18
3.739937302478798083e+05 1.435439540104962981e-18
4.150404757850476308e+05 1.184313286406383187e-18
4.605922041145108524e+05 9.764118723634310267e-19
5.111433483440171112e+05 8.047320424408445042e-19
5.672426068491977639e+05 6.626039830641762554e-19
6.294988990221888525e+05 5.452626957715842805e-19
6.985879746785250027e+05 4.484652538464776645e-19
7.752597488629464060e+05 3.685087275440943887e-19
8.603464416684507160e+05 3.027043871433030612e-19
9.547716114208066138e+05 2.483947971968611005e-19
1.059560179277617019e+06 2.037099058775582028e-19
1.175849554052158026e+06 1.669091214905679061e-19
1.304901978014401859e+06 1.366654307293789898e-19
1.448118227674532915e+06 1.118045527443502993e-19
1.607052818261638284e+06 9.139488907613649595e-20
1.783430876931909472e+06 7.464877718416412219e-20
1.979166867853557458e+06 6.090840901569737927e-20
2.196385372416546568e+06 4.965111871946768079e-20
2.437444150122222025e+06 4.044480354856515922e-20
2.704959730463137385e+06 3.290770186793803005e-20
3.001835813575591892e+06 2.675083223043361434e-20
3.331294787934676744e+06 2.172430626210464307e-20
3.696912707195031922e+06 1.762247501076243556e-20
4.102658105827190448e+06 1.428111046127047732e-20
4.552935074866947718e+06 1.156041165446714910e-20
5.052631065335679799e+06 9.347924909477982639e-21
5.607169938205458224e+06 7.548943789062182817e-21
6.222570836730230600e+06 6.090260550793635537e-21
6.905513520162330940e+06 4.906983598351472191e-21
7.663410868007462472e+06 3.947808567510968193e-21
8.504489341802684590e+06 3.172690429299622840e-21
9.437878277775391936e+06 2.546285813455004646e-21
1.047370897959450819e+07 2.040533524865398541e-21
1.162322468679854274e+07 1.633144819607595391e-21
1.289890261253307760e+07 1.305019843854230184e-21
1.431458937523478456e+07 1.041140013684016584e-21
1.588565129428052530e+07 8.294079687084587737e-22
1.762914118095947802e+07 6.595823453183827938e-22
1.956398343517064676e+07 5.235984794900652032e-22
2.171117945694505423e+07 4.148880280282533388e-22
2.409403560239527002e+07 3.280819992651678568e-22
2.673841615839949250e+07 2.589649935225937884e-22
2.967302408188872784e+07 2.039131438245772825e-22
3.292971255097155273e+07 1.602059728534975730e-22
3.654383070957254618e+07 1.255668410239194892e-22
4.055460735840827972e+07 9.812159193889962516e-23
4.500557675700496882e+07 7.646128484424637456e-23
4.994505115855139494e+07 5.938425640305990512e-23
5.542664520663107187e+07 4.597341010886530727e-23
6.150985788580504060e+07 3.544796106220728231e-23
6.826071834272393584e+07 2.720618883513372026e-23
7.575250258771920204e+07 2.077667739346728195e-23
8.406652885618332028e+07 1.578013403689950718e-23
9.329304026284696162e+07 1.192159046367109513e-23
1.035321843295663744e+08 8.925460817753220949e-24
1.148951000187308788e+08 6.628872194055455777e-24
1.275051240713012964e+08 4.875018338771892463e-24
1.414991297434575856e+08 3.540861259244308512e-24
1.570290124729377627e+08 2.534576725842888828e-24
1.742633386009651124e+08 1.782037267991241828e-24
1.933891750455232263e+08 1.224661543616565425e-24
2.146141197858406007e+08 8.171947741651767677e-25
2.381685551976160705e+08 5.245864943069275554e-25
2.643081486974108517e+08 3.191933701352131300e-25
2.933166278390048146e+08 1.798111161463568780e-25
3.255088599835056663e+08 9.005532537221398588e-26
3.612342699709430337e+08 3.729376517646874561e-26
4.008806328898465633e+08 1.106556452946409757e-26
4.448782831127585173e+08 1.789618484321106542e-27
4.937047852839003801e+08 1.103953848293380987e-28
5.478901179593944550e+08 1.073409923763550852e-30
6.080224261649426222e+08 6.048624008561959903e-34
6.747544053110699654e+08 3.749078392186385085e-38
7.488103857590031624e+08 5.168368450197656800e-44
8.309941949353404045e+08 1.172912607359265986e-52
9.221978823334341049e+08 5.417962940842136198e-66
1.023411402105452657e+09 1.141086717783339472e-87
1.135733358343105316e+09 2.026782994368542077e-123
