1.000000000000000000e+02 5.464093349772324681e-15
1.109752496412072134e+02 4.175057534249740518e-15
1.231550603292826196e+02 3.222092738980547323e-15
1.366716356462005990e+02 2.511965846304944390e-15
1.516716888470922413e+02 1.987216839717632516e-15
1.683180353330956791e+02 1.593230693333199750e-15
1.867913599020782840e+02 1.292364687934241210e-15
2.072921779595371845e+02 1.061098452365697326e-15
2.300430119772916839e+02 8.800203999706371936e-16
2.552908068239516410e+02 7.352655954364277493e-16
2.833096101839323637e+02 6.174107033654428118e-16
3.144035471591500368e+02 5.204575781612915684e-16
3.489101213406774491e+02 4.393380106328943964e-16
3.872038781812557318e+02 3.709770483485517463e-16
4.297004704320843871e+02 3.128915998043388789e-16
4.768611697714468960e+02 2.632948216150169893e-16
5.291978735958442712e+02 2.208735629607948576e-16
5.872786613189482523e+02 1.844882657431002506e-16
6.517339604882420190e+02 1.533264640649017751e-16
7.232633896483533817e+02 1.266675400815508326e-16
8.026433522257173081e+02 1.039365114767324103e-16
8.907354638610439679e+02 8.464086834327274381e-17
9.884959046625587007e+02 6.831306819722073058e-17
1.096985797892383971e+03 5.461431366201119546e-17
1.217382727739662187e+03 4.317912641400400651e-17
1.350993521198027793e+03 3.378183675148004805e-17
1.499268432786045423e+03 2.608467608474241257e-17
1.663816886076128640e+03 1.992592803046086992e-17
1.846424942895544291e+03 1.507636503636603889e-17
2.049074689815845886e+03 1.134278388704974884e-17
2.273965752357927613e+03 8.544273340973388265e-18
2.523539170434765765e+03 6.499016136595847658e-18
2.800503894183631019e+03 5.032620061313364866e-18
3.107866187782013640e+03 3.981928535809492155e-18
3.448962260405759935e+03 3.211784195725988107e-18
3.827494478516314757e+03 2.626923555206104648e-18
4.247571552536898707e+03 2.165285358122076688e-18
4.713753134116724141e+03 1.792505495949608615e-18
5.231099308056262998e+03 1.486092819214066112e-18
5.805225516094896193e+03 1.232683446404859396e-18
6.442363508721369726e+03 1.023088324365783228e-18
7.149428986597576113e+03 8.486954092297640827e-19
7.934096665797491369e+03 7.039707587929123155e-19
8.804883581643463913e+03 5.838746694223835334e-19
9.771241535346502133e+03 4.840569433798878286e-19
1.084365968689610963e+04 4.012056272824684759e-19
1.203377840777589154e+04 3.324974194250457460e-19
1.335451562929898682e+04 2.753939713449508717e-19
1.482020705798858762e+04 2.279789213136219674e-19
1.644676177994664249e+04 1.886816942905313209e-19
1.825183494319044257e+04 1.560262228854096539e-19
2.025501939230666540e+04 1.289075001208479310e-19
2.247805833548725059e+04 1.064346747039314278e-19
2.494508135230316839e+04 8.777952870437922924e-20
2.768286630392066581e+04 7.230996299051240061e-20
3.072112998861759115e+04 5.949013444397213526e-20
3.409285069746814406e+04 4.887392091363424805e-20
3.783462617131928710e+04 4.008276131791822848e-20
4.198707084443910571e+04 3.282178280832672178e-20
4.659525668664683326e+04 2.682539893950129645e-20
5.170920242896761192e+04 2.187963107870820481e-20
5.738441648302398244e+04 1.780981200097442717e-20
6.368249944718585903e+04 1.446525138093804486e-20
7.067181273927491566e+04 1.172593004422834428e-20
7.842822061337680498e+04 9.481949046882586675e-21
8.703591361485165544e+04 7.655931562423657647e-21
9.658832241158708348e+04 6.170897357763397628e-21
1.071891319205127511e+05 4.966097474606404348e-21
1.189534067370319535e+05 3.991865065745479388e-21
1.320088400831418112e+05 3.206374292657422870e-21
1.464971398307286145e+05 2.572980875672590292e-21
1.625755666443794908e+05 2.063251930824719284e-21
1.804186409392071655e+05 1.653050014179041238e-21
2.002200371815584658e+05 1.323402375062895978e-21
2.221946860939523904e+05 1.058576528288767331e-21
2.465811075822604180e+05 8.459789129568657806e-22
2.736439997074671555e+05 6.755098463398924647e-22
3.036771118035460822e+05 5.388849655837591179e-22
3.370064329271928291e+05 4.294582557880749595e-22
3.739937302478798083e+05 3.419507414031164743e-22
4.150404757850476308e+05 2.719638528474342019e-22
4.605922041145108524e+05 2.160863258477216980e-22
5.111433483440171112e+05 1.714986340913724793e-22
5.672426068491977639e+05 1.359661366156046389e-22
6.294988990221888525e+05 1.076553448234296694e-22
6.985879746785250027e+05 8.513708763302939222e-23
7.752597488629464060e+05 6.725109891906776120e-23
8.603464416684507160e+05 5.304052941983860643e-23
9.547716114208066138e+05 4.178918331271300650e-23
1.059560179277617019e+06 3.286942172985978138e-23
1.175849554052158026e+06 2.581430674526232138e-23
1.304901978014401859e+06 2.024281481069652969e-23
1.448118227674532915e+06 1.584904158157284294e-23
1.607052818261638284e+06 1.238586629601949113e-23
1.783430876931909472e+06 9.663399861795137452e-24
1.979166867853557458e+06 7.524060067742654294e-24
2.196385372416546568e+06 5.846540619944124183e-24
2.437444150122222025e+06 4.534306811055913496e-24
2.704959730463137385e+06 3.508213893159663136e-24
3.001835813575591892e+06 2.708358404938342286e-24
3.331294787934676744e+06 2.085394795259727319e-24
3.696912707195031922e+06 1.601862374013771482e-24
4.102658105827190448e+06 1.226799311030218475e-24
4.552935074866947718e+06 9.368979255138274681e-25
5.052631065335679799e+06 7.130932731209417358e-25
5.607169938205458224e+06 5.409764490120742263e-25
6.222570836730230600e+06 4.088677816453837129e-25
6.905513520162330940e+06 3.078476173800176186e-25
7.663410868007462472e+06 2.307459782642649585e-25
8.504489341802684590e+06 1.722903561753287867e-25
9.437878277775391936e+06 1.279028623176151040e-25
1.047370897959450819e+07 9.446223690514806083e-26
1.162322468679854274e+07 6.934233237327759552e-26
1.289890261253307760e+07 5.056772777024077603e-26
1.431458937523478456e+07 3.661018131410336589e-26
1.588565129428052530e+07 2.629238604063827964e-26
1.762914118095947802e+07 1.871102037916609622e-26
1.956398343517064676e+07 1.317976914972797805e-26
2.171117945694505423e+07 9.179912331819074043e-27
2.409403560239527002e+07 6.306715763489089423e-27
2.673841615839949250e+07 4.268826078985261634e-27
2.967302408188872784e+07 2.837962041604081811e-27
3.292971255097155273e+07 1.847037925544745778e-27
3.654383070957254618e+07 1.171077301467399300e-27
4.055460735840827972e+07 7.183321028032093102e-28
4.500557675700496882e+07 4.209903037059744268e-28
4.994505115855139494e+07 2.307759627661145538e-28
5.542664520663107187e+07 1.135829807221639931e-28
6.150985788580504060e+07 4.565941902417616940e-29
6.826071834272393584e+07 1.125528581486513538e-29
7.575250258771920204e+07 2.714406092416795495e-31
