1.000000000000000000e+02 3.615291664755640536e-12
1.109752496412072134e+02 3.078760607704561005e-12
1.231550603292826196e+02 2.629422959776502998e-12
1.366716356462005990e+02 2.250409242538336376e-12
1.516716888470922413e+02 1.929314731112621063e-12
1.683180353330956791e+02 1.655573254263608804e-12
1.867913599020782840e+02 1.421096921882530467e-12
2.072921779595371845e+02 1.220098820260454766e-12
2.300430119772916839e+02 1.048109416765331109e-12
2.552908068239516410e+02 8.970779419660743159e-13
2.833096101839323637e+02 7.681354376895449115e-13
3.144035471591500368e+02 6.565159318812947998e-13
3.489101213406774491e+02 5.602175077488740742e-13
3.872038781812557318e+02 4.767756390158194989e-13
4.297004704320843871e+02 4.050539266755829412e-13
4.768611697714468960e+02 3.433127237872302214e-13
5.291978735958442712e+02 2.901067351527423294e-13
5.872786613189482523e+02 2.446465577049129078e-13
6.517339604882420190e+02 2.057859275838082457e-13
7.232633896483533817e+02 1.724890123196850173e-13
8.026433522257173081e+02 1.441380103547987089e-13
8.907354638610439679e+02 1.202049315080806308e-13
9.884959046625587007e+02 9.995762743357122106e-14
1.096985797892383971e+03 8.275997523481222695e-14
1.217382727739662187e+03 6.838244099557602104e-14
1.350993521198027793e+03 5.637684835144097407e-14
1.499268432786045423e+03 4.628620653562661414e-14
1.663816886076128640e+03 3.793736207116092917e-14
1.846424942895544291e+03 3.101999634048221553e-14
2.049074689815845886e+03 2.529007342142674147e-14
2.273965752357927613e+03 2.060098570840387514e-14
2.523539170434765765e+03 1.675104290899837187e-14
2.800503894183631019e+03 1.359572841814583691e-14
3.107866187782013640e+03 1.103846712532098770e-14
3.448962260405759935e+03 8.957804023523707360e-15
3.827494478516314757e+03 7.264013879036070712e-15
4.247571552536898707e+03 5.895424350642725865e-15
4.713753134116724141e+03 4.784703744917477204e-15
5.231099308056262998e+03 3.883428960437313983e-15
5.805225516094896193e+03 3.154736611677209675e-15
6.442363508721369726e+03 2.560881622868879658e-15
7.149428986597576113e+03 2.077366884039332920e-15
7.934096665797491369e+03 1.684151784266280508e-15
8.804883581643463913e+03 1.363863545390238437e-15
9.771241535346502133e+03 1.102375680332055188e-15
1.084365968689610963e+04 8.899197240469386075e-16
1.203377840777589154e+04 7.174474360620393159e-16
1.335451562929898682e+04 5.779173360017207402e-16
1.482020705798858762e+04 4.656024695325354850e-16
1.644676177994664249e+04 3.756565100784175679e-16
1.825183494319044257e+04 3.039113559150249530e-16
2.025501939230666540e+04 2.466726300607293648e-16
2.247805833548725059e+04 2.009149383452472709e-16
2.494508135230316839e+04 1.641662607523345954e-16
2.768286630392066581e+04 1.344234840594661020e-16
3.072112998861759115e+04 1.101681994829987579e-16
3.409285069746814406e+04 9.020163185780734942e-17
3.783462617131928710e+04 7.378499232838339759e-17
4.198707084443910571e+04 6.027011590275958387e-17
4.659525668664683326e+04 4.913123602260309315e-17
5.170920242896761192e+04 3.996977061556038296e-17
5.738441648302398244e+04 3.242865340067058011e-17
6.368249944718585903e+04 2.625702470738253343e-17
7.067181273927491566e+04 2.120867192827519653e-17
7.842822061337680498e+04 1.708898425148006264e-17
8.703591361485165544e+04 1.374090697520086809e-17
9.658832241158708348e+04 1.102421132806901219e-17
1.071891319205127511e+05 8.826904224198470847e-18
1.189534067370319535e+05 7.055908762429547715e-18
1.320088400831418112e+05 5.629489258107747739e-18
1.464971398307286145e+05 4.484677815436525336e-18
1.625755666443794908e+05 3.568262270615120279e-18
1.804186409392071655e+05 2.835843552730979566e-18
2.002200371815584658e+05 2.250948670676813306e-18
2.221946860939523904e+05 1.784461091862935027e-18
2.465811075822604180e+05 1.412863595456673620e-18
2.736439997074671555e+05 1.117351375526662273e-18
3.036771118035460822e+05 8.827563872422296882e-19
3.370064329271928291e+05 6.965284277190956313e-19
3.739937302478798083e+05 5.489226220184643410e-19
4.150404757850476308e+05 4.321387984925120071e-19
4.605922041145108524e+05 3.398825328236742028e-19
5.111433483440171112e+05 2.670189528188108147e-19
5.672426068491977639e+05 2.095937535752519747e-19
6.294988990221888525e+05 1.643444187238499932e-19
6.985879746785250027e+05 1.287613016956444545e-19
7.752597488629464060e+05 1.008071455738406046e-19
8.603464416684507160e+05 7.886767046641021249e-20
9.547716114208066138e+05 6.167308098137036589e-20
1.059560179277617019e+06 4.819592543961612629e-20
1.175849554052158026e+06 3.764811739393777895e-20
1.304901978014401859e+06 2.939614842123488116e-20
1.448118227674532915e+06 2.294567055754143590e-20
1.607052818261638284e+06 1.790604063288247287e-20
1.783430876931909472e+06 1.396966976694261729e-20
1.979166867853557458e+06 1.089691263590913183e-20
2.196385372416546568e+06 8.497308544897480621e-21
2.437444150122222025e+06 6.625140871329542506e-21
2.704959730463137385e+06 5.163923902873930339e-21
3.001835813575591892e+06 4.024064596428025746e-21
3.331294787934676744e+06 3.134489882637677698e-21
3.696912707195031922e+06 2.440836763986406622e-21
4.102658105827190448e+06 1.899574995113811859e-21
4.552935074866947718e+06 1.477405313540091833e-21
5.052631065335679799e+06 1.148430332992904692e-21
5.607169938205458224e+06 8.919866660499501121e-22
6.222570836730230600e+06 6.922019803966695934e-22
6.905513520162330940e+06 5.367460703023310081e-22
7.663410868007462472e+06 4.156826903675437529e-22
8.504489341802684590e+06 3.214820427493654535e-22
9.437878277775391936e+06 2.482753728926093913e-22
1.047370897959450819e+07 1.914534973904757389e-22
1.162322468679854274e+07 1.473931381455039896e-22
1.289890261253307760e+07 1.132569485821912258e-22
1.431458937523478456e+07 8.684129876521355723e-23
1.588565129428052530e+07 6.643099138152251143e-23
1.762914118095947802e+07 5.068435074192315304e-23
1.956398343517064676e+07 3.855088332771479185e-23
2.171117945694505423e+07 2.922921449640557076e-23
2.409403560239527002e+07 2.207623907197350717e-23
2.673841615839949250e+07 1.660686216601892581e-23
2.967302408188872784e+07 1.243317748698349132e-23
3.292971255097155273e+07 9.259982360676152619e-24
3.654383070957254618e+07 6.853787318266363348e-24
4.055460735840827972e+07 5.038944173601951343e-24
4.500557675700496882e+07 3.674738288812741965e-24
4.994505115855139494e+07 2.654136259735341623e-24
5.542664520663107187e+07 1.895756837048493607e-24
6.150985788580504060e+07 1.337030334581497681e-24
6.826071834272393584e+07 9.285235688194332005e-25
7.575250258771920204e+07 6.331199797066681416e-25
8.406652885618332028e+07 4.220901527209954278e-25
9.329304026284696162e+07 2.729659704634717828e-25
1.035321843295663744e+08 1.697624373406557010e-25
1.148951000187308788e+08 1.000085790017390516e-25
1.275051240713012964e+08 5.459443624164251485e-26
1.414991297434575856e+08 2.667514787110578193e-26
1.570290124729377627e+08 1.076915712967288996e-26
1.742633386009651124e+08 2.719402027371899770e-27
1.933891750455232263e+08 6.137620004816855932e-29
2.146141197858406007e+08 3.142311560973455916e-32
2.381685551976160705e+08 3.932843141106504325e-38
2.643081486974108517e+08 4.062341701686746551e-45
2.933166278390048146e+08 1.581048043183395757e-53
3.255088599835056663e+08 6.855148643162117966e-64
3.612342699709430337e+08 3.227328372521410691e-77
4.008806328898465633e+08 2.159736621204970413e-95
4.448782831127585173e+08 5.545999069889974688e-122
