1.000000000000000000e+02 2.187428427006284065e-13
1.109752496412072134e+02 1.916002500937821365e-13
1.231550603292826196e+02 1.677007284833570663e-13
1.366716356462005990e+02 1.466980478606919543e-13
1.516716888470922413e+02 1.282187549404062526e-13
1.683180353330956791e+02 1.119743551908438113e-13
1.867913599020782840e+02 9.772828285103375685e-14
2.072921779595371845e+02 8.520667774497740224e-14
2.300430119772916839e+02 7.422203237396681860e-14
2.552908068239516410e+02 6.461065824541631593e-14
2.833096101839323637e+02 5.617061381847180795e-14
3.144035471591500368e+02 4.879801545863714350e-14
3.489101213406774491e+02 4.233667700590031792e-14
3.872038781812557318e+02 3.669434984507294873e-14
4.297004704320843871e+02 3.176738535830140313e-14
4.768611697714468960e+02 2.745952772821131345e-14
5.291978735958442712e+02 2.371791267963442528e-14
5.872786613189482523e+02 2.044193697997441011e-14
6.517339604882420190e+02 1.760289509554840883e-14
7.232633896483533817e+02 1.513427574194662891e-14
8.026433522257173081e+02 1.298435980915694382e-14
8.907354638610439679e+02 1.113043269098515002e-14
9.884959046625587007e+02 9.516654670277752876e-15
1.096985797892383971e+03 8.123973724639108236e-15
1.217382727739662187e+03 6.925091522501626636e-15
1.350993521198027793e+03 5.883987801281282860e-15
1.499268432786045423e+03 4.992687410959012634e-15
1.663816886076128640e+03 4.225959307436121465e-15
1.846424942895544291e+03 3.567679656197357227e-15
2.049074689815845886e+03 3.005851047625083690e-15
2.273965752357927613e+03 2.522879503292240954e-15
2.523539170434765765e+03 2.112115309387399956e-15
2.800503894183631019e+03 1.764738926448512462e-15
3.107866187782013640e+03 1.468587439447338381e-15
3.448962260405759935e+03 1.218585784037195183e-15
3.827494478516314757e+03 1.008191298441743611e-15
4.247571552536898707e+03 8.298542121335196740e-16
4.713753134116724141e+03 6.818244822511674207e-16
5.231099308056262998e+03 5.575483129669553323e-16
5.805225516094896193e+03 4.537296768591223381e-16
6.442363508721369726e+03 3.684244473365671179e-16
7.149428986597576113e+03 2.977929362618133075e-16
7.934096665797491369e+03 2.396339726221891165e-16
8.804883581643463913e+03 1.921347779218364722e-16
9.771241535346502133e+03 1.536228880315589250e-16
1.084365968689610963e+04 1.222209167351376729e-16
1.203377840777589154e+04 9.705274537775692145e-17
1.335451562929898682e+04 7.677836834718008323e-17
1.482020705798858762e+04 6.069075283294583859e-17
1.644676177994664249e+04 4.784884868923799613e-17
1.825183494319044257e+04 3.771140665947835023e-17
2.025501939230666540e+04 2.971259372019990540e-17
2.247805833548725059e+04 2.345276431966815517e-17
2.494508135230316839e+04 1.852680661317987377e-17
2.768286630392066581e+04 1.469255969520750332e-17
3.072112998861759115e+04 1.165216970157292068e-17
3.409285069746814406e+04 9.288049679693722630e-18
3.783462617131928710e+04 7.407576999893708150e-18
4.198707084443910571e+04 5.930469434176015885e-18
4.659525668664683326e+04 4.755913567731579423e-18
5.170920242896761192e+04 3.816039698162538406e-18
5.738441648302398244e+04 3.062460810621388656e-18
6.368249944718585903e+04 2.456172084341573544e-18
7.067181273927491566e+04 1.965095642752998495e-18
7.842822061337680498e+04 1.568922781274496372e-18
8.703591361485165544e+04 1.248234542520227506e-18
9.658832241158708348e+04 9.887325544512344430e-19
1.071891319205127511e+05 7.795824307935700616e-19
1.189534067370319535e+05 6.114951702864059334e-19
1.320088400831418112e+05 4.775220462784237088e-19
1.464971398307286145e+05 3.705786587090876796e-19
1.625755666443794908e+05 2.860398017207389341e-19
1.804186409392071655e+05 2.199376867318202839e-19
2.002200371815584658e+05 1.683433189827762188e-19
2.221946860939523904e+05 1.284034425629744187e-19
2.465811075822604180e+05 9.777188223820885273e-20
2.736439997074671555e+05 7.436551350900605735e-20
3.036771118035460822e+05 5.670584780784807949e-20
3.370064329271928291e+05 4.332942382680771591e-20
3.739937302478798083e+05 3.328553434081872445e-20
4.150404757850476308e+05 2.570135942659983100e-20
4.605922041145108524e+05 1.997147404259305945e-20
5.111433483440171112e+05 1.561342384449446071e-20
5.672426068491977639e+05 1.227546707274140810e-20
6.294988990221888525e+05 9.692312362989259928e-21
6.985879746785250027e+05 7.673491076127457768e-21
7.752597488629464060e+05 6.083019708361739158e-21
8.603464416684507160e+05 4.833374020218137229e-21
9.547716114208066138e+05 3.840823403042521495e-21
1.059560179277617019e+06 3.062134861140108806e-21
1.175849554052158026e+06 2.452327535890213997e-21
1.304901978014401859e+06 1.976736469050874654e-21
1.448118227674532915e+06 1.605999764408651386e-21
1.607052818261638284e+06 1.314658471555867997e-21
1.783430876931909472e+06 1.081691285578223614e-21
1.979166867853557458e+06 8.925774590619030971e-22
2.196385372416546568e+06 7.371714364601689821e-22
2.437444150122222025e+06 6.083955140782012374e-22
2.704959730463137385e+06 5.013927378835389383e-22
3.001835813575591892e+06 4.124609252425192473e-22
3.331294787934676744e+06 3.384953694546054337e-22
3.696912707195031922e+06 2.771265713198236115e-22
4.102658105827190448e+06 2.262834450087523602e-22
4.552935074866947718e+06 1.841818951938816613e-22
5.052631065335679799e+06 1.494591148487912665e-22
5.607169938205458224e+06 1.207892130585166547e-22
6.222570836730230600e+06 9.707100071192908585e-23
6.905513520162330940e+06 7.767757316162720911e-23
7.663410868007462472e+06 6.193032867179510052e-23
8.504489341802684590e+06 4.905724587436555370e-23
9.437878277775391936e+06 3.862083852678132698e-23
1.047370897959450819e+07 3.018310617625564698e-23
1.162322468679854274e+07 2.339614020596768916e-23
1.289890261253307760e+07 1.797472155651967151e-23
1.431458937523478456e+07 1.367023265556087012e-23
1.588565129428052530e+07 1.026616522644015756e-23
1.762914118095947802e+07 7.622296718371822042e-24
1.956398343517064676e+07 5.567002408342121836e-24
2.171117945694505423e+07 3.994183507282959024e-24
2.409403560239527002e+07 2.806090045388403980e-24
2.673841615839949250e+07 1.923649947323032229e-24
2.967302408188872784e+07 1.280319107645971914e-24
3.292971255097155273e+07 8.236153786191335433e-25
3.654383070957254618e+07 5.089598301983054523e-25
4.055460735840827972e+07 3.006996577273235428e-25
4.500557675700496882e+07 1.696976500445808962e-25
4.994505115855139494e+07 9.200686020304385592e-26
5.542664520663107187e+07 4.855062778888493255e-26
6.150985788580504060e+07 2.496653216524923932e-26
6.826071834272393584e+07 1.182154274985694654e-26
7.575250258771920204e+07 4.304834124668253671e-27
8.406652885618332028e+07 7.900829372218383798e-28
9.329304026284696162e+07 2.352627360066642356e-29
1.035321843295663744e+08 1.438445021395946849e-33
1.148951000187308788e+08 1.800160159069720565e-44
1.275051240713012964e+08 2.605388362117308192e-89
