1.000000000000000000e+02 3.640368253541402128e-14
1.109752496412072134e+02 3.049834778875156004e-14
1.231550603292826196e+02 2.553942981477575542e-14
1.366716356462005990e+02 2.139317023522595072e-14
1.516716888470922413e+02 1.789810294498246021e-14
1.683180353330956791e+02 1.498444895724111690e-14
1.867913599020782840e+02 1.255149132190661263e-14
2.072921779595371845e+02 1.051567849900864086e-14
2.300430119772916839e+02 8.810600167054401266e-15
2.552908068239516410e+02 7.386584356221873972e-15
2.833096101839323637e+02 6.200251891726390712e-15
3.144035471591500368e+02 5.198222374539215947e-15
3.489101213406774491e+02 4.359306573548312185e-15
3.872038781812557318e+02 3.655395955569005504e-15
4.297004704320843871e+02 3.062004165545512795e-15
4.768611697714468960e+02 2.560971173823683026e-15
5.291978735958442712e+02 2.136863198926565799e-15
5.872786613189482523e+02 1.778678691989618612e-15
6.517339604882420190e+02 1.475505399152690249e-15
7.232633896483533817e+02 1.218429556022749922e-15
8.026433522257173081e+02 1.001249790514854101e-15
8.907354638610439679e+02 8.171706153216767811e-16
9.884959046625587007e+02 6.622300374925707130e-16
1.096985797892383971e+03 5.319459745240320271e-16
1.217382727739662187e+03 4.230450468484224337e-16
1.350993521198027793e+03 3.322970185578116323e-16
1.499268432786045423e+03 2.574629402425901208e-16
1.663816886076128640e+03 1.962253088623964750e-16
1.846424942895544291e+03 1.467559514438786224e-16
2.049074689815845886e+03 1.073667967666335658e-16
2.273965752357927613e+03 7.652746192955048007e-17
2.523539170434765765e+03 5.299138246831545404e-17
2.800503894183631019e+03 3.552754741588918414e-17
3.107866187782013640e+03 2.298388081000738836e-17
3.448962260405759935e+03 1.430052137418301480e-17
3.827494478516314757e+03 8.534750468969874844e-18
4.247571552536898707e+03 4.874742702183683374e-18
4.713753134116724141e+03 2.668026330874757124e-18
5.231099308056262998e+03 1.410480490658992492e-18
5.805225516094896193e+03 7.356556908623252125e-19
6.442363508721369726e+03 3.925505686682435271e-19
7.149428986597576113e+03 2.220161857243945662e-19
7.934096665797491369e+03 1.360412175324427778e-19
8.804883581643463913e+03 9.026382469350825495e-20
9.771241535346502133e+03 6.346754518162871252e-20
1.084365968689610963e+04 4.611836371752659354e-20
1.203377840777589154e+04 3.398453603240841631e-20
1.335451562929898682e+04 2.513145918778489372e-20
1.482020705798858762e+04 1.866603281676897465e-20
1.644676177994664249e+04 1.405561414052607082e-20
1.825183494319044257e+04 1.080811119960602091e-20
2.025501939230666540e+04 8.475811806144944139e-21
2.247805833548725059e+04 6.723339672016619671e-21
2.494508135230316839e+04 5.359207975881667760e-21
2.768286630392066581e+04 4.278025472961198731e-21
3.072112998861759115e+04 3.411867828665757062e-21
3.409285069746814406e+04 2.717706837109747877e-21
3.783462617131928710e+04 2.161426763810511172e-21
4.198707084443910571e+04 1.716216295462421846e-21
4.659525668664683326e+04 1.360257171729629464e-21
5.170920242896761192e+04 1.076103722954549913e-21
5.738441648302398244e+04 8.494016640264235869e-22
6.368249944718585903e+04 6.688994342936146117e-22
7.067181273927491566e+04 5.255261355542750170e-22
7.842822061337680498e+04 4.117624509886320265e-22
8.703591361485165544e+04 3.218020517125148265e-22
9.658832241158708348e+04 2.507751753382249122e-22
1.071891319205127511e+05 1.949156487059826837e-22
1.189534067370319535e+05 1.510961041812107360e-22
1.320088400831418112e+05 1.168286166999385247e-22
1.464971398307286145e+05 9.013111923163874306e-23
1.625755666443794908e+05 6.941501952113635704e-23
1.804186409392071655e+05 5.337363122440434093e-23
2.002200371815584658e+05 4.099539440058563738e-23
2.221946860939523904e+05 3.145312034073655078e-23
2.465811075822604180e+05 2.411248301403986930e-23
2.736439997074671555e+05 1.846754815834483053e-23
3.036771118035460822e+05 1.413288210972439067e-23
3.370064329271928291e+05 1.080382120273430949e-23
3.739937302478798083e+05 8.253250185447433546e-24
4.150404757850476308e+05 6.297659082864928037e-24
4.605922041145108524e+05 4.802116775054479919e-24
5.111433483440171112e+05 3.658198029489840586e-24
5.672426068491977639e+05 2.783838145698940657e-24
6.294988990221888525e+05 2.116146475667098824e-24
6.985879746785250027e+05 1.607214600617511518e-24
7.752597488629464060e+05 1.219060992813962677e-24
8.603464416684507160e+05 9.235374115392863548e-25
9.547716114208066138e+05 6.988238918436255710e-25
1.059560179277617019e+06 5.279568201312902658e-25
1.175849554052158026e+06 3.983512529565947018e-25
1.304901978014401859e+06 2.999928292711660061e-25
1.448118227674532915e+06 2.255545988878825450e-25
1.607052818261638284e+06 1.692357013571184037e-25
1.783430876931909472e+06 1.267006235679681658e-25
1.979166867853557458e+06 9.463244250135806946e-26
2.196385372416546568e+06 7.050081678514285974e-26
2.437444150122222025e+06 5.236814137338818144e-26
2.704959730463137385e+06 3.877868745229460592e-26
3.001835813575591892e+06 2.861493348064169161e-26
3.331294787934676744e+06 2.103755622216991467e-26
3.696912707195031922e+06 1.540185298085772194e-26
4.102658105827190448e+06 1.122687302375183819e-26
4.552935074866947718e+06 8.140412026810198838e-27
5.052631065335679799e+06 5.870064507301498828e-27
5.607169938205458224e+06 4.206982891947749769e-27
6.222570836730230600e+06 2.994345717597120221e-27
6.905513520162330940e+06 2.115791416925210864e-27
7.663410868007462472e+06 1.482917472749480525e-27
8.504489341802684590e+06 1.029540362083463596e-27
9.437878277775391936e+06 7.072752501625672978e-28
1.047370897959450819e+07 4.802470444994498163e-28
1.162322468679854274e+07 3.215423190658630028e-28
1.289890261253307760e+07 2.118946894508590302e-28
1.431458937523478456e+07 1.368427980709632134e-28
1.588565129428052530e+07 8.615220121378253543e-29
1.762914118095947802e+07 5.241800060694706279e-29
1.956398343517064676e+07 3.043773389786336049e-29
2.171117945694505423e+07 1.650768152181837763e-29
2.409403560239527002e+07 8.054937913862856671e-30
2.673841615839949250e+07 3.289753464716540621e-30
2.967302408188872784e+07 9.468765604943760778e-31
3.292971255097155273e+07 1.129340210752698178e-31
3.654383070957254618e+07 5.116060625590500525e-33
