1.000000000000000000e+02 2.270032109370017810e-12
1.109752496412072134e+02 1.956660473505139772e-12
1.231550603292826196e+02 1.685553857733996781e-12
1.366716356462005990e+02 1.450930970541708459e-12
1.516716888470922413e+02 1.248197770384642173e-12
1.683180353330956791e+02 1.073101700506903099e-12
1.867913599020782840e+02 9.218277998783324182e-13
2.072921779595371845e+02 7.914040757048829586e-13
2.300430119772916839e+02 6.789037474921865032e-13
2.552908068239516410e+02 5.820167171588845704e-13
2.833096101839323637e+02 4.985616435131750078e-13
3.144035471591500368e+02 4.268086729618775268e-13
3.489101213406774491e+02 3.650535441540012115e-13
3.872038781812557318e+02 3.120174256376570908e-13
4.297004704320843871e+02 2.664861882419976488e-13
4.768611697714468960e+02 2.274034480960422684e-13
5.291978735958442712e+02 1.939129040049187923e-13
5.872786613189482523e+02 1.652086866570930447e-13
6.517339604882420190e+02 1.406305484850124649e-13
7.232633896483533817e+02 1.196070679992663518e-13
8.026433522257173081e+02 1.016058380767735971e-13
8.907354638610439679e+02 8.625447106845764731e-14
9.884959046625587007e+02 7.313591921371764186e-14
1.096985797892383971e+03 6.195842975527303238e-14
1.217382727739662187e+03 5.242068289113850372e-14
1.350993521198027793e+03 4.430380873091695160e-14
1.499268432786045423e+03 3.740653012036574275e-14
1.663816886076128640e+03 3.154084158438784678e-14
1.846424942895544291e+03 2.656540638030877688e-14
2.049074689815845886e+03 2.234715332870501585e-14
2.273965752357927613e+03 1.877564806369538821e-14
2.523539170434765765e+03 1.575836524653757883e-14
2.800503894183631019e+03 1.320714604146639379e-14
3.107866187782013640e+03 1.105791888045479550e-14
3.448962260405759935e+03 9.248136771222173744e-15
3.827494478516314757e+03 7.725965017264223776e-15
4.247571552536898707e+03 6.447140543435315672e-15
4.713753134116724141e+03 5.375936156360541547e-15
5.231099308056262998e+03 4.476467540935115317e-15
5.805225516094896193e+03 3.726288015606056997e-15
6.442363508721369726e+03 3.097143689075874495e-15
7.149428986597576113e+03 2.572965159872410979e-15
7.934096665797491369e+03 2.135843842687128171e-15
8.804883581643463913e+03 1.771334318202686078e-15
9.771241535346502133e+03 1.468088755334212347e-15
1.084365968689610963e+04 1.215745045428215382e-15
1.203377840777589154e+04 1.006029879574371205e-15
1.335451562929898682e+04 8.319082743544639370e-16
1.482020705798858762e+04 6.873937959330937881e-16
1.644676177994664249e+04 5.674299553883984679e-16
1.825183494319044257e+04 4.680483658488579003e-16
2.025501939230666540e+04 3.856635557710793790e-16
2.247805833548725059e+04 3.174851926475200319e-16
2.494508135230316839e+04 2.610858870690373686e-16
2.768286630392066581e+04 2.144450384285675749e-16
3.072112998861759115e+04 1.759019974371493256e-16
3.409285069746814406e+04 1.441129894166219707e-16
3.783462617131928710e+04 1.179049831333709660e-16
4.198707084443910571e+04 9.630841785450579052e-17
4.659525668664683326e+04 7.854462305300469196e-17
5.170920242896761192e+04 6.396331590501556093e-17
5.738441648302398244e+04 5.198996980325892294e-17
6.368249944718585903e+04 4.219201611215310372e-17
7.067181273927491566e+04 3.418191335943713108e-17
7.842822061337680498e+04 2.764070995878783490e-17
8.703591361485165544e+04 2.230830602956219295e-17
9.658832241158708348e+04 1.797224379953598937e-17
1.071891319205127511e+05 1.445500587375297090e-17
1.189534067370319535e+05 1.160855781819884508e-17
1.320088400831418112e+05 9.307676058018668409e-18
1.464971398307286145e+05 7.453493517566849745e-18
1.625755666443794908e+05 5.962096249534880928e-18
1.804186409392071655e+05 4.764560463725294465e-18
2.002200371815584658e+05 3.804585398449912475e-18
2.221946860939523904e+05 3.035711258850394826e-18
2.465811075822604180e+05 2.420816246576458858e-18
2.736439997074671555e+05 1.929348066623135928e-18
3.036771118035460822e+05 1.536397894474227875e-18
3.370064329271928291e+05 1.222522732175475524e-18
3.739937302478798083e+05 9.720243209769736046e-19
4.150404757850476308e+05 7.722300946321956251e-19
4.605922041145108524e+05 6.130118237011347397e-19
5.111433483440171112e+05 4.861414037482562107e-19
5.672426068491977639e+05 3.852611452616253601e-19
6.294988990221888525e+05 3.049852388777468120e-19
6.985879746785250027e+05 2.411899381640497311e-19
7.752597488629464060e+05 1.905628249282197505e-19
8.603464416684507160e+05 1.504032660455425280e-19
9.547716114208066138e+05 1.185669421696732509e-19
1.059560179277617019e+06 9.336584052590058622e-20
1.175849554052158026e+06 7.343697306288732670e-20
1.304901978014401859e+06 5.768991598616199566e-20
1.448118227674532915e+06 4.526117748614451606e-20
1.607052818261638284e+06 3.546503763302639818e-20
1.783430876931909472e+06 2.775010426606391681e-20
1.979166867853557458e+06 2.168173650666442130e-20
2.196385372416546568e+06 1.691526837647995621e-20
2.437444150122222025e+06 1.317617289387291813e-20
2.704959730463137385e+06 1.024598584293470969e-20
3.001835813575591892e+06 7.955397456700642436e-21
3.331294787934676744e+06 6.165256436718476097e-21
3.696912707195031922e+06 4.769667386516548923e-21
4.102658105827190448e+06 3.683374981697697776e-21
4.552935074866947718e+06 2.838783425326704265e-21
5.052631065335679799e+06 2.182983399118453475e-21
5.607169938205458224e+06 1.674984912264481200e-21
6.222570836730230600e+06 1.282483087091038824e-21
6.905513520162330940e+06 9.795747924232207784e-22
7.663410868007462472e+06 7.463825243928637572e-22
8.504489341802684590e+06 5.672707015563539362e-22
9.437878277775391936e+06 4.299513589812449585e-22
1.047370897959450819e+07 3.249404217708241374e-22
1.162322468679854274e+07 2.448241209083517959e-22
1.289890261253307760e+07 1.838870981211276355e-22
1.431458937523478456e+07 1.376497659701974096e-22
1.588565129428052530e+07 1.026791839170055440e-22
1.762914118095947802e+07 7.629872661335480413e-23
1.956398343517064676e+07 5.647394223070537371e-23
2.171117945694505423e+07 4.161950927423840435e-23
2.409403560239527002e+07 3.052738302018082473e-23
2.673841615839949250e+07 2.227887421260170095e-23
2.967302408188872784e+07 1.616548052217399713e-23
3.292971255097155273e+07 1.166328256013591512e-23
3.654383070957254618e+07 8.358692064068562324e-24
4.055460735840827972e+07 5.947652288385269251e-24
4.500557675700496882e+07 4.196709633725222712e-24
4.994505115855139494e+07 2.932875932319726040e-24
5.542664520663107187e+07 2.027103240111381225e-24
6.150985788580504060e+07 1.382501440717229041e-24
6.826071834272393584e+07 9.285063141143475659e-25
7.575250258771920204e+07 6.120275937541975198e-25
8.406652885618332028e+07 3.955853336056778672e-25
9.329304026284696162e+07 2.490558459769304355e-25
1.035321843295663744e+08 1.517491404157674603e-25
1.148951000187308788e+08 8.842744011187856674e-26
1.275051240713012964e+08 4.826672421796641700e-26
1.414991297434575856e+08 2.377579445561805828e-26
1.570290124729377627e+08 9.837263330978031312e-27
1.742633386009651124e+08 2.835125906743462743e-27
1.933891750455232263e+08 1.876306212713341567e-28
2.146141197858406007e+08 2.659504877275614297e-31
2.381685551976160705e+08 6.264514103895726409e-41
2.643081486974108517e+08 1.863794550164319105e-56
2.933166278390048146e+08 5.163732852530361147e-81
3.255088599835056663e+08 5.711725942921936909e-120
