1.000000000000000000e+02 9.607536350551001635e-12
1.109752496412072134e+02 8.307577529586813244e-12
1.231550603292826196e+02 7.181528494149024308e-12
1.366716356462005990e+02 6.205330114465930273e-12
1.516716888470922413e+02 5.359827406172560173e-12
1.683180353330956791e+02 4.627885261229154599e-12
1.867913599020782840e+02 3.994185097257900678e-12
2.072921779595371845e+02 3.445686481064711766e-12
2.300430119772916839e+02 2.971250308899054254e-12
2.552908068239516410e+02 2.561013367709539203e-12
2.833096101839323637e+02 2.206258138603848361e-12
3.144035471591500368e+02 1.899870641633732144e-12
3.489101213406774491e+02 1.635334169036964064e-12
3.872038781812557318e+02 1.406705295057354798e-12
4.297004704320843871e+02 1.209516961301366364e-12
4.768611697714468960e+02 1.039348291730565998e-12
5.291978735958442712e+02 8.927841440958427071e-13
5.872786613189482523e+02 7.663262373222990227e-13
6.517339604882420190e+02 6.575105784209182327e-13
7.232633896483533817e+02 5.636886615601838126e-13
8.026433522257173081e+02 4.830790080074519707e-13
8.907354638610439679e+02 4.136764716537874920e-13
9.884959046625587007e+02 3.540707362702649514e-13
1.096985797892383971e+03 3.028208244763696688e-13
1.217382727739662187e+03 2.588324899726309061e-13
1.350993521198027793e+03 2.210876100301795046e-13
1.499268432786045423e+03 1.887151491897905799e-13
1.663816886076128640e+03 1.609579450048609108e-13
1.846424942895544291e+03 1.371934465099014301e-13
2.049074689815845886e+03 1.168390459120241544e-13
2.273965752357927613e+03 9.943167990818553883e-14
2.523539170434765765e+03 8.454839164628560202e-14
2.800503894183631019e+03 7.183002402771787479e-14
3.107866187782013640e+03 6.097111283501839971e-14
3.448962260405759935e+03 5.171092143981476863e-14
3.827494478516314757e+03 4.380837667818487556e-14
4.247571552536898707e+03 3.708406650488023569e-14
4.713753134116724141e+03 3.135593178968225350e-14
5.231099308056262998e+03 2.648712002438302514e-14
5.805225516094896193e+03 2.234778644813089512e-14
6.442363508721369726e+03 1.883552701020228361e-14
7.149428986597576113e+03 1.585551197402790800e-14
7.934096665797491369e+03 1.333260483279289228e-14
8.804883581643463913e+03 1.119451024956048901e-14
9.771241535346502133e+03 9.391545552782598911e-15
1.084365968689610963e+04 7.864254584418868956e-15
1.203377840777589154e+04 6.578493606502167349e-15
1.335451562929898682e+04 5.495298914636822022e-15
1.482020705798858762e+04 4.583081244741835890e-15
1.644676177994664249e+04 3.817372176206208898e-15
1.825183494319044257e+04 3.175108921217776248e-15
2.025501939230666540e+04 2.636025049296737666e-15
2.247805833548725059e+04 2.186057009685667736e-15
2.494508135230316839e+04 1.809004587665790136e-15
2.768286630392066581e+04 1.495163426247318067e-15
3.072112998861759115e+04 1.233231928207571128e-15
3.409285069746814406e+04 1.015312198382338481e-15
3.783462617131928710e+04 8.349363445360884362e-16
4.198707084443910571e+04 6.846859102584290928e-16
4.659525668664683326e+04 5.606783407857871821e-16
5.170920242896761192e+04 4.580941103682733676e-16
5.738441648302398244e+04 3.734553299020704235e-16
6.368249944718585903e+04 3.038074788749821034e-16
7.067181273927491566e+04 2.465691005816555400e-16
7.842822061337680498e+04 1.995601403733792871e-16
8.703591361485165544e+04 1.610942553564689805e-16
9.658832241158708348e+04 1.296744686334796028e-16
1.071891319205127511e+05 1.040581955413430767e-16
1.189534067370319535e+05 8.322854757815067616e-17
1.320088400831418112e+05 6.633077138302252726e-17
1.464971398307286145e+05 5.266144510280643669e-17
1.625755666443794908e+05 4.164262755162171898e-17
1.804186409392071655e+05 3.278415437545459086e-17
2.002200371815584658e+05 2.569040938915333089e-17
2.221946860939523904e+05 2.002975505941037195e-17
2.465811075822604180e+05 1.553294303912663865e-17
2.736439997074671555e+05 1.197399110224635672e-17
3.036771118035460822e+05 9.183528814463346514e-18
3.370064329271928291e+05 6.995281123632613840e-18
3.739937302478798083e+05 5.293546366536550817e-18
4.150404757850476308e+05 3.978350718387044141e-18
4.605922041145108524e+05 2.968444143321466859e-18
5.111433483440171112e+05 2.197386713885860583e-18
5.672426068491977639e+05 1.613862525610487876e-18
6.294988990221888525e+05 1.175147485636120703e-18
6.985879746785250027e+05 8.479167092796119781e-19
7.752597488629464060e+05 6.061079064246291108e-19
8.603464416684507160e+05 4.288068977647570442e-19
9.547716114208066138e+05 3.001865566677782459e-19
1.059560179277617019e+06 2.078517391855137257e-19
1.175849554052158026e+06 1.423005913917247154e-19
1.304901978014401859e+06 9.632561724963363720e-20
1.448118227674532915e+06 6.450039095591563081e-20
1.607052818261638284e+06 4.276197457048262018e-20
1.783430876931909472e+06 2.811789299784212525e-20
1.979166867853557458e+06 1.838411915183652227e-20
2.196385372416546568e+06 1.199816290145730454e-20
2.437444150122222025e+06 7.853777965168027486e-21
2.704959730463137385e+06 5.191560242532506217e-21
3.001835813575591892e+06 3.493280242943471025e-21
3.331294787934676744e+06 2.414907163569610972e-21
3.696912707195031922e+06 1.728691895235752082e-21
4.102658105827190448e+06 1.284050835034595866e-21
4.552935074866947718e+06 9.827510407030987630e-22
5.052631065335679799e+06 7.670299458207725647e-22
5.607169938205458224e+06 6.052208282971848748e-22
6.222570836730230600e+06 4.799845623454569570e-22
6.905513520162330940e+06 3.813567603830974746e-22
7.663410868007462472e+06 3.029475818236219960e-22
8.504489341802684590e+06 2.403667917882320593e-22
9.437878277775391936e+06 1.903989008629092252e-22
1.047370897959450819e+07 1.505346179695945814e-22
1.162322468679854274e+07 1.187751100527065239e-22
1.289890261253307760e+07 9.349660686988597737e-23
1.431458937523478456e+07 7.340890072037704054e-23
1.588565129428052530e+07 5.749121824966019486e-23
1.762914118095947802e+07 4.488956986892262439e-23
1.956398343517064676e+07 3.493137981186294194e-23
2.171117945694505423e+07 2.707760273542539710e-23
2.409403560239527002e+07 2.090849164372492000e-23
2.673841615839949250e+07 1.606648817732374373e-23
2.967302408188872784e+07 1.227063082285462922e-23
3.292971255097155273e+07 9.339898654913345065e-24
3.654383070957254618e+07 7.044884693671442601e-24
4.055460735840827972e+07 5.273972089670379062e-24
4.500557675700496882e+07 3.914099584646736859e-24
4.994505115855139494e+07 2.874287651170424805e-24
5.542664520663107187e+07 2.084920572740529776e-24
6.150985788580504060e+07 1.490913853473178211e-24
6.826071834272393584e+07 1.047742268882342796e-24
7.575250258771920204e+07 7.209614407477329535e-25
8.406652885618332028e+07 4.832067758542884663e-25
9.329304026284696162e+07 3.132139206765246947e-25
1.035321843295663744e+08 1.943666533040645091e-25
1.148951000187308788e+08 1.136861743240008705e-25
1.275051240713012964e+08 6.136302702772158716e-26
1.414991297434575856e+08 2.932189168792832112e-26
1.570290124729377627e+08 1.103217901068052473e-26
1.742633386009651124e+08 1.918060090598358709e-27
1.933891750455232263e+08 5.920613004026476119e-30
2.146141197858406007e+08 4.026509797684814187e-42
2.381685551976160705e+08 3.933364352906803911e-78
2.643081486974108517e+08 9.125584975418802995e-134
2.933166278390048146e+08 7.999970740800126488e-151
3.255088599835056663e+08 9.708375083477892355e-165
