1.000000000000000000e+02 1.555036952741485411e-10
1.109752496412072134e+02 1.377568034257517165e-10
1.231550603292826196e+02 1.220514859788720489e-10
1.366716356462005990e+02 1.081532737687042345e-10
1.516716888470922413e+02 9.584071408229034481e-11
1.683180353330956791e+02 8.492903039279254943e-11
1.867913599020782840e+02 7.527681030710115935e-11
2.072921779595371845e+02 6.672084729619980104e-11
2.300430119772916839e+02 5.913531466888336717e-11
2.552908068239516410e+02 5.242318569062322158e-11
2.833096101839323637e+02 4.646514806289093560e-11
3.144035471591500368e+02 4.118881629015627330e-11
3.489101213406774491e+02 3.650773353220304475e-11
3.872038781812557318e+02 3.235148380285043245e-11
4.297004704320843871e+02 2.866927348682195330e-11
4.768611697714468960e+02 2.540479010703693866e-11
5.291978735958442712e+02 2.250589805494877981e-11
5.872786613189482523e+02 1.993597076326263907e-11
6.517339604882420190e+02 1.765354717875970554e-11
7.232633896483533817e+02 1.563040377501748053e-11
8.026433522257173081e+02 1.383320274421679546e-11
8.907354638610439679e+02 1.223950061058312046e-11
9.884959046625587007e+02 1.082439104001773733e-11
1.096985797892383971e+03 9.567412079893658978e-12
1.217382727739662187e+03 8.452787589617964650e-12
1.350993521198027793e+03 7.466716551679914101e-12
1.499268432786045423e+03 6.585275439672153850e-12
1.663816886076128640e+03 5.808663423646967150e-12
1.846424942895544291e+03 5.115053906048097787e-12
2.049074689815845886e+03 4.505219808018342262e-12
2.273965752357927613e+03 3.958937947733521203e-12
2.523539170434765765e+03 3.478082938183399959e-12
2.800503894183631019e+03 3.053548202451772848e-12
3.107866187782013640e+03 2.673932128982037081e-12
3.448962260405759935e+03 2.341146074676736495e-12
3.827494478516314757e+03 2.042870064296672837e-12
4.247571552536898707e+03 1.782878304570693912e-12
4.713753134116724141e+03 1.551736523350458095e-12
5.231099308056262998e+03 1.348734047150607920e-12
5.805225516094896193e+03 1.169594290205795751e-12
6.442363508721369726e+03 1.012893300222464354e-12
7.149428986597576113e+03 8.750123295283165091e-13
7.934096665797491369e+03 7.536194935975573222e-13
8.804883581643463913e+03 6.536609269450222055e-13
9.771241535346502133e+03 5.555937907093391268e-13
1.084365968689610963e+04 4.759304155217462210e-13
1.203377840777589154e+04 4.057664721656460739e-13
1.335451562929898682e+04 3.459505079737463956e-13
1.482020705798858762e+04 2.936888725504080544e-13
1.644676177994664249e+04 2.493349146327241226e-13
1.825183494319044257e+04 2.108083448443224542e-13
2.025501939230666540e+04 1.783774227567810654e-13
2.247805833548725059e+04 1.505819270381283241e-13
2.494508135230316839e+04 1.269163810300401186e-13
2.768286630392066581e+04 1.069150892753579142e-13
3.072112998861759115e+04 9.007446145098272945e-14
3.409285069746814406e+04 7.574183604829283881e-14
3.783462617131928710e+04 6.395828016820150915e-14
4.198707084443910571e+04 5.368807585206254987e-14
4.659525668664683326e+04 4.537195437165523845e-14
5.170920242896761192e+04 3.814535240228124457e-14
5.738441648302398244e+04 3.216399590759351391e-14
6.368249944718585903e+04 2.709028505316471941e-14
7.067181273927491566e+04 2.279154682934345387e-14
7.842822061337680498e+04 1.914575765237900033e-14
8.703591361485165544e+04 1.604844689989411007e-14
9.658832241158708348e+04 1.339205127434214140e-14
1.071891319205127511e+05 1.121033688622440247e-14
1.189534067370319535e+05 9.218037328315202042e-15
1.320088400831418112e+05 7.580396911653874143e-15
1.464971398307286145e+05 6.192319638855719861e-15
1.625755666443794908e+05 5.019193183297677249e-15
1.804186409392071655e+05 4.031722497113722336e-15
2.002200371815584658e+05 3.210168019310407595e-15
2.221946860939523904e+05 2.530346899544418976e-15
2.465811075822604180e+05 1.971947093610004756e-15
2.736439997074671555e+05 1.520560675331355775e-15
3.036771118035460822e+05 1.158347248341547624e-15
3.370064329271928291e+05 8.738343918996982881e-16
3.739937302478798083e+05 6.497925040074401185e-16
4.150404757850476308e+05 4.791694699170106997e-16
4.605922041145108524e+05 3.504246960774869916e-16
5.111433483440171112e+05 2.548771874996010589e-16
5.672426068491977639e+05 1.854624437511588997e-16
6.294988990221888525e+05 1.353712740496767072e-16
6.985879746785250027e+05 9.959261376376698348e-17
7.752597488629464060e+05 7.392273528892207087e-17
8.603464416684507160e+05 5.528572105965068088e-17
9.547716114208066138e+05 4.144344905409785767e-17
1.059560179277617019e+06 3.083735110085625167e-17
1.175849554052158026e+06 2.246443036250708183e-17
1.304901978014401859e+06 1.576168005400182958e-17
1.448118227674532915e+06 1.042949867230828811e-17
1.607052818261638284e+06 6.327148746914442703e-18
1.783430876931909472e+06 3.392883673200244837e-18
1.979166867853557458e+06 1.551687782260934146e-18
2.196385372416546568e+06 6.012090326371598992e-19
2.437444150122222025e+06 2.048846510127333763e-19
2.704959730463137385e+06 6.604482365406273706e-20
3.001835813575591892e+06 2.359150435544934018e-20
3.331294787934676744e+06 1.149380043786939471e-20
3.696912707195031922e+06 7.553766353922991886e-21
4.102658105827190448e+06 5.658867779854309988e-21
4.552935074866947718e+06 4.385200052858704554e-21
5.052631065335679799e+06 3.419609529330052367e-21
5.607169938205458224e+06 2.665512770611876646e-21
6.222570836730230600e+06 2.074122888358863915e-21
6.905513520162330940e+06 1.611174473526321067e-21
7.663410868007462472e+06 1.249386538103378702e-21
8.504489341802684590e+06 9.670090379786006966e-22
9.437878277775391936e+06 7.469311781620809245e-22
1.047370897959450819e+07 5.756693565863532384e-22
1.162322468679854274e+07 4.425928671889395907e-22
1.289890261253307760e+07 3.394301845937485204e-22
1.431458937523478456e+07 2.595983630694740685e-22
1.588565129428052530e+07 1.979784182409931748e-22
1.762914118095947802e+07 1.505134094969863350e-22
1.956398343517064676e+07 1.140682313368489812e-22
2.171117945694505423e+07 8.614143067995577293e-23
2.409403560239527002e+07 6.480874070439902230e-23
2.673841615839949250e+07 4.855999778636197755e-23
2.967302408188872784e+07 3.622554108652579973e-23
3.292971255097155273e+07 2.689576097706852436e-23
3.654383070957254618e+07 1.986153671426480530e-23
4.055460735840827972e+07 1.458442687414497501e-23
4.500557675700496882e+07 1.063926777215321844e-23
4.994505115855139494e+07 7.706736166213841468e-24
5.542664520663107187e+07 5.538360157976097874e-24
6.150985788580504060e+07 3.943687649567942512e-24
6.826071834272393584e+07 2.777299987623202290e-24
7.575250258771920204e+07 1.931631033853378355e-24
8.406652885618332028e+07 1.324461867581396167e-24
9.329304026284696162e+07 8.916063405755750775e-25
1.035321843295663744e+08 5.871000155296311734e-25
1.148951000187308788e+08 3.760490568385835597e-25
1.275051240713012964e+08 2.325537808171069308e-25
1.414991297434575856e+08 1.373477568513776467e-25
1.570290124729377627e+08 7.644178862930189666e-26
1.742633386009651124e+08 3.913499114869763771e-26
1.933891750455232263e+08 1.774429605849020409e-26
2.146141197858406007e+08 6.596338959699620254e-27
2.381685551976160705e+08 1.577767210351281114e-27
2.643081486974108517e+08 6.703553765745686686e-29
2.933166278390048146e+08 2.343320412591607148e-43
