1.000000000000000000e+02 2.511061671346312703e-12
1.109752496412072134e+02 2.189426435678164039e-12
1.231550603292826196e+02 1.907359340662264715e-12
1.366716356462005990e+02 1.660879942733157188e-12
1.516716888470922413e+02 1.445217467799603533e-12
1.683180353330956791e+02 1.256408648258644379e-12
1.867913599020782840e+02 1.091837189897026751e-12
2.072921779595371845e+02 9.475537476137304264e-13
2.300430119772916839e+02 8.216444333732950379e-13
2.552908068239516410e+02 7.118061216138203026e-13
2.833096101839323637e+02 6.159950689458265094e-13
3.144035471591500368e+02 5.324118262252201794e-13
3.489101213406774491e+02 4.595925666062262705e-13
3.872038781812557318e+02 3.963181557333798324e-13
4.297004704320843871e+02 3.410815236348301527e-13
4.768611697714468960e+02 2.932130123446403872e-13
5.291978735958442712e+02 2.517141771844744222e-13
5.872786613189482523e+02 2.154936112335356305e-13
6.517339604882420190e+02 1.843009855531208681e-13
7.232633896483533817e+02 1.572503670153224831e-13
8.026433522257173081e+02 1.339075648650751845e-13
8.907354638610439679e+02 1.137009249171040364e-13
9.884959046625587007e+02 9.630329502063427621e-14
1.096985797892383971e+03 8.141701093178742180e-14
1.217382727739662187e+03 6.860833762856405398e-14
1.350993521198027793e+03 5.762012905401235359e-14
1.499268432786045423e+03 4.828726863877854164e-14
1.663816886076128640e+03 4.028911869820570949e-14
1.846424942895544291e+03 3.345902464505077569e-14
2.049074689815845886e+03 2.771074870420590375e-14
2.273965752357927613e+03 2.282826837167527233e-14
2.523539170434765765e+03 1.874058442383940151e-14
2.800503894183631019e+03 1.530913072638426255e-14
3.107866187782013640e+03 1.243531398984949459e-14
3.448962260405759935e+03 1.008539981109941433e-14
3.827494478516314757e+03 8.091941818644677770e-15
4.247571552536898707e+03 6.483861148723561722e-15
4.713753134116724141e+03 5.156389208344088960e-15
5.231099308056262998e+03 4.076262695051840787e-15
5.805225516094896193e+03 3.205033029765950673e-15
6.442363508721369726e+03 2.507457392164331796e-15
7.149428986597576113e+03 1.950284614080964195e-15
7.934096665797491369e+03 1.508660071159736496e-15
8.804883581643463913e+03 1.162144752249866918e-15
9.771241535346502133e+03 8.917773838551286777e-16
1.084365968689610963e+04 6.824154835125887391e-16
1.203377840777589154e+04 5.206292331457876498e-16
1.335451562929898682e+04 3.975283590964418472e-16
1.482020705798858762e+04 3.030242974325029968e-16
1.644676177994664249e+04 2.316586533954173742e-16
1.825183494319044257e+04 1.772484316251045263e-16
2.025501939230666540e+04 1.364079563524238313e-16
2.247805833548725059e+04 1.050998920824511074e-16
2.494508135230316839e+04 8.155301780070927849e-17
2.768286630392066581e+04 6.322220768438762493e-17
3.072112998861759115e+04 4.911735803943107905e-17
3.409285069746814406e+04 3.822169694210687914e-17
3.783462617131928710e+04 2.972205305767917032e-17
4.198707084443910571e+04 2.305424204663480017e-17
4.659525668664683326e+04 1.787798771376459659e-17
5.170920242896761192e+04 1.378675663160856310e-17
5.738441648302398244e+04 1.060623191133839870e-17
6.368249944718585903e+04 8.133753162732853146e-18
7.067181273927491566e+04 6.207142397030884237e-18
7.842822061337680498e+04 4.730889815689022266e-18
8.703591361485165544e+04 3.599272634490300468e-18
9.658832241158708348e+04 2.738140048934907614e-18
1.071891319205127511e+05 2.085605224114902620e-18
1.189534067370319535e+05 1.594446444461582052e-18
1.320088400831418112e+05 1.224107621495986011e-18
1.464971398307286145e+05 9.449140860053213545e-19
1.625755666443794908e+05 7.342194698489299361e-19
1.804186409392071655e+05 5.736392917524007750e-19
2.002200371815584658e+05 4.501913570659726182e-19
2.221946860939523904e+05 3.541951095142469644e-19
2.465811075822604180e+05 2.788947993894965213e-19
2.736439997074671555e+05 2.191620230126282959e-19
3.036771118035460822e+05 1.714556957151192523e-19
3.370064329271928291e+05 1.330006329045366548e-19
3.739937302478798083e+05 1.021601897304583669e-19
4.150404757850476308e+05 7.728658138169134145e-20
4.605922041145108524e+05 5.752474355404849241e-20
5.111433483440171112e+05 4.178603609724669168e-20
5.672426068491977639e+05 2.956766708960174494e-20
6.294988990221888525e+05 2.019446920568104389e-20
6.985879746785250027e+05 1.322483790800837204e-20
7.752597488629464060e+05 8.238294510245640646e-21
8.603464416684507160e+05 4.861797561100672517e-21
9.547716114208066138e+05 2.739717180174266867e-21
1.059560179277617019e+06 1.519581437382103820e-21
1.175849554052158026e+06 8.797550310919988650e-22
1.304901978014401859e+06 5.582065353718433797e-22
1.448118227674532915e+06 3.901198626081103867e-22
1.607052818261638284e+06 2.915961318598459797e-22
1.783430876931909472e+06 2.256648623461283104e-22
1.979166867853557458e+06 1.769827679001577227e-22
2.196385372416546568e+06 1.392549371815121919e-22
2.437444150122222025e+06 1.095090882344122779e-22
2.704959730463137385e+06 8.591090121642748493e-23
3.001835813575591892e+06 6.720499123797288582e-23
3.331294787934676744e+06 5.243514361936304217e-23
3.696912707195031922e+06 4.078497740675883738e-23
4.102658105827190448e+06 3.160680261322231363e-23
4.552935074866947718e+06 2.439677127106380221e-23
5.052631065335679799e+06 1.875307373897594531e-23
5.607169938205458224e+06 1.435073424833376130e-23
6.222570836730230600e+06 1.092713409018501835e-23
6.905513520162330940e+06 8.275065537008126537e-24
7.663410868007462472e+06 6.223868977250284304e-24
8.504489341802684590e+06 4.650555842666770743e-24
9.437878277775391936e+06 3.449620580917398237e-24
1.047370897959450819e+07 2.535677094129429361e-24
1.162322468679854274e+07 1.842996804581199205e-24
1.289890261253307760e+07 1.324815551750323513e-24
1.431458937523478456e+07 9.410597211061672203e-25
1.588565129428052530e+07 6.576005375665190842e-25
1.762914118095947802e+07 4.522304771504480576e-25
1.956398343517064676e+07 3.046640563515109690e-25
2.171117945694505423e+07 2.004549439723019774e-25
2.409403560239527002e+07 1.283091252433827883e-25
2.673841615839949250e+07 7.938417343582437287e-26
2.967302408188872784e+07 4.736063090081918837e-26
3.292971255097155273e+07 2.704247717138009640e-26
3.654383070957254618e+07 1.472025591226029969e-26
4.055460735840827972e+07 7.629866376206615960e-27
4.500557675700496882e+07 3.781396774213283281e-27
4.994505115855139494e+07 1.784891350362711917e-27
5.542664520663107187e+07 7.705426811668198238e-28
6.150985788580504060e+07 2.633744544054280002e-28
6.826071834272393584e+07 4.672797458991560423e-29
7.575250258771920204e+07 1.523664344467166846e-30
8.406652885618332028e+07 8.579641214296102204e-55
