1.000000000000000000e+02 6.349096785561721693e-14
1.109752496412072134e+02 5.416732058933418470e-14
1.231550603292826196e+02 4.616707864941367540e-14
1.366716356462005990e+02 3.928300221406135722e-14
1.516716888470922413e+02 3.338883286058087509e-14
1.683180353330956791e+02 2.833962622086009510e-14
1.867913599020782840e+02 2.401672608809931773e-14
2.072921779595371845e+02 2.033288921665353597e-14
2.300430119772916839e+02 1.718824199075057576e-14
2.552908068239516410e+02 1.451695225834543736e-14
2.833096101839323637e+02 1.224560941171568245e-14
3.144035471591500368e+02 1.031700741716090977e-14
3.489101213406774491e+02 8.686346889504535594e-15
3.872038781812557318e+02 7.305092459461724800e-15
4.297004704320843871e+02 6.139708181490006060e-15
4.768611697714468960e+02 5.157158363165361838e-15
5.291978735958442712e+02 4.328565929856754683e-15
5.872786613189482523e+02 3.631874096258976684e-15
6.517339604882420190e+02 3.045327006221981704e-15
7.232633896483533817e+02 2.552731609020991741e-15
8.026433522257173081e+02 2.139385067031905264e-15
8.907354638610439679e+02 1.792154962330610695e-15
9.884959046625587007e+02 1.501008731154168724e-15
1.096985797892383971e+03 1.256826004530862726e-15
1.217382727739662187e+03 1.051805731878707553e-15
1.350993521198027793e+03 8.802054808910657084e-16
1.499268432786045423e+03 7.364103282714367520e-16
1.663816886076128640e+03 6.158193655692579365e-16
1.846424942895544291e+03 5.148503038843836569e-16
2.049074689815845886e+03 4.303045137398270832e-16
2.273965752357927613e+03 3.595435016780690904e-16
2.523539170434765765e+03 3.003366012215211212e-16
2.800503894183631019e+03 2.507714512264532567e-16
3.107866187782013640e+03 2.093574867784955865e-16
3.448962260405759935e+03 1.747454776825497897e-16
3.827494478516314757e+03 1.458169945885330061e-16
4.247571552536898707e+03 1.216299529911288991e-16
4.713753134116724141e+03 1.014570209547401926e-16
5.231099308056262998e+03 8.460377383596547135e-17
5.805225516094896193e+03 7.054182089947603015e-17
6.442363508721369726e+03 5.880786458813971789e-17
7.149428986597576113e+03 4.901869469253564465e-17
7.934096665797491369e+03 4.085065154972843483e-17
8.804883581643463913e+03 3.404242212362083172e-17
9.771241535346502133e+03 2.836085208203962069e-17
1.084365968689610963e+04 2.362438643804534210e-17
1.203377840777589154e+04 1.967591408915737181e-17
1.335451562929898682e+04 1.638392764178563360e-17
1.482020705798858762e+04 1.363998659863212896e-17
1.644676177994664249e+04 1.135214059194687161e-17
1.825183494319044257e+04 9.446377604883579688e-18
2.025501939230666540e+04 7.857840173660442504e-18
2.247805833548725059e+04 6.535039588956030425e-18
2.494508135230316839e+04 5.432579219150540822e-18
2.768286630392066581e+04 4.514660361292626021e-18
3.072112998861759115e+04 3.750344064625760344e-18
3.409285069746814406e+04 3.114396920999058656e-18
3.783462617131928710e+04 2.584945912206831589e-18
4.198707084443910571e+04 2.144605373470295098e-18
4.659525668664683326e+04 1.778617493316943980e-18
5.170920242896761192e+04 1.474099125023176027e-18
5.738441648302398244e+04 1.221264579170648213e-18
6.368249944718585903e+04 1.011047311509988970e-18
7.067181273927491566e+04 8.367916578686392784e-19
7.842822061337680498e+04 6.920586591341771292e-19
8.703591361485165544e+04 5.720256232949187807e-19
9.658832241158708348e+04 4.726184433950937438e-19
1.071891319205127511e+05 3.902964702428815106e-19
1.189534067370319535e+05 3.221003345011693940e-19
1.320088400831418112e+05 2.657131375656581869e-19
1.464971398307286145e+05 2.191296804361590862e-19
1.625755666443794908e+05 1.806010467924226436e-19
1.804186409392071655e+05 1.488108187627266414e-19
2.002200371815584658e+05 1.225621687784303522e-19
2.221946860939523904e+05 1.008939529452332960e-19
2.465811075822604180e+05 8.302857907497702859e-20
2.736439997074671555e+05 6.829544420309944931e-20
3.036771118035460822e+05 5.613965317343799633e-20
3.370064329271928291e+05 4.613262843477180277e-20
3.739937302478798083e+05 3.788462432405191483e-20
4.150404757850476308e+05 3.109855298116865507e-20
4.605922041145108524e+05 2.551437276586747169e-20
5.111433483440171112e+05 2.091770776889915800e-20
5.672426068491977639e+05 1.714217865357148446e-20
6.294988990221888525e+05 1.403812768845613634e-20
6.985879746785250027e+05 1.148812863428832575e-20
7.752597488629464060e+05 9.394646093153181867e-21
8.603464416684507160e+05 7.678618741547969179e-21
9.547716114208066138e+05 6.270418809024834560e-21
1.059560179277617019e+06 5.116985650906194419e-21
1.175849554052158026e+06 4.172478307015854378e-21
1.304901978014401859e+06 3.399141307416481274e-21
1.448118227674532915e+06 2.767062064138607812e-21
1.607052818261638284e+06 2.250491873070610213e-21
1.783430876931909472e+06 1.828467900509770351e-21
1.979166867853557458e+06 1.484453255897766678e-21
2.196385372416546568e+06 1.203798958197441959e-21
2.437444150122222025e+06 9.751732236336585417e-22
2.704959730463137385e+06 7.892294882768084660e-22
3.001835813575591892e+06 6.379183977795567900e-22
3.331294787934676744e+06 5.150747518899609668e-22
3.696912707195031922e+06 4.153551460254710408e-22
4.102658105827190448e+06 3.345534259900587676e-22
4.552935074866947718e+06 2.690873332411378519e-22
5.052631065335679799e+06 2.161448450113634233e-22
5.607169938205458224e+06 1.733655978800247812e-22
6.222570836730230600e+06 1.388795383238585198e-22
6.905513520162330940e+06 1.110704724310354942e-22
7.663410868007462472e+06 8.868748032197327599e-23
8.504489341802684590e+06 7.070853084937854889e-23
9.437878277775391936e+06 5.627027789127935222e-23
1.047370897959450819e+07 4.470354455386824355e-23
1.162322468679854274e+07 3.545469721175881805e-23
1.289890261253307760e+07 2.805719404553900047e-23
1.431458937523478456e+07 2.216791954262267660e-23
1.588565129428052530e+07 1.747356014358196090e-23
1.762914118095947802e+07 1.374657511651744902e-23
1.956398343517064676e+07 1.078890897441640348e-23
2.171117945694505423e+07 8.448953278780877084e-24
2.409403560239527002e+07 6.599311590988130644e-24
2.673841615839949250e+07 5.142681993728269912e-24
2.967302408188872784e+07 3.996707158232433651e-24
3.292971255097155273e+07 3.097136929007796720e-24
3.654383070957254618e+07 2.393080559402054988e-24
4.055460735840827972e+07 1.843187466465463323e-24
4.500557675700496882e+07 1.415012395107893929e-24
4.994505115855139494e+07 1.082480609114174708e-24
5.542664520663107187e+07 8.250496376072810645e-25
6.150985788580504060e+07 6.262409167866291295e-25
6.826071834272393584e+07 4.732229591816541012e-25
7.575250258771920204e+07 3.557308745678880605e-25
8.406652885618332028e+07 2.662883919027925198e-25
9.329304026284696162e+07 1.978818392665352383e-25
1.035321843295663744e+08 1.462003342005301611e-25
1.148951000187308788e+08 1.072327651846314244e-25
1.275051240713012964e+08 7.801875553924397800e-26
1.414991297434575856e+08 5.626681483025398468e-26
1.570290124729377627e+08 4.017024380019363777e-26
1.742633386009651124e+08 2.834541562670601563e-26
1.933891750455232263e+08 1.972720042652642351e-26
2.146141197858406007e+08 1.350803681124127084e-26
2.381685551976160705e+08 9.067350316962814800e-27
2.643081486974108517e+08 5.916317473615306630e-27
2.933166278390048146e+08 3.735856033588247464e-27
3.255088599835056663e+08 2.251188526866318545e-27
3.612342699709430337e+08 1.272701966120824107e-27
4.008806328898465633e+08 6.546697760276934880e-28
4.448782831127585173e+08 2.884550941897135007e-28
4.937047852839003801e+08 9.486633183120317399e-29
5.478901179593944550e+08 1.582209607186930728e-29
6.080224261649426222e+08 6.051428870633751912e-31
6.747544053110699654e+08 1.368531759214572089e-41
