1.000000000000000000e+02 3.461057564946548627e-12
1.109752496412072134e+02 3.015817610769502820e-12
1.231550603292826196e+02 2.626989484514910757e-12
1.366716356462005990e+02 2.287438563640020253e-12
1.516716888470922413e+02 1.990989756783703799e-12
1.683180353330956791e+02 1.732181288978261150e-12
1.867913599020782840e+02 1.506422466299348762e-12
2.072921779595371845e+02 1.309484056480192398e-12
2.300430119772916839e+02 1.137647801212905117e-12
2.552908068239516410e+02 9.880313719091000622e-13
2.833096101839323637e+02 8.576250526233991950e-13
3.144035471591500368e+02 7.441130386041382748e-13
3.489101213406774491e+02 6.453031395859188602e-13
3.872038781812557318e+02 5.592659250168074268e-13
4.297004704320843871e+02 4.845251921474610633e-13
4.768611697714468960e+02 4.194389353158080553e-13
5.291978735958442712e+02 3.629504772755320668e-13
5.872786613189482523e+02 3.138463279758741600e-13
6.517339604882420190e+02 2.712443447760569620e-13
7.232633896483533817e+02 2.342801757288082566e-13
8.026433522257173081e+02 2.022020988527541453e-13
8.907354638610439679e+02 1.744220462148153827e-13
9.884959046625587007e+02 1.503207872787426509e-13
1.096985797892383971e+03 1.294889458620845581e-13
1.217382727739662187e+03 1.114479253449310044e-13
1.350993521198027793e+03 9.585301880209829656e-14
1.499268432786045423e+03 8.237528005949234524e-14
1.663816886076128640e+03 7.073151502530866838e-14
1.846424942895544291e+03 6.068166113336164145e-14
2.049074689815845886e+03 5.202334772665637557e-14
2.273965752357927613e+03 4.455705392944396054e-14
2.523539170434765765e+03 3.813407243317555442e-14
2.800503894183631019e+03 3.260416239825817897e-14
3.107866187782013640e+03 2.784990233736047887e-14
3.448962260405759935e+03 2.376855829545889077e-14
3.827494478516314757e+03 2.026249866291330912e-14
4.247571552536898707e+03 1.726016128150355920e-14
4.713753134116724141e+03 1.468204451330102299e-14
5.231099308056262998e+03 1.247977613461060182e-14
5.805225516094896193e+03 1.059764442144991527e-14
6.442363508721369726e+03 8.985324144374800792e-15
7.149428986597576113e+03 7.610782707419870758e-15
7.934096665797491369e+03 6.442594107133614422e-15
8.804883581643463913e+03 5.440699631711098768e-15
9.771241535346502133e+03 4.592612736016378444e-15
1.084365968689610963e+04 3.871464207894359882e-15
1.203377840777589154e+04 3.256406592754308460e-15
1.335451562929898682e+04 2.737088055402415327e-15
1.482020705798858762e+04 2.295640977191408053e-15
1.644676177994664249e+04 1.922335148809045726e-15
1.825183494319044257e+04 1.606413961689809955e-15
2.025501939230666540e+04 1.340742025607791492e-15
2.247805833548725059e+04 1.115777589954099338e-15
2.494508135230316839e+04 9.271660612095185730e-16
2.768286630392066581e+04 7.682782691140757244e-16
3.072112998861759115e+04 6.353707720209146818e-16
3.409285069746814406e+04 5.238682695088824029e-16
3.783462617131928710e+04 4.303786679652813020e-16
4.198707084443910571e+04 3.525169053297692717e-16
4.659525668664683326e+04 2.879640482739950781e-16
5.170920242896761192e+04 2.346432640217230468e-16
5.738441648302398244e+04 1.899260581262324044e-16
6.368249944718585903e+04 1.538686726681966978e-16
7.067181273927491566e+04 1.235344290692769551e-16
7.842822061337680498e+04 9.918789943314872367e-17
8.703591361485165544e+04 7.920544264663480012e-17
9.658832241158708348e+04 6.304539049989669433e-17
1.071891319205127511e+05 5.003310028903067846e-17
1.189534067370319535e+05 3.954837440218502174e-17
1.320088400831418112e+05 3.120791305276500465e-17
1.464971398307286145e+05 2.455432349809678879e-17
1.625755666443794908e+05 1.929288950277894255e-17
1.804186409392071655e+05 1.514522740317524309e-17
2.002200371815584658e+05 1.188975834808015223e-17
2.221946860939523904e+05 9.331522262906260834e-18
2.465811075822604180e+05 7.331330478943627823e-18
2.736439997074671555e+05 5.767406751884604115e-18
3.036771118035460822e+05 4.530986988290232109e-18
3.370064329271928291e+05 3.566609070115457356e-18
3.739937302478798083e+05 2.804294129563781582e-18
4.150404757850476308e+05 2.197866650835322519e-18
4.605922041145108524e+05 1.723194146163203090e-18
5.111433483440171112e+05 1.336793690440302210e-18
5.672426068491977639e+05 1.036831981069013757e-18
6.294988990221888525e+05 7.925996581494928471e-19
6.985879746785250027e+05 6.028835897593119086e-19
7.752597488629464060e+05 4.522650830711285264e-19
8.603464416684507160e+05 3.336980261061756065e-19
9.547716114208066138e+05 2.445100148064455656e-19
1.059560179277617019e+06 1.735115238113311169e-19
1.175849554052158026e+06 1.214176548321516893e-19
1.304901978014401859e+06 8.392848495688666862e-20
1.448118227674532915e+06 5.568748329776807811e-20
1.607052818261638284e+06 3.564371615533927227e-20
1.783430876931909472e+06 2.253536535233197976e-20
1.979166867853557458e+06 1.376583346837207323e-20
2.196385372416546568e+06 8.200180800928838343e-21
2.437444150122222025e+06 4.787525523026242932e-21
2.704959730463137385e+06 2.749830813436300781e-21
3.001835813575591892e+06 1.546920497041354856e-21
3.331294787934676744e+06 8.368936873677284278e-22
3.696912707195031922e+06 4.208115846610301100e-22
4.102658105827190448e+06 1.910616510592127734e-22
4.552935074866947718e+06 7.971536682863478314e-23
5.052631065335679799e+06 3.410190411997358928e-23
5.607169938205458224e+06 1.693159333179562838e-23
6.222570836730230600e+06 1.002261421028509620e-23
6.905513520162330940e+06 6.554280345542953082e-24
7.663410868007462472e+06 4.399696694459272499e-24
8.504489341802684590e+06 2.935183180916886423e-24
9.437878277775391936e+06 1.916891634170697487e-24
1.047370897959450819e+07 1.212741812957842872e-24
1.162322468679854274e+07 7.347431126846331732e-25
1.289890261253307760e+07 4.195660430056060208e-25
1.431458937523478456e+07 2.200476630720807195e-25
1.588565129428052530e+07 1.012891628029623799e-25
1.762914118095947802e+07 3.736154411475951917e-26
1.956398343517064676e+07 9.081844778093338897e-27
2.171117945694505423e+07 1.138211106012472492e-27
2.409403560239527002e+07 1.035233212706792988e-28
2.673841615839949250e+07 2.866791515753630881e-33
2.967302408188872784e+07 3.831330085218671520e-53
3.292971255097155273e+07 5.768930018694320890e-60
3.654383070957254618e+07 9.539733102151470629e-65
4.055460735840827972e+07 4.630530276942522562e-70
4.500557675700496882e+07 5.723328932174013114e-76
4.994505115855139494e+07 1.539866710372423607e-82
5.542664520663107187e+07 7.560393673653293925e-90
6.150985788580504060e+07 5.554328218717207051e-98
6.826071834272393584e+07 4.878381021352459271e-107
7.575250258771920204e+07 3.977712091536805594e-117
8.406652885618332028e+07 2.514806740284669695e-128
9.329304026284696162e+07 7.766335520707440797e-141
1.035321843295663744e+08 7.847911748095045016e-155
