1.000000000000000000e+02 1.244048184543294699e-12
1.109752496412072134e+02 1.006399448088554755e-12
1.231550603292826196e+02 8.099236587531080442e-13
1.366716356462005990e+02 6.474265486312669329e-13
1.516716888470922413e+02 5.151859568779966289e-13
1.683180353330956791e+02 4.094248683268101978e-13
1.867913599020782840e+02 3.221620864118496657e-13
2.072921779595371845e+02 2.530076815876330467e-13
2.300430119772916839e+02 1.980179965928302382e-13
2.552908068239516410e+02 1.546408711996620950e-13
2.833096101839323637e+02 1.205554700286866312e-13
3.144035471591500368e+02 9.400984821191357035e-14
3.489101213406774491e+02 7.333494097360094202e-14
3.872038781812557318e+02 5.734542971139464999e-14
4.297004704320843871e+02 4.485002113196058482e-14
4.768611697714468960e+02 3.530478793306269202e-14
5.291978735958442712e+02 2.775478271945757179e-14
5.872786613189482523e+02 2.198839101041940001e-14
6.517339604882420190e+02 1.736977622671475118e-14
7.232633896483533817e+02 1.379365341140158395e-14
8.026433522257173081e+02 1.093204565789239855e-14
8.907354638610439679e+02 8.686755259608680062e-15
9.884959046625587007e+02 6.869886488654330238e-15
1.096985797892383971e+03 5.433755971049996842e-15
1.217382727739662187e+03 4.282544034281118581e-15
1.350993521198027793e+03 3.363529031606117870e-15
1.499268432786045423e+03 2.636789919562580584e-15
1.663816886076128640e+03 2.058845323263293501e-15
1.846424942895544291e+03 1.607199645622715389e-15
2.049074689815845886e+03 1.251323874139200385e-15
2.273965752357927613e+03 9.782112408768839252e-16
2.523539170434765765e+03 7.631023372493468313e-16
2.800503894183631019e+03 5.997846494294969832e-16
3.107866187782013640e+03 4.733528649424865842e-16
3.448962260405759935e+03 3.772117566007576824e-16
3.827494478516314757e+03 3.030060688792146126e-16
4.247571552536898707e+03 2.459959688436504012e-16
4.713753134116724141e+03 2.014199297920581783e-16
5.231099308056262998e+03 1.666479738256710890e-16
5.805225516094896193e+03 1.389428097506295875e-16
6.442363508721369726e+03 1.166804666923551031e-16
7.149428986597576113e+03 9.859812710920351571e-17
7.934096665797491369e+03 8.354260930281026247e-17
8.804883581643463913e+03 7.103330428171594235e-17
9.771241535346502133e+03 6.044231972972045534e-17
1.084365968689610963e+04 5.147848207982962239e-17
1.203377840777589154e+04 4.385165079669730655e-17
1.335451562929898682e+04 3.722410952756433438e-17
1.482020705798858762e+04 3.158735232589789404e-17
1.644676177994664249e+04 2.676638986386328283e-17
1.825183494319044257e+04 2.258273638916712043e-17
2.025501939230666540e+04 1.898081569532011518e-17
2.247805833548725059e+04 1.591160346099940244e-17
2.494508135230316839e+04 1.328817731703339440e-17
2.768286630392066581e+04 1.103869200782336057e-17
3.072112998861759115e+04 9.117541324162053717e-18
3.409285069746814406e+04 7.486954742877876061e-18
3.783462617131928710e+04 6.108807753499511648e-18
4.198707084443910571e+04 4.946957808136054436e-18
4.659525668664683326e+04 3.973319478838076666e-18
5.170920242896761192e+04 3.162925540255223218e-18
5.738441648302398244e+04 2.491450747851147093e-18
6.368249944718585903e+04 1.942340008056732896e-18
7.067181273927491566e+04 1.495414051762833212e-18
7.842822061337680498e+04 1.138032681807250913e-18
8.703591361485165544e+04 8.558963110942083400e-19
9.658832241158708348e+04 6.356512112340792842e-19
1.071891319205127511e+05 4.682107370195519668e-19
1.189534067370319535e+05 3.437345754352012633e-19
1.320088400831418112e+05 2.530403024146970499e-19
1.464971398307286145e+05 1.887749096981736387e-19
1.625755666443794908e+05 1.441028000053216461e-19
1.804186409392071655e+05 1.132027705423562679e-19
2.002200371815584658e+05 9.130404747630220343e-20
2.221946860939523904e+05 7.499135112168875602e-20
2.465811075822604180e+05 6.222274579638371457e-20
2.736439997074671555e+05 5.188849625758539615e-20
3.036771118035460822e+05 4.335387541127261846e-20
3.370064329271928291e+05 3.624417157843758356e-20
3.739937302478798083e+05 3.028749731827373272e-20
4.150404757850476308e+05 2.529399818502245985e-20
4.605922041145108524e+05 2.110807777306626672e-20
5.111433483440171112e+05 1.759504980744819336e-20
5.672426068491977639e+05 1.465484855373554840e-20
6.294988990221888525e+05 1.219167489489897093e-20
6.985879746785250027e+05 1.012958764809710607e-20
7.752597488629464060e+05 8.407279874753801419e-21
8.603464416684507160e+05 6.968996469265077473e-21
9.547716114208066138e+05 5.767100175630014873e-21
1.059560179277617019e+06 4.767245761918162980e-21
1.175849554052158026e+06 3.934643613815543942e-21
1.304901978014401859e+06 3.240591990048756391e-21
1.448118227674532915e+06 2.664648555998619374e-21
1.607052818261638284e+06 2.187001399020881582e-21
1.783430876931909472e+06 1.791276018355444749e-21
1.979166867853557458e+06 1.463672221185253995e-21
2.196385372416546568e+06 1.193292104123950599e-21
2.437444150122222025e+06 9.704009119164294844e-22
2.704959730463137385e+06 7.869986515855492055e-22
3.001835813575591892e+06 6.361889622465544825e-22
3.331294787934676744e+06 5.127608771746405503e-22
3.696912707195031922e+06 4.118650438129178619e-22
4.102658105827190448e+06 3.296203722266707434e-22
4.552935074866947718e+06 2.626431032925985710e-22
5.052631065335679799e+06 2.082958099065582519e-22
5.607169938205458224e+06 1.643014543249849365e-22
6.222570836730230600e+06 1.288154909246360998e-22
6.905513520162330940e+06 1.005682669204079614e-22
7.663410868007462472e+06 7.792125101174697610e-23
8.504489341802684590e+06 5.992992878578535412e-23
9.437878277775391936e+06 4.568940015245379488e-23
1.047370897959450819e+07 3.454370326424696657e-23
1.162322468679854274e+07 2.583067037225494699e-23
1.289890261253307760e+07 1.908822479672904821e-23
1.431458937523478456e+07 1.393125849277532709e-23
1.588565129428052530e+07 1.001394246237170931e-23
1.762914118095947802e+07 7.079206208190812368e-24
1.956398343517064676e+07 4.909827208435978063e-24
2.171117945694505423e+07 3.331744569620492839e-24
2.409403560239527002e+07 2.205652939428566351e-24
2.673841615839949250e+07 1.419359538739097179e-24
2.967302408188872784e+07 8.841662722739916657e-25
3.292971255097155273e+07 5.303335279194729104e-25
3.654383070957254618e+07 3.048591820387417154e-25
4.055460735840827972e+07 1.673364299235737965e-25
4.500557675700496882e+07 8.753010678653419677e-26
4.994505115855139494e+07 4.339888150730469259e-26
5.542664520663107187e+07 1.994821950887627756e-26
6.150985788580504060e+07 7.760135810002728876e-27
6.826071834272393584e+07 1.971091714298472705e-27
7.575250258771920204e+07 1.291933306275622435e-28
8.406652885618332028e+07 4.696376662515079576e-31
9.329304026284696162e+07 9.591111092479095663e-44
