1.000000000000000000e+02 5.709866914809200967e-14
1.109752496412072134e+02 4.914799692144461106e-14
1.231550603292826196e+02 4.214838744819878503e-14
1.366716356462005990e+02 3.604145643965143705e-14
1.516716888470922413e+02 3.076378102203793432e-14
1.683180353330956791e+02 2.611621390352304660e-14
1.867913599020782840e+02 2.210201444962432272e-14
2.072921779595371845e+02 1.865173202040527127e-14
2.300430119772916839e+02 1.564955179353406385e-14
2.552908068239516410e+02 1.307860451912023385e-14
2.833096101839323637e+02 1.087731093101019937e-14
3.144035471591500368e+02 9.005944920291350456e-15
3.489101213406774491e+02 7.416923088812205889e-15
3.872038781812557318e+02 6.078972308492836897e-15
4.297004704320843871e+02 4.953304593928918787e-15
4.768611697714468960e+02 4.013009903432874288e-15
5.291978735958442712e+02 3.242407327119927854e-15
5.872786613189482523e+02 2.594682223723609431e-15
6.517339604882420190e+02 2.069605410345423018e-15
7.232633896483533817e+02 1.646738417019018392e-15
8.026433522257173081e+02 1.302635941191668019e-15
8.907354638610439679e+02 1.024321101908393218e-15
9.884959046625587007e+02 8.058141269462218328e-16
1.096985797892383971e+03 6.325989961978489457e-16
1.217382727739662187e+03 4.948669457449368841e-16
1.350993521198027793e+03 3.880307304554717038e-16
1.499268432786045423e+03 3.046323212473688611e-16
1.663816886076128640e+03 2.394459821028075081e-16
1.846424942895544291e+03 1.888410125309432347e-16
2.049074689815845886e+03 1.495075716618728636e-16
2.273965752357927613e+03 1.187479429380267840e-16
2.523539170434765765e+03 9.463076591451557023e-17
2.800503894183631019e+03 7.563542171751907463e-17
3.107866187782013640e+03 6.053487277956703406e-17
3.448962260405759935e+03 4.845989471732338872e-17
3.827494478516314757e+03 3.877754653054724105e-17
4.247571552536898707e+03 3.094952281304217759e-17
4.713753134116724141e+03 2.461536488823431574e-17
5.231099308056262998e+03 1.948587121015679680e-17
5.805225516094896193e+03 1.535020199391705887e-17
6.442363508721369726e+03 1.202237521678032485e-17
7.149428986597576113e+03 9.377419439978785781e-18
7.934096665797491369e+03 7.294153198587080736e-18
8.804883581643463913e+03 5.681868536711571764e-18
9.771241535346502133e+03 4.445364746474711696e-18
1.084365968689610963e+04 3.509040305162974234e-18
1.203377840777589154e+04 2.800536562509188813e-18
1.335451562929898682e+04 2.258169240886296933e-18
1.482020705798858762e+04 1.837859613079985016e-18
1.644676177994664249e+04 1.505559680202037687e-18
1.825183494319044257e+04 1.238772186756345396e-18
2.025501939230666540e+04 1.021861502004125442e-18
2.247805833548725059e+04 8.440919243201130581e-19
2.494508135230316839e+04 6.978525867023537883e-19
2.768286630392066581e+04 5.770140511931905499e-19
3.072112998861759115e+04 4.769701416929548349e-19
3.409285069746814406e+04 3.941865539365988308e-19
3.783462617131928710e+04 3.256607451492877232e-19
4.198707084443910571e+04 2.689424209322824147e-19
4.659525668664683326e+04 2.222332943157716204e-19
5.170920242896761192e+04 1.829669899910615239e-19
5.738441648302398244e+04 1.507783067823854806e-19
6.368249944718585903e+04 1.241408087628306239e-19
7.067181273927491566e+04 1.020446184760591588e-19
7.842822061337680498e+04 8.382192080849638429e-20
8.703591361485165544e+04 6.876683662415007924e-20
9.658832241158708348e+04 5.630205453132713453e-20
1.071891319205127511e+05 4.602220007821538295e-20
1.189534067370319535e+05 3.755911897916457240e-20
1.320088400831418112e+05 3.057321387971038568e-20
1.464971398307286145e+05 2.483932908766952981e-20
1.625755666443794908e+05 2.012720549714025917e-20
1.804186409392071655e+05 1.627672193729868486e-20
2.002200371815584658e+05 1.312792009822607531e-20
2.221946860939523904e+05 1.057184668132557931e-20
2.465811075822604180e+05 8.494739814445526994e-21
2.736439997074671555e+05 6.813726410395435575e-21
3.036771118035460822e+05 5.456646467443707861e-21
3.370064329271928291e+05 4.361907713646759599e-21
3.739937302478798083e+05 3.480238843813301036e-21
4.150404757850476308e+05 2.773258491339616565e-21
4.605922041145108524e+05 2.205041425186607272e-21
5.111433483440171112e+05 1.749737892074336694e-21
5.672426068491977639e+05 1.386459269298366013e-21
6.294988990221888525e+05 1.095612348221280675e-21
6.985879746785250027e+05 8.630244834613533581e-22
7.752597488629464060e+05 6.804306961685899650e-22
8.603464416684507160e+05 5.345429993474990459e-22
9.547716114208066138e+05 4.187718245810748575e-22
1.059560179277617019e+06 3.272540478916861180e-22
1.175849554052158026e+06 2.551093554362918418e-22
1.304901978014401859e+06 1.981773358711233741e-22
1.448118227674532915e+06 1.535111283075681018e-22
1.607052818261638284e+06 1.184836717792745492e-22
1.783430876931909472e+06 9.103876600326569588e-23
1.979166867853557458e+06 6.974942580837694942e-23
2.196385372416546568e+06 5.316762865556426089e-23
2.437444150122222025e+06 4.033846510582802850e-23
2.704959730463137385e+06 3.045800084449859944e-23
3.001835813575591892e+06 2.288551027802123995e-23
3.331294787934676744e+06 1.709377686021186124e-23
3.696912707195031922e+06 1.270530334216454068e-23
4.102658105827190448e+06 9.398230961471115782e-24
4.552935074866947718e+06 6.922067386746727266e-24
5.052631065335679799e+06 5.079439380609125956e-24
5.607169938205458224e+06 3.709999778371298278e-24
6.222570836730230600e+06 2.691166528423806444e-24
6.905513520162330940e+06 1.936703552749870767e-24
7.663410868007462472e+06 1.382597557407822133e-24
8.504489341802684590e+06 9.795185728556056239e-25
9.437878277775391936e+06 6.885364887754223804e-25
1.047370897959450819e+07 4.799421641768892956e-25
1.162322468679854274e+07 3.319115583325788842e-25
1.289890261253307760e+07 2.279542717298738697e-25
1.431458937523478456e+07 1.557162840759628190e-25
1.588565129428052530e+07 1.059941977462736302e-25
1.762914118095947802e+07 7.204424574015910408e-26
1.956398343517064676e+07 4.897200611055817796e-26
2.171117945694505423e+07 3.329575398099126384e-26
2.409403560239527002e+07 2.265621861753909799e-26
2.673841615839949250e+07 1.540645759550200664e-26
2.967302408188872784e+07 1.045265309975287779e-26
3.292971255097155273e+07 7.060061002942588047e-27
3.654383070957254618e+07 4.738247430881691573e-27
4.055460735840827972e+07 3.153939165322280496e-27
4.500557675700496882e+07 2.074627656366410656e-27
4.994505115855139494e+07 1.345080904338725271e-27
5.542664520663107187e+07 8.555297823757040937e-28
6.150985788580504060e+07 5.322809264826880886e-28
6.826071834272393584e+07 3.211224225958486292e-28
7.575250258771920204e+07 1.867832605702307428e-28
8.406652885618332028e+07 1.034523123891669967e-28
9.329304026284696162e+07 5.391233020096606594e-29
1.035321843295663744e+08 2.600696508482111318e-29
1.148951000187308788e+08 1.142177093375333617e-29
1.275051240713012964e+08 4.459767390770627460e-30
1.414991297434575856e+08 1.353080925336830148e-30
1.570290124729377627e+08 1.154686942143537265e-31
1.742633386009651124e+08 1.300243514532417191e-74
