1.000000000000000000e+02 2.128885739124096121e-13
1.109752496412072134e+02 1.840445896207353268e-13
1.231550603292826196e+02 1.590102587549398989e-13
1.366716356462005990e+02 1.373250938727491314e-13
1.516716888470922413e+02 1.185332920355210448e-13
1.683180353330956791e+02 1.022734060260076410e-13
1.867913599020782840e+02 8.818935520093438069e-14
2.072921779595371845e+02 7.599685901748316007e-14
2.300430119772916839e+02 6.545466531315928925e-14
2.552908068239516410e+02 5.633920484551057917e-14
2.833096101839323637e+02 4.847225299221139856e-14
3.144035471591500368e+02 4.167269229268213369e-14
3.489101213406774491e+02 3.580604786291827032e-14
3.872038781812557318e+02 3.074106152633463663e-14
4.297004704320843871e+02 2.638117964346418734e-14
4.768611697714468960e+02 2.262184073904062431e-14
5.291978735958442712e+02 1.938593414517426794e-14
5.872786613189482523e+02 1.659955480425684297e-14
6.517339604882420190e+02 1.420557805862938528e-14
7.232633896483533817e+02 1.214874988742523065e-14
8.026433522257173081e+02 1.038057599210302536e-14
8.907354638610439679e+02 8.864716251731309176e-15
9.884959046625587007e+02 7.564789200912532750e-15
1.096985797892383971e+03 6.450545798900881515e-15
1.217382727739662187e+03 5.497165207656766995e-15
1.350993521198027793e+03 4.681386019516167208e-15
1.499268432786045423e+03 3.984187762772062121e-15
1.663816886076128640e+03 3.388711148535288417e-15
1.846424942895544291e+03 2.880167426283556456e-15
2.049074689815845886e+03 2.446649306554234418e-15
2.273965752357927613e+03 2.076851642285499958e-15
2.523539170434765765e+03 1.762245234943411122e-15
2.800503894183631019e+03 1.494311257367251265e-15
3.107866187782013640e+03 1.266407656575887148e-15
3.448962260405759935e+03 1.072651595240000177e-15
3.827494478516314757e+03 9.081298476828351348e-16
4.247571552536898707e+03 7.684125079423610877e-16
4.713753134116724141e+03 6.497816503103946567e-16
5.231099308056262998e+03 5.491340406526958939e-16
5.805225516094896193e+03 4.638659392384306483e-16
6.442363508721369726e+03 3.916157023582024259e-16
7.149428986597576113e+03 3.303824771081184594e-16
7.934096665797491369e+03 2.785672860545751468e-16
8.804883581643463913e+03 2.347676459081357834e-16
9.771241535346502133e+03 1.976874947063207383e-16
1.084365968689610963e+04 1.663330860598315887e-16
1.203377840777589154e+04 1.399110915755081835e-16
1.335451562929898682e+04 1.175613026500283461e-16
1.482020705798858762e+04 9.872961228909311864e-17
1.644676177994664249e+04 8.286820659368651252e-17
1.825183494319044257e+04 6.948494667050715588e-17
2.025501939230666540e+04 5.823722259955808489e-17
2.247805833548725059e+04 4.876718841329846481e-17
2.494508135230316839e+04 4.081092160749759188e-17
2.768286630392066581e+04 3.412994977533004372e-17
3.072112998861759115e+04 2.851915094925475891e-17
3.409285069746814406e+04 2.381994536769446380e-17
3.783462617131928710e+04 1.987789754152035488e-17
4.198707084443910571e+04 1.657820428490951707e-17
4.659525668664683326e+04 1.381714710255933213e-17
5.170920242896761192e+04 1.150815933596031200e-17
5.738441648302398244e+04 9.577336047367773993e-18
6.368249944718585903e+04 7.965181799346410310e-18
7.067181273927491566e+04 6.620092821330343022e-18
7.842822061337680498e+04 5.497803341971718767e-18
8.703591361485165544e+04 4.562542964579218588e-18
9.658832241158708348e+04 3.782439523301773213e-18
1.071891319205127511e+05 3.134090151305344722e-18
1.189534067370319535e+05 2.594443287526299608e-18
1.320088400831418112e+05 2.145710237894953748e-18
1.464971398307286145e+05 1.773250438801267913e-18
1.625755666443794908e+05 1.463699448419162804e-18
1.804186409392071655e+05 1.207227770411617562e-18
2.002200371815584658e+05 9.947898197499854735e-19
2.221946860939523904e+05 8.188195317533925160e-19
2.465811075822604180e+05 6.733043470259190702e-19
2.736439997074671555e+05 5.530477971547710877e-19
3.036771118035460822e+05 4.537986570555387610e-19
3.370064329271928291e+05 3.719568494962867742e-19
3.739937302478798083e+05 3.045745954963189994e-19
4.150404757850476308e+05 2.491151528233326762e-19
4.605922041145108524e+05 2.035549519239757204e-19
5.111433483440171112e+05 1.661526026423263775e-19
5.672426068491977639e+05 1.354768424869678583e-19
6.294988990221888525e+05 1.103702779737491467e-19
6.985879746785250027e+05 8.980689275167694341e-20
7.752597488629464060e+05 7.299460616290900117e-20
8.603464416684507160e+05 5.926823140342427140e-20
9.547716114208066138e+05 4.806740607862685438e-20
1.059560179277617019e+06 3.893581567602605620e-20
1.175849554052158026e+06 3.150388088503501601e-20
1.304901978014401859e+06 2.545992885177405079e-20
1.448118227674532915e+06 2.054592388013569502e-20
1.607052818261638284e+06 1.656150895330623302e-20
1.783430876931909472e+06 1.333243881931265911e-20
1.979166867853557458e+06 1.071786629645702325e-20
2.196385372416546568e+06 8.604999809594703174e-21
2.437444150122222025e+06 6.898360141248768710e-21
2.704959730463137385e+06 5.522500156786671476e-21
3.001835813575591892e+06 4.415092750391377831e-21
3.331294787934676744e+06 3.524045863717491494e-21
3.696912707195031922e+06 2.808754765076115706e-21
4.102658105827190448e+06 2.235371471565836943e-21
4.552935074866947718e+06 1.775995829069291219e-21
5.052631065335679799e+06 1.408831821999217704e-21
5.607169938205458224e+06 1.115726057637871904e-21
6.222570836730230600e+06 8.822501945009424952e-22
6.905513520162330940e+06 6.963664675998003121e-22
7.663410868007462472e+06 5.487505126791316657e-22
8.504489341802684590e+06 4.316063477098767596e-22
9.437878277775391936e+06 3.389036674379902050e-22
1.047370897959450819e+07 2.656792747336783504e-22
1.162322468679854274e+07 2.078449027495676300e-22
1.289890261253307760e+07 1.623158283285286622e-22
1.431458937523478456e+07 1.265338714295851901e-22
1.588565129428052530e+07 9.842227247552369380e-23
1.762914118095947802e+07 7.643025556138747984e-23
1.956398343517064676e+07 5.923331403080234487e-23
2.171117945694505423e+07 4.581102771961485222e-23
2.409403560239527002e+07 3.536159517851612937e-23
2.673841615839949250e+07 2.724005266200976091e-23
2.967302408188872784e+07 2.094339704974464090e-23
3.292971255097155273e+07 1.606609998426181910e-23
3.654383070957254618e+07 1.230149245011108494e-23
4.055460735840827972e+07 9.397417352653334092e-24
4.500557675700496882e+07 7.163754426076754169e-24
4.994505115855139494e+07 5.448519990076774570e-24
5.542664520663107187e+07 4.135101595654461243e-24
6.150985788580504060e+07 3.130884842878863648e-24
6.826071834272393584e+07 2.364568510185512109e-24
7.575250258771920204e+07 1.781613418658397511e-24
8.406652885618332028e+07 1.338928038788214548e-24
9.329304026284696162e+07 1.003648576743668182e-24
1.035321843295663744e+08 7.500814690318534224e-25
1.148951000187308788e+08 5.590346660904130530e-25
1.275051240713012964e+08 4.153671066955429560e-25
1.414991297434575856e+08 3.075470971085575467e-25
1.570290124729377627e+08 2.269618017318525354e-25
1.742633386009651124e+08 1.668570319746192254e-25
1.933891750455232263e+08 1.221745003378571166e-25
2.146141197858406007e+08 8.905485902805454577e-26
2.381685551976160705e+08 6.460361920996582549e-26
2.643081486974108517e+08 4.661838270034705480e-26
2.933166278390048146e+08 3.343738815041514489e-26
3.255088599835056663e+08 2.382424991287226337e-26
3.612342699709430337e+08 1.684868236671115690e-26
4.008806328898465633e+08 1.181038479192395284e-26
4.448782831127585173e+08 8.196188376756744144e-27
4.937047852839003801e+08 5.622083365998330100e-27
5.478901179593944550e+08 3.800108782058510937e-27
6.080224261649426222e+08 2.524798881659907268e-27
6.747544053110699654e+08 1.641385722609476126e-27
7.488103857590031624e+08 1.036917933716238649e-27
8.309941949353404045e+08 6.306608596597656509e-28
9.221978823334341049e+08 3.633019688230129864e-28
1.023411402105452657e+09 1.923954582287763161e-28
1.135733358343105316e+09 8.813130510583437141e-29
1.260382929679727316e+09 2.961777631494152043e-29
1.398713102647238731e+09 3.595036811075459242e-30
