1.000000000000000000e+02 1.461382403095336581e-11
1.109752496412072134e+02 1.292974247250078688e-11
1.231550603292826196e+02 1.143502069269960066e-11
1.366716356462005990e+02 1.010472175451451549e-11
1.516716888470922413e+02 8.923153341608938821e-12
1.683180353330956791e+02 7.875485880843128360e-12
1.867913599020782840e+02 6.942344933083001845e-12
2.072921779595371845e+02 6.118444217467429137e-12
2.300430119772916839e+02 5.383120533748212164e-12
2.552908068239516410e+02 4.734095956709166101e-12
2.833096101839323637e+02 4.158492792843566136e-12
3.144035471591500368e+02 3.648658192270241226e-12
3.489101213406774491e+02 3.198455207288484409e-12
3.872038781812557318e+02 2.799392334926299404e-12
4.297004704320843871e+02 2.448062809869978414e-12
4.768611697714468960e+02 2.136964358357015726e-12
5.291978735958442712e+02 1.863506778540085594e-12
5.872786613189482523e+02 1.622340540064579825e-12
6.517339604882420190e+02 1.411231911111047762e-12
7.232633896483533817e+02 1.224342609155307618e-12
8.026433522257173081e+02 1.061715381053511892e-12
8.907354638610439679e+02 9.181607838624141335e-13
9.884959046625587007e+02 7.937616670453772497e-13
1.096985797892383971e+03 6.841622861239961508e-13
1.217382727739662187e+03 5.894858622235918024e-13
1.350993521198027793e+03 5.064042870831237856e-13
1.499268432786045423e+03 4.348708279752039396e-13
1.663816886076128640e+03 3.722978225372311288e-13
1.846424942895544291e+03 3.187176708277555667e-13
2.049074689815845886e+03 2.719381991710185343e-13
2.273965752357927613e+03 2.320732593363904493e-13
2.523539170434765765e+03 1.973584773827600514e-13
2.800503894183631019e+03 1.679868303982467489e-13
3.107866187782013640e+03 1.423498022055571258e-13
3.448962260405759935e+03 1.208433335411503693e-13
3.827494478516314757e+03 1.020777567201318776e-13
4.247571552536898707e+03 8.625269187534246405e-14
4.713753134116724141e+03 7.287775771309262740e-14
5.231099308056262998e+03 6.138293406531754546e-14
5.805225516094896193e+03 5.153686874807812444e-14
6.442363508721369726e+03 4.331363286068219389e-14
7.149428986597576113e+03 3.623104732652508014e-14
7.934096665797491369e+03 3.031031166121975228e-14
8.804883581643463913e+03 2.524174605864422847e-14
9.771241535346502133e+03 2.099887231823939494e-14
1.084365968689610963e+04 1.737870863933960330e-14
1.203377840777589154e+04 1.436215383394330759e-14
1.335451562929898682e+04 1.179704737234702759e-14
1.482020705798858762e+04 9.658762988008522462e-15
1.644676177994664249e+04 7.868065831620304557e-15
1.825183494319044257e+04 6.358031863748503091e-15
2.025501939230666540e+04 5.127851019072328472e-15
2.247805833548725059e+04 4.108835149984024788e-15
2.494508135230316839e+04 3.252416149638896166e-15
2.768286630392066581e+04 2.582474511671791413e-15
3.072112998861759115e+04 2.009266639576998407e-15
3.409285069746814406e+04 1.561609715333014081e-15
3.783462617131928710e+04 1.206563777163482131e-15
4.198707084443910571e+04 9.176427917245212796e-16
4.659525668664683326e+04 6.963642252700753738e-16
5.170920242896761192e+04 5.236989500611274527e-16
5.738441648302398244e+04 3.889500322592076373e-16
6.368249944718585903e+04 2.887180219103656174e-16
7.067181273927491566e+04 2.127617506015024077e-16
7.842822061337680498e+04 1.562688708950624676e-16
8.703591361485165544e+04 1.146453881944127500e-16
9.658832241158708348e+04 8.428417290427001231e-17
1.071891319205127511e+05 6.230129522280902723e-17
1.189534067370319535e+05 4.640516882145234571e-17
1.320088400831418112e+05 3.492684151920798828e-17
1.464971398307286145e+05 2.656713073841746751e-17
1.625755666443794908e+05 2.042952294284996728e-17
1.804186409392071655e+05 1.584183985149866683e-17
2.002200371815584658e+05 1.234890388934778756e-17
2.221946860939523904e+05 9.638130222989121257e-18
2.465811075822604180e+05 7.502529388506740113e-18
2.736439997074671555e+05 5.797183596794214351e-18
3.036771118035460822e+05 4.428326726671120644e-18
3.370064329271928291e+05 3.331453892797252390e-18
3.739937302478798083e+05 2.457379551695233124e-18
4.150404757850476308e+05 1.767960860614511823e-18
4.605922041145108524e+05 1.234126543375838514e-18
5.111433483440171112e+05 8.286759496656912267e-19
5.672426068491977639e+05 5.333981466306361627e-19
6.294988990221888525e+05 3.238987101620457408e-19
6.985879746785250027e+05 1.848465084000593423e-19
7.752597488629464060e+05 9.977900577172063743e-20
8.603464416684507160e+05 5.275410192017503817e-20
9.547716114208066138e+05 2.908012834261970060e-20
1.059560179277617019e+06 1.749611785786814352e-20
1.175849554052158026e+06 1.153438490377425447e-20
1.304901978014401859e+06 8.122078295512153899e-21
1.448118227674532915e+06 5.934555131726180262e-21
1.607052818261638284e+06 4.410798032934245123e-21
1.783430876931909472e+06 3.300828100303364157e-21
1.979166867853557458e+06 2.474870328848137896e-21
2.196385372416546568e+06 1.855572805937793953e-21
2.437444150122222025e+06 1.390892794276186358e-21
2.704959730463137385e+06 1.042167040693841464e-21
3.001835813575591892e+06 7.804152261213280056e-22
3.331294787934676744e+06 5.839509334127142299e-22
3.696912707195031922e+06 4.365793653853276137e-22
4.102658105827190448e+06 3.259357303921724856e-22
4.552935074866947718e+06 2.430937846596198625e-22
5.052631065335679799e+06 1.810620299832081111e-22
5.607169938205458224e+06 1.346745539183489492e-22
6.222570836730230600e+06 1.000213146978815356e-22
6.905513520162330940e+06 7.417031630027075476e-23
7.663410868007462472e+06 5.491446073882654532e-23
8.504489341802684590e+06 4.058464487426332727e-23
9.437878277775391936e+06 2.993641697845502857e-23
1.047370897959450819e+07 2.204441650880794079e-23
1.162322468679854274e+07 1.620131709524772121e-23
1.289890261253307760e+07 1.188351951325422575e-23
1.431458937523478456e+07 8.698909414270083658e-24
1.588565129428052530e+07 6.352900798664107972e-24
1.762914118095947802e+07 4.629540930380238067e-24
1.956398343517064676e+07 3.366189340197404650e-24
2.171117945694505423e+07 2.441325170494956308e-24
2.409403560239527002e+07 1.765976451947918409e-24
2.673841615839949250e+07 1.274057805970768881e-24
2.967302408188872784e+07 9.166205016789697489e-25
3.292971255097155273e+07 6.574864648598060002e-25
3.654383070957254618e+07 4.701486998183862069e-25
4.055460735840827972e+07 3.350519415395481856e-25
4.500557675700496882e+07 2.379291498341576124e-25
4.994505115855139494e+07 1.683063953176588765e-25
5.542664520663107187e+07 1.185641714378156695e-25
6.150985788580504060e+07 8.312324238175224282e-26
6.826071834272393584e+07 5.798576347775555101e-26
7.575250258771920204e+07 4.021513083594074330e-26
8.406652885618332028e+07 2.771058439286674723e-26
9.329304026284696162e+07 1.894930053347903870e-26
1.035321843295663744e+08 1.284751269173550872e-26
1.148951000187308788e+08 8.621786010213330308e-27
1.275051240713012964e+08 5.715743075962149848e-27
1.414991297434575856e+08 3.733939938715243513e-27
1.570290124729377627e+08 2.394856907084756043e-27
1.742633386009651124e+08 1.501243114088584264e-27
1.933891750455232263e+08 9.133994784675545307e-28
2.146141197858406007e+08 5.341166000887831574e-28
2.381685551976160705e+08 2.957717828177156256e-28
2.643081486974108517e+08 1.513373631065992862e-28
2.933166278390048146e+08 6.868842455698364651e-29
3.255088599835056663e+08 2.553682535548056350e-29
3.612342699709430337e+08 6.141417473758185381e-30
4.008806328898465633e+08 7.147176119928093734e-34
