1.000000000000000000e+02 5.684119381870755266e-14
1.109752496412072134e+02 4.789853409145639519e-14
1.231550603292826196e+02 4.018062554862126195e-14
1.366716356462005990e+02 3.352733630227241174e-14
1.516716888470922413e+02 2.782315278372680808e-14
1.683180353330956791e+02 2.294398297221574502e-14
1.867913599020782840e+02 1.878635758858210050e-14
2.072921779595371845e+02 1.526553161430370550e-14
2.300430119772916839e+02 1.229503295760831414e-14
2.552908068239516410e+02 9.807696038508913578e-15
2.833096101839323637e+02 7.736806396429507710e-15
3.144035471591500368e+02 6.029062354158316738e-15
3.489101213406774491e+02 4.635276410063844595e-15
3.872038781812557318e+02 3.510115418868606980e-15
4.297004704320843871e+02 2.615672678021705342e-15
4.768611697714468960e+02 1.916764553017110530e-15
5.291978735958442712e+02 1.381370374042302284e-15
5.872786613189482523e+02 9.799741756609171963e-16
6.517339604882420190e+02 6.855146968985071801e-16
7.232633896483533817e+02 4.742210367963998255e-16
8.026433522257173081e+02 3.260047716872945420e-16
8.907354638610439679e+02 2.240675953828452902e-16
9.884959046625587007e+02 1.551910113281835149e-16
1.096985797892383971e+03 1.091583015457658866e-16
1.217382727739662187e+03 7.854311212718086960e-17
1.350993521198027793e+03 5.796821116823043539e-17
1.499268432786045423e+03 4.391398606910819639e-17
1.663816886076128640e+03 3.395176655328144977e-17
1.846424942895544291e+03 2.666888051246236543e-17
2.049074689815845886e+03 2.115639253116228062e-17
2.273965752357927613e+03 1.687008725573498002e-17
2.523539170434765765e+03 1.348082770210788917e-17
2.800503894183631019e+03 1.077261958513504880e-17
3.107866187782013640e+03 8.614016065327366962e-18
3.448962260405759935e+03 6.862761673197083881e-18
3.827494478516314757e+03 5.471136815368625611e-18
4.247571552536898707e+03 4.355531937906928738e-18
4.713753134116724141e+03 3.468939949350945041e-18
5.231099308056262998e+03 2.761074105245860980e-18
5.805225516094896193e+03 2.200288298709620702e-18
6.442363508721369726e+03 1.758073292974346697e-18
7.149428986597576113e+03 1.405761604541764791e-18
7.934096665797491369e+03 1.127971444328708624e-18
8.804883581643463913e+03 9.063588373802286657e-19
9.771241535346502133e+03 7.303091983213708933e-19
1.084365968689610963e+04 5.894271024210432578e-19
1.203377840777589154e+04 4.764070732447976754e-19
1.335451562929898682e+04 3.857210161293569174e-19
1.482020705798858762e+04 3.123310966362734879e-19
1.644676177994664249e+04 2.533551538901493436e-19
1.825183494319044257e+04 2.054907584690246807e-19
2.025501939230666540e+04 1.665625019889561266e-19
2.247805833548725059e+04 1.348899859676588447e-19
2.494508135230316839e+04 1.090569335956579592e-19
2.768286630392066581e+04 8.797715979500294141e-20
3.072112998861759115e+04 7.077761737655235336e-20
3.409285069746814406e+04 5.675368086028875960e-20
3.783462617131928710e+04 4.535018053760282671e-20
4.198707084443910571e+04 3.605304107957074120e-20
4.659525668664683326e+04 2.853403218532031085e-20
5.170920242896761192e+04 2.244505249092639072e-20
5.738441648302398244e+04 1.752957560893245696e-20
6.368249944718585903e+04 1.357096668740957780e-20
7.067181273927491566e+04 1.040713729753691107e-20
7.842822061337680498e+04 7.907822191170574046e-21
8.703591361485165544e+04 5.956567608626196995e-21
9.658832241158708348e+04 4.439665973843568279e-21
1.071891319205127511e+05 3.273699337618350738e-21
1.189534067370319535e+05 2.389764886983778962e-21
1.320088400831418112e+05 1.729077318228816921e-21
1.464971398307286145e+05 1.241329823730666136e-21
1.625755666443794908e+05 8.859465573991602807e-22
1.804186409392071655e+05 6.302079088451144035e-22
2.002200371815584658e+05 4.480617275456524394e-22
2.221946860939523904e+05 3.191462998656819995e-22
2.465811075822604180e+05 2.280807547868588058e-22
2.736439997074671555e+05 1.637168268515558312e-22
3.036771118035460822e+05 1.181238308361384696e-22
3.370064329271928291e+05 8.565847262889221193e-23
3.739937302478798083e+05 6.242111242610103585e-23
4.150404757850476308e+05 4.566871272605503123e-23
4.605922041145108524e+05 3.352700792391582477e-23
5.111433483440171112e+05 2.468956609354747151e-23
5.672426068491977639e+05 1.822102991426806027e-23
6.294988990221888525e+05 1.347423509987356980e-23
6.985879746785250027e+05 9.981222471320136859e-24
7.752597488629464060e+05 7.400511874860047744e-24
8.603464416684507160e+05 5.492728802090012730e-24
9.547716114208066138e+05 4.079155151765841496e-24
1.059560179277617019e+06 3.029856023926822581e-24
1.175849554052158026e+06 2.250892928598277702e-24
1.304901978014401859e+06 1.671482673621920625e-24
1.448118227674532915e+06 1.240793759096739168e-24
1.607052818261638284e+06 9.202917188066069108e-25
1.783430876931909472e+06 6.819466870454313841e-25
1.979166867853557458e+06 5.046223593933083715e-25
2.196385372416546568e+06 3.728183486115789931e-25
2.437444150122222025e+06 2.748883462961304098e-25
2.704959730463137385e+06 2.022676820506973808e-25
3.001835813575591892e+06 1.484458568513843002e-25
3.331294787934676744e+06 1.086307590733149880e-25
3.696912707195031922e+06 7.923363893544337682e-26
4.102658105827190448e+06 5.758207360374879268e-26
4.552935074866947718e+06 4.166210587382725588e-26
5.052631065335679799e+06 3.000261837269348870e-26
5.607169938205458224e+06 2.148823931318088875e-26
6.222570836730230600e+06 1.529524123915411300e-26
6.905513520162330940e+06 1.081197266397363539e-26
7.663410868007462472e+06 7.581630342401202278e-27
8.504489341802684590e+06 5.267993616833964988e-27
9.437878277775391936e+06 3.619775078149899929e-27
1.047370897959450819e+07 2.456872671750738439e-27
1.162322468679854274e+07 1.641528217407115148e-27
1.289890261253307760e+07 1.077243297694507553e-27
1.431458937523478456e+07 6.904040434084226802e-28
1.588565129428052530e+07 4.293599379013763879e-28
1.762914118095947802e+07 2.564942801468702382e-28
1.956398343517064676e+07 1.448647440523516408e-28
2.171117945694505423e+07 7.541701209887814701e-29
2.409403560239527002e+07 3.454262390984414311e-29
2.673841615839949250e+07 1.266170015863736122e-29
2.967302408188872784e+07 2.947970687197345606e-30
3.292971255097155273e+07 2.546698908925741928e-31
3.654383070957254618e+07 1.529122097329693402e-32
