1.000000000000000000e+02 9.347752486786608269e-15
1.109752496412072134e+02 8.123271976221566494e-15
1.231550603292826196e+02 7.042770182637950691e-15
1.366716356462005990e+02 6.090135350494204045e-15
1.516716888470922413e+02 5.252943780550365207e-15
1.683180353330956791e+02 4.517957511883111372e-15
1.867913599020782840e+02 3.870264572004014224e-15
2.072921779595371845e+02 3.302141157926983823e-15
2.300430119772916839e+02 2.805168447395291009e-15
2.552908068239516410e+02 2.370397378278349432e-15
2.833096101839323637e+02 1.991941065253554870e-15
3.144035471591500368e+02 1.661903156788861881e-15
3.489101213406774491e+02 1.376253597237425845e-15
3.872038781812557318e+02 1.130376171505755547e-15
4.297004704320843871e+02 9.189757615526766303e-16
4.768611697714468960e+02 7.386938264139579156e-16
5.291978735958442712e+02 5.860565375866725754e-16
5.872786613189482523e+02 4.576122561208441850e-16
6.517339604882420190e+02 3.511164701871035269e-16
7.232633896483533817e+02 2.637851447788209340e-16
8.026433522257173081e+02 1.928764453662224033e-16
8.907354638610439679e+02 1.368081240382169296e-16
9.884959046625587007e+02 9.351975353444195467e-17
1.096985797892383971e+03 6.113840052288567632e-17
1.217382727739662187e+03 3.793816944574071015e-17
1.350993521198027793e+03 2.222632908921632252e-17
1.499268432786045423e+03 1.224355897783598998e-17
1.663816886076128640e+03 6.375670818980463442e-18
1.846424942895544291e+03 3.215168652741212928e-18
2.049074689815845886e+03 1.641116026299534973e-18
2.273965752357927613e+03 8.896128416970710640e-19
2.523539170434765765e+03 5.334817676966728260e-19
2.800503894183631019e+03 3.599589860752142572e-19
3.107866187782013640e+03 2.685384328253972063e-19
3.448962260405759935e+03 2.138429143406503158e-19
3.827494478516314757e+03 1.762210254629989613e-19
4.247571552536898707e+03 1.474955070846200793e-19
4.713753134116724141e+03 1.242185303062364646e-19
5.231099308056262998e+03 1.048385889400864021e-19
5.805225516094896193e+03 8.852050753931003127e-20
6.442363508721369726e+03 7.471194369161443481e-20
7.149428986597576113e+03 6.304294751489482872e-20
7.934096665797491369e+03 5.316732553661789697e-20
8.804883581643463913e+03 4.481804844901806208e-20
9.771241535346502133e+03 3.775836557895604322e-20
1.084365968689610963e+04 3.179899321835071754e-20
1.203377840777589154e+04 2.676220096849017664e-20
1.335451562929898682e+04 2.251251681554801155e-20
1.482020705798858762e+04 1.892937368500646883e-20
1.644676177994664249e+04 1.590520323233359941e-20
1.825183494319044257e+04 1.335968310341591976e-20
2.025501939230666540e+04 1.121208599551329923e-20
2.247805833548725059e+04 9.405417218148309263e-21
2.494508135230316839e+04 7.883387453798005552e-21
2.768286630392066581e+04 6.603610241981254316e-21
3.072112998861759115e+04 5.526757172726081179e-21
3.409285069746814406e+04 4.622545833435506602e-21
3.783462617131928710e+04 3.863052924264892903e-21
4.198707084443910571e+04 3.225806805844366102e-21
4.659525668664683326e+04 2.690884679020747230e-21
5.170920242896761192e+04 2.242827151393924613e-21
5.738441648302398244e+04 1.867518835065840096e-21
6.368249944718585903e+04 1.553519146447552185e-21
7.067181273927491566e+04 1.290920079746888034e-21
7.842822061337680498e+04 1.071746867465159822e-21
8.703591361485165544e+04 8.885173894854485424e-22
9.658832241158708348e+04 7.359350354094401685e-22
1.071891319205127511e+05 6.088259836558459985e-22
1.189534067370319535e+05 5.030677595186808080e-22
1.320088400831418112e+05 4.152147737111399075e-22
1.464971398307286145e+05 3.422881778519738264e-22
1.625755666443794908e+05 2.818354990787861177e-22
1.804186409392071655e+05 2.318014466179077523e-22
2.002200371815584658e+05 1.904231094886362761e-22
2.221946860939523904e+05 1.562504687493175753e-22
2.465811075822604180e+05 1.280704646711857618e-22
2.736439997074671555e+05 1.048447476943226590e-22
3.036771118035460822e+05 8.572346542216147478e-23
3.370064329271928291e+05 6.999158328749115031e-23
3.739937302478798083e+05 5.708097151134562701e-23
4.150404757850476308e+05 4.648244145233389435e-23
4.605922041145108524e+05 3.779750168440150341e-23
5.111433483440171112e+05 3.068739077853201329e-23
5.672426068491977639e+05 2.487956871468560677e-23
6.294988990221888525e+05 2.013727186919566613e-23
6.985879746785250027e+05 1.627235020126516285e-23
7.752597488629464060e+05 1.312813593388732834e-23
8.603464416684507160e+05 1.056953137319394922e-23
9.547716114208066138e+05 8.496938537235430764e-24
1.059560179277617019e+06 6.817789280266814108e-24
1.175849554052158026e+06 5.457711746433393143e-24
1.304901978014401859e+06 4.361422072321446443e-24
1.448118227674532915e+06 3.477902415841244013e-24
1.607052818261638284e+06 2.766958758991945904e-24
1.783430876931909472e+06 2.196485067716257053e-24
1.979166867853557458e+06 1.739718638459868988e-24
2.196385372416546568e+06 1.374396098540191710e-24
2.437444150122222025e+06 1.083095645346851622e-24
2.704959730463137385e+06 8.511997808589319663e-25
3.001835813575591892e+06 6.672276155230292075e-25
3.331294787934676744e+06 5.214562495022154493e-25
3.696912707195031922e+06 4.062855643186476670e-25
4.102658105827190448e+06 3.155680326147948949e-25
4.552935074866947718e+06 2.442786847173056760e-25
5.052631065335679799e+06 1.884136424602080869e-25
5.607169938205458224e+06 1.447934517889488222e-25
6.222570836730230600e+06 1.108457721263395631e-25
6.905513520162330940e+06 8.448770113183041582e-26
7.663410868007462472e+06 6.410277251460940177e-26
8.504489341802684590e+06 4.839004704644252907e-26
9.437878277775391936e+06 3.633698925249906407e-26
1.047370897959450819e+07 2.714306131128903343e-26
1.162322468679854274e+07 2.013015045385431054e-26
1.289890261253307760e+07 1.482994235670459685e-26
1.431458937523478456e+07 1.083932178478490273e-26
1.588565129428052530e+07 7.854049627915523413e-27
1.762914118095947802e+07 5.637158175139683035e-27
1.956398343517064676e+07 4.001188693370255541e-27
2.171117945694505423e+07 2.805508450427436173e-27
2.409403560239527002e+07 1.938496611991185212e-27
2.673841615839949250e+07 1.318620112284819696e-27
2.967302408188872784e+07 8.798309473528078888e-28
3.292971255097155273e+07 5.752127957837612696e-28
3.654383070957254618e+07 3.665642514527383609e-28
4.055460735840827972e+07 2.273073865762664834e-28
4.500557675700496882e+07 1.364666504286239250e-28
4.994505115855139494e+07 7.904447062386565970e-29
5.542664520663107187e+07 4.390324311755289614e-29
6.150985788580504060e+07 2.308441196869765145e-29
6.826071834272393584e+07 1.107534924944364581e-29
7.575250258771920204e+07 4.389911330987178586e-30
8.406652885618332028e+07 1.042891259735046298e-30
9.329304026284696162e+07 1.564255965188388452e-32
