1.000000000000000000e+02 4.677878074625811395e-12
1.109752496412072134e+02 4.113334905815416763e-12
1.231550603292826196e+02 3.614940311245903034e-12
1.366716356462005990e+02 3.174645083138418801e-12
1.516716888470922413e+02 2.786151978917959275e-12
1.683180353330956791e+02 2.443698658715069321e-12
1.867913599020782840e+02 2.141035497987818294e-12
2.072921779595371845e+02 1.874466534229085731e-12
2.300430119772916839e+02 1.640143423657248652e-12
2.552908068239516410e+02 1.432824470960389269e-12
2.833096101839323637e+02 1.250590063154407161e-12
3.144035471591500368e+02 1.090291820376760971e-12
3.489101213406774491e+02 9.494204363796069406e-13
3.872038781812557318e+02 8.258577656273175593e-13
4.297004704320843871e+02 7.164965185465582365e-13
4.768611697714468960e+02 6.215819434931720058e-13
5.291978735958442712e+02 5.376415215556056829e-13
5.872786613189482523e+02 4.646082957618300743e-13
6.517339604882420190e+02 4.005127420891527938e-13
7.232633896483533817e+02 3.445916473446775749e-13
8.026433522257173081e+02 2.959473375322396915e-13
8.907354638610439679e+02 2.533456613651033994e-13
9.884959046625587007e+02 2.166150229913795639e-13
1.096985797892383971e+03 1.843672158036901814e-13
1.217382727739662187e+03 1.568045214696214287e-13
1.350993521198027793e+03 1.328156550182701594e-13
1.499268432786045423e+03 1.120600697312915005e-13
1.663816886076128640e+03 9.453197998313455678e-14
1.846424942895544291e+03 7.907096869917302460e-14
2.049074689815845886e+03 6.619027652127498918e-14
2.273965752357927613e+03 5.504182133317276390e-14
2.523539170434765765e+03 4.565638820528731643e-14
2.800503894183631019e+03 3.768291481783535850e-14
3.107866187782013640e+03 3.101087241088142675e-14
3.448962260405759935e+03 2.539309713109892319e-14
3.827494478516314757e+03 2.073210880242529859e-14
4.247571552536898707e+03 1.684976373503031238e-14
4.713753134116724141e+03 1.362396805712804137e-14
5.231099308056262998e+03 1.098554551913334283e-14
5.805225516094896193e+03 8.824870287943314298e-15
6.442363508721369726e+03 7.071945985696669887e-15
7.149428986597576113e+03 5.646644608079384556e-15
7.934096665797491369e+03 4.509452746177548686e-15
8.804883581643463913e+03 3.590898813076887522e-15
9.771241535346502133e+03 2.865872055169745304e-15
1.084365968689610963e+04 2.281712615947238612e-15
1.203377840777589154e+04 1.825511765308155924e-15
1.335451562929898682e+04 1.459147380235266655e-15
1.482020705798858762e+04 1.171313570742178132e-15
1.644676177994664249e+04 9.393251745624023904e-16
1.825183494319044257e+04 7.577946791657981102e-16
2.025501939230666540e+04 6.106130097080551283e-16
2.247805833548725059e+04 4.937834568348819637e-16
2.494508135230316839e+04 3.994150042680747874e-16
2.768286630392066581e+04 3.212453954588611449e-16
3.072112998861759115e+04 2.595555543625160128e-16
3.409285069746814406e+04 2.080099341137188293e-16
3.783462617131928710e+04 1.664942427063089387e-16
4.198707084443910571e+04 1.328170430766292399e-16
4.659525668664683326e+04 1.051956476179199716e-16
5.170920242896761192e+04 8.321548050083048274e-17
5.738441648302398244e+04 6.535282337666388651e-17
6.368249944718585903e+04 5.107496354920331760e-17
7.067181273927491566e+04 3.979845661166916544e-17
7.842822061337680498e+04 3.087599860465825910e-17
8.703591361485165544e+04 2.389238048752327304e-17
9.658832241158708348e+04 1.845665993123179251e-17
1.071891319205127511e+05 1.428236235869622807e-17
1.189534067370319535e+05 1.105382901328259973e-17
1.320088400831418112e+05 8.576572549100380432e-18
1.464971398307286145e+05 6.680699386893687770e-18
1.625755666443794908e+05 5.222453577940163208e-18
1.804186409392071655e+05 4.096622538337516811e-18
2.002200371815584658e+05 3.222032778270829724e-18
2.221946860939523904e+05 2.536905153489638368e-18
2.465811075822604180e+05 1.995025885429996159e-18
2.736439997074671555e+05 1.563467638978935343e-18
3.036771118035460822e+05 1.218003416182651574e-18
3.370064329271928291e+05 9.404003191536357121e-19
3.739937302478798083e+05 7.161260254183679450e-19
4.150404757850476308e+05 5.368546116447386724e-19
4.605922041145108524e+05 3.941479219044859071e-19
5.111433483440171112e+05 2.816381735019112949e-19
5.672426068491977639e+05 1.943889629001007923e-19
6.294988990221888525e+05 1.281573189082646534e-19
6.985879746785250027e+05 7.973853511904870624e-20
7.752597488629464060e+05 4.578935880432845493e-20
8.603464416684507160e+05 2.373070001001907644e-20
9.547716114208066138e+05 1.086495004544964030e-20
1.059560179277617019e+06 4.398756671676619380e-21
1.175849554052158026e+06 1.613452106437291882e-21
1.304901978014401859e+06 5.639298225500393039e-22
1.448118227674532915e+06 2.046523124913945079e-22
1.607052818261638284e+06 8.818256853171158694e-23
1.783430876931909472e+06 4.877377161674949595e-23
1.979166867853557458e+06 3.265776959857414370e-23
2.196385372416546568e+06 2.386368881426977644e-23
2.437444150122222025e+06 1.796501804912388520e-23
2.704959730463137385e+06 1.362811144624081985e-23
3.001835813575591892e+06 1.034635237961263511e-23
3.331294787934676744e+06 7.846237426778856828e-24
3.696912707195031922e+06 5.943538310164160729e-24
4.102658105827190448e+06 4.496952719223429499e-24
4.552935074866947718e+06 3.397631699070851305e-24
5.052631065335679799e+06 2.563344058800846328e-24
5.607169938205458224e+06 1.930147018838051162e-24
6.222570836730230600e+06 1.450340980087495612e-24
6.905513520162330940e+06 1.087309147403040669e-24
7.663410868007462472e+06 8.132135949370657446e-25
8.504489341802684590e+06 6.064709567421250833e-25
9.437878277775391936e+06 4.509536537699371373e-25
1.047370897959450819e+07 3.342280968431413554e-25
1.162322468679854274e+07 2.467646848763001494e-25
1.289890261253307760e+07 1.814297096243973282e-25
1.431458937523478456e+07 1.328171184833214618e-25
1.588565129428052530e+07 9.670605336882899881e-26
1.762914118095947802e+07 7.000784751144131664e-26
1.956398343517064676e+07 5.035707736347448785e-26
2.171117945694505423e+07 3.594579597781597939e-26
2.409403560239527002e+07 2.544708100771334977e-26
2.673841615839949250e+07 1.783823370601226581e-26
2.967302408188872784e+07 1.236113682364789139e-26
3.292971255097155273e+07 8.452377360407147636e-27
3.654383070957254618e+07 5.689892691161877974e-27
4.055460735840827972e+07 3.758989060045129413e-27
4.500557675700496882e+07 2.428109489735731696e-27
4.994505115855139494e+07 1.525953727424586919e-27
5.542664520663107187e+07 9.270849397999342711e-28
6.150985788580504060e+07 5.405607511877761582e-28
6.826071834272393584e+07 2.993015926424012877e-28
7.575250258771920204e+07 1.556965137613673266e-28
8.406652885618332028e+07 7.521165641751033358e-29
9.329304026284696162e+07 3.338162478868495107e-29
1.035321843295663744e+08 1.325512774215086389e-29
1.148951000187308788e+08 4.024563809353370748e-30
1.275051240713012964e+08 3.932006008162632402e-31
