1.000000000000000000e+02 4.210524793489008877e-16
1.109752496412072134e+02 3.527192243438598953e-16
1.231550603292826196e+02 2.940446761506512398e-16
1.366716356462005990e+02 2.434287405970433349e-16
1.516716888470922413e+02 2.000721629970417026e-16
1.683180353330956791e+02 1.633921595440557607e-16
1.867913599020782840e+02 1.322236261270324802e-16
2.072921779595371845e+02 1.059799271285137509e-16
2.300430119772916839e+02 8.404451471780414746e-17
2.552908068239516410e+02 6.586841271778401100e-17
2.833096101839323637e+02 5.094251548077956664e-17
3.144035471591500368e+02 3.884015913935823925e-17
3.489101213406774491e+02 2.915682634842064720e-17
3.872038781812557318e+02 2.155535201423440381e-17
4.297004704320843871e+02 1.571085155428507176e-17
4.768611697714468960e+02 1.132783246177020995e-17
5.291978735958442712e+02 8.127579762096570363e-18
5.872786613189482523e+02 5.855607400642655509e-18
6.517339604882420190e+02 4.281432410452652832e-18
7.232633896483533817e+02 3.211789957869919231e-18
8.026433522257173081e+02 2.488919694013551908e-18
8.907354638610439679e+02 1.993921149467429368e-18
9.884959046625587007e+02 1.642413256519782947e-18
1.096985797892383971e+03 1.378545030275772424e-18
1.217382727739662187e+03 1.170355021812844661e-18
1.350993521198027793e+03 9.995151322626150764e-19
1.499268432786045423e+03 8.562530552175298428e-19
1.663816886076128640e+03 7.347444174115153001e-19
1.846424942895544291e+03 6.302430347932416141e-19
2.049074689815845886e+03 5.407964932643325560e-19
2.273965752357927613e+03 4.637823280646425816e-19
2.523539170434765765e+03 3.976109493684312048e-19
2.800503894183631019e+03 3.406831427800086392e-19
3.107866187782013640e+03 2.918322965698908668e-19
3.448962260405759935e+03 2.498546689276122028e-19
3.827494478516314757e+03 2.138393393866287899e-19
4.247571552536898707e+03 1.829282883154973296e-19
4.713753134116724141e+03 1.564366622597829567e-19
5.231099308056262998e+03 1.337180704161050265e-19
5.805225516094896193e+03 1.142590612226956665e-19
6.442363508721369726e+03 9.757162735400316704e-20
7.149428986597576113e+03 8.329919597186528025e-20
7.934096665797491369e+03 7.106426242425349191e-20
8.804883581643463913e+03 6.060012909257773252e-20
9.771241535346502133e+03 5.164694592328610440e-20
1.084365968689610963e+04 4.399395774831620233e-20
1.203377840777589154e+04 3.745029494307989282e-20
1.335451562929898682e+04 3.186237167978190733e-20
1.482020705798858762e+04 2.709312927079082230e-20
1.644676177994664249e+04 2.302096914017253745e-20
1.825183494319044257e+04 1.955061169173628980e-20
2.025501939230666540e+04 1.659251517743453746e-20
2.247805833548725059e+04 1.407325190270283256e-20
2.494508135230316839e+04 1.193053207773784512e-20
2.768286630392066581e+04 1.010699892609868190e-20
3.072112998861759115e+04 8.557852298528889991e-21
3.409285069746814406e+04 7.242104647069628645e-21
3.783462617131928710e+04 6.125020984400438999e-21
4.198707084443910571e+04 5.176806441183278308e-21
4.659525668664683326e+04 4.373806966456312476e-21
5.170920242896761192e+04 3.692386263625878879e-21
5.738441648302398244e+04 3.115591734035922930e-21
6.368249944718585903e+04 2.627327106496248411e-21
7.067181273927491566e+04 2.213985031776203304e-21
7.842822061337680498e+04 1.864602549685241065e-21
8.703591361485165544e+04 1.569071239786316589e-21
9.658832241158708348e+04 1.319458926690113456e-21
1.071891319205127511e+05 1.108766789993514692e-21
1.189534067370319535e+05 9.307604905691946904e-22
1.320088400831418112e+05 7.808231592729620537e-22
1.464971398307286145e+05 6.543267317143956648e-22
1.625755666443794908e+05 5.478007595715628067e-22
1.804186409392071655e+05 4.581719828757898024e-22
2.002200371815584658e+05 3.827113164234987020e-22
2.221946860939523904e+05 3.193967220391379833e-22
2.465811075822604180e+05 2.662130794740103095e-22
2.736439997074671555e+05 2.215814150489494131e-22
3.036771118035460822e+05 1.842321841460119841e-22
3.370064329271928291e+05 1.529613303793652693e-22
3.739937302478798083e+05 1.268201427751067317e-22
4.150404757850476308e+05 1.050146636075995929e-22
4.605922041145108524e+05 8.681564655738664946e-23
5.111433483440171112e+05 7.166633510494442567e-23
5.672426068491977639e+05 5.908365154114970722e-23
6.294988990221888525e+05 4.863451500801883009e-23
6.985879746785250027e+05 3.994833530255579412e-23
7.752597488629464060e+05 3.276059340078653812e-23
8.603464416684507160e+05 2.681766807972592963e-23
9.547716114208066138e+05 2.190352965844962137e-23
1.059560179277617019e+06 1.785133692088479309e-23
1.175849554052158026e+06 1.451717163206899256e-23
1.304901978014401859e+06 1.177553022166931592e-23
1.448118227674532915e+06 9.527464748688932219e-24
1.607052818261638284e+06 7.687245907666702498e-24
1.783430876931909472e+06 6.183647469188093194e-24
1.979166867853557458e+06 4.959412223472793113e-24
2.196385372416546568e+06 3.964196076738893094e-24
2.437444150122222025e+06 3.156409218405973304e-24
2.704959730463137385e+06 2.503061130700304136e-24
3.001835813575591892e+06 1.976363476910979884e-24
3.331294787934676744e+06 1.553564729538810197e-24
3.696912707195031922e+06 1.215439388293222612e-24
4.102658105827190448e+06 9.464268045071580799e-25
4.552935074866947718e+06 7.317915875321994126e-25
5.052631065335679799e+06 5.621636838578497542e-25
5.607169938205458224e+06 4.292287047505339137e-25
6.222570836730230600e+06 3.250976554018726569e-25
6.905513520162330940e+06 2.441922234641555509e-25
7.663410868007462472e+06 1.817052784265122302e-25
8.504489341802684590e+06 1.338360474010420397e-25
9.437878277775391936e+06 9.748885747074850715e-26
1.047370897959450819e+07 7.017712817849455722e-26
1.162322468679854274e+07 4.982196020522665168e-26
1.289890261253307760e+07 3.486269111196643310e-26
1.431458937523478456e+07 2.401402650019995452e-26
1.588565129428052530e+07 1.626993493462948036e-26
1.762914118095947802e+07 1.083094059063731222e-26
1.956398343517064676e+07 7.083698729664809900e-27
2.171117945694505423e+07 4.548448661327924109e-27
2.409403560239527002e+07 2.865971094815367856e-27
2.673841615839949250e+07 1.764582513051286049e-27
2.967302408188872784e+07 1.051767714434382181e-27
3.292971255097155273e+07 5.942756505850740310e-28
3.654383070957254618e+07 3.054478031314250850e-28
4.055460735840827972e+07 1.319449058137542772e-28
4.500557675700496882e+07 3.950894763345128746e-29
4.994505115855139494e+07 4.023932377821290726e-30
5.542664520663107187e+07 1.655244389682788977e-32
