1.000000000000000000e+02 7.967018337830007869e-13
1.109752496412072134e+02 6.869688358149829943e-13
1.231550603292826196e+02 5.920350029225818894e-13
1.366716356462005990e+02 5.100260369141682470e-13
1.516716888470922413e+02 4.391251056598383087e-13
1.683180353330956791e+02 3.778099308766238217e-13
1.867913599020782840e+02 3.249061166872072474e-13
2.072921779595371845e+02 2.792219024143814079e-13
2.300430119772916839e+02 2.397787000113223082e-13
2.552908068239516410e+02 2.057898610308924424e-13
2.833096101839323637e+02 1.765003266355176640e-13
3.144035471591500368e+02 1.512329371411223418e-13
3.489101213406774491e+02 1.295110044048408331e-13
3.872038781812557318e+02 1.108142796711365571e-13
4.297004704320843871e+02 9.474597778401621251e-14
4.768611697714468960e+02 8.093586722679239805e-14
5.291978735958442712e+02 6.957264762869930584e-14
5.872786613189482523e+02 5.890402302670505743e-14
6.517339604882420190e+02 5.018998202156725713e-14
7.232633896483533817e+02 4.272000551404932456e-14
8.026433522257173081e+02 3.632674430595957663e-14
8.907354638610439679e+02 3.086172510667512874e-14
9.884959046625587007e+02 2.619506032964029762e-14
1.096985797892383971e+03 2.221063039867575270e-14
1.217382727739662187e+03 1.881591299180637270e-14
1.350993521198027793e+03 1.592688339460869812e-14
1.499268432786045423e+03 1.346828985218455801e-14
1.663816886076128640e+03 1.137767889381032372e-14
1.846424942895544291e+03 9.605030488052564043e-15
2.049074689815845886e+03 8.100464268819821399e-15
2.273965752357927613e+03 6.825650109263253582e-15
2.523539170434765765e+03 5.748111777067261191e-15
2.800503894183631019e+03 4.836162370199989300e-15
3.107866187782013640e+03 4.066356437277776624e-15
3.448962260405759935e+03 3.417254722690000699e-15
3.827494478516314757e+03 2.869416485653564786e-15
4.247571552536898707e+03 2.408335714399171571e-15
4.713753134116724141e+03 2.019781090553337071e-15
5.231099308056262998e+03 1.693241698268631522e-15
5.805225516094896193e+03 1.418739655495810239e-15
6.442363508721369726e+03 1.188193175171222364e-15
7.149428986597576113e+03 9.945331413984184967e-16
7.934096665797491369e+03 8.320439109577490171e-16
8.804883581643463913e+03 6.957652317901558738e-16
9.771241535346502133e+03 5.815482634118453759e-16
1.084365968689610963e+04 4.858568996953612814e-16
1.203377840777589154e+04 4.056893413455493094e-16
1.335451562929898682e+04 3.385891307352125009e-16
1.482020705798858762e+04 2.824539466290369798e-16
1.644676177994664249e+04 2.354628566892465898e-16
1.825183494319044257e+04 1.962239546767082245e-16
2.025501939230666540e+04 1.634275220644615890e-16
2.247805833548725059e+04 1.360274060782144812e-16
2.494508135230316839e+04 1.131780081935954846e-16
2.768286630392066581e+04 9.409702165725949736e-17
3.072112998861759115e+04 7.818959035627553767e-17
3.409285069746814406e+04 6.493791301517384274e-17
3.783462617131928710e+04 5.389203143404159744e-17
4.198707084443910571e+04 4.470463578248507410e-17
4.659525668664683326e+04 3.705126105625985415e-17
5.170920242896761192e+04 3.069425817686079741e-17
5.738441648302398244e+04 2.540617309599096052e-17
6.368249944718585903e+04 2.101650225768719057e-17
7.067181273927491566e+04 1.737128504230002729e-17
7.842822061337680498e+04 1.434658682334735049e-17
8.703591361485165544e+04 1.184014923094954542e-17
9.658832241158708348e+04 9.762283484379412783e-18
1.071891319205127511e+05 8.041703478540029731e-18
1.189534067370319535e+05 6.617997883794005502e-18
1.320088400831418112e+05 5.441024496147682659e-18
1.464971398307286145e+05 4.467370850218597159e-18
1.625755666443794908e+05 3.664767160472940985e-18
1.804186409392071655e+05 3.001682440373689685e-18
2.002200371815584658e+05 2.455697472606390246e-18
2.221946860939523904e+05 2.006094301291091809e-18
2.465811075822604180e+05 1.635977805459991069e-18
2.736439997074671555e+05 1.332712709389978300e-18
3.036771118035460822e+05 1.082863462614934083e-18
3.370064329271928291e+05 8.786789225360005862e-19
3.739937302478798083e+05 7.112400115835252367e-19
4.150404757850476308e+05 5.745252490815663844e-19
4.605922041145108524e+05 4.630125211471122731e-19
5.111433483440171112e+05 3.721774484173804760e-19
5.672426068491977639e+05 2.984565607715543939e-19
6.294988990221888525e+05 2.384967713480365470e-19
6.985879746785250027e+05 1.901023384954515715e-19
7.752597488629464060e+05 1.509581419464522294e-19
8.603464416684507160e+05 1.194376714625675845e-19
9.547716114208066138e+05 9.413746714120924289e-20
1.059560179277617019e+06 7.384194525973707098e-20
1.175849554052158026e+06 5.766154443682055802e-20
1.304901978014401859e+06 4.482308565106427856e-20
1.448118227674532915e+06 3.462186905192903752e-20
1.607052818261638284e+06 2.659131943519443803e-20
1.783430876931909472e+06 2.030027886053216092e-20
1.979166867853557458e+06 1.539795394709072881e-20
2.196385372416546568e+06 1.159390851168233722e-20
2.437444150122222025e+06 8.666821368875089288e-21
2.704959730463137385e+06 6.428963647922051466e-21
3.001835813575591892e+06 4.731055905967957832e-21
3.331294787934676744e+06 3.453827699638684495e-21
3.696912707195031922e+06 2.504791626713104845e-21
4.102658105827190448e+06 1.800484180520971790e-21
4.552935074866947718e+06 1.286360734719639682e-21
5.052631065335679799e+06 9.114390977382542526e-22
5.607169938205458224e+06 6.418375759543123930e-22
6.222570836730230600e+06 4.485274226061581005e-22
6.905513520162330940e+06 3.113127450588077047e-22
7.663410868007462472e+06 2.138967369722330299e-22
8.504489341802684590e+06 1.458673628776292656e-22
9.437878277775391936e+06 9.819681711677894625e-23
1.047370897959450819e+07 6.523571852418707357e-23
1.162322468679854274e+07 4.271882230966751131e-23
1.289890261253307760e+07 2.759369592804184296e-23
1.431458937523478456e+07 1.765575765089099468e-23
1.588565129428052530e+07 1.127631751022811737e-23
1.762914118095947802e+07 7.290444313435154368e-24
1.956398343517064676e+07 4.845256982582800013e-24
2.171117945694505423e+07 3.349619762156772541e-24
2.409403560239527002e+07 2.419447591703636143e-24
2.673841615839949250e+07 1.815881930367971184e-24
2.967302408188872784e+07 1.404312444620937704e-24
3.292971255097155273e+07 1.107490636995491083e-24
3.654383070957254618e+07 8.828047275387249149e-25
4.055460735840827972e+07 7.069707124426707278e-25
4.500557675700496882e+07 5.667860102058248080e-25
4.994505115855139494e+07 4.541747534007826766e-25
5.542664520663107187e+07 3.632652544809062107e-25
6.150985788580504060e+07 2.900859801465902495e-25
6.826071834272393584e+07 2.311511143487226937e-25
7.575250258771920204e+07 1.837512705758777514e-25
8.406652885618332028e+07 1.456874446016952797e-25
9.329304026284696162e+07 1.151858717319869608e-25
1.035321843295663744e+08 9.074023864234098396e-26
1.148951000187308788e+08 7.121275950651079395e-26
1.275051240713012964e+08 5.564935960240501063e-26
1.414991297434575856e+08 4.323884199095108597e-26
1.570290124729377627e+08 3.337317052225981563e-26
1.742633386009651124e+08 2.554181365985779336e-26
1.933891750455232263e+08 1.935540146415024423e-26
2.146141197858406007e+08 1.446467995932760785e-26
2.381685551976160705e+08 1.061597218086718788e-26
2.643081486974108517e+08 7.593782430246926823e-27
2.933166278390048146e+08 5.231116944496476565e-27
3.255088599835056663e+08 3.396400830765414278e-27
3.612342699709430337e+08 1.994579768050289071e-27
4.008806328898465633e+08 9.596494023074005000e-28
4.448782831127585173e+08 3.164506532126962406e-28
4.937047852839003801e+08 5.317651403048855691e-29
5.478901179593944550e+08 3.702078937143453299e-30
6.080224261649426222e+08 1.595931343774520576e-31
6.747544053110699654e+08 5.036352316516331293e-33
7.488103857590031624e+08 1.204083844595652353e-34
8.309941949353404045e+08 2.225853217115097778e-36
9.221978823334341049e+08 3.218842179722126447e-38
1.023411402105452657e+09 3.657883801264216352e-40
1.135733358343105316e+09 3.261915351273265301e-42
1.260382929679727316e+09 2.266285492046277110e-44
1.398713102647238731e+09 1.209077656779337471e-46
1.552225357427047968e+09 4.838206509536380206e-49
1.722585965398787737e+09 1.402480637197201864e-51
1.911644075385703564e+09 1.175427031598127491e-54
