1.000000000000000000e+02 5.856196908972823966e-15
1.109752496412072134e+02 5.043984633516291797e-15
1.231550603292826196e+02 4.341715520879662634e-15
1.366716356462005990e+02 3.732665432731849772e-15
1.516716888470922413e+02 3.205212134296548949e-15
1.683180353330956791e+02 2.747396351940468355e-15
1.867913599020782840e+02 2.349492580313216997e-15
2.072921779595371845e+02 2.005082672968684101e-15
2.300430119772916839e+02 1.707165378986006213e-15
2.552908068239516410e+02 1.449217122486042718e-15
2.833096101839323637e+02 1.226469471173018304e-15
3.144035471591500368e+02 1.034197506090101620e-15
3.489101213406774491e+02 8.686044145035596239e-16
3.872038781812557318e+02 7.263161363471076359e-16
4.297004704320843871e+02 6.045586392162512632e-16
4.768611697714468960e+02 5.003915849930940577e-16
5.291978735958442712e+02 4.117728343523372252e-16
5.872786613189482523e+02 3.367190457685752002e-16
6.517339604882420190e+02 2.733292828979458901e-16
7.232633896483533817e+02 2.201995576980938344e-16
8.026433522257173081e+02 1.759642445193650005e-16
8.907354638610439679e+02 1.393591683056426760e-16
9.884959046625587007e+02 1.093969593734738430e-16
1.096985797892383971e+03 8.511789030678635528e-17
1.217382727739662187e+03 6.571049264639197196e-17
1.350993521198027793e+03 5.043517354144655566e-17
1.499268432786045423e+03 3.861069937027538637e-17
1.663816886076128640e+03 2.960007317108491085e-17
1.846424942895544291e+03 2.283904160150875132e-17
2.049074689815845886e+03 1.779273792256984706e-17
2.273965752357927613e+03 1.403476696827571311e-17
2.523539170434765765e+03 1.121299071889641768e-17
2.800503894183631019e+03 9.064680230180872792e-18
3.107866187782013640e+03 7.394370401177047342e-18
3.448962260405759935e+03 6.071602721924478054e-18
3.827494478516314757e+03 5.001976909205792669e-18
4.247571552536898707e+03 4.129010387695546349e-18
4.713753134116724141e+03 3.409450076342856108e-18
5.231099308056262998e+03 2.816088034742457769e-18
5.805225516094896193e+03 2.326384887404691430e-18
6.442363508721369726e+03 1.922658998629777274e-18
7.149428986597576113e+03 1.589806866937041057e-18
7.934096665797491369e+03 1.314688970576341422e-18
8.804883581643463913e+03 1.086747517519002070e-18
9.771241535346502133e+03 8.976112990937687403e-19
1.084365968689610963e+04 7.407020381029548187e-19
1.203377840777589154e+04 6.106482735216094673e-19
1.335451562929898682e+04 5.027592056775142471e-19
1.482020705798858762e+04 4.135710447421975539e-19
1.644676177994664249e+04 3.398104068847708025e-19
1.825183494319044257e+04 2.790336918603287363e-19
2.025501939230666540e+04 2.288812343180171541e-19
2.247805833548725059e+04 1.875809541050534582e-19
2.494508135230316839e+04 1.536253043033171117e-19
2.768286630392066581e+04 1.257074490719671759e-19
3.072112998861759115e+04 1.027834035227874019e-19
3.409285069746814406e+04 8.396687427017496392e-20
3.783462617131928710e+04 6.854182313835062063e-20
4.198707084443910571e+04 5.589888423336304355e-20
4.659525668664683326e+04 4.554461846896824200e-20
5.170920242896761192e+04 3.706768629684199260e-20
5.738441648302398244e+04 3.013806856178699096e-20
6.368249944718585903e+04 2.447309281613063001e-20
7.067181273927491566e+04 1.984985412599535749e-20
7.842822061337680498e+04 1.607806620931315446e-20
8.703591361485165544e+04 1.300270789989596945e-20
9.658832241158708348e+04 1.050017991061567743e-20
1.071891319205127511e+05 8.464543473543752342e-21
1.189534067370319535e+05 6.812016984437859167e-21
1.320088400831418112e+05 5.471682877614214902e-21
1.464971398307286145e+05 4.385843560992390755e-21
1.625755666443794908e+05 3.508512698522357478e-21
1.804186409392071655e+05 2.800424184884592433e-21
2.002200371815584658e+05 2.230435785264271047e-21
2.221946860939523904e+05 1.772213954504050027e-21
2.465811075822604180e+05 1.405037144925896097e-21
2.736439997074671555e+05 1.111761044950200104e-21
3.036771118035460822e+05 8.777833386970580803e-22
3.370064329271928291e+05 6.918614832376367005e-22
3.739937302478798083e+05 5.443560022129468905e-22
4.150404757850476308e+05 4.274538739346778085e-22
4.605922041145108524e+05 3.350903751324193884e-22
5.111433483440171112e+05 2.621726901656379736e-22
5.672426068491977639e+05 2.046570330180421353e-22
6.294988990221888525e+05 1.594241916119442579e-22
6.985879746785250027e+05 1.239015493341052458e-22
7.752597488629464060e+05 9.604523954248151864e-23
8.603464416684507160e+05 7.426923459432417726e-23
9.547716114208066138e+05 5.726506150521441434e-23
1.059560179277617019e+06 4.402889958429806753e-23
1.175849554052158026e+06 3.374793762814431053e-23
1.304901978014401859e+06 2.578130465856385547e-23
1.448118227674532915e+06 1.962514212797725981e-23
1.607052818261638284e+06 1.488571673523370559e-23
1.783430876931909472e+06 1.124167661801604967e-23
1.979166867853557458e+06 8.452243102644690746e-24
2.196385372416546568e+06 6.325051871833230547e-24
2.437444150122222025e+06 4.710448735703108192e-24
2.704959730463137385e+06 3.490110359182366883e-24
3.001835813575591892e+06 2.569891816127895618e-24
3.331294787934676744e+06 1.880602570481981010e-24
3.696912707195031922e+06 1.367386379727171863e-24
4.102658105827190448e+06 9.871387321120145051e-25
4.552935074866947718e+06 7.072892487675568046e-25
5.052631065335679799e+06 5.026344378734589294e-25
5.607169938205458224e+06 3.541453081215257338e-25
6.222570836730230600e+06 2.473041122762626115e-25
6.905513520162330940e+06 1.710057818644292537e-25
7.663410868007462472e+06 1.169144354405397907e-25
8.504489341802684590e+06 7.891061326987831299e-26
9.437878277775391936e+06 5.246586487087989722e-26
1.047370897959450819e+07 3.421242094728050951e-26
1.162322468679854274e+07 2.174360507695028802e-26
1.289890261253307760e+07 1.334957381578922317e-26
1.431458937523478456e+07 7.807134006886303604e-27
1.588565129428052530e+07 4.260017230216656380e-27
1.762914118095947802e+07 2.092798657141033920e-27
1.956398343517064676e+07 8.666584683605665293e-28
2.171117945694505423e+07 2.628500532589417588e-28
2.409403560239527002e+07 4.184255846127569594e-29
2.673841615839949250e+07 3.748297462660871740e-30
