1.000000000000000000e+02 3.767534852761735311e-12
1.109752496412072134e+02 3.080716371846679413e-12
1.231550603292826196e+02 2.528305516271979936e-12
1.366716356462005990e+02 2.083164049393865328e-12
1.516716888470922413e+02 1.723641077229210280e-12
1.683180353330956791e+02 1.432346128529355951e-12
1.867913599020782840e+02 1.195149611508737925e-12
2.072921779595371845e+02 1.000803561225934227e-12
2.300430119772916839e+02 8.406538548585889723e-13
2.552908068239516410e+02 7.081454433302273081e-13
2.833096101839323637e+02 5.974682441589745473e-13
3.144035471591500368e+02 5.049201057929433256e-13
3.489101213406774491e+02 4.270791257055732319e-13
3.872038781812557318e+02 3.611555377628377471e-13
4.297004704320843871e+02 3.053440722105147532e-13
4.768611697714468960e+02 2.579665752318556887e-13
5.291978735958442712e+02 2.175775465140009580e-13
5.872786613189482523e+02 1.833175052675810980e-13
6.517339604882420190e+02 1.541617039847542774e-13
7.232633896483533817e+02 1.292748694952433564e-13
8.026433522257173081e+02 1.081702279636194434e-13
8.907354638610439679e+02 9.032681759232251259e-14
9.884959046625587007e+02 7.516467678272728684e-14
1.096985797892383971e+03 6.233982661890629696e-14
1.217382727739662187e+03 5.158426569450223107e-14
1.350993521198027793e+03 4.256789473643197492e-14
1.499268432786045423e+03 3.494208197255458053e-14
1.663816886076128640e+03 2.860803472439660373e-14
1.846424942895544291e+03 2.336137248499646191e-14
2.049074689815845886e+03 1.899809492313970124e-14
2.273965752357927613e+03 1.537040895699453522e-14
2.523539170434765765e+03 1.241105096759368651e-14
2.800503894183631019e+03 9.991019363326657701e-15
3.107866187782013640e+03 7.997242729702730451e-15
3.448962260405759935e+03 6.383291606150871681e-15
3.827494478516314757e+03 5.079266130781295044e-15
4.247571552536898707e+03 4.023203318034787910e-15
4.713753134116724141e+03 3.172829509348060120e-15
5.231099308056262998e+03 2.492940313809794453e-15
5.805225516094896193e+03 1.947075881574926906e-15
6.442363508721369726e+03 1.512252638837388225e-15
7.149428986597576113e+03 1.165323941357886049e-15
7.934096665797491369e+03 8.904310563004681282e-16
8.804883581643463913e+03 6.724666064117596551e-16
9.771241535346502133e+03 5.008747967812519829e-16
1.084365968689610963e+04 3.670426331081213483e-16
1.203377840777589154e+04 2.635179600652631657e-16
1.335451562929898682e+04 1.845829601827487186e-16
1.482020705798858762e+04 1.258152787141671554e-16
1.644676177994664249e+04 8.309007961031820222e-17
1.825183494319044257e+04 5.297848713123854009e-17
2.025501939230666540e+04 3.263718299296858516e-17
2.247805833548725059e+04 1.949892680360504827e-17
2.494508135230316839e+04 1.138474452635450530e-17
2.768286630392066581e+04 6.637188569722266865e-18
3.072112998861759115e+04 3.971650274225214513e-18
3.409285069746814406e+04 2.495954849548015266e-18
3.783462617131928710e+04 1.655978003980045397e-18
4.198707084443910571e+04 1.153119804877019162e-18
4.659525668664683326e+04 8.342383278012047156e-19
5.170920242896761192e+04 6.189838335852222462e-19
5.738441648302398244e+04 4.666857626708475766e-19
6.368249944718585903e+04 3.557785913655003274e-19
7.067181273927491566e+04 2.742201686358467984e-19
7.842822061337680498e+04 2.141986217816625189e-19
8.703591361485165544e+04 1.691778364942152387e-19
9.658832241158708348e+04 1.345763352235660748e-19
1.071891319205127511e+05 1.073268342345777033e-19
1.189534067370319535e+05 8.562539024087062812e-20
1.320088400831418112e+05 6.821097112320640076e-20
1.464971398307286145e+05 5.421302427171955608e-20
1.625755666443794908e+05 4.296689015356025654e-20
1.804186409392071655e+05 3.397401521646191945e-20
2.002200371815584658e+05 2.679782526110443047e-20
2.221946860939523904e+05 2.108969478170098262e-20
2.465811075822604180e+05 1.656707430709265524e-20
2.736439997074671555e+05 1.299537743303693508e-20
3.036771118035460822e+05 1.018187051462702470e-20
3.370064329271928291e+05 7.967473471597353474e-21
3.739937302478798083e+05 6.227792974874785451e-21
4.150404757850476308e+05 4.861862914767131899e-21
4.605922041145108524e+05 3.791184766323895322e-21
5.111433483440171112e+05 2.952273910700088247e-21
5.672426068491977639e+05 2.295723022546972884e-21
6.294988990221888525e+05 1.782965798676932277e-21
6.985879746785250027e+05 1.382550278209058553e-21
7.752597488629464060e+05 1.070491486361073813e-21
8.603464416684507160e+05 8.276944233506894611e-22
9.547716114208066138e+05 6.389654779226747546e-22
1.059560179277617019e+06 4.924326380820668060e-22
1.175849554052158026e+06 3.788311487302409552e-22
1.304901978014401859e+06 2.909799085532362912e-22
1.448118227674532915e+06 2.230948662621698494e-22
1.607052818261638284e+06 1.707366889884269818e-22
1.783430876931909472e+06 1.304292991199398492e-22
1.979166867853557458e+06 9.943896172257420881e-23
2.196385372416546568e+06 7.566024390241198463e-23
2.437444150122222025e+06 5.746167419903912992e-23
2.704959730463137385e+06 4.353823211281370783e-23
3.001835813575591892e+06 3.291880381751332772e-23
3.331294787934676744e+06 2.483922300793822249e-23
3.696912707195031922e+06 1.869866943844749833e-23
4.102658105827190448e+06 1.404222397140123574e-23
4.552935074866947718e+06 1.052135018658736323e-23
5.052631065335679799e+06 7.863486885461944479e-24
5.607169938205458224e+06 5.863305040805806449e-24
6.222570836730230600e+06 4.359526822689130522e-24
6.905513520162330940e+06 3.233013819858542406e-24
7.663410868007462472e+06 2.390788828319098777e-24
8.504489341802684590e+06 1.763324189257615852e-24
9.437878277775391936e+06 1.296648649550853298e-24
1.047370897959450819e+07 9.506160581093011534e-25
1.162322468679854274e+07 6.947868269078113012e-25
1.289890261253307760e+07 5.063072731755414092e-25
1.431458937523478456e+07 3.677061731538505896e-25
1.588565129428052530e+07 2.661238338644931529e-25
1.762914118095947802e+07 1.919285586619772038e-25
1.956398343517064676e+07 1.379071252156152602e-25
2.171117945694505423e+07 9.871766577015585567e-26
2.409403560239527002e+07 7.037190997531325007e-26
2.673841615839949250e+07 4.994966779553433497e-26
2.967302408188872784e+07 3.528715161208378830e-26
3.292971255097155273e+07 2.480722442196348889e-26
3.654383070957254618e+07 1.734556290955503320e-26
4.055460735840827972e+07 1.205421155504256654e-26
4.500557675700496882e+07 8.322045567638186959e-27
4.994505115855139494e+07 5.702307039630196663e-27
5.542664520663107187e+07 3.874138604678299343e-27
6.150985788580504060e+07 2.606922765860867106e-27
6.826071834272393584e+07 1.733404065027998787e-27
7.575250258771920204e+07 1.137583577779265196e-27
8.406652885618332028e+07 7.342938028448925698e-28
9.329304026284696162e+07 4.646158187605869660e-28
1.035321843295663744e+08 2.866858594913817753e-28
1.148951000187308788e+08 1.714002964315515398e-28
1.275051240713012964e+08 9.830693205901644852e-29
1.414991297434575856e+08 5.331467519188242642e-29
1.570290124729377627e+08 2.673642521339784688e-29
1.742633386009651124e+08 1.185507633288188756e-29
1.933891750455232263e+08 4.102805823029912238e-30
2.146141197858406007e+08 5.109495593291643311e-31
