1.000000000000000000e+02 1.243939972564269584e-12
1.109752496412072134e+02 1.067137728408854455e-12
1.231550603292826196e+02 9.148339198469972862e-13
1.366716356462005990e+02 7.834011607076353610e-13
1.516716888470922413e+02 6.703990362565517511e-13
1.683180353330956791e+02 5.730727822836273953e-13
1.867913599020782840e+02 4.895855435207913919e-13
2.072921779595371845e+02 4.177573651800317332e-13
2.300430119772916839e+02 3.561932594015695252e-13
2.552908068239516410e+02 3.033409884774584509e-13
2.833096101839323637e+02 2.581589543254519568e-13
3.144035471591500368e+02 2.194631460291926068e-13
3.489101213406774491e+02 1.863903846546717353e-13
3.872038781812557318e+02 1.581669872058176371e-13
4.297004704320843871e+02 1.340774837392226471e-13
4.768611697714468960e+02 1.135983967727442766e-13
5.291978735958442712e+02 9.612260457889551229e-14
5.872786613189482523e+02 8.127861499845515661e-14
6.517339604882420190e+02 6.868386314701675921e-14
7.232633896483533817e+02 5.799619466843148988e-14
8.026433522257173081e+02 4.894523039010346492e-14
8.907354638610439679e+02 4.127833881555296502e-14
9.884959046625587007e+02 3.479320500087856989e-14
1.096985797892383971e+03 2.931835289999394617e-14
1.217382727739662187e+03 2.468587969324130202e-14
1.350993521198027793e+03 2.077806937622291005e-14
1.499268432786045423e+03 1.748351111478343064e-14
1.663816886076128640e+03 1.470384657176423369e-14
1.846424942895544291e+03 1.236207657752512298e-14
2.049074689815845886e+03 1.038880706510398589e-14
2.273965752357927613e+03 8.727930966714771041e-15
2.523539170434765765e+03 7.330056227964560309e-15
2.800503894183631019e+03 6.152998221791123594e-15
3.107866187782013640e+03 5.162504656224576908e-15
3.448962260405759935e+03 4.329555726350674301e-15
3.827494478516314757e+03 3.630196040117124964e-15
4.247571552536898707e+03 3.041607096090800046e-15
4.713753134116724141e+03 2.547152480644753305e-15
5.231099308056262998e+03 2.132520655917423608e-15
5.805225516094896193e+03 1.790788343127874075e-15
6.442363508721369726e+03 1.492059044855569632e-15
7.149428986597576113e+03 1.247148339274363599e-15
7.934096665797491369e+03 1.042032194163685653e-15
8.804883581643463913e+03 8.700301470543863114e-16
9.771241535346502133e+03 7.260792740467428382e-16
1.084365968689610963e+04 6.057003379933810226e-16
1.203377840777589154e+04 5.048700088794830926e-16
1.335451562929898682e+04 4.207533061541797083e-16
1.482020705798858762e+04 3.503877231614626062e-16
1.644676177994664249e+04 2.916692078707039414e-16
1.825183494319044257e+04 2.426315664487314409e-16
2.025501939230666540e+04 2.017561991488669253e-16
2.247805833548725059e+04 1.676580944404723685e-16
2.494508135230316839e+04 1.392344988995434250e-16
2.768286630392066581e+04 1.155720875312414224e-16
3.072112998861759115e+04 9.589279760008546308e-17
3.409285069746814406e+04 7.948790091112823859e-17
3.783462617131928710e+04 6.586188986900663098e-17
4.198707084443910571e+04 5.453327126516487549e-17
4.659525668664683326e+04 4.511757009985760660e-17
5.170920242896761192e+04 3.730676022336968814e-17
5.738441648302398244e+04 3.082592867345667809e-17
6.368249944718585903e+04 2.544939499765442117e-17
7.067181273927491566e+04 2.099151739329035500e-17
7.842822061337680498e+04 1.730548121788035535e-17
8.703591361485165544e+04 1.425381395748954585e-17
9.658832241158708348e+04 1.172850717050763016e-17
1.071891319205127511e+05 9.644626043167262130e-18
1.189534067370319535e+05 7.921717984321373013e-18
1.320088400831418112e+05 6.501248931954753896e-18
1.464971398307286145e+05 5.330967813868846234e-18
1.625755666443794908e+05 4.367018049569543717e-18
1.804186409392071655e+05 3.573819602687523868e-18
2.002200371815584658e+05 2.921942788237936735e-18
2.221946860939523904e+05 2.386851023202159164e-18
2.465811075822604180e+05 1.947739111640578180e-18
2.736439997074671555e+05 1.588012667650970997e-18
3.036771118035460822e+05 1.293547953904673841e-18
3.370064329271928291e+05 1.052640783713553156e-18
3.739937302478798083e+05 8.557581875751937945e-19
4.150404757850476308e+05 6.950570231326996675e-19
4.605922041145108524e+05 5.639166689419509853e-19
5.111433483440171112e+05 4.571350996677959045e-19
5.672426068491977639e+05 3.700712762475415763e-19
6.294988990221888525e+05 2.993520574818629234e-19
6.985879746785250027e+05 2.418209760069174209e-19
7.752597488629464060e+05 1.951901002449579495e-19
8.603464416684507160e+05 1.573193408888401995e-19
9.547716114208066138e+05 1.266959474257900774e-19
1.059560179277617019e+06 1.018794824542642176e-19
1.175849554052158026e+06 8.183766259195191840e-20
1.304901978014401859e+06 6.565565434059289337e-20
1.448118227674532915e+06 5.261606628776479117e-20
1.607052818261638284e+06 4.210466763439654613e-20
1.783430876931909472e+06 3.365066484172811831e-20
1.979166867853557458e+06 2.685918506120637890e-20
2.196385372416546568e+06 2.140979219095163149e-20
2.437444150122222025e+06 1.704506001444720538e-20
2.704959730463137385e+06 1.354855045031183962e-20
3.001835813575591892e+06 1.075603475129657467e-20
3.331294787934676744e+06 8.524557570836949949e-21
3.696912707195031922e+06 6.749056614658336575e-21
4.102658105827190448e+06 5.333108526862219348e-21
4.552935074866947718e+06 4.209209227090681208e-21
5.052631065335679799e+06 3.316277336255423420e-21
5.607169938205458224e+06 2.609261926836156048e-21
6.222570836730230600e+06 2.049485416198268052e-21
6.905513520162330940e+06 1.607096589282260135e-21
7.663410868007462472e+06 1.258274200366888795e-21
8.504489341802684590e+06 9.834434136346508821e-22
9.437878277775391936e+06 7.673180890913841890e-22
1.047370897959450819e+07 5.976451332237749202e-22
1.162322468679854274e+07 4.647509536874935060e-22
1.289890261253307760e+07 3.606778348876671115e-22
1.431458937523478456e+07 2.793448389930965544e-22
1.588565129428052530e+07 2.160543974212006602e-22
1.762914118095947802e+07 1.667203736782664878e-22
1.956398343517064676e+07 1.284073807506917831e-22
2.171117945694505423e+07 9.870875057396705334e-23
2.409403560239527002e+07 7.571788541827852151e-23
2.673841615839949250e+07 5.795746448602223987e-23
2.967302408188872784e+07 4.425981973796072529e-23
3.292971255097155273e+07 3.373342437308208322e-23
3.654383070957254618e+07 2.564334759764561489e-23
4.055460735840827972e+07 1.944794699494590788e-23
4.500557675700496882e+07 1.471154139814197621e-23
4.994505115855139494e+07 1.109901756406175282e-23
5.542664520663107187e+07 8.350631031897298459e-24
6.150985788580504060e+07 6.264469230703451534e-24
6.826071834272393584e+07 4.683781120696080418e-24
7.575250258771920204e+07 3.490867035842191646e-24
8.406652885618332028e+07 2.592838987781398057e-24
9.329304026284696162e+07 1.917558108148627902e-24
1.035321843295663744e+08 1.413345287239176134e-24
1.148951000187308788e+08 1.036391608424566562e-24
1.275051240713012964e+08 7.564330350007377345e-25
1.414991297434575856e+08 5.489961965829752768e-25
1.570290124729377627e+08 3.959741044146356028e-25
1.742633386009651124e+08 2.836691789510895720e-25
1.933891750455232263e+08 2.015989561886071851e-25
2.146141197858406007e+08 1.419730456132770941e-25
2.381685551976160705e+08 9.892769605383437623e-26
2.643081486974108517e+08 6.807650678061945283e-26
2.933166278390048146e+08 4.614735054820567238e-26
3.255088599835056663e+08 3.071089643875472397e-26
3.612342699709430337e+08 1.996295226667348839e-26
4.008806328898465633e+08 1.260251105161188453e-26
4.448782831127585173e+08 7.638768698116666252e-27
4.937047852839003801e+08 4.380696722457576637e-27
5.478901179593944550e+08 2.312127943604614759e-27
6.080224261649426222e+08 1.067116343145777033e-27
6.747544053110699654e+08 3.847792977797180426e-28
7.488103857590031624e+08 7.872763841557307332e-29
8.309941949353404045e+08 2.785243454525753657e-30
