1.000000000000000000e+02 5.113701824095515314e-12
1.109752496412072134e+02 4.333199241471233656e-12
1.231550603292826196e+02 3.663887097942942366e-12
1.366716356462005990e+02 3.090900144642536735e-12
1.516716888470922413e+02 2.599237839207437002e-12
1.683180353330956791e+02 2.180028196230495259e-12
1.867913599020782840e+02 1.822096627846423556e-12
2.072921779595371845e+02 1.517689339117715458e-12
2.300430119772916839e+02 1.259450421111473916e-12
2.552908068239516410e+02 1.041824227861060131e-12
2.833096101839323637e+02 8.579495346696619172e-13
3.144035471591500368e+02 7.046287707433261416e-13
3.489101213406774491e+02 5.758661352863525396e-13
3.872038781812557318e+02 4.690089482813470277e-13
4.297004704320843871e+02 3.809164376123426987e-13
4.768611697714468960e+02 3.082005292320072626e-13
5.291978735958442712e+02 2.488765609787177472e-13
5.872786613189482523e+02 2.002267341394728960e-13
6.517339604882420190e+02 1.612087518294296670e-13
7.232633896483533817e+02 1.295475945883296407e-13
8.026433522257173081e+02 1.042594629783972943e-13
8.907354638610439679e+02 8.389279798854556052e-14
9.884959046625587007e+02 6.768218751575310646e-14
1.096985797892383971e+03 5.477381337024471361e-14
1.217382727739662187e+03 4.449762885086805844e-14
1.350993521198027793e+03 3.630823397860390985e-14
1.499268432786045423e+03 2.976169383814246168e-14
1.663816886076128640e+03 2.452843298232829963e-14
1.846424942895544291e+03 2.028780443285609973e-14
2.049074689815845886e+03 1.687370182149176211e-14
2.273965752357927613e+03 1.405935829416583487e-14
2.523539170434765765e+03 1.177069836125005310e-14
2.800503894183631019e+03 9.856941072881461373e-15
3.107866187782013640e+03 8.273282639478007311e-15
3.448962260405759935e+03 6.942999737147972261e-15
3.827494478516314757e+03 5.828032911531012202e-15
4.247571552536898707e+03 4.883387403242740875e-15
4.713753134116724141e+03 4.087578559671742665e-15
5.231099308056262998e+03 3.414407196013969771e-15
5.805225516094896193e+03 2.843218322133958667e-15
6.442363508721369726e+03 2.360851901740692335e-15
7.149428986597576113e+03 1.952034863646589803e-15
7.934096665797491369e+03 1.607092978318612701e-15
8.804883581643463913e+03 1.319523894579386742e-15
9.771241535346502133e+03 1.074695517545903528e-15
1.084365968689610963e+04 8.706279750415769916e-16
1.203377840777589154e+04 7.012211069545056236e-16
1.335451562929898682e+04 5.614940658805914622e-16
1.482020705798858762e+04 4.454816836055711897e-16
1.644676177994664249e+04 3.499084055503878999e-16
1.825183494319044257e+04 2.722743841876547392e-16
2.025501939230666540e+04 2.094852675966245817e-16
2.247805833548725059e+04 1.597169715893241678e-16
2.494508135230316839e+04 1.203274102262099546e-16
2.768286630392066581e+04 8.922759550730737528e-17
3.072112998861759115e+04 6.513790944198286098e-17
3.409285069746814406e+04 4.677920909353450887e-17
3.783462617131928710e+04 3.300051596009333955e-17
4.198707084443910571e+04 2.281804960580177148e-17
4.659525668664683326e+04 1.542736146958867059e-17
5.170920242896761192e+04 1.017143167965167937e-17
5.738441648302398244e+04 6.527516543817821867e-18
6.368249944718585903e+04 4.075791942057637618e-18
7.067181273927491566e+04 2.486809762439331898e-18
7.842822061337680498e+04 1.495513812576489804e-18
8.703591361485165544e+04 8.938870211775020827e-19
9.658832241158708348e+04 5.361998517231088571e-19
1.071891319205127511e+05 3.206914406428448100e-19
1.189534067370319535e+05 1.881593438585837130e-19
1.320088400831418112e+05 1.062792893725310283e-19
1.464971398307286145e+05 5.656339627975395179e-20
1.625755666443794908e+05 2.780793101817807076e-20
1.804186409392071655e+05 1.237010823331245720e-20
2.002200371815584658e+05 4.947167394499437838e-21
2.221946860939523904e+05 1.835746133457926999e-21
2.465811075822604180e+05 6.614374140813796393e-22
2.736439997074671555e+05 2.493817871758278773e-22
3.036771118035460822e+05 1.071238161063331192e-22
3.370064329271928291e+05 5.364979616126230637e-23
3.739937302478798083e+05 2.967134802905625835e-23
4.150404757850476308e+05 1.694837989600563686e-23
4.605922041145108524e+05 9.543067350185881268e-24
5.111433483440171112e+05 5.161886081091431179e-24
5.672426068491977639e+05 2.654088130164344618e-24
6.294988990221888525e+05 1.289371258295783727e-24
6.985879746785250027e+05 5.850788522011317275e-25
7.752597488629464060e+05 2.451906755474941758e-25
8.603464416684507160e+05 9.441554371331830754e-26
9.547716114208066138e+05 3.307700575692679807e-26
1.059560179277617019e+06 1.045447041357862090e-26
1.175849554052158026e+06 2.957916464829373236e-27
1.304901978014401859e+06 7.436288231004523106e-28
1.448118227674532915e+06 1.650665608311648700e-28
1.607052818261638284e+06 3.214658452411970621e-29
1.783430876931909472e+06 5.465883593471627396e-30
1.979166867853557458e+06 8.067210415354648263e-31
2.196385372416546568e+06 1.028653682812842101e-31
2.437444150122222025e+06 1.126236377860110119e-32
2.704959730463137385e+06 1.053072696432992378e-33
3.001835813575591892e+06 8.360127952406039121e-35
3.331294787934676744e+06 5.592969527344267508e-36
3.696912707195031922e+06 3.126999500810205798e-37
4.102658105827190448e+06 1.449216363086922457e-38
4.552935074866947718e+06 5.519519600735078305e-40
5.052631065335679799e+06 1.712936347721985561e-41
5.607169938205458224e+06 4.286181889872412736e-43
6.222570836730230600e+06 8.537439098796652981e-45
6.905513520162330940e+06 1.334368964701852276e-46
7.663410868007462472e+06 1.611967531087817455e-48
8.504489341802684590e+06 1.480668227729764850e-50
9.437878277775391936e+06 1.014612099468986833e-52
1.047370897959450819e+07 5.059189305780207406e-55
1.162322468679854274e+07 1.776637699821615718e-57
1.289890261253307760e+07 4.248959150495559640e-60
1.431458937523478456e+07 6.711345661820046544e-63
1.588565129428052530e+07 6.778659211908731260e-66
1.762914118095947802e+07 4.213960885331980971e-69
1.956398343517064676e+07 1.550250656425052627e-72
2.171117945694505423e+07 3.252022201939757284e-76
2.409403560239527002e+07 3.756722555352232989e-80
2.673841615839949250e+07 2.272042565059309853e-84
2.967302408188872784e+07 1.952922367813895924e-88
3.292971255097155273e+07 3.073786932270321308e-89
3.654383070957254618e+07 1.593111051850057356e-89
4.055460735840827972e+07 6.983684924857177867e-90
4.500557675700496882e+07 2.201027876792617554e-90
4.994505115855139494e+07 2.968441052268183332e-91
5.542664520663107187e+07 4.989336903287122651e-93
6.150985788580504060e+07 1.941528058706464524e-102
6.826071834272393584e+07 4.107262841596656488e-113
7.575250258771920204e+07 1.658989757023825346e-124
8.406652885618332028e+07 1.017418695910888663e-136
9.329304026284696162e+07 7.560284452094254944e-150
