1.000000000000000000e+02 8.508290170039741814e-11
1.109752496412072134e+02 7.125612579881273816e-11
1.231550603292826196e+02 5.935868313066018110e-11
1.366716356462005990e+02 4.939479752921648179e-11
1.516716888470922413e+02 4.106212973109733478e-11
1.683180353330956791e+02 3.412927294374273866e-11
1.867913599020782840e+02 2.834193167191767658e-11
2.072921779595371845e+02 2.355216359611215473e-11
2.300430119772916839e+02 1.947994331543431113e-11
2.552908068239516410e+02 1.618445085657737335e-11
2.833096101839323637e+02 1.340921909683672762e-11
3.144035471591500368e+02 1.112898295216312798e-11
3.489101213406774491e+02 9.238193187959296539e-12
3.872038781812557318e+02 7.660398381357093665e-12
4.297004704320843871e+02 6.351469793886823952e-12
4.768611697714468960e+02 5.261463321700687113e-12
5.291978735958442712e+02 4.349593325296533091e-12
5.872786613189482523e+02 3.587078870591207565e-12
6.517339604882420190e+02 2.949254433527307504e-12
7.232633896483533817e+02 2.417313603453895055e-12
8.026433522257173081e+02 1.972106970889927788e-12
8.907354638610439679e+02 1.600962299658790210e-12
9.884959046625587007e+02 1.293544971100991088e-12
1.096985797892383971e+03 1.039139082072102850e-12
1.217382727739662187e+03 8.300848686418715971e-13
1.350993521198027793e+03 6.594864148139877804e-13
1.499268432786045423e+03 5.210806815928778008e-13
1.663816886076128640e+03 4.099090927422717688e-13
1.846424942895544291e+03 3.211581606532021183e-13
2.049074689815845886e+03 2.511850945063337928e-13
2.273965752357927613e+03 1.958946905413921723e-13
2.523539170434765765e+03 1.531424837797976687e-13
2.800503894183631019e+03 1.199974328288913441e-13
3.107866187782013640e+03 9.457462913895442876e-14
3.448962260405759935e+03 7.498820189440739551e-14
3.827494478516314757e+03 6.004192288011043727e-14
4.247571552536898707e+03 4.856462717237431529e-14
4.713753134116724141e+03 3.974984956052624881e-14
5.231099308056262998e+03 3.277422852100038089e-14
5.805225516094896193e+03 2.733853694750673575e-14
6.442363508721369726e+03 2.299001478888990285e-14
7.149428986597576113e+03 1.942018755333953553e-14
7.934096665797491369e+03 1.649532105416328028e-14
8.804883581643463913e+03 1.404024560255258598e-14
9.771241535346502133e+03 1.196292402380362145e-14
1.084365968689610963e+04 1.019527736357970244e-14
1.203377840777589154e+04 8.678714902066864554e-15
1.335451562929898682e+04 7.372937737413392013e-15
1.482020705798858762e+04 6.246825055240140190e-15
1.644676177994664249e+04 5.278596026549995865e-15
1.825183494319044257e+04 4.446610164672023051e-15
2.025501939230666540e+04 3.719240776258737150e-15
2.247805833548725059e+04 3.094520546611065326e-15
2.494508135230316839e+04 2.562272827796732401e-15
2.768286630392066581e+04 2.111124294862095964e-15
3.072112998861759115e+04 1.722960171398786922e-15
3.409285069746814406e+04 1.384977515279413871e-15
3.783462617131928710e+04 1.103413331517547608e-15
4.198707084443910571e+04 8.697326122332017761e-16
4.659525668664683326e+04 6.771380853484849690e-16
5.170920242896761192e+04 5.145616576769516780e-16
5.738441648302398244e+04 3.838939410485804827e-16
6.368249944718585903e+04 2.779519661863021949e-16
7.067181273927491566e+04 1.952199975986041327e-16
7.842822061337680498e+04 1.322901065521651890e-16
8.703591361485165544e+04 8.580118473106795464e-17
9.658832241158708348e+04 5.302679012980022176e-17
1.071891319205127511e+05 3.091090308404698594e-17
1.189534067370319535e+05 1.712713195903548715e-17
1.320088400831418112e+05 9.169180072733598924e-18
1.464971398307286145e+05 4.933996942433139696e-18
1.625755666443794908e+05 2.823087799285475801e-18
1.804186409392071655e+05 1.797616361706933649e-18
2.002200371815584658e+05 1.283477400356275782e-18
2.221946860939523904e+05 9.855406141865029803e-19
2.465811075822604180e+05 7.850775173325389157e-19
2.736439997074671555e+05 6.339708276425658838e-19
3.036771118035460822e+05 5.141244515104400140e-19
3.370064329271928291e+05 4.170943915324521100e-19
3.739937302478798083e+05 3.380856232573480428e-19
4.150404757850476308e+05 2.737320600682706153e-19
4.605922041145108524e+05 2.214184387232010900e-19
5.111433483440171112e+05 1.789173894301282190e-19
5.672426068491977639e+05 1.444200865153531631e-19
6.294988990221888525e+05 1.164559185293809442e-19
6.985879746785250027e+05 9.380092442360129913e-20
7.752597488629464060e+05 7.544961060807853586e-20
8.603464416684507160e+05 6.062843468765930352e-20
9.547716114208066138e+05 4.865565968773117843e-20
1.059560179277617019e+06 3.899660506144143443e-20
1.175849554052158026e+06 3.121347473698354678e-20
1.304901978014401859e+06 2.495086673547087056e-20
1.448118227674532915e+06 1.991733667104907334e-20
1.607052818261638284e+06 1.587517591470384465e-20
1.783430876931909472e+06 1.263685744131670053e-20
1.979166867853557458e+06 1.004247888677640356e-20
2.196385372416546568e+06 7.969555901375555270e-21
2.437444150122222025e+06 6.314090002001461408e-21
2.704959730463137385e+06 4.994545571276039746e-21
3.001835813575591892e+06 3.943871304598437089e-21
3.331294787934676744e+06 3.108676915377555034e-21
3.696912707195031922e+06 2.446360213520525903e-21
4.102658105827190448e+06 1.921802152871124630e-21
4.552935074866947718e+06 1.506857034475371169e-21
5.052631065335679799e+06 1.179172011161296615e-21
5.607169938205458224e+06 9.208573265492151087e-22
6.222570836730230600e+06 7.176956873027183445e-22
6.905513520162330940e+06 5.581840156264241043e-22
7.663410868007462472e+06 4.332244422441677387e-22
8.504489341802684590e+06 3.354782641286432189e-22
9.437878277775391936e+06 2.591824469195352532e-22
1.047370897959450819e+07 1.997536629910920054e-22
1.162322468679854274e+07 1.535608978879524502e-22
1.289890261253307760e+07 1.177502462038120576e-22
1.431458937523478456e+07 9.003194584921855788e-23
1.588565129428052530e+07 6.864983840844804547e-23
1.762914118095947802e+07 5.218857716949101597e-23
1.956398343517064676e+07 3.955022516903980385e-23
2.171117945694505423e+07 2.987291500297575090e-23
2.409403560239527002e+07 2.248292909058412633e-23
2.673841615839949250e+07 1.685769323595755442e-23
2.967302408188872784e+07 1.258437982021919874e-23
3.292971255097155273e+07 9.361348035262473826e-24
3.654383070957254618e+07 6.923348656336240845e-24
4.055460735840827972e+07 5.097284384563532602e-24
4.500557675700496882e+07 3.730273616672035533e-24
4.994505115855139494e+07 2.712996740556362537e-24
5.542664520663107187e+07 1.959205834950747165e-24
6.150985788580504060e+07 1.403557105371434825e-24
6.826071834272393584e+07 9.964578758935745950e-25
7.575250258771920204e+07 6.999580116086809853e-25
8.406652885618332028e+07 4.858802710368512411e-25
9.329304026284696162e+07 3.322335992017535490e-25
1.035321843295663744e+08 2.234097065309205095e-25
1.148951000187308788e+08 1.470497926994765076e-25
1.275051240713012964e+08 9.428046824362592091e-26
1.414991297434575856e+08 5.843974046215538960e-26
1.570290124729377627e+08 3.467053510265330156e-26
1.742633386009651124e+08 1.937946964473199542e-26
1.933891750455232263e+08 9.969376300515524066e-27
2.146141197858406007e+08 4.550931158200238480e-27
2.381685551976160705e+08 1.737759044635991398e-27
2.643081486974108517e+08 4.882039306605345887e-28
2.933166278390048146e+08 2.756063253951166532e-29
