1.000000000000000000e+02 2.379212953109540157e-10
1.109752496412072134e+02 1.306058946632822415e-10
1.231550603292826196e+02 6.926015260850984610e-11
1.366716356462005990e+02 3.543844812119587800e-11
1.516716888470922413e+02 1.753164874721606226e-11
1.683180353330956791e+02 8.463139452896444314e-12
1.867913599020782840e+02 4.076118790103212825e-12
2.072921779595371845e+02 2.044980905955101584e-12
2.300430119772916839e+02 1.134599260784800621e-12
2.552908068239516410e+02 7.268770951046017220e-13
2.833096101839323637e+02 5.324524822582103181e-13
3.144035471591500368e+02 4.250022335531505563e-13
3.489101213406774491e+02 3.535695397499126491e-13
3.872038781812557318e+02 2.988972060207348283e-13
4.297004704320843871e+02 2.539369775728709248e-13
4.768611697714468960e+02 2.159627577127733123e-13
5.291978735958442712e+02 1.836232268755598907e-13
5.872786613189482523e+02 1.560415088521192352e-13
6.517339604882420190e+02 1.325216643726254820e-13
7.232633896483533817e+02 1.124649567785885971e-13
8.026433522257173081e+02 9.537666869364367751e-14
8.907354638610439679e+02 8.083012443982139327e-14
9.884959046625587007e+02 6.845369587570191815e-14
1.096985797892383971e+03 5.792148839341425261e-14
1.217382727739662187e+03 4.897588733566791239e-14
1.350993521198027793e+03 4.137775646196238885e-14
1.499268432786045423e+03 3.492234424805109411e-14
1.663816886076128640e+03 2.945648611702965770e-14
1.846424942895544291e+03 2.482074501922639584e-14
2.049074689815845886e+03 2.089519293975877156e-14
2.273965752357927613e+03 1.757316535053792819e-14
2.523539170434765765e+03 1.476527024006278008e-14
2.800503894183631019e+03 1.239381387454086266e-14
3.107866187782013640e+03 1.039129362190367699e-14
3.448962260405759935e+03 8.702456092876863431e-15
3.827494478516314757e+03 7.280669107134367504e-15
4.247571552536898707e+03 6.083761434976595892e-15
4.713753134116724141e+03 5.077378891937421758e-15
5.231099308056262998e+03 4.231908985153277997e-15
5.805225516094896193e+03 3.523007444983191046e-15
6.442363508721369726e+03 2.928929789671693136e-15
7.149428986597576113e+03 2.431495368449042479e-15
7.934096665797491369e+03 2.015676845898139266e-15
8.804883581643463913e+03 1.668665219053333612e-15
9.771241535346502133e+03 1.379273529028884992e-15
1.084365968689610963e+04 1.138205922746058491e-15
1.203377840777589154e+04 9.378197031103043855e-16
1.335451562929898682e+04 7.714793584726025671e-16
1.482020705798858762e+04 6.335401283051049443e-16
1.644676177994664249e+04 5.193095976151800278e-16
1.825183494319044257e+04 4.249624813702607641e-16
2.025501939230666540e+04 3.471220666858065826e-16
2.247805833548725059e+04 2.829722673648856564e-16
2.494508135230316839e+04 2.302490622615886482e-16
2.768286630392066581e+04 1.869894414032171595e-16
3.072112998861759115e+04 1.515463133260582268e-16
3.409285069746814406e+04 1.225665175054348066e-16
3.783462617131928710e+04 9.892857310521530467e-17
4.198707084443910571e+04 7.967070197537429694e-17
4.659525668664683326e+04 6.401978559346133323e-17
5.170920242896761192e+04 5.131752055923310157e-17
5.738441648302398244e+04 4.105621005234477303e-17
6.368249944718585903e+04 3.276985767335504505e-17
7.067181273927491566e+04 2.609750885972295293e-17
7.842822061337680498e+04 2.072905229905512966e-17
8.703591361485165544e+04 1.642967994981741031e-17
9.658832241158708348e+04 1.299176395971843367e-17
1.071891319205127511e+05 1.024791733842743447e-17
1.189534067370319535e+05 8.064714654024392029e-18
1.320088400831418112e+05 6.332549242025168066e-18
1.464971398307286145e+05 4.961089559180329176e-18
1.625755666443794908e+05 3.878410775327050987e-18
1.804186409392071655e+05 3.025510203275637818e-18
2.002200371815584658e+05 2.356014661073721349e-18
2.221946860939523904e+05 1.831303038292351146e-18
2.465811075822604180e+05 1.421235832324803647e-18
2.736439997074671555e+05 1.101682757997451082e-18
3.036771118035460822e+05 8.530581564364645634e-19
3.370064329271928291e+05 6.599851684936536033e-19
3.739937302478798083e+05 5.102801660648477254e-19
4.150404757850476308e+05 3.942455991853532541e-19
4.605922041145108524e+05 3.043942519507125789e-19
5.111433483440171112e+05 2.348700995356139808e-19
5.672426068491977639e+05 1.810976009355879647e-19
6.294988990221888525e+05 1.395483823760042216e-19
6.985879746785250027e+05 1.074623411567499033e-19
7.752597488629464060e+05 8.269940619929094060e-20
8.603464416684507160e+05 6.360326003634386562e-20
9.547716114208066138e+05 4.888515455705934499e-20
1.059560179277617019e+06 3.754871399742549838e-20
1.175849554052158026e+06 2.882308994888862177e-20
1.304901978014401859e+06 2.211029574249803994e-20
1.448118227674532915e+06 1.695023772440018867e-20
1.607052818261638284e+06 1.298595989396430516e-20
1.783430876931909472e+06 9.942237700979702746e-21
1.979166867853557458e+06 7.606932088196686122e-21
2.196385372416546568e+06 5.816197408303808960e-21
2.437444150122222025e+06 4.443960679669952877e-21
2.704959730463137385e+06 3.393105460899553703e-21
3.001835813575591892e+06 2.588870724314474565e-21
3.331294787934676744e+06 1.973772674863185151e-21
3.696912707195031922e+06 1.503668973733197558e-21
4.102658105827190448e+06 1.144643238341682198e-21
4.552935074866947718e+06 8.706319125135945489e-22
5.052631065335679799e+06 6.616589133782467028e-22
5.607169938205458224e+06 5.024017860708995514e-22
6.222570836730230600e+06 3.811327094202328786e-22
6.905513520162330940e+06 2.888603794579696263e-22
7.663410868007462472e+06 2.187088962235078534e-22
8.504489341802684590e+06 1.654187354082442109e-22
9.437878277775391936e+06 1.249776814747999667e-22
1.047370897959450819e+07 9.431770356467538786e-23
1.162322468679854274e+07 7.109212492156242886e-23
1.289890261253307760e+07 5.351715397522364250e-23
1.431458937523478456e+07 4.023152539082539712e-23
1.588565129428052530e+07 3.020061074547924692e-23
1.762914118095947802e+07 2.263622084348220254e-23
1.956398343517064676e+07 1.693816529500220143e-23
2.171117945694505423e+07 1.265234373837508376e-23
2.409403560239527002e+07 9.433176828326263096e-24
2.673841615839949250e+07 7.018717277270175367e-24
2.967302408188872784e+07 5.210707257821386091e-24
3.292971255097155273e+07 3.859219451606079899e-24
3.654383070957254618e+07 2.850910664330813320e-24
4.055460735840827972e+07 2.100160754475178069e-24
4.500557675700496882e+07 1.542232880763651540e-24
4.994505115855139494e+07 1.128649811721899994e-24
5.542664520663107187e+07 8.230088055020052383e-25
6.150985788580504060e+07 5.975619851692973191e-25
6.826071834272393584e+07 4.319024913758242492e-25
7.575250258771920204e+07 3.105345618933559603e-25
8.406652885618332028e+07 2.219759985080844669e-25
9.329304026284696162e+07 1.576276644272515698e-25
1.035321843295663744e+08 1.111003852161579468e-25
1.148951000187308788e+08 7.762947918154777286e-26
1.275051240713012964e+08 5.369010427225596483e-26
1.414991297434575856e+08 3.670384465082914718e-26
1.570290124729377627e+08 2.473949145772490169e-26
1.742633386009651124e+08 1.639699826460486719e-26
1.933891750455232263e+08 1.064173395558379590e-26
2.146141197858406007e+08 6.730331445278573080e-27
2.381685551976160705e+08 4.113680659845488713e-27
2.643081486974108517e+08 2.403367309386003312e-27
2.933166278390048146e+08 1.317450598315472409e-27
3.255088599835056663e+08 6.557951788804063938e-28
3.612342699709430337e+08 2.775271382343264455e-28
4.008806328898465633e+08 8.398444087874443738e-29
4.448782831127585173e+08 5.947440294956885281e-30
