1.000000000000000000e+02 1.359303437296448743e-11
1.109752496412072134e+02 1.170932075942426709e-11
1.231550603292826196e+02 1.008422366795074917e-11
1.366716356462005990e+02 8.682100396107562850e-12
1.516716888470922413e+02 7.472993607627230991e-12
1.683180353330956791e+02 6.430253165877403682e-12
1.867913599020782840e+02 5.531249196977473788e-12
2.072921779595371845e+02 4.756136065167660824e-12
2.300430119772916839e+02 4.088505203577378000e-12
2.552908068239516410e+02 3.513145531160880049e-12
2.833096101839323637e+02 3.017850854607631682e-12
3.144035471591500368e+02 2.591446523269303336e-12
3.489101213406774491e+02 2.224659931427771630e-12
3.872038781812557318e+02 1.908864871167887493e-12
4.297004704320843871e+02 1.637283868786971579e-12
4.768611697714468960e+02 1.403823853132377854e-12
5.291978735958442712e+02 1.203063598185589003e-12
5.872786613189482523e+02 1.030616316496055010e-12
6.517339604882420190e+02 8.825549024313143565e-13
7.232633896483533817e+02 7.553305359544512753e-13
8.026433522257173081e+02 6.462874077830603005e-13
8.907354638610439679e+02 5.526086322535392375e-13
9.884959046625587007e+02 4.723307714545075108e-13
1.096985797892383971e+03 4.035156499162122124e-13
1.217382727739662187e+03 3.445546029105397569e-13
1.350993521198027793e+03 2.940343627877730294e-13
1.499268432786045423e+03 2.508053764616503310e-13
1.663816886076128640e+03 2.138233661825389339e-13
1.846424942895544291e+03 1.821932977402591571e-13
2.049074689815845886e+03 1.551472728777644051e-13
2.273965752357927613e+03 1.320489654559687028e-13
2.523539170434765765e+03 1.123223343328951407e-13
2.800503894183631019e+03 9.547686381193235148e-14
3.107866187782013640e+03 8.110794644635586330e-14
3.448962260405759935e+03 6.886722964772881849e-14
3.827494478516314757e+03 5.843036630913823767e-14
4.247571552536898707e+03 4.954446081076222215e-14
4.713753134116724141e+03 4.198456795312721596e-14
5.231099308056262998e+03 3.554727215944066240e-14
5.805225516094896193e+03 3.007843014942400839e-14
6.442363508721369726e+03 2.543687554555562954e-14
7.149428986597576113e+03 2.148998599962270468e-14
7.934096665797491369e+03 1.814850966637400598e-14
8.804883581643463913e+03 1.531056621753116406e-14
9.771241535346502133e+03 1.290753447360551648e-14
1.084365968689610963e+04 1.087268360105238141e-14
1.203377840777589154e+04 9.151673038179920508e-15
1.335451562929898682e+04 7.696546516783010867e-15
1.482020705798858762e+04 6.466744739580641321e-15
1.644676177994664249e+04 5.427756707589194006e-15
1.825183494319044257e+04 4.552586730367175983e-15
2.025501939230666540e+04 3.814277200479796087e-15
2.247805833548725059e+04 3.192018897206120076e-15
2.494508135230316839e+04 2.669189288243270682e-15
2.768286630392066581e+04 2.229302658866595881e-15
3.072112998861759115e+04 1.859167587790085686e-15
3.409285069746814406e+04 1.549560082691464888e-15
3.783462617131928710e+04 1.288854887516506457e-15
4.198707084443910571e+04 1.071237013325104108e-15
4.659525668664683326e+04 8.887806065265222800e-16
5.170920242896761192e+04 7.363018057452733068e-16
5.738441648302398244e+04 6.090977202718328827e-16
6.368249944718585903e+04 5.029506338918829470e-16
7.067181273927491566e+04 4.146051307848442577e-16
7.842822061337680498e+04 3.411086985349147300e-16
8.703591361485165544e+04 2.800998061211905425e-16
9.658832241158708348e+04 2.294783740768929944e-16
1.071891319205127511e+05 1.878096794492617361e-16
1.189534067370319535e+05 1.531068856326069913e-16
1.320088400831418112e+05 1.246119821311858385e-16
1.464971398307286145e+05 1.010553113437219663e-16
1.625755666443794908e+05 8.188670146096798105e-17
1.804186409392071655e+05 6.606761749902578563e-17
2.002200371815584658e+05 5.328739356214241433e-17
2.221946860939523904e+05 4.273341253117860741e-17
2.465811075822604180e+05 3.424515505778859629e-17
2.736439997074671555e+05 2.734739192871180541e-17
3.036771118035460822e+05 2.178953368604627563e-17
3.370064329271928291e+05 1.731957335522682737e-17
3.739937302478798083e+05 1.372799704350587112e-17
4.150404757850476308e+05 1.085824048605945269e-17
4.605922041145108524e+05 8.562974145637710155e-18
5.111433483440171112e+05 6.739709569334238769e-18
5.672426068491977639e+05 5.289166290542993398e-18
6.294988990221888525e+05 4.137632521806927051e-18
6.985879746785250027e+05 3.225129233229102823e-18
7.752597488629464060e+05 2.501501458744555069e-18
8.603464416684507160e+05 1.930587403945530057e-18
9.547716114208066138e+05 1.480663067078704667e-18
1.059560179277617019e+06 1.127722967710782148e-18
1.175849554052158026e+06 8.513436584764855311e-19
1.304901978014401859e+06 6.365523532654472343e-19
1.448118227674532915e+06 4.709829522599570143e-19
1.607052818261638284e+06 3.444729015750253498e-19
1.783430876931909472e+06 2.488948240666046624e-19
1.979166867853557458e+06 1.772730763796278520e-19
2.196385372416546568e+06 1.257100027336832967e-19
2.437444150122222025e+06 8.818542655526134547e-20
2.704959730463137385e+06 6.165255157040176969e-20
3.001835813575591892e+06 4.311682790472066561e-20
3.331294787934676744e+06 3.033373019916686729e-20
3.696912707195031922e+06 2.150659291945006458e-20
4.102658105827190448e+06 1.535824020370239455e-20
4.552935074866947718e+06 1.098658535098343664e-20
5.052631065335679799e+06 7.831581917076301905e-21
5.607169938205458224e+06 5.554199115591774723e-21
6.222570836730230600e+06 3.935369783778397468e-21
6.905513520162330940e+06 2.793670094833822695e-21
7.663410868007462472e+06 1.981035785997245015e-21
8.504489341802684590e+06 1.396562019336481702e-21
9.437878277775391936e+06 9.679067950220683120e-22
1.047370897959450819e+07 6.578194123491738539e-22
1.162322468679854274e+07 4.386157384164652241e-22
1.289890261253307760e+07 2.857268961210926790e-22
1.431458937523478456e+07 1.830468395285540387e-22
1.588565129428052530e+07 1.163696167661938025e-22
1.762914118095947802e+07 7.468873053169889875e-23
1.956398343517064676e+07 4.870123847979942712e-23
2.171117945694505423e+07 3.245853874772661948e-23
2.409403560239527002e+07 2.203034909010093741e-23
2.673841615839949250e+07 1.512820037235261375e-23
2.967302408188872784e+07 1.042615345210876211e-23
3.292971255097155273e+07 7.175762845205823834e-24
3.654383070957254618e+07 4.917767656741746531e-24
4.055460735840827972e+07 3.348968926791439150e-24
4.500557675700496882e+07 2.259774562978227283e-24
4.994505115855139494e+07 1.506050125543623193e-24
5.542664520663107187e+07 9.874047356332547583e-25
6.150985788580504060e+07 6.347034674157884006e-25
6.826071834272393584e+07 3.975244746375874478e-25
7.575250258771920204e+07 2.411779014159653726e-25
8.406652885618332028e+07 1.407156118752143257e-25
9.329304026284696162e+07 7.825971835022609644e-26
1.035321843295663744e+08 4.096013702651386221e-26
1.148951000187308788e+08 1.974644630382364349e-26
1.275051240713012964e+08 8.433413837852082142e-27
1.414991297434575856e+08 2.861052606153408205e-27
1.570290124729377627e+08 4.633257515921959477e-28
1.742633386009651124e+08 4.867248913226512008e-31
1.933891750455232263e+08 3.753456647774740870e-38
2.146141197858406007e+08 4.864718020229069880e-57
2.381685551976160705e+08 1.893076694864191320e-72
2.643081486974108517e+08 1.883820855031105290e-86
2.933166278390048146e+08 4.438170435825685845e-100
3.255088599835056663e+08 5.561314031456331353e-114
3.612342699709430337e+08 1.138431947524094197e-128
4.008806328898465633e+08 1.360313146594025344e-144
