1.000000000000000000e+02 1.344701882031650329e-11
1.109752496412072134e+02 1.166906047471018127e-11
1.231550603292826196e+02 1.012249757310898550e-11
1.366716356462005990e+02 8.772771658104355095e-12
1.516716888470922413e+02 7.599510229160051977e-12
1.683180353330956791e+02 6.578431107841302742e-12
1.867913599020782840e+02 5.690972387430691815e-12
2.072921779595371845e+02 4.919457222231698853e-12
2.300430119772916839e+02 4.249991847559019907e-12
2.552908068239516410e+02 3.669045372727543570e-12
2.833096101839323637e+02 3.165602151518152882e-12
3.144035471591500368e+02 2.729519243000074374e-12
3.489101213406774491e+02 2.351765568857993772e-12
3.872038781812557318e+02 2.025069481286493162e-12
4.297004704320843871e+02 1.742522327329105396e-12
4.768611697714468960e+02 1.498580672685226385e-12
5.291978735958442712e+02 1.287894984503581175e-12
5.872786613189482523e+02 1.106214881648588751e-12
6.517339604882420190e+02 9.496297102183980756e-13
7.232633896483533817e+02 8.145483053449536708e-13
8.026433522257173081e+02 6.984109278526690398e-13
8.907354638610439679e+02 5.984046752370576523e-13
9.884959046625587007e+02 5.124243076330570040e-13
1.096985797892383971e+03 4.385431621412781886e-13
1.217382727739662187e+03 3.750204614330300735e-13
1.350993521198027793e+03 3.205434691695396033e-13
1.499268432786045423e+03 2.737997651807619761e-13
1.663816886076128640e+03 2.337275251245841739e-13
1.846424942895544291e+03 1.993881738226368657e-13
2.049074689815845886e+03 1.699609733061879013e-13
2.273965752357927613e+03 1.447869353997941360e-13
2.523539170434765765e+03 1.232687549065197223e-13
2.800503894183631019e+03 1.048724384699308675e-13
3.107866187782013640e+03 8.915080308624119420e-14
3.448962260405759935e+03 7.573893551448060221e-14
3.827494478516314757e+03 6.430605937762704846e-14
4.247571552536898707e+03 5.455153340109316572e-14
4.713753134116724141e+03 4.625083911596535407e-14
5.231099308056262998e+03 3.919117876345059492e-14
5.805225516094896193e+03 3.318568914415518127e-14
6.442363508721369726e+03 2.808066816116097441e-14
7.149428986597576113e+03 2.374637017629264416e-14
7.934096665797491369e+03 2.007279106328801872e-14
8.804883581643463913e+03 1.695754632067359362e-14
9.771241535346502133e+03 1.431605286157596093e-14
1.084365968689610963e+04 1.208018489053042584e-14
1.203377840777589154e+04 1.018976749004187231e-14
1.335451562929898682e+04 8.589591332482257107e-15
1.482020705798858762e+04 7.236657419386826313e-15
1.644676177994664249e+04 6.093866564422077725e-15
1.825183494319044257e+04 5.128961733476424129e-15
2.025501939230666540e+04 4.314233550270459430e-15
2.247805833548725059e+04 3.627130196755666937e-15
2.494508135230316839e+04 3.047225950314462002e-15
2.768286630392066581e+04 2.558386589514554294e-15
3.072112998861759115e+04 2.146768385852133732e-15
3.409285069746814406e+04 1.800026073584893287e-15
3.783462617131928710e+04 1.508136272028299802e-15
4.198707084443910571e+04 1.262576050575853886e-15
4.659525668664683326e+04 1.056201217517938956e-15
5.170920242896761192e+04 8.828975885922664232e-16
5.738441648302398244e+04 7.372490279193444318e-16
6.368249944718585903e+04 6.151300769825395741e-16
7.067181273927491566e+04 5.128606002666078746e-16
7.842822061337680498e+04 4.271518239999669624e-16
8.703591361485165544e+04 3.554410025506702420e-16
9.658832241158708348e+04 2.954433260138176750e-16
1.071891319205127511e+05 2.453635546894308931e-16
1.189534067370319535e+05 2.035922679254357005e-16
1.320088400831418112e+05 1.687517419321629938e-16
1.464971398307286145e+05 1.397474192587483039e-16
1.625755666443794908e+05 1.156259977106188588e-16
1.804186409392071655e+05 9.559523421272395123e-17
2.002200371815584658e+05 7.896749890768870824e-17
2.221946860939523904e+05 6.518611554467388282e-17
2.465811075822604180e+05 5.377639179558439105e-17
2.736439997074671555e+05 4.433300013738141446e-17
3.036771118035460822e+05 3.652221047997767480e-17
3.370064329271928291e+05 3.006797767712112866e-17
3.739937302478798083e+05 2.473659408327882667e-17
4.150404757850476308e+05 2.033689235921746986e-17
4.605922041145108524e+05 1.670568026417448812e-17
5.111433483440171112e+05 1.371418689335100146e-17
5.672426068491977639e+05 1.124915574455367026e-17
6.294988990221888525e+05 9.220992558570374101e-18
6.985879746785250027e+05 7.551391390651259880e-18
7.752597488629464060e+05 6.179937847045380643e-18
8.603464416684507160e+05 5.053087434928012205e-18
9.547716114208066138e+05 4.127861572803028972e-18
1.059560179277617019e+06 3.369298857688250436e-18
1.175849554052158026e+06 2.747741737171366446e-18
1.304901978014401859e+06 2.238826203677374159e-18
1.448118227674532915e+06 1.822196624227322039e-18
1.607052818261638284e+06 1.481842476023978270e-18
1.783430876931909472e+06 1.203817591644930771e-18
1.979166867853557458e+06 9.769128976768741198e-19
2.196385372416546568e+06 7.918954327330968147e-19
2.437444150122222025e+06 6.412337576675508082e-19
2.704959730463137385e+06 5.186389757361372243e-19
3.001835813575591892e+06 4.189951590761611675e-19
3.331294787934676744e+06 3.381383129014586839e-19
3.696912707195031922e+06 2.724386417772956111e-19
4.102658105827190448e+06 2.192511647244845702e-19
4.552935074866947718e+06 1.762195968934375335e-19
5.052631065335679799e+06 1.414170645480507784e-19
5.607169938205458224e+06 1.133253386071610860e-19
6.222570836730230600e+06 9.068377716283939076e-20
6.905513520162330940e+06 7.244036504372997925e-20
7.663410868007462472e+06 5.776728685426113043e-20
8.504489341802684590e+06 4.599068781630540600e-20
9.437878277775391936e+06 3.654680223014536406e-20
1.047370897959450819e+07 2.898393968899456837e-20
1.162322468679854274e+07 2.294146750437528214e-20
1.289890261253307760e+07 1.812072676087020416e-20
1.431458937523478456e+07 1.428069301287546940e-20
1.588565129428052530e+07 1.122856536637197655e-20
1.762914118095947802e+07 8.806241888415104409e-21
1.956398343517064676e+07 6.888524376510237340e-21
2.171117945694505423e+07 5.373642172737137517e-21
2.409403560239527002e+07 4.179657536616472222e-21
2.673841615839949250e+07 3.240871744847822608e-21
2.967302408188872784e+07 2.504515294823836216e-21
3.292971255097155273e+07 1.928431259785215549e-21
3.654383070957254618e+07 1.479457293939213368e-21
4.055460735840827972e+07 1.130214218364031800e-21
4.500557675700496882e+07 8.596096771159250749e-22
4.994505115855139494e+07 6.504688750276685266e-22
5.542664520663107187e+07 4.897296381921540169e-22
6.150985788580504060e+07 3.664532920041026291e-22
6.826071834272393584e+07 2.724419925923409442e-22
7.575250258771920204e+07 2.011112847912955983e-22
8.406652885618332028e+07 1.471384710877004144e-22
9.329304026284696162e+07 1.067642682667952498e-22
1.035321843295663744e+08 7.659118264743373137e-23
1.148951000187308788e+08 5.418949883765731841e-23
1.275051240713012964e+08 3.781790818857607138e-23
1.414991297434575856e+08 2.591694642174323598e-23
1.570290124729377627e+08 1.738022092356221318e-23
1.742633386009651124e+08 1.133900397507178524e-23
1.933891750455232263e+08 7.140539301006982559e-24
2.146141197858406007e+08 4.292528899999856385e-24
2.381685551976160705e+08 2.429316571873328220e-24
2.643081486974108517e+08 1.265515731023144833e-24
2.933166278390048146e+08 5.852084205019770262e-25
3.255088599835056663e+08 2.232914687415170663e-25
3.612342699709430337e+08 5.847524218275725314e-26
4.008806328898465633e+08 8.186944935009224150e-28
4.448782831127585173e+08 5.149995316485744395e-33
4.937047852839003801e+08 1.741289882450947196e-43
5.478901179593944550e+08 4.282131159241703818e-60
6.080224261649426222e+08 5.860924412086952970e-86
6.747544053110699654e+08 3.052382870498245526e-126
