1.000000000000000000e+02 2.781085639805790215e-13
1.109752496412072134e+02 2.397219133113327688e-13
1.231550603292826196e+02 2.064563266935429338e-13
1.366716356462005990e+02 1.776783730693221076e-13
1.516716888470922413e+02 1.527655247814926287e-13
1.683180353330956791e+02 1.312616544312212144e-13
1.867913599020782840e+02 1.126661369390988866e-13
2.072921779595371845e+02 9.664562351980851757e-14
2.300430119772916839e+02 8.282990563205597837e-14
2.552908068239516410e+02 7.093315965118534037e-14
2.833096101839323637e+02 6.070553532290187533e-14
3.144035471591500368e+02 5.192003845955804596e-14
3.489101213406774491e+02 4.436729155200847899e-14
3.872038781812557318e+02 3.788802935008149859e-14
4.297004704320843871e+02 3.233798783253437216e-14
4.768611697714468960e+02 2.758109932812715287e-14
5.291978735958442712e+02 2.351211330521387869e-14
5.872786613189482523e+02 2.002964098465628228e-14
6.517339604882420190e+02 1.705360717373799803e-14
7.232633896483533817e+02 1.451204071637147147e-14
8.026433522257173081e+02 1.234193935740440510e-14
8.907354638610439679e+02 1.049037554618430494e-14
9.884959046625587007e+02 8.911327629280217300e-15
1.096985797892383971e+03 7.565487408899936100e-15
1.217382727739662187e+03 6.419176947343309022e-15
1.350993521198027793e+03 5.443713376023324214e-15
1.499268432786045423e+03 4.613486924662210265e-15
1.663816886076128640e+03 3.907240024919503803e-15
1.846424942895544291e+03 3.307199787539400661e-15
2.049074689815845886e+03 2.797661645992126976e-15
2.273965752357927613e+03 2.364919294299418061e-15
2.523539170434765765e+03 1.998221781513543668e-15
2.800503894183631019e+03 1.687201825616854469e-15
3.107866187782013640e+03 1.424034039455202059e-15
3.448962260405759935e+03 1.200975047903556732e-15
3.827494478516314757e+03 1.012515622594099009e-15
4.247571552536898707e+03 8.530701014947971044e-16
4.713753134116724141e+03 7.184202128766868093e-16
5.231099308056262998e+03 6.048143917908547303e-16
5.805225516094896193e+03 5.088306014183833632e-16
6.442363508721369726e+03 4.279566282594849794e-16
7.149428986597576113e+03 3.597659913064949231e-16
7.934096665797491369e+03 3.023560532691157831e-16
8.804883581643463913e+03 2.539313626004345338e-16
9.771241535346502133e+03 2.132237289444254797e-16
1.084365968689610963e+04 1.789285432800726217e-16
1.203377840777589154e+04 1.500860769400761245e-16
1.335451562929898682e+04 1.258306910051509505e-16
1.482020705798858762e+04 1.054326252721983931e-16
1.644676177994664249e+04 8.830555857068227502e-17
1.825183494319044257e+04 7.391055189688416132e-17
2.025501939230666540e+04 6.182371909464337775e-17
2.247805833548725059e+04 5.168442924278007744e-17
2.494508135230316839e+04 4.317406696261328519e-17
2.768286630392066581e+04 3.604478285612842483e-17
3.072112998861759115e+04 3.006822416102478919e-17
3.409285069746814406e+04 2.506244476563786641e-17
3.783462617131928710e+04 2.087506056235800239e-17
4.198707084443910571e+04 1.737247318314285207e-17
4.659525668664683326e+04 1.444395085108950217e-17
5.170920242896761192e+04 1.199865757626641663e-17
5.738441648302398244e+04 9.958885953888165892e-18
6.368249944718585903e+04 8.257588726800613411e-18
7.067181273927491566e+04 6.839696002566264983e-18
7.842822061337680498e+04 5.659754550551284927e-18
8.703591361485165544e+04 4.678509471603810961e-18
9.658832241158708348e+04 3.863359653637135036e-18
1.071891319205127511e+05 3.187285969762882422e-18
1.189534067370319535e+05 2.626704432157577131e-18
1.320088400831418112e+05 2.162410317699288067e-18
1.464971398307286145e+05 1.778491081671596488e-18
1.625755666443794908e+05 1.461373382922614503e-18
1.804186409392071655e+05 1.199801937429579219e-18
2.002200371815584658e+05 9.840351008737337569e-19
2.221946860939523904e+05 8.064564362670998532e-19
2.465811075822604180e+05 6.602716387894996556e-19
2.736439997074671555e+05 5.400714285857990669e-19
3.036771118035460822e+05 4.413869643663213981e-19
3.370064329271928291e+05 3.603444261154770911e-19
3.739937302478798083e+05 2.938728164146160417e-19
4.150404757850476308e+05 2.394342159904568511e-19
4.605922041145108524e+05 1.948714543699097206e-19
5.111433483440171112e+05 1.584354647616514584e-19
5.672426068491977639e+05 1.286749143517894756e-19
6.294988990221888525e+05 1.043772452693221552e-19
6.985879746785250027e+05 8.458479533482960952e-20
7.752597488629464060e+05 6.846425423415345396e-20
8.603464416684507160e+05 5.534572242963390789e-20
9.547716114208066138e+05 4.469021841389583598e-20
1.059560179277617019e+06 3.603986288415626964e-20
1.175849554052158026e+06 2.902929763223363612e-20
1.304901978014401859e+06 2.334939996488443305e-20
1.448118227674532915e+06 1.876012674657059020e-20
1.607052818261638284e+06 1.505022093305349523e-20
1.783430876931909472e+06 1.205831409039726843e-20
1.979166867853557458e+06 9.648258769081455094e-21
2.196385372416546568e+06 7.708473806575809106e-21
2.437444150122222025e+06 6.149901551924230768e-21
2.704959730463137385e+06 4.899512868055426097e-21
3.001835813575591892e+06 3.897386810643469956e-21
3.331294787934676744e+06 3.095556028185075532e-21
3.696912707195031922e+06 2.455041644729002149e-21
4.102658105827190448e+06 1.943688616213209122e-21
4.552935074866947718e+06 1.536645249323702743e-21
5.052631065335679799e+06 1.212686271342169781e-21
5.607169938205458224e+06 9.555845410357079305e-22
6.222570836730230600e+06 7.516431631243246389e-22
6.905513520162330940e+06 5.902504966413252650e-22
7.663410868007462472e+06 4.627092400102153265e-22
8.504489341802684590e+06 3.621128216298888860e-22
9.437878277775391936e+06 2.828385505919219446e-22
1.047370897959450819e+07 2.205327051943019032e-22
1.162322468679854274e+07 1.716644627155456932e-22
1.289890261253307760e+07 1.333156641858635398e-22
1.431458937523478456e+07 1.033897788640763710e-22
1.588565129428052530e+07 8.000945280800133342e-23
1.762914118095947802e+07 6.179281246996274333e-23
1.956398343517064676e+07 4.763577329133150008e-23
2.171117945694505423e+07 3.665068743800793435e-23
2.409403560239527002e+07 2.813840762313181436e-23
2.673841615839949250e+07 2.156110720345384886e-23
2.967302408188872784e+07 1.648489320938089921e-23
3.292971255097155273e+07 1.257854604091505035e-23
3.654383070957254618e+07 9.576499855933827430e-24
4.055460735840827972e+07 7.276259241151476520e-24
4.500557675700496882e+07 5.516261079311761919e-24
4.994505115855139494e+07 4.172897134704049797e-24
5.542664520663107187e+07 3.149476704210269416e-24
6.150985788580504060e+07 2.371718194320583719e-24
6.826071834272393584e+07 1.781614860018482337e-24
7.575250258771920204e+07 1.335363535067663983e-24
8.406652885618332028e+07 9.983256213281309845e-25
9.329304026284696162e+07 7.445443322986367456e-25
1.035321843295663744e+08 5.538154254900379499e-25
1.148951000187308788e+08 4.107890755726100587e-25
1.275051240713012964e+08 3.038478804765869698e-25
1.414991297434575856e+08 2.240841882471563395e-25
1.570290124729377627e+08 1.646959712346759727e-25
1.742633386009651124e+08 1.206469409780791598e-25
1.933891750455232263e+08 8.804689912851954867e-26
2.146141197858406007e+08 6.400767647056626496e-26
2.381685551976160705e+08 4.633064408985916436e-26
2.643081486974108517e+08 3.337334982542412170e-26
2.933166278390048146e+08 2.391758634155826989e-26
3.255088599835056663e+08 1.704077825806368180e-26
3.612342699709430337e+08 1.206349063341702025e-26
4.008806328898465633e+08 8.476811313390784375e-27
4.448782831127585173e+08 5.906463807160788386e-27
4.937047852839003801e+08 4.076009829526712431e-27
5.478901179593944550e+08 2.780217863687513895e-27
6.080224261649426222e+08 1.870576639530517842e-27
6.747544053110699654e+08 1.237358956689324383e-27
7.488103857590031624e+08 8.012332296625872200e-28
8.309941949353404045e+08 5.047991500499233626e-28
9.221978823334341049e+08 3.064140359847242097e-28
1.023411402105452657e+09 1.763781630199891029e-28
1.135733358343105316e+09 9.354526851019889922e-29
1.260382929679727316e+09 4.302649714665867485e-29
1.398713102647238731e+09 1.453971534549050669e-29
1.552225357427047968e+09 1.714114459891181915e-30
