1.000000000000000000e+02 1.955873324314267400e-12
1.109752496412072134e+02 1.685567755548103902e-12
1.231550603292826196e+02 1.451119950587629786e-12
1.366716356462005990e+02 1.247648612011726196e-12
1.516716888470922413e+02 1.071479005316953624e-12
1.683180353330956791e+02 9.191247072802761882e-13
1.867913599020782840e+02 7.873125393454541388e-13
2.072921779595371845e+02 6.736868353049430819e-13
2.300430119772916839e+02 5.756877712734594253e-13
2.552908068239516410e+02 4.913815988351901382e-13
2.833096101839323637e+02 4.189118400959999052e-13
3.144035471591500368e+02 3.566842036935627291e-13
3.489101213406774491e+02 3.033447436601282299e-13
3.872038781812557318e+02 2.576931899937371051e-13
4.297004704320843871e+02 2.186928827303433787e-13
4.768611697714468960e+02 1.853505271324141022e-13
5.291978735958442712e+02 1.569186949147205422e-13
5.872786613189482523e+02 1.327297207490271462e-13
6.517339604882420190e+02 1.121785244674380989e-13
7.232633896483533817e+02 9.469112741082899394e-14
8.026433522257173081e+02 7.986698728493197518e-14
8.907354638610439679e+02 6.731141585558056127e-14
9.884959046625587007e+02 5.667715545174090616e-14
1.096985797892383971e+03 4.769012999383340344e-14
1.217382727739662187e+03 4.008997371805227189e-14
1.350993521198027793e+03 3.367575860631618978e-14
1.499268432786045423e+03 2.826267512725017964e-14
1.663816886076128640e+03 2.370264453003843459e-14
1.846424942895544291e+03 1.985934020551430707e-14
2.049074689815845886e+03 1.662741508895330543e-14
2.273965752357927613e+03 1.390695383066615852e-14
2.523539170434765765e+03 1.162030803507091154e-14
2.800503894183631019e+03 9.703188183833371095e-15
3.107866187782013640e+03 8.094112083405617955e-15
3.448962260405759935e+03 6.747060924307097968e-15
3.827494478516314757e+03 5.618022922268845998e-15
4.247571552536898707e+03 4.674497873321993575e-15
4.713753134116724141e+03 3.886284370769776502e-15
5.231099308056262998e+03 3.228741954436811812e-15
5.805225516094896193e+03 2.680129810727454456e-15
6.442363508721369726e+03 2.224208079852028486e-15
7.149428986597576113e+03 1.843859957203712873e-15
7.934096665797491369e+03 1.528360309150725753e-15
8.804883581643463913e+03 1.266029627680863178e-15
9.771241535346502133e+03 1.048374541260274405e-15
1.084365968689610963e+04 8.677131406228966793e-16
1.203377840777589154e+04 7.180679022532098296e-16
1.335451562929898682e+04 5.939276912366445758e-16
1.482020705798858762e+04 4.910448570963908558e-16
1.644676177994664249e+04 4.059601901880489180e-16
1.825183494319044257e+04 3.353978347233721504e-16
2.025501939230666540e+04 2.770205674929074594e-16
2.247805833548725059e+04 2.287095879293410957e-16
2.494508135230316839e+04 1.887179644214549434e-16
2.768286630392066581e+04 1.556552522060977321e-16
3.072112998861759115e+04 1.282971063443032307e-16
3.409285069746814406e+04 1.056937554577967398e-16
3.783462617131928710e+04 8.701783124623696384e-17
4.198707084443910571e+04 7.158154024121723716e-17
4.659525668664683326e+04 5.884361735268436758e-17
5.170920242896761192e+04 4.833509550493461395e-17
5.738441648302398244e+04 3.966734647082269254e-17
6.368249944718585903e+04 3.252523570400560586e-17
7.067181273927491566e+04 2.664390274779625104e-17
7.842822061337680498e+04 2.180349956002085080e-17
8.703591361485165544e+04 1.782262034173982165e-17
9.658832241158708348e+04 1.455357977991066385e-17
1.071891319205127511e+05 1.187037926286011462e-17
1.189534067370319535e+05 9.672551289171675541e-18
1.320088400831418112e+05 7.871195451455536790e-18
1.464971398307286145e+05 6.398505891699392174e-18
1.625755666443794908e+05 5.195767152304572678e-18
1.804186409392071655e+05 4.214869069147968113e-18
2.002200371815584658e+05 3.415483707340463650e-18
2.221946860939523904e+05 2.765679454221693928e-18
2.465811075822604180e+05 2.237738786688645734e-18
2.736439997074671555e+05 1.809272481273222127e-18
3.036771118035460822e+05 1.461946097029023689e-18
3.370064329271928291e+05 1.180502845286570759e-18
3.739937302478798083e+05 9.524878054465013421e-19
4.150404757850476308e+05 7.680396730234360115e-19
4.605922041145108524e+05 6.187894601187930192e-19
5.111433483440171112e+05 4.981675986681416174e-19
5.672426068491977639e+05 4.007761721641335766e-19
6.294988990221888525e+05 3.220999583343895537e-19
6.985879746785250027e+05 2.586436034356143231e-19
7.752597488629464060e+05 2.075151728568406618e-19
8.603464416684507160e+05 1.663276081647238225e-19
9.547716114208066138e+05 1.331814761760756095e-19
1.059560179277617019e+06 1.065449216680264335e-19
1.175849554052158026e+06 8.512953246261307543e-20
1.304901978014401859e+06 6.794997237496677620e-20
1.448118227674532915e+06 5.417446423121199093e-20
1.607052818261638284e+06 4.314283305701992948e-20
1.783430876931909472e+06 3.431578393993880673e-20
1.979166867853557458e+06 2.725964351475789758e-20
2.196385372416546568e+06 2.162946768688834867e-20
2.437444150122222025e+06 1.713672328075030792e-20
2.704959730463137385e+06 1.355764190745495371e-20
3.001835813575591892e+06 1.071172255069676662e-20
3.331294787934676744e+06 8.450978134526227098e-21
3.696912707195031922e+06 6.657897040564557123e-21
4.102658105827190448e+06 5.235929862141840115e-21
4.552935074866947718e+06 4.111254488675639949e-21
5.052631065335679799e+06 3.223082731432516740e-21
5.607169938205458224e+06 2.522647845191142445e-21
6.222570836730230600e+06 1.970613236154310677e-21
6.905513520162330940e+06 1.536743461712338269e-21
7.663410868007462472e+06 1.196292866419395185e-21
8.504489341802684590e+06 9.293537300925534642e-22
9.437878277775391936e+06 7.205500844515887032e-22
1.047370897959450819e+07 5.576343966315628462e-22
1.162322468679854274e+07 4.306367995508130195e-22
1.289890261253307760e+07 3.318469282363615157e-22
1.431458937523478456e+07 2.551609875042387599e-22
1.588565129428052530e+07 1.957627292442472465e-22
1.762914118095947802e+07 1.498756082061626775e-22
1.956398343517064676e+07 1.144533357223207531e-22
2.171117945694505423e+07 8.720625643111447097e-23
2.409403560239527002e+07 6.628207894007356251e-23
2.673841615839949250e+07 5.025357081848954144e-23
2.967302408188872784e+07 3.800428602012290942e-23
3.292971255097155273e+07 2.866669926969895943e-23
3.654383070957254618e+07 2.156445693131060505e-23
4.055460735840827972e+07 1.617792266887949097e-23
4.500557675700496882e+07 1.210402029267814645e-23
4.994505115855139494e+07 9.029266629911733550e-24
5.542664520663107187e+07 6.716588081355745871e-24
6.150985788580504060e+07 4.980580888862693047e-24
6.826071834272393584e+07 3.682095577823157184e-24
7.575250258771920204e+07 2.713425490317573416e-24
8.406652885618332028e+07 1.992659410907437175e-24
9.329304026284696162e+07 1.458622576145656571e-24
1.035321843295663744e+08 1.063825742250116387e-24
1.148951000187308788e+08 7.728637861645226271e-25
1.275051240713012964e+08 5.593476276848180078e-25
1.414991297434575856e+08 4.031694163677390068e-25
1.570290124729377627e+08 2.893796722317319678e-25
1.742633386009651124e+08 2.067258348306638398e-25
1.933891750455232263e+08 1.469771018690622719e-25
2.146141197858406007e+08 1.039327907561026467e-25
2.381685551976160705e+08 7.306050287378495263e-26
2.643081486974108517e+08 5.101681965065509462e-26
2.933166278390048146e+08 3.535335129012700886e-26
3.255088599835056663e+08 2.429168486110461885e-26
3.612342699709430337e+08 1.652579041824966127e-26
4.008806328898465633e+08 1.111071000085785098e-26
4.448782831127585173e+08 7.366309976089604638e-27
4.937047852839003801e+08 4.799529267246003835e-27
5.478901179593944550e+08 3.060939045322206408e-27
6.080224261649426222e+08 1.898101887432711755e-27
6.747544053110699654e+08 1.132450724300057780e-27
7.488103857590031624e+08 6.407614503229747698e-28
8.309941949353404045e+08 3.335598776838841316e-28
9.221978823334341049e+08 1.510278566422051599e-28
1.023411402105452657e+09 5.132244976713258084e-29
1.135733358343105316e+09 7.672278511513988263e-30
1.260382929679727316e+09 1.695101079837956047e-41
