1.000000000000000000e+02 8.215942781061925076e-12
1.109752496412072134e+02 7.196420053569468292e-12
1.231550603292826196e+02 6.300413734370653308e-12
1.366716356462005990e+02 5.514397939758887304e-12
1.516716888470922413e+02 4.824807784446312773e-12
1.683180353330956791e+02 4.220068460131966620e-12
1.867913599020782840e+02 3.689378445425390401e-12
2.072921779595371845e+02 3.224704624231453110e-12
2.300430119772916839e+02 2.817193755125891014e-12
2.552908068239516410e+02 2.460248496164157598e-12
2.833096101839323637e+02 2.147629229669046580e-12
3.144035471591500368e+02 1.874164427278111037e-12
3.489101213406774491e+02 1.634722803329635545e-12
3.872038781812557318e+02 1.425268969933367952e-12
4.297004704320843871e+02 1.242118987407154614e-12
4.768611697714468960e+02 1.081863950970193451e-12
5.291978735958442712e+02 9.418317365565280421e-13
5.872786613189482523e+02 8.194773642402675971e-13
6.517339604882420190e+02 7.126352720115820167e-13
7.232633896483533817e+02 6.193800461398651007e-13
8.026433522257173081e+02 5.378520453508562546e-13
8.907354638610439679e+02 4.668912838310811652e-13
9.884959046625587007e+02 4.049340377106274071e-13
1.096985797892383971e+03 3.508543848083362353e-13
1.217382727739662187e+03 3.038552554976643066e-13
1.350993521198027793e+03 2.628439927058954643e-13
1.499268432786045423e+03 2.271967049342505388e-13
1.663816886076128640e+03 1.961974398773224796e-13
1.846424942895544291e+03 1.692057663617676836e-13
2.049074689815845886e+03 1.458136159796737600e-13
2.273965752357927613e+03 1.255247072679999262e-13
2.523539170434765765e+03 1.078605006617961814e-13
2.800503894183631019e+03 9.262666607270097883e-14
3.107866187782013640e+03 7.941326020000689082e-14
3.448962260405759935e+03 6.798783470551472872e-14
3.827494478516314757e+03 5.814596993857349973e-14
4.247571552536898707e+03 4.961728244321507939e-14
4.713753134116724141e+03 4.227701733718093427e-14
5.231099308056262998e+03 3.598189688989792077e-14
5.805225516094896193e+03 3.055700319513705231e-14
6.442363508721369726e+03 2.589973405345134945e-14
7.149428986597576113e+03 2.193102411329082280e-14
7.934096665797491369e+03 1.851705889737033433e-14
8.804883581643463913e+03 1.562097635751239491e-14
9.771241535346502133e+03 1.314054890862313037e-14
1.084365968689610963e+04 1.103958579099500915e-14
1.203377840777589154e+04 9.258234354380349534e-15
1.335451562929898682e+04 7.746438608697823322e-15
1.482020705798858762e+04 6.476529582221713562e-15
1.644676177994664249e+04 5.398410075558387382e-15
1.825183494319044257e+04 4.498229553540633169e-15
2.025501939230666540e+04 3.738968570081172557e-15
2.247805833548725059e+04 3.105132176269029527e-15
2.494508135230316839e+04 2.575736890722903149e-15
2.768286630392066581e+04 2.133002074974461191e-15
3.072112998861759115e+04 1.765495563760140810e-15
3.409285069746814406e+04 1.459002956578521817e-15
3.783462617131928710e+04 1.205312385706743069e-15
4.198707084443910571e+04 9.945021962422412445e-16
4.659525668664683326e+04 8.198781487400418742e-16
5.170920242896761192e+04 6.750045326643246526e-16
5.738441648302398244e+04 5.552873307300730026e-16
6.368249944718585903e+04 4.561255625267452332e-16
7.067181273927491566e+04 3.740194815987715346e-16
7.842822061337680498e+04 3.061908443768339512e-16
8.703591361485165544e+04 2.500636489955337934e-16
9.658832241158708348e+04 2.037347373392937437e-16
1.071891319205127511e+05 1.655197982390783464e-16
1.189534067370319535e+05 1.339674545161898076e-16
1.320088400831418112e+05 1.081591950468493899e-16
1.464971398307286145e+05 8.694277040561628618e-17
1.625755666443794908e+05 6.959912864463196821e-17
1.804186409392071655e+05 5.544843161192854409e-17
2.002200371815584658e+05 4.401842188831180496e-17
2.221946860939523904e+05 3.474238753082675522e-17
2.465811075822604180e+05 2.730520118222978075e-17
2.736439997074671555e+05 2.134912772016539749e-17
3.036771118035460822e+05 1.661034804766257818e-17
3.370064329271928291e+05 1.285433673890787266e-17
3.739937302478798083e+05 9.906754794267460165e-18
4.150404757850476308e+05 7.584575782043585021e-18
4.605922041145108524e+05 5.782657957036665787e-18
5.111433483440171112e+05 4.374005969693484879e-18
5.672426068491977639e+05 3.293516830289074393e-18
6.294988990221888525e+05 2.458152993011649155e-18
6.985879746785250027e+05 1.818600073369326688e-18
7.752597488629464060e+05 1.328307131410511823e-18
8.603464416684507160e+05 9.560889909654721040e-19
9.547716114208066138e+05 6.785264564402133813e-19
1.059560179277617019e+06 4.708149636270069845e-19
1.175849554052158026e+06 3.169478778640241833e-19
1.304901978014401859e+06 2.066864406131784638e-19
1.448118227674532915e+06 1.298036446078229123e-19
1.607052818261638284e+06 7.800859724372894945e-20
1.783430876931909472e+06 4.462166633626928525e-20
1.979166867853557458e+06 2.418963469451248186e-20
2.196385372416546568e+06 1.244302827774191108e-20
2.437444150122222025e+06 6.169029413681456425e-21
2.704959730463137385e+06 3.032145181973477483e-21
3.001835813575591892e+06 1.521896286266935868e-21
3.331294787934676744e+06 7.887501172381597434e-22
3.696912707195031922e+06 4.172043899491180515e-22
4.102658105827190448e+06 2.118037283719442571e-22
4.552935074866947718e+06 9.879251067927863477e-23
5.052631065335679799e+06 3.943418098642376888e-23
5.607169938205458224e+06 1.352534702082923009e-23
6.222570836730230600e+06 4.481719648183023224e-24
6.905513520162330940e+06 1.800806734871626620e-24
7.663410868007462472e+06 9.980805843967547460e-25
8.504489341802684590e+06 6.690990889527067261e-25
9.437878277775391936e+06 4.759332823799589624e-25
1.047370897959450819e+07 3.427676552591967596e-25
1.162322468679854274e+07 2.469735825474013202e-25
1.289890261253307760e+07 1.775747669792746605e-25
1.431458937523478456e+07 1.274021872131495187e-25
1.588565129428052530e+07 9.110782233544849603e-26
1.762914118095947802e+07 6.490717600575563683e-26
1.956398343517064676e+07 4.600977584759567962e-26
2.171117945694505423e+07 3.242782043891341537e-26
2.409403560239527002e+07 2.269578213491403296e-26
2.673841615839949250e+07 1.575334816487825085e-26
2.967302408188872784e+07 1.082986134581571326e-26
3.292971255097155273e+07 7.359203726524301603e-27
3.654383070957254618e+07 4.933589018133285588e-27
4.055460735840827972e+07 3.253654960725706211e-27
4.500557675700496882e+07 2.104921770813644530e-27
4.994505115855139494e+07 1.329550465857792711e-27
5.542664520663107187e+07 8.167694102891680082e-28
6.150985788580504060e+07 4.847021076552900152e-28
6.826071834272393584e+07 2.757527010081786701e-28
7.575250258771920204e+07 1.488788063580072460e-28
8.406652885618332028e+07 7.507804166869204833e-29
9.329304026284696162e+07 3.417150035093273752e-29
1.035321843295663744e+08 1.270585933635077902e-29
1.148951000187308788e+08 2.688722446369036287e-30
1.275051240713012964e+08 4.029637495384009613e-32
