1.000000000000000000e+02 7.559158582308386946e-11
1.109752496412072134e+02 6.226962239737643872e-11
1.231550603292826196e+02 5.098393445582935764e-11
1.366716356462005990e+02 4.185337546863253221e-11
1.516716888470922413e+02 3.415359675701565798e-11
1.683180353330956791e+02 2.792195366682294795e-11
1.867913599020782840e+02 2.278643471305406012e-11
2.072921779595371845e+02 1.861201029467781467e-11
2.300430119772916839e+02 1.522937546133461529e-11
2.552908068239516410e+02 1.247692398293670668e-11
2.833096101839323637e+02 1.024482975961123887e-11
3.144035471591500368e+02 8.438106910378071010e-12
3.489101213406774491e+02 6.970776676635435035e-12
3.872038781812557318e+02 5.772816537089063350e-12
4.297004704320843871e+02 4.797806846146699811e-12
4.768611697714468960e+02 3.987508077406923461e-12
5.291978735958442712e+02 3.320178556015625027e-12
5.872786613189482523e+02 2.766297896232686716e-12
6.517339604882420190e+02 2.303807770462682082e-12
7.232633896483533817e+02 1.914828292925608552e-12
8.026433522257173081e+02 1.589060754090858196e-12
8.907354638610439679e+02 1.314830320684873342e-12
9.884959046625587007e+02 1.084291149744123183e-12
1.096985797892383971e+03 8.906278358780837796e-13
1.217382727739662187e+03 7.281367413558153858e-13
1.350993521198027793e+03 5.929915286845153407e-13
1.499268432786045423e+03 4.808347500616760460e-13
1.663816886076128640e+03 3.878778759535233072e-13
1.846424942895544291e+03 3.116863663183426278e-13
2.049074689815845886e+03 2.496086193055362402e-13
2.273965752357927613e+03 1.992795549627058075e-13
2.523539170434765765e+03 1.587181083793544918e-13
2.800503894183631019e+03 1.262460576700649799e-13
3.107866187782013640e+03 1.004128733969431624e-13
3.448962260405759935e+03 8.000555623510835224e-14
3.827494478516314757e+03 6.394418184974016787e-14
4.247571552536898707e+03 5.132701580471333181e-14
4.713753134116724141e+03 4.146890688354139240e-14
5.231099308056262998e+03 3.364756926813684102e-14
5.805225516094896193e+03 2.749417755458475097e-14
6.442363508721369726e+03 2.266339397821417602e-14
7.149428986597576113e+03 1.876484741592599578e-14
7.934096665797491369e+03 1.561543645495314741e-14
8.804883581643463913e+03 1.296790688411812559e-14
9.771241535346502133e+03 1.093830775124704439e-14
1.084365968689610963e+04 9.167636974985095814e-15
1.203377840777589154e+04 7.680585131415171225e-15
1.335451562929898682e+04 6.453961764724841505e-15
1.482020705798858762e+04 5.375974234104486377e-15
1.644676177994664249e+04 4.465529416352142218e-15
1.825183494319044257e+04 3.693759959211478601e-15
2.025501939230666540e+04 3.045927220929550582e-15
2.247805833548725059e+04 2.499178545580536527e-15
2.494508135230316839e+04 2.027246024468640928e-15
2.768286630392066581e+04 1.634092310751645477e-15
3.072112998861759115e+04 1.310953335249963716e-15
3.409285069746814406e+04 1.040175621738859738e-15
3.783462617131928710e+04 8.126983788105911916e-16
4.198707084443910571e+04 6.304173942009700586e-16
4.659525668664683326e+04 4.842149889329669413e-16
5.170920242896761192e+04 3.668894899164109920e-16
5.738441648302398244e+04 2.712902355170763079e-16
6.368249944718585903e+04 1.978173816581413787e-16
7.067181273927491566e+04 1.418669821525732592e-16
7.842822061337680498e+04 9.961436235980987334e-17
8.703591361485165544e+04 6.831414365847691302e-17
9.658832241158708348e+04 4.551803113236636351e-17
1.071891319205127511e+05 2.936686948605328044e-17
1.189534067370319535e+05 1.823465977244567170e-17
1.320088400831418112e+05 1.087559929071667979e-17
1.464971398307286145e+05 6.298914014865155222e-18
1.625755666443794908e+05 3.669448135525975691e-18
1.804186409392071655e+05 2.270395706413534888e-18
2.002200371815584658e+05 1.537426016525146084e-18
2.221946860939523904e+05 1.125297812312641590e-18
2.465811075822604180e+05 8.654298319490734740e-19
2.736439997074671555e+05 6.818227694993565688e-19
3.036771118035460822e+05 5.420785892496153566e-19
3.370064329271928291e+05 4.321567328964607496e-19
3.739937302478798083e+05 3.445140052071915630e-19
4.150404757850476308e+05 2.743391746113518496e-19
4.605922041145108524e+05 2.182170941455444648e-19
5.111433483440171112e+05 1.733138247286570789e-19
5.672426068491977639e+05 1.374915134626897116e-19
6.294988990221888525e+05 1.089143127844491863e-19
6.985879746785250027e+05 8.614958552448311238e-20
7.752597488629464060e+05 6.802377197583735636e-20
8.603464416684507160e+05 5.363003075061350750e-20
9.547716114208066138e+05 4.219627485119716433e-20
1.059560179277617019e+06 3.314298552170596481e-20
1.175849554052158026e+06 2.597798930095248848e-20
1.304901978014401859e+06 2.032248971360288815e-20
1.448118227674532915e+06 1.585888437663838244e-20
1.607052818261638284e+06 1.234950684159139310e-20
1.783430876931909472e+06 9.591715504483969473e-21
1.979166867853557458e+06 7.429382667265368285e-21
2.196385372416546568e+06 5.738917414869010209e-21
2.437444150122222025e+06 4.419786249207518096e-21
2.704959730463137385e+06 3.393377033659410328e-21
3.001835813575591892e+06 2.595302706028810137e-21
3.331294787934676744e+06 1.979311153545407203e-21
3.696912707195031922e+06 1.502514342717520137e-21
4.102658105827190448e+06 1.136143979148883753e-21
4.552935074866947718e+06 8.558411038306690064e-22
5.052631065335679799e+06 6.410828540323802893e-22
5.607169938205458224e+06 4.778940210474276253e-22
6.222570836730230600e+06 3.542935511631890363e-22
6.905513520162330940e+06 2.610218081140002921e-22
7.663410868007462472e+06 1.912048325033518174e-22
8.504489341802684590e+06 1.389396982958621128e-22
9.437878277775391936e+06 1.002057952842091290e-22
1.047370897959450819e+07 7.166090115737122798e-23
1.162322468679854274e+07 5.077248128187547368e-23
1.289890261253307760e+07 3.560579241364158801e-23
1.431458937523478456e+07 2.468685041179178210e-23
1.588565129428052530e+07 1.690965817773064497e-23
1.762914118095947802e+07 1.141837016066827932e-23
1.956398343517064676e+07 7.593364563071030565e-24
2.171117945694505423e+07 4.965693411616549767e-24
2.409403560239527002e+07 3.186881493569050031e-24
2.673841615839949250e+07 1.999580269035532742e-24
2.967302408188872784e+07 1.226922718596482610e-24
3.292971255097155273e+07 7.311405498095435446e-25
3.654383070957254618e+07 4.205788938720866995e-25
4.055460735840827972e+07 2.315763816110733125e-25
4.500557675700496882e+07 1.201995776624435678e-25
4.994505115855139494e+07 5.767801815389552207e-26
5.542664520663107187e+07 2.504591589403996209e-26
6.150985788580504060e+07 9.665447564757351022e-27
6.826071834272393584e+07 3.277097557138125918e-27
7.575250258771920204e+07 9.561675880786465614e-28
8.406652885618332028e+07 2.357838175969873996e-28
9.329304026284696162e+07 4.830948534158089882e-29
1.035321843295663744e+08 8.069238517013611213e-30
1.148951000187308788e+08 1.079736573648892295e-30
1.275051240713012964e+08 1.134972059889660920e-31
1.414991297434575856e+08 9.208535329981265554e-33
1.570290124729377627e+08 5.645750624821994909e-34
1.742633386009651124e+08 2.550156267735672642e-35
1.933891750455232263e+08 8.211226086640949845e-37
2.146141197858406007e+08 1.816498306083430400e-38
2.381685551976160705e+08 2.656117233788317538e-40
2.643081486974108517e+08 2.462574881911545068e-42
2.933166278390048146e+08 1.379151570719628289e-44
3.255088599835056663e+08 4.409212956656970083e-47
3.612342699709430337e+08 7.507683128473214860e-50
4.008806328898465633e+08 6.284544737240855665e-53
4.448782831127585173e+08 2.309277245598925918e-56
4.937047852839003801e+08 3.141756115739517435e-60
5.478901179593944550e+08 1.282555097730442257e-64
6.080224261649426222e+08 1.134472207720224251e-69
