1.000000000000000000e+02 1.181175638251882870e-12
1.109752496412072134e+02 1.025965972480818434e-12
1.231550603292826196e+02 8.908133508131527048e-13
1.366716356462005990e+02 7.729497419691181143e-13
1.516716888470922413e+02 6.703430190962234278e-13
1.683180353330956791e+02 5.809441663715686993e-13
1.867913599020782840e+02 5.032204639180532480e-13
2.072921779595371845e+02 4.355875146767288038e-13
2.300430119772916839e+02 3.768410487948550878e-13
2.552908068239516410e+02 3.257988407807171768e-13
2.833096101839323637e+02 2.814850666386084365e-13
3.144035471591500368e+02 2.430242280486502053e-13
3.489101213406774491e+02 2.096806482938620525e-13
3.872038781812557318e+02 1.807958040051978691e-13
4.297004704320843871e+02 1.557653726719543715e-13
4.768611697714468960e+02 1.341038142846348345e-13
5.291978735958442712e+02 1.153687922734610512e-13
5.872786613189482523e+02 9.917836545238066468e-14
6.517339604882420190e+02 8.520709757168557576e-14
7.232633896483533817e+02 7.313507200348843939e-14
8.026433522257173081e+02 6.273235549687966704e-14
8.907354638610439679e+02 5.376941033929856670e-14
9.884959046625587007e+02 4.605629002226571304e-14
1.096985797892383971e+03 3.941281734647045825e-14
1.217382727739662187e+03 3.370729978379457174e-14
1.350993521198027793e+03 2.880915294755578254e-14
1.499268432786045423e+03 2.460288636912198201e-14
1.663816886076128640e+03 2.099880792331792265e-14
1.846424942895544291e+03 1.791007435832343900e-14
2.049074689815845886e+03 1.526658091465908459e-14
2.273965752357927613e+03 1.300523007680750683e-14
2.523539170434765765e+03 1.107150940025596173e-14
2.800503894183631019e+03 9.421290117071019881e-15
3.107866187782013640e+03 8.011072273701734350e-15
3.448962260405759935e+03 6.808714158345750195e-15
3.827494478516314757e+03 5.784334595607911026e-15
4.247571552536898707e+03 4.910773661008529532e-15
4.713753134116724141e+03 4.167906135043935038e-15
5.231099308056262998e+03 3.535032839965628203e-15
5.805225516094896193e+03 2.997268776466508706e-15
6.442363508721369726e+03 2.540046242564623695e-15
7.149428986597576113e+03 2.151436122052983307e-15
7.934096665797491369e+03 1.821440609617694891e-15
8.804883581643463913e+03 1.541347076331835665e-15
9.771241535346502133e+03 1.303743266593882774e-15
1.084365968689610963e+04 1.102322249956853373e-15
1.203377840777589154e+04 9.315657320802181694e-16
1.335451562929898682e+04 7.869117843752597083e-16
1.482020705798858762e+04 6.644162110488518570e-16
1.644676177994664249e+04 5.606984182302801029e-16
1.825183494319044257e+04 4.730035336741937696e-16
2.025501939230666540e+04 3.988571278712434258e-16
2.247805833548725059e+04 3.361502462224668852e-16
2.494508135230316839e+04 2.832129308686464806e-16
2.768286630392066581e+04 2.384868777066129027e-16
3.072112998861759115e+04 2.007448653329860971e-16
3.409285069746814406e+04 1.688956532594375393e-16
3.783462617131928710e+04 1.420621986995734555e-16
4.198707084443910571e+04 1.194148481596631808e-16
4.659525668664683326e+04 1.003512231537420315e-16
5.170920242896761192e+04 8.428316739000781250e-17
5.738441648302398244e+04 7.076635472206422877e-17
6.368249944718585903e+04 5.938843948983530744e-17
7.067181273927491566e+04 4.981630989878632958e-17
7.842822061337680498e+04 4.176974794383994305e-17
8.703591361485165544e+04 3.500639595678895220e-17
9.658832241158708348e+04 2.932267426664890116e-17
1.071891319205127511e+05 2.455004433124792920e-17
1.189534067370319535e+05 2.054383963344745012e-17
1.320088400831418112e+05 1.718254877545131496e-17
1.464971398307286145e+05 1.436244150707265926e-17
1.625755666443794908e+05 1.199979749213564106e-17
1.804186409392071655e+05 1.001944948169123222e-17
2.002200371815584658e+05 8.360518056806297487e-18
2.221946860939523904e+05 6.971871938901629392e-18
2.465811075822604180e+05 5.810273876392170835e-18
2.736439997074671555e+05 4.839251041599329689e-18
3.036771118035460822e+05 4.027553735397693817e-18
3.370064329271928291e+05 3.349479038889202138e-18
3.739937302478798083e+05 2.783861862914897645e-18
4.150404757850476308e+05 2.311839288863239043e-18
4.605922041145108524e+05 1.918486363751667545e-18
5.111433483440171112e+05 1.590690236599084858e-18
5.672426068491977639e+05 1.317946841564743526e-18
6.294988990221888525e+05 1.091029870811547902e-18
6.985879746785250027e+05 9.024132904088565577e-19
7.752597488629464060e+05 7.456905853951726372e-19
8.603464416684507160e+05 6.155839337816765492e-19
9.547716114208066138e+05 5.077471148259767536e-19
1.059560179277617019e+06 4.183154744845276481e-19
1.175849554052158026e+06 3.442832465818087491e-19
1.304901978014401859e+06 2.830433557705544122e-19
1.448118227674532915e+06 2.324068407438834944e-19
1.607052818261638284e+06 1.905741847935105891e-19
1.783430876931909472e+06 1.560877347014937069e-19
1.979166867853557458e+06 1.276478815819045879e-19
2.196385372416546568e+06 1.042511500921800805e-19
2.437444150122222025e+06 8.500631165628318615e-20
2.704959730463137385e+06 6.920271947492136218e-20
3.001835813575591892e+06 5.623479975823600154e-20
3.331294787934676744e+06 4.561925799142659216e-20
3.696912707195031922e+06 3.693242928113174898e-20
4.102658105827190448e+06 2.983642952094696507e-20
4.552935074866947718e+06 2.405064331469366947e-20
5.052631065335679799e+06 1.934100597267693675e-20
5.607169938205458224e+06 1.551574769638146491e-20
6.222570836730230600e+06 1.240986096808001034e-20
6.905513520162330940e+06 9.898828880084524618e-21
7.663410868007462472e+06 7.867216822725678931e-21
8.504489341802684590e+06 6.235187194617487424e-21
9.437878277775391936e+06 4.918904447068168935e-21
1.047370897959450819e+07 3.869544901669082576e-21
1.162322468679854274e+07 3.027820228618598529e-21
1.289890261253307760e+07 2.361226060340473182e-21
1.431458937523478456e+07 1.831882224085312065e-21
1.588565129428052530e+07 1.414928921535632290e-21
1.762914118095947802e+07 1.087150640461676370e-21
1.956398343517064676e+07 8.313507857600542391e-22
2.171117945694505423e+07 6.326711234041351521e-22
2.409403560239527002e+07 4.784504711567678657e-22
2.673841615839949250e+07 3.592931850256918404e-22
2.967302408188872784e+07 2.684505326468659471e-22
3.292971255097155273e+07 1.992586135119273699e-22
3.654383070957254618e+07 1.471791361591308099e-22
4.055460735840827972e+07 1.082772940679986079e-22
4.500557675700496882e+07 7.942106514789396491e-23
4.994505115855139494e+07 5.818836780011552514e-23
5.542664520663107187e+07 4.263062818244449607e-23
6.150985788580504060e+07 3.126999571606250731e-23
6.826071834272393584e+07 2.300034461834401072e-23
7.575250258771920204e+07 1.697682313540611325e-23
8.406652885618332028e+07 1.258288026548066579e-23
9.329304026284696162e+07 9.367174254639251377e-24
1.035321843295663744e+08 6.989480710389770460e-24
1.148951000187308788e+08 5.220779539188845487e-24
1.275051240713012964e+08 3.891825713989219785e-24
1.414991297434575856e+08 2.881399351990184038e-24
1.570290124729377627e+08 2.104391166224152746e-24
1.742633386009651124e+08 1.507861117017968909e-24
1.933891750455232263e+08 1.047694122006341889e-24
2.146141197858406007e+08 6.938947858676013742e-25
2.381685551976160705e+08 4.290964369930390189e-25
2.643081486974108517e+08 2.430148678167160788e-25
2.933166278390048146e+08 1.248109781157145659e-25
3.255088599835056663e+08 5.701400837196049325e-26
3.612342699709430337e+08 2.331717925309522713e-26
4.008806328898465633e+08 8.430665436700229403e-27
4.448782831127585173e+08 2.630043303939442381e-27
4.937047852839003801e+08 6.996862308457469285e-28
5.478901179593944550e+08 1.581482201960285989e-28
6.080224261649426222e+08 3.019813529868561595e-29
6.747544053110699654e+08 4.842902126559754416e-30
7.488103857590031624e+08 6.479933889404679200e-31
8.309941949353404045e+08 7.181719892370774765e-32
9.221978823334341049e+08 6.533040232416515536e-33
1.023411402105452657e+09 4.831445416843890345e-34
1.135733358343105316e+09 2.866875281075533259e-35
1.260382929679727316e+09 1.342828449089205012e-36
1.398713102647238731e+09 4.867894415774661805e-38
1.552225357427047968e+09 1.334686390515156850e-39
1.722585965398787737e+09 2.689750641150793260e-41
1.911644075385703564e+09 3.837619634961915478e-43
2.121451784910631895e+09 3.646489166377312905e-45
2.354286414322420120e+09 2.011601002880300139e-47
2.612675225563332081e+09 7.354823988856034291e-51
