1.000000000000000000e+02 1.047872333541067012e-11
1.109752496412072134e+02 9.184946280134204065e-12
1.231550603292826196e+02 8.047621852837510059e-12
1.366716356462005990e+02 7.048456124794079508e-12
1.516716888470922413e+02 6.170736791483710495e-12
1.683180353330956791e+02 5.400199854424479505e-12
1.867913599020782840e+02 4.723387048386003052e-12
2.072921779595371845e+02 4.130261469361505841e-12
2.300430119772916839e+02 3.609431278995626709e-12
2.552908068239516410e+02 3.152751136633940001e-12
2.833096101839323637e+02 2.752707494508570926e-12
3.144035471591500368e+02 2.402032491565878505e-12
3.489101213406774491e+02 2.095088845561893139e-12
3.872038781812557318e+02 1.826022125957855301e-12
4.297004704320843871e+02 1.591003695217507767e-12
4.768611697714468960e+02 1.384991102181144380e-12
5.291978735958442712e+02 1.205189350528692474e-12
5.872786613189482523e+02 1.047972856988207664e-12
6.517339604882420190e+02 9.106919913206936989e-13
7.232633896483533817e+02 7.908081871358156646e-13
8.026433522257173081e+02 6.862315129469825333e-13
8.907354638610439679e+02 5.950413951930444008e-13
9.884959046625587007e+02 5.156545894732225407e-13
1.096985797892383971e+03 4.464327245928701288e-13
1.217382727739662187e+03 3.862890036079720421e-13
1.350993521198027793e+03 3.339481924279489663e-13
1.499268432786045423e+03 2.884596855970361507e-13
1.663816886076128640e+03 2.489758157949419679e-13
1.846424942895544291e+03 2.147068200424087765e-13
2.049074689815845886e+03 1.849964546258297751e-13
2.273965752357927613e+03 1.592772709109495659e-13
2.523539170434765765e+03 1.370157568225289712e-13
2.800503894183631019e+03 1.177731168034659961e-13
3.107866187782013640e+03 1.011542486051038814e-13
3.448962260405759935e+03 8.679708953509870954e-14
3.827494478516314757e+03 7.442701691764887144e-14
4.247571552536898707e+03 6.376347989677201206e-14
4.713753134116724141e+03 5.459070869409487064e-14
5.231099308056262998e+03 4.669640765791255952e-14
5.805225516094896193e+03 3.991384694756872485e-14
6.442363508721369726e+03 3.408857383446298625e-14
7.149428986597576113e+03 2.908952365897907470e-14
7.934096665797491369e+03 2.480735680269553125e-14
8.804883581643463913e+03 2.113681275842583901e-14
9.771241535346502133e+03 1.799567025063285021e-14
1.084365968689610963e+04 1.530530385696008637e-14
1.203377840777589154e+04 1.300859021125178124e-14
1.335451562929898682e+04 1.104493818305079994e-14
1.482020705798858762e+04 9.368126247213636118e-15
1.644676177994664249e+04 7.941007792278745061e-15
1.825183494319044257e+04 6.721626308814990700e-15
2.025501939230666540e+04 5.683848033977034180e-15
2.247805833548725059e+04 4.802560992101188118e-15
2.494508135230316839e+04 4.051582118790474156e-15
2.768286630392066581e+04 3.414371791030997792e-15
3.072112998861759115e+04 2.874331417959185726e-15
3.409285069746814406e+04 2.414525761311223085e-15
3.783462617131928710e+04 2.028409602867132545e-15
4.198707084443910571e+04 1.700860774964853141e-15
4.659525668664683326e+04 1.424037187113564136e-15
5.170920242896761192e+04 1.190812179642845906e-15
5.738441648302398244e+04 9.942994084289487112e-16
6.368249944718585903e+04 8.291441359306304948e-16
7.067181273927491566e+04 6.904439208395206827e-16
7.842822061337680498e+04 5.741146040126793752e-16
8.703591361485165544e+04 4.767125980726068516e-16
9.658832241158708348e+04 3.952920653590314366e-16
1.071891319205127511e+05 3.273061848824756840e-16
1.189534067370319535e+05 2.706686624317508237e-16
1.320088400831418112e+05 2.234401297709547433e-16
1.464971398307286145e+05 1.842276208648360965e-16
1.625755666443794908e+05 1.516533779580564404e-16
1.804186409392071655e+05 1.246471923203158531e-16
2.002200371815584658e+05 1.022885829447366331e-16
2.221946860939523904e+05 8.380782379189872975e-17
2.465811075822604180e+05 6.854995545744802211e-17
2.736439997074671555e+05 5.596190491034528348e-17
3.036771118035460822e+05 4.560210173921439067e-17
3.370064329271928291e+05 3.708349579783925403e-17
3.739937302478798083e+05 3.009633663113350436e-17
4.150404757850476308e+05 2.436861140989214861e-17
4.605922041145108524e+05 1.968509561536508493e-17
5.111433483440171112e+05 1.586399352230003217e-17
5.672426068491977639e+05 1.275910948152921416e-17
6.294988990221888525e+05 1.023544823153724226e-17
6.985879746785250027e+05 8.193605499590638660e-18
7.752597488629464060e+05 6.544659434149460049e-18
8.603464416684507160e+05 5.215785598721342168e-18
9.547716114208066138e+05 4.148367660294624542e-18
1.059560179277617019e+06 3.292164348135374187e-18
1.175849554052158026e+06 2.606915059772459143e-18
1.304901978014401859e+06 2.060066046509816054e-18
1.448118227674532915e+06 1.624068647079835206e-18
1.607052818261638284e+06 1.277710971201235365e-18
1.783430876931909472e+06 1.002882836226856687e-18
1.979166867853557458e+06 7.852569576344456736e-19
2.196385372416546568e+06 6.134157361999313323e-19
2.437444150122222025e+06 4.779547262485310903e-19
2.704959730463137385e+06 3.714627059138905617e-19
3.001835813575591892e+06 2.879336225657301668e-19
3.331294787934676744e+06 2.225422390884320490e-19
3.696912707195031922e+06 1.715288334085444476e-19
4.102658105827190448e+06 1.318083216244660000e-19
4.552935074866947718e+06 1.009512316174674729e-19
5.052631065335679799e+06 7.704374153066539978e-20
5.607169938205458224e+06 5.857184396617523088e-20
6.222570836730230600e+06 4.432000681991965055e-20
6.905513520162330940e+06 3.339465352565929247e-20
7.663410868007462472e+06 2.502203990101571379e-20
8.504489341802684590e+06 1.865705016408266754e-20
9.437878277775391936e+06 1.384771198107302808e-20
1.047370897959450819e+07 1.023525564596688123e-20
1.162322468679854274e+07 7.538306359020688309e-21
1.289890261253307760e+07 5.537392531041509330e-21
1.431458937523478456e+07 4.059614647237186744e-21
1.588565129428052530e+07 2.976895742632251948e-21
1.762914118095947802e+07 2.188413891939837755e-21
1.956398343517064676e+07 1.618149886071707149e-21
2.171117945694505423e+07 1.207669264494995815e-21
2.409403560239527002e+07 9.106439501097329499e-22
2.673841615839949250e+07 6.939290347567857130e-22
2.967302408188872784e+07 5.330421606870887091e-22
3.292971255097155273e+07 4.113692251195814064e-22
3.654383070957254618e+07 3.179639029652857996e-22
4.055460735840827972e+07 2.455363568950259290e-22
4.500557675700496882e+07 1.892845303276415431e-22
4.994505115855139494e+07 1.458126396359272161e-22
5.542664520663107187e+07 1.121354307911758456e-22
6.150985788580504060e+07 8.596027351114828499e-23
6.826071834272393584e+07 6.567673133669721797e-23
7.575250258771920204e+07 4.996186334355622278e-23
8.406652885618332028e+07 3.782196807230464255e-23
9.329304026284696162e+07 2.846590174360764903e-23
1.035321843295663744e+08 2.127336276990959613e-23
1.148951000187308788e+08 1.576970863799491966e-23
1.275051240713012964e+08 1.157241502938451528e-23
1.414991297434575856e+08 8.385956203005818937e-24
1.570290124729377627e+08 5.978823032229702445e-24
1.742633386009651124e+08 4.175271377877303059e-24
1.933891750455232263e+08 2.835912210329819123e-24
2.146141197858406007e+08 1.857444776177390241e-24
2.381685551976160705e+08 1.158310836207572716e-24
2.643081486974108517e+08 6.757353041673752711e-25
2.933166278390048146e+08 3.598709610577575432e-25
3.255088599835056663e+08 1.688593061726005147e-25
3.612342699709430337e+08 6.603490351585864167e-26
4.008806328898465633e+08 1.976414655313455138e-26
4.448782831127585173e+08 3.923362946550008684e-27
4.937047852839003801e+08 2.178122706311930917e-28
5.478901179593944550e+08 1.367940838576446791e-29
6.080224261649426222e+08 1.070642339834952741e-30
6.747544053110699654e+08 7.162216841728850384e-32
7.488103857590031624e+08 3.010874154807483090e-33
8.309941949353404045e+08 6.901735239972141222e-35
9.221978823334341049e+08 8.607752514964318109e-37
1.023411402105452657e+09 4.661910458130428018e-39
1.135733358343105316e+09 6.607775945986563519e-42
1.260382929679727316e+09 1.480168525190339103e-45
1.398713102647238731e+09 1.064322984353616259e-50
