1.000000000000000000e+02 4.936402179025406689e-13
1.109752496412072134e+02 4.232273776748063519e-13
1.231550603292826196e+02 3.626593272993269398e-13
1.366716356462005990e+02 3.104918824847990507e-13
1.516716888470922413e+02 2.656073060551132146e-13
1.683180353330956791e+02 2.270097074111760814e-13
1.867913599020782840e+02 1.937135232239867346e-13
2.072921779595371845e+02 1.651676752542956492e-13
2.300430119772916839e+02 1.406458690782275790e-13
2.552908068239516410e+02 1.195420585504654070e-13
2.833096101839323637e+02 1.014915669146450926e-13
3.144035471591500368e+02 8.605318869710609867e-14
3.489101213406774491e+02 7.284487068366190081e-14
3.872038781812557318e+02 6.157482970593668434e-14
4.297004704320843871e+02 5.196300388686747178e-14
4.768611697714468960e+02 4.379065695692239847e-14
5.291978735958442712e+02 3.686136801442331825e-14
5.872786613189482523e+02 3.099707317939277948e-14
6.517339604882420190e+02 2.600599042815609315e-14
7.232633896483533817e+02 2.180614112048099805e-14
8.026433522257173081e+02 1.827001853695707997e-14
8.907354638610439679e+02 1.529199590337161117e-14
9.884959046625587007e+02 1.278090236899113549e-14
1.096985797892383971e+03 1.068076964278932092e-14
1.217382727739662187e+03 8.917346522533811241e-15
1.350993521198027793e+03 7.439943787609372868e-15
1.499268432786045423e+03 6.203349010370865890e-15
1.663816886076128640e+03 5.169455860652115167e-15
1.846424942895544291e+03 4.304110684869849306e-15
2.049074689815845886e+03 3.580201665500638517e-15
2.273965752357927613e+03 2.974816290610281696e-15
2.523539170434765765e+03 2.469260929516275270e-15
2.800503894183631019e+03 2.043424851889614432e-15
3.107866187782013640e+03 1.688196846228274451e-15
3.448962260405759935e+03 1.390902345567618309e-15
3.827494478516314757e+03 1.142122922777715105e-15
4.247571552536898707e+03 9.343680389059361008e-16
4.713753134116724141e+03 7.612684804428015498e-16
5.231099308056262998e+03 6.174961578092750648e-16
5.805225516094896193e+03 4.985947780231302594e-16
6.442363508721369726e+03 4.008490593952707841e-16
7.149428986597576113e+03 3.210595986369914430e-16
7.934096665797491369e+03 2.565288257379731289e-16
8.804883581643463913e+03 2.048855573396258337e-16
9.771241535346502133e+03 1.639874964551430669e-16
1.084365968689610963e+04 1.319663675687701731e-16
1.203377840777589154e+04 1.070307147915373479e-16
1.335451562929898682e+04 8.762813552890454787e-17
1.482020705798858762e+04 7.240158715217885234e-17
1.644676177994664249e+04 6.028157684751358629e-17
1.825183494319044257e+04 5.046983570381847868e-17
2.025501939230666540e+04 4.240112208840536144e-17
2.247805833548725059e+04 3.569313918868507711e-17
2.494508135230316839e+04 3.008048271832897709e-17
2.768286630392066581e+04 2.536231362810067089e-17
3.072112998861759115e+04 2.138360447969772408e-17
3.409285069746814406e+04 1.802720128998487141e-17
3.783462617131928710e+04 1.519473869425690413e-17
4.198707084443910571e+04 1.280268872786293536e-17
4.659525668664683326e+04 1.078429520851850743e-17
5.170920242896761192e+04 9.080705446736359125e-18
5.738441648302398244e+04 7.642396016247951488e-18
6.368249944718585903e+04 6.430153439848602024e-18
7.067181273927491566e+04 5.407621171165963176e-18
7.842822061337680498e+04 4.545485666172022378e-18
8.703591361485165544e+04 3.819401828979389679e-18
9.658832241158708348e+04 3.207078179871489155e-18
1.071891319205127511e+05 2.691617753859297630e-18
1.189534067370319535e+05 2.257736178412585730e-18
1.320088400831418112e+05 1.892535699265615760e-18
1.464971398307286145e+05 1.585212227097965689e-18
1.625755666443794908e+05 1.328425980478875016e-18
1.804186409392071655e+05 1.110635720579487201e-18
2.002200371815584658e+05 9.283449102854622441e-19
2.221946860939523904e+05 7.766677991920129161e-19
2.465811075822604180e+05 6.475148681723382617e-19
2.736439997074671555e+05 5.401647550948067278e-19
3.036771118035460822e+05 4.502527443239693505e-19
3.370064329271928291e+05 3.748847006480498509e-19
3.739937302478798083e+05 3.119621241023455341e-19
4.150404757850476308e+05 2.593220669280591322e-19
4.605922041145108524e+05 2.154090343114493295e-19
5.111433483440171112e+05 1.786686154337118244e-19
5.672426068491977639e+05 1.480550646277950275e-19
6.294988990221888525e+05 1.224955803398093874e-19
6.985879746785250027e+05 1.012364312029265666e-19
7.752597488629464060e+05 8.353899447945101489e-20
8.603464416684507160e+05 6.880771051960365598e-20
9.547716114208066138e+05 5.658209943999981134e-20
1.059560179277617019e+06 4.644126663910094420e-20
1.175849554052158026e+06 3.803171760290435741e-20
1.304901978014401859e+06 3.108983885226152794e-20
1.448118227674532915e+06 2.535097120621682084e-20
1.607052818261638284e+06 2.061919294849541908e-20
1.783430876931909472e+06 1.673507143503970272e-20
1.979166867853557458e+06 1.354925223898556007e-20
2.196385372416546568e+06 1.093241804430198865e-20
2.437444150122222025e+06 8.801745732204741945e-21
2.704959730463137385e+06 7.063334341692290915e-21
3.001835813575591892e+06 5.650835855359582794e-21
3.331294787934676744e+06 4.509123275045626442e-21
3.696912707195031922e+06 3.577189715368882230e-21
4.102658105827190448e+06 2.829402711640569909e-21
4.552935074866947718e+06 2.226347791564785152e-21
5.052631065335679799e+06 1.743542803514072902e-21
5.607169938205458224e+06 1.358560891305788547e-21
6.222570836730230600e+06 1.050513590323113236e-21
6.905513520162330940e+06 8.076985450516147845e-22
7.663410868007462472e+06 6.168858753668571994e-22
8.504489341802684590e+06 4.680332921377466474e-22
9.437878277775391936e+06 3.530021974792118221e-22
1.047370897959450819e+07 2.647593272306925713e-22
1.162322468679854274e+07 1.973182656760172039e-22
1.289890261253307760e+07 1.460145843590186188e-22
1.431458937523478456e+07 1.070438239620476168e-22
1.588565129428052530e+07 7.765624080477361238e-23
1.762914118095947802e+07 5.581169762336913147e-23
1.956398343517064676e+07 3.965236644424101181e-23
2.171117945694505423e+07 2.778040784005745361e-23
2.409403560239527002e+07 1.923161872261714732e-23
2.673841615839949250e+07 1.314810418400513483e-23
2.967302408188872784e+07 8.902370977433922188e-24
3.292971255097155273e+07 5.975721112997900191e-24
3.654383070957254618e+07 3.986998459286320365e-24
4.055460735840827972e+07 2.646440070081722728e-24
4.500557675700496882e+07 1.746825941954609840e-24
4.994505115855139494e+07 1.144902331878167045e-24
5.542664520663107187e+07 7.437485977233008541e-25
6.150985788580504060e+07 4.767011716375651808e-25
6.826071834272393584e+07 3.000655662764456007e-25
7.575250258771920204e+07 1.842284750701694099e-25
8.406652885618332028e+07 1.096550225155065462e-25
9.329304026284696162e+07 6.256446852921191738e-26
1.035321843295663744e+08 3.379851113918466752e-26
1.148951000187308788e+08 1.697657805444969323e-26
1.275051240713012964e+08 7.735292153162563701e-27
1.414991297434575856e+08 3.059157316736590442e-27
1.570290124729377627e+08 8.893640489452438097e-28
1.742633386009651124e+08 5.901860174976405352e-29
1.933891750455232263e+08 1.993048225064895600e-66
